0.00000E+0	4.56631E+4	8.95161E+4	5.14879E+6	1.39455E+6	8.03174E+4	3.42324E+6
1.00000E-1	4.14049E+4	8.33848E+4	5.14347E+6	1.34487E+6	7.60946E+4	3.40178E+6
2.00000E-1	4.15674E+4	8.37996E+4	4.83110E+6	1.37656E+6	7.60816E+4	3.40455E+6
3.00000E-1	4.15874E+4	8.35377E+4	5.12142E+6	1.38376E+6	7.63427E+4	3.42605E+6
4.00000E-1	4.15803E+4	8.38769E+4	4.82797E+6	1.37888E+6	7.61615E+4	3.45675E+6
5.00000E-1	4.15370E+4	8.33090E+4	4.87696E+6	1.38178E+6	7.58163E+4	3.48220E+6
6.00000E-1	4.19163E+4	8.32148E+4	5.26213E+6	1.34845E+6	7.61055E+4	3.36001E+6
7.00000E-1	4.16042E+4	8.35312E+4	5.10391E+6	1.38910E+6	7.61205E+4	3.55690E+6
8.00000E-1	4.15216E+4	8.36148E+4	5.20440E+6	1.38411E+6	7.60456E+4	3.51432E+6
9.00000E-1	4.18514E+4	8.32278E+4	5.01726E+6	1.38213E+6	7.60476E+4	3.50718E+6
1.00000E+0	4.17290E+4	8.31457E+4	4.94408E+6	1.37775E+6	7.60616E+4	3.42045E+6
1.10000E+0	4.17096E+4	8.36332E+4	5.31263E+6	1.38135E+6	7.60666E+4	3.46369E+6
1.20000E+0	4.15797E+4	8.34899E+4	4.84839E+6	1.40265E+6	7.61785E+4	3.46042E+6
1.30000E+0	4.15758E+4	8.36832E+4	4.90585E+6	1.36999E+6	7.60436E+4	3.43851E+6
1.40000E+0	4.17892E+4	8.28554E+4	4.88735E+6	1.36762E+6	7.60446E+4	3.54103E+6
1.50000E+0	4.17238E+4	8.30182E+4	5.17914E+6	1.38333E+6	7.59398E+4	3.39390E+6
1.60000E+0	4.17646E+4	8.32614E+4	5.08912E+6	1.36776E+6	7.61235E+4	3.50844E+6
1.70000E+0	4.18099E+4	8.33545E+4	4.75247E+6	1.40593E+6	7.61005E+4	3.50425E+6
1.80000E+0	4.17471E+4	8.32722E+4	4.94901E+6	1.38717E+6	7.57993E+4	3.49215E+6
1.90000E+0	4.18832E+4	8.30744E+4	4.81548E+6	1.41239E+6	7.60846E+4	3.49590E+6
2.00000E+0	4.17432E+4	8.32246E+4	5.02318E+6	1.39924E+6	7.63527E+4	3.54745E+6
2.10000E+0	4.16966E+4	8.34271E+4	5.18544E+6	1.38539E+6	7.60426E+4	3.40653E+6
2.20000E+0	4.19766E+4	8.30787E+4	5.28072E+6	1.39895E+6	7.60966E+4	3.63928E+6
2.30000E+0	4.20442E+4	8.29071E+4	4.66165E+6	1.39239E+6	7.60816E+4	3.31622E+6
2.40000E+0	4.19331E+4	8.34954E+4	5.09260E+6	1.39548E+6	7.61905E+4	3.45553E+6
2.50000E+0	4.21366E+4	8.26972E+4	4.95476E+6	1.38489E+6	7.57764E+4	3.38918E+6
2.60000E+0	4.22382E+4	8.27930E+4	4.85076E+6	1.38639E+6	7.58870E+4	3.41646E+6
2.70000E+0	4.23967E+4	8.29416E+4	5.27886E+6	1.39131E+6	7.59877E+4	3.54616E+6
2.80000E+0	4.22525E+4	8.28016E+4	5.39698E+6	1.40098E+6	7.60097E+4	3.46861E+6
2.90000E+0	4.23158E+4	8.28953E+4	4.95971E+6	1.40207E+6	7.59837E+4	3.77755E+6
3.00000E+0	4.23079E+4	8.27090E+4	4.61321E+6	1.39620E+6	7.60776E+4	3.58425E+6
3.10000E+0	4.24837E+4	8.26112E+4	4.83737E+6	1.39628E+6	7.63407E+4	3.49007E+6
3.20000E+0	4.23314E+4	8.27166E+4	4.95147E+6	1.40367E+6	7.57605E+4	3.48593E+6
3.30000E+0	4.25478E+4	8.29309E+4	5.22716E+6	1.39368E+6	7.60296E+4	3.53421E+6
3.40000E+0	4.25537E+4	8.28878E+4	4.81004E+6	1.43718E+6	7.58232E+4	3.37629E+6
3.50000E+0	4.29417E+4	8.29169E+4	5.10741E+6	1.38917E+6	7.58990E+4	3.70996E+6
3.60000E+0	4.29706E+4	8.29621E+4	5.18724E+6	1.38192E+6	7.59309E+4	3.41208E+6
3.70000E+0	4.29239E+4	8.29115E+4	5.32777E+6	1.37733E+6	7.58372E+4	3.44133E+6
3.80000E+0	4.29542E+4	8.30182E+4	5.30980E+6	1.41224E+6	7.60197E+4	3.59653E+6
3.90000E+0	4.29720E+4	8.29212E+4	5.06151E+6	1.39873E+6	7.58362E+4	3.44821E+6
4.00000E+0	4.31665E+4	8.26757E+4	5.26399E+6	1.43149E+6	7.60876E+4	3.65602E+6
4.10000E+0	4.31394E+4	8.24063E+4	4.86501E+6	1.35688E+6	7.61405E+4	3.53847E+6
4.20000E+0	4.32610E+4	8.29697E+4	5.29850E+6	1.41401E+6	7.58402E+4	3.56251E+6
4.30000E+0	4.35505E+4	8.27940E+4	5.04355E+6	1.44575E+6	7.58671E+4	3.41686E+6
4.40000E+0	4.33218E+4	8.28845E+4	4.97294E+6	1.41868E+6	7.61695E+4	3.53123E+6
4.50000E+0	4.33914E+4	8.27230E+4	5.40673E+6	1.36873E+6	7.58372E+4	3.54231E+6
4.60000E+0	4.32901E+4	8.24599E+4	5.25658E+6	1.40178E+6	7.56451E+4	3.42685E+6
4.70000E+0	4.33563E+4	8.27230E+4	5.42732E+6	1.39167E+6	7.59648E+4	3.44457E+6
4.80000E+0	4.33119E+4	8.27047E+4	5.60616E+6	1.41786E+6	7.60836E+4	3.46779E+6
4.90000E+0	4.33867E+4	8.28845E+4	5.28072E+6	1.41165E+6	7.59239E+4	3.52953E+6
5.00000E+0	4.38112E+4	8.27090E+4	4.89216E+6	1.40893E+6	7.59508E+4	3.44012E+6
5.10000E+0	4.34033E+4	8.28307E+4	5.36215E+6	1.41927E+6	7.59628E+4	3.37240E+6
5.20000E+0	4.34822E+4	8.27876E+4	5.06151E+6	1.42382E+6	7.58511E+4	3.54873E+6
5.30000E+0	4.33384E+4	8.25758E+4	5.31451E+6	1.39017E+6	7.59239E+4	3.63433E+6
5.40000E+0	4.37034E+4	8.27564E+4	5.06323E+6	1.38617E+6	7.58541E+4	3.43247E+6
5.50000E+0	4.34139E+4	8.27015E+4	5.04611E+6	1.39613E+6	7.57237E+4	3.48179E+6
5.60000E+0	4.34112E+4	8.29093E+4	5.44807E+6	1.38206E+6	7.61505E+4	3.55260E+6
5.70000E+0	4.32669E+4	8.27962E+4	5.23632E+6	1.41018E+6	7.56243E+4	3.42045E+6
5.80000E+0	4.35027E+4	8.27123E+4	5.26213E+6	1.40739E+6	7.58332E+4	3.43609E+6
5.90000E+0	4.31823E+4	8.24213E+4	5.42634E+6	1.39837E+6	7.59508E+4	3.73918E+6
6.00000E+0	4.34589E+4	8.26145E+4	5.24735E+6	1.41801E+6	7.60436E+4	3.45024E+6
6.10000E+0	4.34583E+4	8.26241E+4	5.39406E+6	1.41823E+6	7.56432E+4	3.53463E+6
6.20000E+0	4.36315E+4	8.26456E+4	5.27234E+6	1.46358E+6	7.57446E+4	3.40811E+6
6.30000E+0	4.34357E+4	8.26037E+4	5.64417E+6	1.40798E+6	7.58073E+4	3.47436E+6
6.40000E+0	4.33371E+4	8.26177E+4	5.71520E+6	1.44799E+6	7.58561E+4	3.64560E+6
6.50000E+0	4.36296E+4	8.23088E+4	5.39893E+6	1.40798E+6	7.56829E+4	3.43287E+6
6.60000E+0	4.33324E+4	8.26596E+4	5.55007E+6	1.40367E+6	7.58013E+4	3.39783E+6
6.70000E+0	4.35903E+4	8.25769E+4	5.06237E+6	1.39196E+6	7.61105E+4	3.49965E+6
6.80000E+0	4.36189E+4	8.30862E+4	5.51633E+6	1.43247E+6	7.59418E+4	3.55131E+6
6.90000E+0	4.34179E+4	8.28630E+4	5.35352E+6	1.41025E+6	7.57128E+4	3.50007E+6
7.00000E+0	4.35850E+4	8.27306E+4	5.50416E+6	1.42277E+6	7.56223E+4	3.61112E+6
7.10000E+0	4.34344E+4	8.26338E+4	5.28446E+6	1.44460E+6	7.57645E+4	3.57161E+6
7.20000E+0	4.36661E+4	8.26789E+4	5.11178E+6	1.40923E+6	7.56422E+4	3.33398E+6
7.30000E+0	4.35890E+4	8.26435E+4	5.14702E+6	1.38853E+6	7.55667E+4	3.51980E+6
7.40000E+0	4.37832E+4	8.29363E+4	5.13110E+6	1.44038E+6	7.59608E+4	3.44335E+6
7.50000E+0	4.37619E+4	8.25361E+4	4.97377E+6	1.44099E+6	7.56521E+4	3.52614E+6
7.60000E+0	4.35943E+4	8.26725E+4	5.04270E+6	1.43490E+6	7.59867E+4	3.48676E+6
7.70000E+0	4.36349E+4	8.27930E+4	5.25658E+6	1.41379E+6	7.58143E+4	3.59301E+6
7.80000E+0	4.37593E+4	8.24524E+4	4.66311E+6	1.35572E+6	7.55518E+4	3.35847E+6
7.90000E+0	4.38452E+4	8.28479E+4	5.08566E+6	1.41831E+6	7.60157E+4	3.61200E+6
8.00000E+0	4.37240E+4	8.24803E+4	5.17735E+6	1.39938E+6	7.55389E+4	3.43972E+6
8.10000E+0	4.36907E+4	8.25371E+4	5.20078E+6	1.37257E+6	7.59518E+4	3.49465E+6
8.20000E+0	4.39620E+4	8.31122E+4	5.56761E+6	1.42420E+6	7.60566E+4	3.70529E+6
8.30000E+0	4.36960E+4	8.28619E+4	5.12142E+6	1.40229E+6	7.56064E+4	3.57074E+6
8.40000E+0	4.39192E+4	8.27876E+4	5.34873E+6	1.38433E+6	7.58790E+4	3.73113E+6
8.50000E+0	4.38412E+4	8.26574E+4	4.76464E+6	1.42479E+6	7.55428E+4	3.61245E+6
8.60000E+0	4.37932E+4	8.30128E+4	5.23449E+6	1.43089E+6	7.57257E+4	3.56338E+6
8.70000E+0	4.38106E+4	8.26230E+4	5.01895E+6	1.40221E+6	7.58163E+4	3.60447E+6
8.80000E+0	4.39913E+4	8.26413E+4	5.03674E+6	1.39577E+6	7.56322E+4	3.60713E+6
8.90000E+0	4.38892E+4	8.24277E+4	5.47698E+6	1.42517E+6	7.59259E+4	3.53719E+6
9.00000E+0	4.38819E+4	8.24416E+4	5.08392E+6	1.41593E+6	7.57764E+4	3.53762E+6
9.10000E+0	4.38899E+4	8.27273E+4	5.22442E+6	1.45186E+6	7.57675E+4	3.55733E+6
9.20000E+0	4.41130E+4	8.21536E+4	4.91556E+6	1.41335E+6	7.54863E+4	3.37980E+6
9.30000E+0	4.42382E+4	8.25017E+4	5.05722E+6	1.41033E+6	7.56919E+4	3.48096E+6
9.40000E+0	4.40776E+4	8.26263E+4	5.49709E+6	1.40011E+6	7.57177E+4	3.45961E+6
9.50000E+0	4.42382E+4	8.25855E+4	5.61983E+6	1.41667E+6	7.57964E+4	3.51980E+6
9.60000E+0	4.40328E+4	8.28339E+4	5.27793E+6	1.43748E+6	7.56968E+4	3.53634E+6
9.70000E+0	4.40348E+4	8.29837E+4	5.11178E+6	1.40622E+6	7.56213E+4	3.47231E+6
9.80000E+0	4.41465E+4	8.23420E+4	5.24551E+6	1.39635E+6	7.54168E+4	3.33095E+6
9.90000E+0	4.43227E+4	8.24331E+4	5.57486E+6	1.39946E+6	7.59698E+4	3.56078E+6
1.00000E+1	4.43456E+4	8.23441E+4	5.45701E+6	1.41660E+6	7.56789E+4	3.57988E+6
1.01000E+1	4.43630E+4	8.29115E+4	5.34873E+6	1.42292E+6	7.58322E+4	3.62716E+6
1.02000E+1	4.42751E+4	8.28113E+4	5.63780E+6	1.43604E+6	7.56432E+4	3.49673E+6
1.03000E+1	4.38632E+4	8.26338E+4	5.56864E+6	1.42382E+6	7.54297E+4	3.42444E+6
1.04000E+1	4.44208E+4	8.26005E+4	5.30509E+6	1.43535E+6	7.56770E+4	3.41447E+6
1.05000E+1	4.44450E+4	8.26284E+4	5.25566E+6	1.42382E+6	7.56243E+4	3.54231E+6
1.06000E+1	4.44833E+4	8.28522E+4	5.68485E+6	1.41136E+6	7.55438E+4	3.56857E+6
1.07000E+1	4.43503E+4	8.23891E+4	5.15323E+6	1.42382E+6	7.57615E+4	3.48303E+6
1.08000E+1	4.45971E+4	8.33577E+4	5.53878E+6	1.42742E+6	7.56601E+4	3.66149E+6
1.09000E+1	4.47252E+4	8.26273E+4	5.46298E+6	1.42002E+6	7.56034E+4	3.42444E+6
1.10000E+1	4.44900E+4	8.26048E+4	5.33252E+6	1.39866E+6	7.57317E+4	3.51012E+6
1.11000E+1	4.42885E+4	8.28684E+4	5.26028E+6	1.44084E+6	7.58342E+4	3.54274E+6
1.12000E+1	4.44914E+4	8.28274E+4	5.17287E+6	1.41217E+6	7.55299E+4	3.38997E+6
1.13000E+1	4.45499E+4	8.26252E+4	5.22625E+6	1.44099E+6	7.55458E+4	3.60050E+6
1.14000E+1	4.45237E+4	8.26972E+4	5.17197E+6	1.41860E+6	7.58133E+4	3.45309E+6
1.15000E+1	4.46941E+4	8.27865E+4	5.34014E+6	1.46563E+6	7.55726E+4	3.36736E+6
1.16000E+1	4.47393E+4	8.27306E+4	5.02995E+6	1.42569E+6	7.56302E+4	3.50049E+6
1.17000E+1	4.46105E+4	8.26897E+4	5.45303E+6	1.42795E+6	7.57366E+4	3.53975E+6
1.18000E+1	4.46382E+4	8.25844E+4	5.22534E+6	1.41905E+6	7.52069E+4	3.41646E+6
1.19000E+1	4.46894E+4	8.29546E+4	5.43619E+6	1.41003E+6	7.57386E+4	3.58206E+6
1.20000E+1	4.46375E+4	8.33404E+4	5.29100E+6	1.45139E+6	7.54704E+4	3.48014E+6
1.21000E+1	4.45634E+4	8.26951E+4	5.20985E+6	1.42367E+6	7.55706E+4	3.43126E+6
1.22000E+1	4.44766E+4	8.27252E+4	5.17555E+6	1.41033E+6	7.54297E+4	3.49590E+6
1.23000E+1	4.44927E+4	8.28727E+4	5.02656E+6	1.39902E+6	7.53871E+4	3.47560E+6
1.24000E+1	4.44457E+4	8.26306E+4	5.97230E+6	1.41897E+6	7.55309E+4	3.52657E+6
1.25000E+1	4.45843E+4	8.29158E+4	5.18904E+6	1.43535E+6	7.57824E+4	3.53463E+6
1.26000E+1	4.45196E+4	8.28630E+4	5.32682E+6	1.42009E+6	7.53643E+4	3.72735E+6
1.27000E+1	4.46975E+4	8.29718E+4	5.13905E+6	1.44714E+6	7.53633E+4	3.53038E+6
1.28000E+1	4.47029E+4	8.27919E+4	5.31357E+6	1.42315E+6	7.56292E+4	3.49548E+6
1.29000E+1	4.47150E+4	8.27940E+4	5.28726E+6	1.46170E+6	7.54426E+4	3.58468E+6
1.30000E+1	4.45742E+4	8.24341E+4	5.17108E+6	1.44161E+6	7.55647E+4	3.39075E+6
1.31000E+1	4.45540E+4	8.28134E+4	5.78019E+6	1.42983E+6	7.57167E+4	3.68211E+6
1.32000E+1	4.45284E+4	8.29233E+4	4.69772E+6	1.45124E+6	7.52495E+4	3.76885E+6
1.33000E+1	4.47279E+4	8.27306E+4	5.67194E+6	1.38312E+6	7.56024E+4	3.48468E+6
1.34000E+1	4.48940E+4	8.25210E+4	5.03504E+6	1.40542E+6	7.57157E+4	3.43810E+6
1.35000E+1	4.49373E+4	8.29460E+4	5.61456E+6	1.45372E+6	7.57167E+4	3.78726E+6
1.36000E+1	4.48913E+4	8.29611E+4	5.30791E+6	1.43901E+6	7.54525E+4	3.42085E+6
1.37000E+1	4.49814E+4	8.25704E+4	5.24183E+6	1.41231E+6	7.55955E+4	3.59477E+6
1.38000E+1	4.50938E+4	8.23602E+4	5.06753E+6	1.40593E+6	7.55081E+4	3.36891E+6
1.39000E+1	4.51807E+4	8.30020E+4	5.66230E+6	1.40571E+6	7.56660E+4	3.66057E+6
1.40000E+1	4.51957E+4	8.28027E+4	5.45403E+6	1.42562E+6	7.51466E+4	3.34810E+6
1.41000E+1	4.55026E+4	8.29147E+4	5.54596E+6	1.42923E+6	7.55895E+4	3.49049E+6
1.42000E+1	4.51658E+4	8.23591E+4	5.11879E+6	1.39189E+6	7.52772E+4	3.42404E+6
1.43000E+1	4.56938E+4	8.31738E+4	5.33823E+6	1.43240E+6	7.57058E+4	3.65739E+6
1.44000E+1	4.57253E+4	8.27553E+4	5.35735E+6	1.42464E+6	7.54248E+4	3.40139E+6
1.45000E+1	4.55381E+4	8.30765E+4	5.82736E+6	1.41756E+6	7.52712E+4	3.43448E+6
1.46000E+1	4.58122E+4	8.25887E+4	5.07011E+6	1.43179E+6	7.54684E+4	3.46984E+6
1.47000E+1	4.57718E+4	8.28016E+4	5.13905E+6	1.45000E+6	7.52554E+4	3.64018E+6
1.48000E+1	4.58527E+4	8.25790E+4	5.35352E+6	1.43817E+6	7.54159E+4	3.38958E+6
1.49000E+1	4.59844E+4	8.32267E+4	5.69782E+6	1.44161E+6	7.54317E+4	3.50007E+6
1.50000E+1	4.56850E+4	8.27058E+4	5.39017E+6	1.44444E+6	7.52841E+4	3.39665E+6
1.51000E+1	4.59000E+4	8.30377E+4	5.65482E+6	1.40498E+6	7.52950E+4	3.66742E+6
1.52000E+1	4.62740E+4	8.23420E+4	5.10915E+6	1.45466E+6	7.51713E+4	3.59345E+6
1.53000E+1	4.64610E+4	8.31651E+4	5.50518E+6	1.44306E+6	7.51041E+4	3.51938E+6
1.54000E+1	4.63257E+4	8.28673E+4	5.21348E+6	1.39996E+6	7.53296E+4	3.49049E+6
1.55000E+1	4.64224E+4	8.28953E+4	5.42732E+6	1.46193E+6	7.51980E+4	3.50425E+6
1.56000E+1	4.64548E+4	8.27090E+4	5.21621E+6	1.42817E+6	7.54119E+4	3.66788E+6
1.57000E+1	4.65143E+4	8.28037E+4	5.75137E+6	1.44452E+6	7.51278E+4	3.51180E+6
1.58000E+1	4.67574E+4	8.30323E+4	5.46697E+6	1.42292E+6	7.51130E+4	3.64741E+6
1.59000E+1	4.68102E+4	8.31716E+4	5.68917E+6	1.44876E+6	7.55399E+4	3.58906E+6
1.60000E+1	4.65509E+4	8.29158E+4	5.54596E+6	1.43642E+6	7.53762E+4	3.44457E+6
1.61000E+1	4.64583E+4	8.29999E+4	5.49911E+6	1.47397E+6	7.51832E+4	3.51474E+6
1.62000E+1	4.63305E+4	8.29945E+4	4.88896E+6	1.42870E+6	7.49374E+4	3.62492E+6
1.63000E+1	4.65447E+4	8.38442E+4	5.81831E+6	1.47461E+6	7.48497E+4	3.61511E+6
1.64000E+1	4.63713E+4	8.27693E+4	5.49810E+6	1.40996E+6	7.49788E+4	3.35001E+6
1.65000E+1	4.64749E+4	8.32722E+4	5.71302E+6	1.46904E+6	7.50607E+4	3.64379E+6
1.66000E+1	4.62347E+4	8.29449E+4	5.89490E+6	1.49878E+6	7.52505E+4	3.59873E+6
1.67000E+1	4.64845E+4	8.30657E+4	5.62299E+6	1.46848E+6	7.52811E+4	3.57161E+6
1.68000E+1	4.65842E+4	8.28716E+4	5.30791E+6	1.45263E+6	7.52604E+4	3.76885E+6
1.69000E+1	4.62147E+4	8.28640E+4	5.03589E+6	1.45942E+6	7.51209E+4	3.42525E+6
1.70000E+1	4.63085E+4	8.29416E+4	6.04078E+6	1.46052E+6	7.52782E+4	3.42565E+6
1.71000E+1	4.63844E+4	8.31554E+4	5.14790E+6	1.44054E+6	7.52604E+4	3.67200E+6
1.72000E+1	4.62961E+4	8.29697E+4	5.39600E+6	1.46067E+6	7.51852E+4	3.49756E+6
1.73000E+1	4.61844E+4	8.32116E+4	5.17466E+6	1.43589E+6	7.52040E+4	3.45350E+6
1.74000E+1	4.59281E+4	8.32343E+4	5.31546E+6	1.46154E+6	7.51031E+4	3.42605E+6
1.75000E+1	4.59899E+4	8.30398E+4	5.47497E+6	1.42622E+6	7.52267E+4	3.64154E+6
1.76000E+1	4.58993E+4	8.29600E+4	5.37564E+6	1.45629E+6	7.51891E+4	3.38566E+6
1.77000E+1	4.59700E+4	8.33306E+4	5.24459E+6	1.45520E+6	7.54664E+4	3.53038E+6
1.78000E+1	4.58170E+4	8.32949E+4	5.01980E+6	1.41379E+6	7.49492E+4	3.56078E+6
1.79000E+1	4.60785E+4	8.30884E+4	5.80705E+6	1.45411E+6	7.50933E+4	3.57161E+6
1.80000E+1	4.61941E+4	8.31197E+4	5.27048E+6	1.42750E+6	7.52693E+4	3.52149E+6
1.81000E+1	4.60331E+4	8.31370E+4	5.31546E+6	1.43725E+6	7.52831E+4	3.47725E+6
1.82000E+1	4.59871E+4	8.30377E+4	5.26306E+6	1.39296E+6	7.51466E+4	3.42765E+6
1.83000E+1	4.63174E+4	8.30323E+4	5.64417E+6	1.45147E+6	7.52554E+4	3.50509E+6
1.84000E+1	4.63388E+4	8.35106E+4	5.84438E+6	1.43832E+6	7.53336E+4	3.47478E+6
1.85000E+1	4.62616E+4	8.31435E+4	5.16303E+6	1.42464E+6	7.51496E+4	3.57770E+6
1.86000E+1	4.64030E+4	8.33111E+4	5.72830E+6	1.44444E+6	7.51298E+4	3.50383E+6
1.87000E+1	4.61968E+4	8.26714E+4	5.04185E+6	1.43733E+6	7.53296E+4	3.37746E+6
1.88000E+1	4.62375E+4	8.32982E+4	5.59360E+6	1.43893E+6	7.53871E+4	3.70623E+6
1.89000E+1	4.62740E+4	8.34097E+4	5.81043E+6	1.45170E+6	7.52099E+4	3.63478E+6
1.90000E+1	4.64141E+4	8.34325E+4	5.54288E+6	1.48684E+6	7.54466E+4	3.68073E+6
1.91000E+1	4.61548E+4	8.31975E+4	4.96880E+6	1.43459E+6	7.52336E+4	3.52064E+6
1.92000E+1	4.64120E+4	8.33805E+4	5.69674E+6	1.44745E+6	7.50488E+4	3.51558E+6
1.93000E+1	4.58486E+4	8.34607E+4	5.05209E+6	1.45965E+6	7.51941E+4	3.50467E+6
1.94000E+1	4.60978E+4	8.33458E+4	5.30885E+6	1.45442E+6	7.50666E+4	3.57248E+6
1.95000E+1	4.61445E+4	8.35540E+4	5.57590E+6	1.45263E+6	7.52406E+4	3.57552E+6
1.96000E+1	4.58876E+4	8.30657E+4	5.61141E+6	1.43703E+6	7.50933E+4	3.49673E+6
1.97000E+1	4.57698E+4	8.33577E+4	5.07960E+6	1.42998E+6	7.52623E+4	3.59962E+6
1.98000E+1	4.57390E+4	8.31262E+4	5.25566E+6	1.42720E+6	7.51288E+4	3.51685E+6
1.99000E+1	4.55736E+4	8.36245E+4	5.33157E+6	1.43353E+6	7.53564E+4	3.64967E+6
2.00000E+1	4.54931E+4	8.33382E+4	5.58317E+6	1.42128E+6	7.52950E+4	3.44416E+6
2.01000E+1	4.51746E+4	8.34704E+4	5.41848E+6	1.44437E+6	7.51170E+4	3.58863E+6
2.02000E+1	4.51434E+4	8.33740E+4	5.24920E+6	1.38128E+6	7.51446E+4	3.54702E+6
2.03000E+1	4.49956E+4	8.36615E+4	5.39698E+6	1.42772E+6	7.55587E+4	3.81817E+6
2.04000E+1	4.50505E+4	8.36159E+4	5.33728E+6	1.39765E+6	7.54555E+4	3.66834E+6
2.05000E+1	4.49502E+4	8.32873E+4	5.47898E+6	1.38447E+6	7.54654E+4	3.54531E+6
2.06000E+1	4.49285E+4	8.32982E+4	5.38920E+6	1.42614E+6	7.52416E+4	3.79751E+6
2.07000E+1	4.48886E+4	8.32527E+4	5.21348E+6	1.40952E+6	7.51753E+4	3.49756E+6
2.08000E+1	4.51855E+4	8.37735E+4	5.35160E+6	1.38795E+6	7.50242E+4	3.60624E+6
2.09000E+1	4.48825E+4	8.33274E+4	5.49406E+6	1.42727E+6	7.52960E+4	3.54317E+6
2.10000E+1	4.50349E+4	8.32397E+4	5.25566E+6	1.42787E+6	7.50469E+4	3.67108E+6
2.11000E+1	4.48873E+4	8.34596E+4	5.11528E+6	1.41268E+6	7.52297E+4	3.59918E+6
2.12000E+1	4.50525E+4	8.35116E+4	5.26213E+6	1.42930E+6	7.53534E+4	3.53932E+6
2.13000E+1	4.51658E+4	8.33198E+4	5.37564E+6	1.41987E+6	7.53960E+4	3.60226E+6
2.14000E+1	4.51027E+4	8.33891E+4	5.33537E+6	1.41571E+6	7.52841E+4	3.69738E+6
2.15000E+1	4.51814E+4	8.32635E+4	4.98791E+6	1.44483E+6	7.51120E+4	3.34772E+6
2.16000E+1	4.49164E+4	8.33166E+4	4.95641E+6	1.37691E+6	7.49807E+4	3.55346E+6
2.17000E+1	4.48920E+4	8.36615E+4	5.19445E+6	1.39664E+6	7.50627E+4	3.52869E+6
2.18000E+1	4.51495E+4	8.32062E+4	5.40868E+6	1.41578E+6	7.51446E+4	3.58032E+6
2.19000E+1	4.50586E+4	8.35811E+4	5.61036E+6	1.41571E+6	7.50814E+4	3.62985E+6
2.20000E+1	4.54222E+4	8.32949E+4	5.13993E+6	1.40681E+6	7.54327E+4	3.63209E+6
2.21000E+1	4.56132E+4	8.35692E+4	5.51430E+6	1.40564E+6	7.52218E+4	3.55949E+6
2.22000E+1	4.56187E+4	8.35290E+4	5.05465E+6	1.39967E+6	7.52267E+4	3.48593E+6
2.23000E+1	4.55088E+4	8.37996E+4	5.43718E+6	1.42644E+6	7.50794E+4	3.52953E+6
2.24000E+1	4.55852E+4	8.37648E+4	5.28726E+6	1.43240E+6	7.52871E+4	3.57031E+6
2.25000E+1	4.54474E+4	8.36571E+4	5.09173E+6	1.39167E+6	7.52119E+4	3.44174E+6
2.26000E+1	4.55674E+4	8.35116E+4	5.53060E+6	1.42315E+6	7.55170E+4	3.37902E+6
2.27000E+1	4.56508E+4	8.32743E+4	5.38532E+6	1.42024E+6	7.51792E+4	3.42364E+6
2.28000E+1	4.59404E+4	8.34433E+4	5.69025E+6	1.45341E+6	7.52891E+4	3.62403E+6
2.29000E+1	4.58054E+4	8.36126E+4	5.19355E+6	1.42248E+6	7.51377E+4	3.44174E+6
2.30000E+1	4.59624E+4	8.36865E+4	5.43916E+6	1.44115E+6	7.52425E+4	3.66057E+6
2.31000E+1	4.60531E+4	8.33826E+4	5.25104E+6	1.42337E+6	7.51259E+4	3.42005E+6
2.32000E+1	4.60730E+4	8.34314E+4	5.04782E+6	1.42877E+6	7.51278E+4	3.40692E+6
2.33000E+1	4.64949E+4	8.34498E+4	5.43028E+6	1.43391E+6	7.50498E+4	3.58731E+6
2.34000E+1	4.63423E+4	8.33577E+4	5.10391E+6	1.41942E+6	7.52158E+4	3.48676E+6
2.35000E+1	4.66804E+4	8.35149E+4	5.24920E+6	1.41453E+6	7.49847E+4	3.57465E+6
2.36000E+1	4.67123E+4	8.33783E+4	5.41554E+6	1.46177E+6	7.52663E+4	3.71137E+6
2.37000E+1	4.67200E+4	8.33209E+4	5.12846E+6	1.44977E+6	7.50123E+4	3.50634E+6
2.38000E+1	4.69276E+4	8.36082E+4	5.67087E+6	1.41845E+6	7.48546E+4	3.42845E+6
2.39000E+1	4.68922E+4	8.32105E+4	5.27234E+6	1.41964E+6	7.49147E+4	3.60801E+6
2.40000E+1	4.70216E+4	8.41289E+4	5.10741E+6	1.44552E+6	7.50627E+4	3.60403E+6
2.41000E+1	4.71721E+4	8.38148E+4	5.42241E+6	1.48879E+6	7.51783E+4	3.67797E+6
2.42000E+1	4.72126E+4	8.37659E+4	5.20078E+6	1.44560E+6	7.49561E+4	3.45390E+6
2.43000E+1	4.72671E+4	8.37093E+4	5.57590E+6	1.47110E+6	7.50706E+4	3.49923E+6
2.44000E+1	4.73664E+4	8.39052E+4	5.51837E+6	1.46824E+6	7.48940E+4	3.54702E+6
2.45000E+1	4.75029E+4	8.36843E+4	5.33728E+6	1.43619E+6	7.50666E+4	3.70529E+6
2.46000E+1	4.79099E+4	8.34401E+4	5.27793E+6	1.46366E+6	7.53148E+4	3.55088E+6
2.47000E+1	4.79635E+4	8.34140E+4	5.42831E+6	1.46177E+6	7.48083E+4	3.50634E+6
2.48000E+1	4.79480E+4	8.36419E+4	5.79471E+6	1.46005E+6	7.49512E+4	3.56165E+6
2.49000E+1	4.79148E+4	8.38856E+4	5.91348E+6	1.44521E+6	7.47306E+4	3.70389E+6
2.50000E+1	4.79748E+4	8.34000E+4	5.44906E+6	1.43104E+6	7.46322E+4	3.51054E+6
2.51000E+1	4.79981E+4	8.35529E+4	5.59882E+6	1.48522E+6	7.49176E+4	3.48924E+6
2.52000E+1	4.79452E+4	8.41136E+4	5.38629E+6	1.45989E+6	7.47611E+4	3.46574E+6
2.53000E+1	4.76847E+4	8.38976E+4	5.54288E+6	1.45248E+6	7.47374E+4	3.54659E+6
2.54000E+1	4.79825E+4	8.37637E+4	5.64098E+6	1.46880E+6	7.47325E+4	3.75252E+6
2.55000E+1	4.79346E+4	8.35312E+4	5.78912E+6	1.51148E+6	7.48250E+4	3.56424E+6
2.56000E+1	4.81924E+4	8.38127E+4	5.37661E+6	1.47317E+6	7.51713E+4	3.66605E+6
2.57000E+1	4.78930E+4	8.37485E+4	5.52244E+6	1.48167E+6	7.46706E+4	3.56684E+6
2.58000E+1	4.80503E+4	8.38900E+4	5.39990E+6	1.49067E+6	7.47138E+4	3.73255E+6
2.59000E+1	4.78345E+4	8.39270E+4	6.19776E+6	1.49352E+6	7.46372E+4	3.56208E+6
2.60000E+1	4.79924E+4	8.38007E+4	5.35831E+6	1.44483E+6	7.45841E+4	3.58337E+6
2.61000E+1	4.83794E+4	8.38682E+4	5.60511E+6	1.49574E+6	7.51012E+4	3.65966E+6
2.62000E+1	4.86103E+4	8.38475E+4	5.32113E+6	1.46888E+6	7.49048E+4	3.46902E+6
2.63000E+1	4.84319E+4	8.45954E+4	5.44708E+6	1.47373E+6	7.50676E+4	3.59609E+6
2.64000E+1	4.79776E+4	8.42633E+4	5.30320E+6	1.47749E+6	7.48822E+4	3.65058E+6
2.65000E+1	4.73062E+4	8.42841E+4	5.28352E+6	1.48361E+6	7.47414E+4	3.56640E+6
2.66000E+1	4.55156E+4	8.42972E+4	5.72502E+6	1.47845E+6	7.46676E+4	3.57335E+6
2.67000E+1	4.35711E+4	8.41420E+4	5.14347E+6	1.47901E+6	7.49255E+4	3.72593E+6
2.68000E+1	4.19649E+4	8.42075E+4	5.19355E+6	1.46280E+6	7.48172E+4	3.55733E+6
2.69000E+1	4.06858E+4	8.44933E+4	4.77993E+6	1.41675E+6	7.48772E+4	3.67981E+6
2.70000E+1	3.97823E+4	8.44571E+4	4.41442E+6	1.47357E+6	7.48024E+4	3.70529E+6
2.71000E+1	3.90472E+4	8.41518E+4	4.64854E+6	1.47837E+6	7.48881E+4	3.67062E+6
2.72000E+1	3.82674E+4	8.42710E+4	4.19872E+6	1.42188E+6	7.50972E+4	3.69877E+6
2.73000E+1	3.76127E+4	8.46261E+4	4.61966E+6	1.39895E+6	7.50143E+4	3.84958E+6
2.74000E+1	3.71863E+4	8.43399E+4	4.18094E+6	1.41593E+6	7.52336E+4	3.68257E+6
2.75000E+1	3.66542E+4	8.39597E+4	3.97202E+6	1.36085E+6	7.49788E+4	3.48220E+6
2.76000E+1	3.61932E+4	8.42239E+4	3.91150E+6	1.39938E+6	7.53118E+4	3.61957E+6
2.77000E+1	3.56883E+4	8.43629E+4	3.84421E+6	1.35000E+6	7.53336E+4	3.71981E+6
2.78000E+1	3.56480E+4	8.45065E+4	4.05710E+6	1.39046E+6	7.54129E+4	3.71699E+6
2.79000E+1	3.52225E+4	8.43388E+4	3.84321E+6	1.36707E+6	7.53861E+4	3.63074E+6
2.80000E+1	3.50683E+4	8.41016E+4	3.73269E+6	1.32152E+6	7.52950E+4	3.53932E+6
2.81000E+1	3.46447E+4	8.47393E+4	3.88063E+6	1.36769E+6	7.55637E+4	3.56900E+6
2.82000E+1	3.44767E+4	8.45964E+4	3.65298E+6	1.33466E+6	7.56412E+4	3.57161E+6
2.83000E+1	3.44103E+4	8.48042E+4	3.65389E+6	1.34845E+6	7.60396E+4	3.78143E+6
2.84000E+1	3.43423E+4	8.49055E+4	3.64619E+6	1.32328E+6	7.61555E+4	3.69877E+6
2.85000E+1	3.39885E+4	8.48878E+4	3.37835E+6	1.31310E+6	7.60077E+4	3.44984E+6
2.86000E+1	3.40927E+4	8.52188E+4	3.82129E+6	1.36859E+6	7.64489E+4	3.80143E+6
2.87000E+1	3.38002E+4	8.49925E+4	3.62908E+6	1.31471E+6	7.64740E+4	3.51811E+6
2.88000E+1	3.38741E+4	8.48141E+4	3.60726E+6	1.32314E+6	7.66116E+4	3.59170E+6
2.89000E+1	3.38487E+4	8.53073E+4	3.78400E+6	1.32858E+6	7.68440E+4	3.69228E+6
2.90000E+1	3.36988E+4	8.48977E+4	3.60903E+6	1.30919E+6	7.66809E+4	3.64967E+6
2.91000E+1	3.34711E+4	8.53737E+4	3.65980E+6	1.32957E+6	7.69892E+4	3.59389E+6
2.92000E+1	3.35843E+4	8.56331E+4	3.64845E+6	1.33911E+6	7.70407E+4	3.74679E+6
2.93000E+1	3.35878E+4	8.52409E+4	3.62148E+6	1.30428E+6	7.71599E+4	3.56770E+6
2.94000E+1	3.31277E+4	8.56542E+4	3.69845E+6	1.31413E+6	7.69922E+4	3.58294E+6
2.95000E+1	3.33347E+4	8.56753E+4	3.77721E+6	1.35068E+6	7.75643E+4	3.51769E+6
2.96000E+1	3.32414E+4	8.57175E+4	3.69010E+6	1.33174E+6	7.75064E+4	3.60846E+6
2.97000E+1	3.33015E+4	8.59188E+4	3.73411E+6	1.34179E+6	7.74912E+4	3.63119E+6
2.98000E+1	3.32454E+4	8.58376E+4	3.56697E+6	1.30593E+6	7.76985E+4	3.68580E+6
2.99000E+1	3.33066E+4	8.58309E+4	3.66253E+6	1.30333E+6	7.78288E+4	3.48303E+6
3.00000E+1	3.31237E+4	8.58832E+4	3.53434E+6	1.33519E+6	7.76852E+4	3.66331E+6
3.01000E+1	3.30438E+4	8.61106E+4	3.52458E+6	1.33452E+6	7.76517E+4	3.67108E+6
3.02000E+1	3.31117E+4	8.56953E+4	3.63537E+6	1.35797E+6	7.80849E+4	3.45024E+6
3.03000E+1	3.31220E+4	8.62859E+4	3.74646E+6	1.30257E+6	7.78869E+4	3.57596E+6
3.04000E+1	3.31305E+4	8.61508E+4	3.67627E+6	1.29852E+6	7.81615E+4	3.51138E+6
3.05000E+1	3.30700E+4	8.58253E+4	3.53774E+6	1.31085E+6	7.81329E+4	3.51390E+6
3.06000E+1	3.29839E+4	8.62390E+4	3.75745E+6	1.30829E+6	7.82137E+4	3.39193E+6
3.07000E+1	3.29270E+4	8.60381E+4	3.48937E+6	1.32884E+6	7.79981E+4	3.38448E+6
3.08000E+1	3.29828E+4	8.63061E+4	3.77141E+6	1.32021E+6	7.82587E+4	3.49590E+6
3.09000E+1	3.28866E+4	8.59823E+4	3.57914E+6	1.29607E+6	7.80930E+4	3.45798E+6
3.10000E+1	3.31380E+4	8.64303E+4	3.68825E+6	1.29966E+6	7.82966E+4	3.48593E+6
3.11000E+1	3.29071E+4	8.63575E+4	3.66117E+6	1.30504E+6	7.85048E+4	3.42444E+6
3.12000E+1	3.29429E+4	8.61016E+4	3.64438E+6	1.29550E+6	7.82741E+4	3.25747E+6
3.13000E+1	3.30529E+4	8.65950E+4	3.88626E+6	1.33505E+6	7.88246E+4	3.40930E+6
3.14000E+1	3.31014E+4	8.63754E+4	3.76851E+6	1.31445E+6	7.87175E+4	3.45553E+6
3.15000E+1	3.31768E+4	8.63821E+4	3.62998E+6	1.31053E+6	7.90319E+4	3.42284E+6
3.16000E+1	3.29634E+4	8.65524E+4	3.60859E+6	1.28399E+6	7.85366E+4	3.52784E+6
3.17000E+1	3.29817E+4	8.62569E+4	3.77431E+6	1.31768E+6	7.86537E+4	3.29715E+6
3.18000E+1	3.31677E+4	8.65490E+4	3.72749E+6	1.29909E+6	7.86733E+4	3.34542E+6
3.19000E+1	3.28707E+4	8.61240E+4	3.51066E+6	1.30035E+6	7.89504E+4	3.36233E+6
3.20000E+1	3.30153E+4	8.69580E+4	3.92033E+6	1.35599E+6	7.90536E+4	3.49923E+6
3.21000E+1	3.30763E+4	8.68185E+4	3.77044E+6	1.31034E+6	7.88699E+4	3.35385E+6
3.22000E+1	3.29213E+4	8.63184E+4	3.64167E+6	1.27999E+6	7.88514E+4	3.30199E+6
3.23000E+1	3.30307E+4	8.64997E+4	3.95023E+6	1.32288E+6	7.90763E+4	3.32981E+6
3.24000E+1	3.29885E+4	8.67949E+4	3.54201E+6	1.32217E+6	7.90701E+4	3.17148E+6
3.25000E+1	3.29959E+4	8.65928E+4	3.62461E+6	1.32112E+6	7.92335E+4	3.25493E+6
3.26000E+1	3.29464E+4	8.64247E+4	3.76177E+6	1.29212E+6	7.89865E+4	3.28014E+6
3.27000E+1	3.30295E+4	8.69029E+4	3.94022E+6	1.31730E+6	7.96204E+4	3.42885E+6
3.28000E+1	3.30090E+4	8.66994E+4	3.75793E+6	1.31028E+6	7.94698E+4	3.24950E+6
3.29000E+1	3.28906E+4	8.67814E+4	3.67030E+6	1.31658E+6	7.94511E+4	3.16357E+6
3.30000E+1	3.28957E+4	8.65513E+4	3.73079E+6	1.27285E+6	7.95186E+4	3.34236E+6
3.31000E+1	3.30301E+4	8.67286E+4	3.68964E+6	1.31549E+6	7.92749E+4	3.15058E+6
3.32000E+1	3.30136E+4	8.69029E+4	3.59799E+6	1.30925E+6	7.93982E+4	3.30573E+6
3.33000E+1	3.31066E+4	8.64885E+4	3.60063E+6	1.30734E+6	7.95933E+4	3.28456E+6
3.34000E+1	3.30786E+4	8.71655E+4	3.74598E+6	1.33174E+6	7.94750E+4	3.42645E+6
3.35000E+1	3.31528E+4	8.67825E+4	3.70824E+6	1.31169E+6	7.95424E+4	3.22367E+6
3.36000E+1	3.29663E+4	8.68736E+4	3.67811E+6	1.31278E+6	7.94916E+4	3.24661E+6
3.37000E+1	3.28479E+4	8.67151E+4	3.61081E+6	1.30657E+6	7.98764E+4	3.18359E+6
3.38000E+1	3.31168E+4	8.69445E+4	3.88984E+6	1.30708E+6	7.95289E+4	3.13028E+6
3.39000E+1	3.29162E+4	8.68016E+4	3.73032E+6	1.29488E+6	7.97025E+4	3.41168E+6
3.40000E+1	3.29942E+4	8.69107E+4	3.68733E+6	1.27249E+6	8.01050E+4	3.16014E+6
3.41000E+1	3.33146E+4	8.72016E+4	3.73790E+6	1.33135E+6	7.98149E+4	3.28862E+6
3.42000E+1	3.29902E+4	8.66971E+4	3.64212E+6	1.28184E+6	7.97369E+4	3.13803E+6
3.43000E+1	3.29691E+4	8.65984E+4	3.65707E+6	1.29588E+6	7.97920E+4	3.17044E+6
3.44000E+1	3.31557E+4	8.73881E+4	3.58482E+6	1.31717E+6	7.98879E+4	3.25710E+6
3.45000E+1	3.29014E+4	8.67848E+4	3.91981E+6	1.30989E+6	7.98545E+4	3.35193E+6
3.46000E+1	3.29475E+4	8.69603E+4	3.85931E+6	1.31516E+6	7.99338E+4	3.29344E+6
3.47000E+1	3.30170E+4	8.66444E+4	3.66208E+6	1.27340E+6	7.96380E+4	3.19649E+6
3.48000E+1	3.28519E+4	8.68489E+4	3.76418E+6	1.30060E+6	7.99891E+4	3.18637E+6
3.49000E+1	3.31231E+4	8.72490E+4	4.05988E+6	1.31976E+6	7.99828E+4	3.16528E+6
3.50000E+1	3.30620E+4	8.66455E+4	3.82973E+6	1.27164E+6	8.00152E+4	3.21374E+6
3.51000E+1	3.28172E+4	8.66825E+4	3.56870E+6	1.26548E+6	7.96568E+4	3.28271E+6
3.52000E+1	3.30107E+4	8.67713E+4	3.88779E+6	1.29884E+6	7.99526E+4	3.31547E+6
3.53000E+1	3.29139E+4	8.68410E+4	3.90271E+6	1.29281E+6	8.00569E+4	3.46697E+6
3.54000E+1	3.29697E+4	8.62613E+4	3.60948E+6	1.27791E+6	7.96588E+4	3.08815E+6
3.55000E+1	3.32002E+4	8.69153E+4	3.98542E+6	1.30906E+6	7.99380E+4	3.26986E+6
3.56000E+1	3.28263E+4	8.64280E+4	3.63492E+6	1.28338E+6	7.95736E+4	3.06248E+6
3.57000E+1	3.26617E+4	8.61709E+4	3.68041E+6	1.28258E+6	7.99014E+4	3.11057E+6
3.58000E+1	3.28519E+4	8.65244E+4	4.05598E+6	1.30734E+6	7.97421E+4	3.18498E+6
3.59000E+1	3.29167E+4	8.63888E+4	3.68825E+6	1.29019E+6	8.00006E+4	3.07315E+6
3.60000E+1	3.30472E+4	8.63105E+4	3.54586E+6	1.27200E+6	7.96911E+4	3.19824E+6
3.61000E+1	3.26509E+4	8.59277E+4	3.74598E+6	1.26536E+6	7.97910E+4	3.06732E+6
3.62000E+1	3.28894E+4	8.64258E+4	3.68225E+6	1.31246E+6	7.97879E+4	3.27940E+6
3.63000E+1	3.28468E+4	8.60648E+4	3.76948E+6	1.28147E+6	7.98629E+4	3.04677E+6
3.64000E+1	3.28303E+4	8.62222E+4	3.83671E+6	1.26934E+6	7.97129E+4	3.11223E+6
3.65000E+1	3.30307E+4	8.61753E+4	3.85175E+6	1.29094E+6	7.99786E+4	3.36620E+6
3.66000E+1	3.27303E+4	8.58955E+4	3.35551E+6	1.25730E+6	7.96037E+4	2.97751E+6
3.67000E+1	3.28536E+4	8.68421E+4	3.82228E+6	1.31445E+6	8.00726E+4	3.25311E+6
3.68000E+1	3.26367E+4	8.64919E+4	3.64890E+6	1.27480E+6	7.98379E+4	3.07218E+6
3.69000E+1	3.27632E+4	8.60860E+4	3.84773E+6	1.27938E+6	7.95539E+4	3.20035E+6
3.70000E+1	3.27723E+4	8.64180E+4	3.57870E+6	1.27693E+6	8.01886E+4	3.17320E+6
3.71000E+1	3.27905E+4	8.63855E+4	3.68502E+6	1.27134E+6	7.98139E+4	2.98424E+6
3.72000E+1	3.26889E+4	8.64280E+4	3.57870E+6	1.30250E+6	7.98962E+4	3.28677E+6
3.73000E+1	3.27792E+4	8.64112E+4	3.84572E+6	1.27956E+6	7.99974E+4	3.05285E+6
3.74000E+1	3.26129E+4	8.62770E+4	3.76851E+6	1.27401E+6	7.99265E+4	3.03185E+6
3.75000E+1	3.27820E+4	8.63061E+4	3.66345E+6	1.29978E+6	7.97972E+4	3.10163E+6
3.76000E+1	3.27224E+4	8.63072E+4	4.08117E+6	1.29563E+6	8.00643E+4	3.23367E+6
3.77000E+1	3.25880E+4	8.59979E+4	3.66527E+6	1.28876E+6	8.01155E+4	3.05093E+6
3.78000E+1	3.28411E+4	8.65872E+4	3.99674E+6	1.30523E+6	8.02232E+4	3.20773E+6
3.79000E+1	3.22739E+4	8.65636E+4	3.79326E+6	1.28208E+6	8.01040E+4	3.17597E+6
3.80000E+1	3.28280E+4	8.64101E+4	3.81635E+6	1.27000E+6	8.03572E+4	3.11356E+6
3.81000E+1	3.27309E+4	8.57831E+4	3.48026E+6	1.27031E+6	8.01290E+4	3.12424E+6
3.82000E+1	3.25376E+4	8.60492E+4	3.62550E+6	1.27969E+6	8.00037E+4	3.00491E+6
3.83000E+1	3.28900E+4	8.67926E+4	3.74980E+6	1.32648E+6	8.03614E+4	3.24192E+6
3.84000E+1	3.28235E+4	8.64975E+4	3.93025E+6	1.28393E+6	8.01468E+4	3.03217E+6
3.85000E+1	3.26968E+4	8.61351E+4	3.80895E+6	1.29138E+6	8.05156E+4	3.16322E+6
3.86000E+1	3.28269E+4	8.66040E+4	3.87147E+6	1.27085E+6	8.03226E+4	3.13938E+6
3.87000E+1	3.28223E+4	8.60994E+4	3.73363E+6	1.25636E+6	8.06627E+4	2.99624E+6
3.88000E+1	3.26158E+4	8.61619E+4	3.65298E+6	1.29859E+6	8.02860E+4	3.01301E+6
3.89000E+1	3.27133E+4	8.64336E+4	3.68825E+6	1.28098E+6	8.01395E+4	3.19230E+6
3.90000E+1	3.28491E+4	8.65389E+4	3.80354E+6	1.28381E+6	8.07437E+4	3.12290E+6
3.91000E+1	3.27968E+4	8.64023E+4	3.58788E+6	1.25784E+6	8.02033E+4	2.94939E+6
3.92000E+1	3.25088E+4	8.60202E+4	3.73079E+6	1.26922E+6	8.03499E+4	3.27059E+6
3.93000E+1	3.27706E+4	8.62490E+4	3.66482E+6	1.28325E+6	8.03436E+4	3.06829E+6
3.94000E+1	3.27377E+4	8.66399E+4	3.79277E+6	1.30893E+6	8.06606E+4	3.15160E+6
3.95000E+1	3.28218E+4	8.63351E+4	3.80403E+6	1.27043E+6	8.05187E+4	3.04677E+6
3.96000E+1	3.25795E+4	8.62714E+4	3.52754E+6	1.26795E+6	8.03887E+4	3.06152E+6
3.97000E+1	3.26923E+4	8.63575E+4	3.87706E+6	1.31304E+6	8.08216E+4	3.16357E+6
3.98000E+1	3.27581E+4	8.63765E+4	3.82774E+6	1.26663E+6	8.07963E+4	3.03375E+6
3.99000E+1	3.26781E+4	8.63295E+4	3.87503E+6	1.29903E+6	8.04358E+4	3.19055E+6
4.00000E+1	3.28616E+4	8.66466E+4	3.85931E+6	1.27993E+6	8.05986E+4	2.98332E+6
4.01000E+1	3.26294E+4	8.65277E+4	3.78109E+6	1.29175E+6	8.06143E+4	2.97843E+6
4.02000E+1	3.24986E+4	8.58487E+4	3.59227E+6	1.25470E+6	8.02535E+4	3.06442E+6
4.03000E+1	3.26872E+4	8.64762E+4	3.79766E+6	1.29657E+6	8.06732E+4	3.11090E+6
4.04000E+1	3.25710E+4	8.64796E+4	3.92816E+6	1.32550E+6	8.09787E+4	3.02492E+6
4.05000E+1	3.29469E+4	8.64023E+4	3.85175E+6	1.26922E+6	8.06522E+4	3.06377E+6
4.06000E+1	3.26237E+4	8.61530E+4	3.71854E+6	1.27152E+6	8.08258E+4	3.04454E+6
4.07000E+1	3.28502E+4	8.69502E+4	4.04433E+6	1.29456E+6	8.11561E+4	3.04231E+6
4.08000E+1	3.27547E+4	8.67780E+4	3.85981E+6	1.31073E+6	8.08722E+4	3.12023E+6
4.09000E+1	3.26997E+4	8.69479E+4	4.01412E+6	1.29513E+6	8.11783E+4	3.08618E+6
4.10000E+1	3.25314E+4	8.64997E+4	3.54801E+6	1.27712E+6	8.07995E+4	2.87972E+6
4.11000E+1	3.28724E+4	8.69040E+4	3.99026E+6	1.32792E+6	8.08838E+4	3.20633E+6
4.12000E+1	3.28229E+4	8.70098E+4	3.80158E+6	1.28012E+6	8.10188E+4	3.03407E+6
4.13000E+1	3.28684E+4	8.64863E+4	3.77866E+6	1.30574E+6	8.08890E+4	3.06087E+6
4.14000E+1	3.26407E+4	8.63407E+4	3.70777E+6	1.29287E+6	8.08764E+4	2.99377E+6
4.15000E+1	3.26622E+4	8.69704E+4	4.01412E+6	1.30004E+6	8.12767E+4	3.11622E+6
4.16000E+1	3.30438E+4	8.65300E+4	3.84823E+6	1.28387E+6	8.11308E+4	3.04933E+6
4.17000E+1	3.27564E+4	8.67938E+4	3.92398E+6	1.26717E+6	8.10294E+4	3.06539E+6
4.18000E+1	3.29333E+4	8.68849E+4	3.79228E+6	1.34138E+6	8.14813E+4	3.04136E+6
4.19000E+1	3.27258E+4	8.67443E+4	3.79375E+6	1.28963E+6	8.12979E+4	3.08161E+6
4.20000E+1	3.27161E+4	8.66859E+4	3.92450E+6	1.28585E+6	8.12979E+4	2.90511E+6
4.21000E+1	3.26265E+4	8.63486E+4	3.96136E+6	1.29057E+6	8.14431E+4	3.07835E+6
4.22000E+1	3.26940E+4	8.69423E+4	3.71807E+6	1.28926E+6	8.12577E+4	2.96748E+6
4.23000E+1	3.27939E+4	8.68894E+4	4.03164E+6	1.30574E+6	8.12969E+4	3.03470E+6
4.24000E+1	3.28041E+4	8.66522E+4	3.70777E+6	1.29325E+6	8.12704E+4	3.03280E+6
4.25000E+1	3.26033E+4	8.65670E+4	3.67581E+6	1.28498E+6	8.10642E+4	2.93865E+6
4.26000E+1	3.26679E+4	8.65109E+4	3.63942E+6	1.28808E+6	8.11963E+4	2.97446E+6
4.27000E+1	3.27065E+4	8.70504E+4	3.91046E+6	1.32550E+6	8.11392E+4	3.10460E+6
4.28000E+1	3.26520E+4	8.65636E+4	3.71713E+6	1.30048E+6	8.15588E+4	3.06281E+6
4.29000E+1	3.28326E+4	8.67668E+4	3.86639E+6	1.27675E+6	8.13286E+4	3.08553E+6
4.30000E+1	3.27615E+4	8.64415E+4	3.81832E+6	1.27963E+6	8.12789E+4	3.15501E+6
4.31000E+1	3.27144E+4	8.66276E+4	3.71479E+6	1.26663E+6	8.10536E+4	2.98915E+6
4.32000E+1	3.27968E+4	8.71158E+4	4.05543E+6	1.32786E+6	8.16789E+4	3.16597E+6
4.33000E+1	3.26600E+4	8.67387E+4	3.76755E+6	1.30276E+6	8.09998E+4	2.92267E+6
4.34000E+1	3.26141E+4	8.66152E+4	3.69984E+6	1.26004E+6	8.10621E+4	2.97995E+6
4.35000E+1	3.26379E+4	8.71711E+4	3.82377E+6	1.32733E+6	8.23952E+4	3.30348E+6
4.36000E+1	3.25286E+4	8.62748E+4	3.76899E+6	1.30155E+6	8.13223E+4	3.01238E+6
4.37000E+1	3.26390E+4	8.65076E+4	3.59359E+6	1.26488E+6	8.15938E+4	2.92090E+6
4.38000E+1	3.27388E+4	8.66253E+4	3.83671E+6	1.32367E+6	8.16332E+4	3.05317E+6
4.39000E+1	3.26713E+4	8.66298E+4	3.97095E+6	1.27382E+6	8.15875E+4	3.12793E+6
4.40000E+1	3.27434E+4	8.68669E+4	3.72183E+6	1.29783E+6	8.12715E+4	2.88977E+6
4.41000E+1	3.25863E+4	8.63933E+4	3.63807E+6	1.31323E+6	8.16810E+4	3.07835E+6
4.42000E+1	3.28525E+4	8.65199E+4	3.86740E+6	1.33805E+6	8.16417E+4	3.13230E+6
4.43000E+1	3.22970E+4	8.63016E+4	3.50479E+6	1.26165E+6	8.15078E+4	2.91679E+6
4.44000E+1	3.28394E+4	8.69096E+4	4.22026E+6	1.33207E+6	8.17033E+4	3.11823E+6
4.45000E+1	3.26855E+4	8.63105E+4	3.59315E+6	1.29300E+6	8.12778E+4	2.89612E+6
4.46000E+1	3.26027E+4	8.68815E+4	4.40852E+6	1.28535E+6	8.17885E+4	3.33855E+6
4.47000E+1	3.23765E+4	8.63385E+4	3.73553E+6	1.25570E+6	8.13615E+4	2.92444E+6
4.48000E+1	3.28189E+4	8.67106E+4	4.13827E+6	1.32275E+6	8.19867E+4	3.12961E+6
4.49000E+1	3.24494E+4	8.61050E+4	3.73221E+6	1.27134E+6	8.12693E+4	2.82359E+6
4.50000E+1	3.25886E+4	8.66915E+4	4.11010E+6	1.31015E+6	8.19195E+4	3.07056E+6
4.51000E+1	3.25422E+4	8.61329E+4	3.47079E+6	1.25933E+6	8.14155E+4	2.89959E+6
4.52000E+1	3.29327E+4	8.71643E+4	3.97790E+6	1.30778E+6	8.16948E+4	2.98516E+6
4.53000E+1	3.26124E+4	8.61921E+4	3.65026E+6	1.26994E+6	8.17193E+4	3.04391E+6
4.54000E+1	3.28053E+4	8.67679E+4	3.97951E+6	1.28976E+6	8.18215E+4	3.16700E+6
4.55000E+1	3.24019E+4	8.68061E+4	3.48067E+6	1.28319E+6	8.17406E+4	2.86975E+6
4.56000E+1	3.24980E+4	8.66882E+4	4.07667E+6	1.30206E+6	8.17406E+4	3.06152E+6
4.57000E+1	3.25472E+4	8.65804E+4	3.82129E+6	1.31034E+6	8.18279E+4	2.98700E+6
4.58000E+1	3.23489E+4	8.66870E+4	3.81092E+6	1.27975E+6	8.17097E+4	3.04614E+6
4.59000E+1	3.23162E+4	8.65098E+4	3.64709E+6	1.28795E+6	8.14898E+4	2.96626E+6
4.60000E+1	3.26708E+4	8.64325E+4	3.70824E+6	1.28820E+6	8.19259E+4	2.96445E+6
4.61000E+1	3.26770E+4	8.65020E+4	3.83123E+6	1.28307E+6	8.18737E+4	2.94252E+6
4.62000E+1	3.24912E+4	8.68061E+4	3.82377E+6	1.30231E+6	8.18982E+4	3.09011E+6
4.63000E+1	3.26282E+4	8.65894E+4	3.77673E+6	1.29808E+6	8.19334E+4	3.18846E+6
4.64000E+1	3.22925E+4	8.63777E+4	3.85779E+6	1.28455E+6	8.17182E+4	2.97416E+6
4.65000E+1	3.23105E+4	8.59857E+4	3.74980E+6	1.28969E+6	8.18449E+4	2.89814E+6
4.66000E+1	3.24992E+4	8.69558E+4	3.89961E+6	1.27522E+6	8.19217E+4	2.91621E+6
4.67000E+1	3.23799E+4	8.61396E+4	3.75506E+6	1.24858E+6	8.18183E+4	2.94312E+6
4.68000E+1	3.26379E+4	8.63754E+4	3.86487E+6	1.29038E+6	8.18652E+4	3.07478E+6
4.69000E+1	3.23393E+4	8.61675E+4	3.56914E+6	1.25358E+6	8.17055E+4	3.00895E+6
4.70000E+1	3.22558E+4	8.57886E+4	3.68041E+6	1.29840E+6	8.20177E+4	2.91973E+6
4.71000E+1	3.23167E+4	8.60548E+4	3.57130E+6	1.29007E+6	8.19174E+4	2.92296E+6
4.72000E+1	3.22727E+4	8.60972E+4	3.92764E+6	1.28653E+6	8.20486E+4	3.01332E+6
4.73000E+1	3.20067E+4	8.55709E+4	3.56827E+6	1.27334E+6	8.14399E+4	2.90919E+6
4.74000E+1	3.22091E+4	8.59478E+4	3.70450E+6	1.23581E+6	8.17651E+4	2.95600E+6
4.75000E+1	3.22491E+4	8.59523E+4	3.70637E+6	1.26886E+6	8.14856E+4	2.95992E+6
4.76000E+1	3.22744E+4	8.57475E+4	3.62595E+6	1.22769E+6	8.11487E+4	2.77592E+6
4.77000E+1	3.22975E+4	8.60604E+4	3.72843E+6	1.28362E+6	8.17533E+4	3.15980E+6
4.78000E+1	3.22530E+4	8.55720E+4	3.61925E+6	1.24245E+6	8.15896E+4	2.88574E+6
4.79000E+1	3.21725E+4	8.53548E+4	3.59095E+6	1.26982E+6	8.13986E+4	2.97934E+6
4.80000E+1	3.20443E+4	8.58042E+4	3.77527E+6	1.25511E+6	8.15089E+4	2.87344E+6
4.81000E+1	3.21438E+4	8.56642E+4	3.73032E+6	1.26404E+6	8.16215E+4	2.93924E+6
4.82000E+1	3.18088E+4	8.52265E+4	3.54972E+6	1.24600E+6	8.12270E+4	2.82525E+6
4.83000E+1	3.21483E+4	8.58999E+4	3.73553E+6	1.26040E+6	8.19526E+4	3.00460E+6
4.84000E+1	3.20544E+4	8.53471E+4	3.73648E+6	1.25921E+6	8.15110E+4	2.85364E+6
4.85000E+1	3.15881E+4	8.51768E+4	3.56870E+6	1.25163E+6	8.15960E+4	2.89699E+6
4.86000E+1	3.19545E+4	8.53128E+4	3.55273E+6	1.26398E+6	8.15100E+4	2.75318E+6
4.87000E+1	3.19231E+4	8.56453E+4	3.82228E+6	1.25659E+6	8.16757E+4	3.06152E+6
4.88000E+1	3.20347E+4	8.56775E+4	3.62550E+6	1.27146E+6	8.11709E+4	2.95510E+6
4.89000E+1	3.19337E+4	8.55399E+4	3.51276E+6	1.24981E+6	8.17033E+4	2.99007E+6
4.90000E+1	3.19304E+4	8.53703E+4	3.50814E+6	1.21543E+6	8.15248E+4	2.79199E+6
4.91000E+1	3.19253E+4	8.55976E+4	3.72277E+6	1.24729E+6	8.16140E+4	2.89035E+6
4.92000E+1	3.17993E+4	8.53405E+4	3.78109E+6	1.27007E+6	8.17161E+4	3.07933E+6
4.93000E+1	3.19461E+4	8.58053E+4	3.76803E+6	1.24100E+6	8.15779E+4	2.92061E+6
4.94000E+1	3.21708E+4	8.55232E+4	3.77576E+6	1.24864E+6	8.18769E+4	2.95029E+6
4.95000E+1	3.17881E+4	8.57164E+4	3.57044E+6	1.22900E+6	8.16938E+4	2.88804E+6
4.96000E+1	3.18368E+4	8.55044E+4	3.87604E+6	1.24630E+6	8.17182E+4	2.90890E+6
4.97000E+1	3.17394E+4	8.58009E+4	3.82576E+6	1.26669E+6	8.19675E+4	3.00864E+6
4.98000E+1	3.14972E+4	8.54567E+4	3.75410E+6	1.26392E+6	8.15938E+4	2.86776E+6
4.99000E+1	3.16953E+4	8.55110E+4	3.68363E+6	1.22131E+6	8.16757E+4	2.83105E+6
5.00000E+1	3.18418E+4	8.55854E+4	3.66756E+6	1.23875E+6	8.17629E+4	2.91357E+6
5.01000E+1	3.18922E+4	8.58187E+4	3.64528E+6	1.25677E+6	8.22399E+4	2.89525E+6
5.02000E+1	3.17198E+4	8.55743E+4	3.88882E+6	1.23829E+6	8.20646E+4	2.96657E+6
5.03000E+1	3.16355E+4	8.54855E+4	3.62148E+6	1.24332E+6	8.19035E+4	2.82552E+6
5.04000E+1	3.16763E+4	8.55587E+4	3.60240E+6	1.24106E+6	8.17544E+4	2.80771E+6
5.05000E+1	3.18754E+4	8.58899E+4	3.87401E+6	1.28926E+6	8.22731E+4	3.11556E+6
5.06000E+1	3.14538E+4	8.55088E+4	3.52415E+6	1.23048E+6	8.18140E+4	2.89006E+6
5.07000E+1	3.17232E+4	8.56220E+4	3.71713E+6	1.24764E+6	8.21106E+4	2.81098E+6
5.08000E+1	3.15630E+4	8.57497E+4	3.57870E+6	1.29375E+6	8.20123E+4	2.97233E+6
5.09000E+1	3.14410E+4	8.54169E+4	3.63088E+6	1.22289E+6	8.21341E+4	2.92857E+6
5.10000E+1	3.15418E+4	8.56986E+4	3.67811E+6	1.24147E+6	8.22774E+4	2.89785E+6
5.11000E+1	3.15953E+4	8.53914E+4	3.54116E+6	1.25098E+6	8.19835E+4	2.92975E+6
5.12000E+1	3.16707E+4	8.55255E+4	3.87553E+6	1.24869E+6	8.21683E+4	2.93716E+6
5.13000E+1	3.14616E+4	8.54623E+4	3.52881E+6	1.23656E+6	8.18950E+4	2.99624E+6
5.14000E+1	3.14287E+4	8.51536E+4	4.00270E+6	1.26711E+6	8.18897E+4	2.91826E+6
5.15000E+1	3.14565E+4	8.50300E+4	3.75506E+6	1.24147E+6	8.19377E+4	2.82939E+6
5.16000E+1	3.15351E+4	8.52741E+4	4.06770E+6	1.27303E+6	8.20017E+4	2.81371E+6
5.17000E+1	3.13420E+4	8.48845E+4	3.42577E+6	1.24135E+6	8.17981E+4	2.84691E+6
5.18000E+1	3.14410E+4	8.51823E+4	3.77044E+6	1.24799E+6	8.17746E+4	3.00119E+6
5.19000E+1	3.13942E+4	8.44473E+4	3.35512E+6	1.20240E+6	8.13763E+4	2.78152E+6
5.20000E+1	3.16215E+4	8.49650E+4	4.35673E+6	1.25057E+6	8.20315E+4	3.03154E+6
5.21000E+1	3.12392E+4	8.44495E+4	3.70217E+6	1.20877E+6	8.14580E+4	2.92355E+6
5.22000E+1	3.15574E+4	8.44484E+4	3.48605E+6	1.21772E+6	8.13466E+4	2.97782E+6
5.23000E+1	3.12348E+4	8.47195E+4	3.65843E+6	1.23696E+6	8.14771E+4	2.92561E+6
5.24000E+1	3.14298E+4	8.42557E+4	3.75410E+6	1.26350E+6	8.13000E+4	2.92296E+6
5.25000E+1	3.13725E+4	8.40328E+4	3.50395E+6	1.22289E+6	8.08901E+4	2.89496E+6
5.26000E+1	3.13570E+4	8.42491E+4	3.53306E+6	1.22917E+6	8.10241E+4	2.82469E+6
5.27000E+1	3.13859E+4	8.40677E+4	3.81931E+6	1.22826E+6	8.09513E+4	2.87772E+6
5.28000E+1	3.14660E+4	8.41070E+4	4.03715E+6	1.24251E+6	8.12672E+4	2.93093E+6
5.29000E+1	3.14042E+4	8.35030E+4	3.39284E+6	1.20000E+6	8.06732E+4	2.69789E+6
5.30000E+1	3.14604E+4	8.41223E+4	3.72985E+6	1.25873E+6	8.16055E+4	2.98363E+6
5.31000E+1	3.11073E+4	8.35572E+4	3.39953E+6	1.21643E+6	8.09671E+4	2.74873E+6
5.32000E+1	3.15501E+4	8.40306E+4	3.86538E+6	1.25505E+6	8.07584E+4	2.84943E+6
5.33000E+1	3.14270E+4	8.39935E+4	3.75698E+6	1.26201E+6	8.15354E+4	3.18881E+6
5.34000E+1	3.11660E+4	8.38573E+4	3.48026E+6	1.20311E+6	8.07111E+4	2.71438E+6
5.35000E+1	3.15791E+4	8.40983E+4	4.00433E+6	1.22227E+6	8.13064E+4	2.94790E+6
5.36000E+1	3.14443E+4	8.36343E+4	3.72560E+6	1.20339E+6	8.08437E+4	2.77007E+6
5.37000E+1	3.14677E+4	8.39521E+4	3.71057E+6	1.26350E+6	8.10441E+4	2.95720E+6
5.38000E+1	3.16467E+4	8.40219E+4	3.70497E+6	1.24089E+6	8.11234E+4	2.94282E+6
5.39000E+1	3.13825E+4	8.33425E+4	3.48357E+6	1.21015E+6	8.09924E+4	2.77246E+6
5.40000E+1	3.16031E+4	8.40317E+4	3.73932E+6	1.27401E+6	8.16938E+4	3.03660E+6
5.41000E+1	3.16629E+4	8.34737E+4	3.46096E+6	1.22821E+6	8.11086E+4	2.76477E+6
5.42000E+1	3.17836E+4	8.36365E+4	3.72277E+6	1.26237E+6	8.10294E+4	2.86577E+6
5.43000E+1	3.18105E+4	8.36180E+4	3.71526E+6	1.23495E+6	8.10674E+4	2.89236E+6
5.44000E+1	3.16009E+4	8.39074E+4	3.77915E+6	1.24478E+6	8.15471E+4	2.81262E+6
5.45000E+1	3.17948E+4	8.38431E+4	3.75650E+6	1.26452E+6	8.10515E+4	2.92267E+6
5.46000E+1	3.17126E+4	8.35746E+4	3.62953E+6	1.22957E+6	8.06122E+4	2.75686E+6
5.47000E+1	3.16550E+4	8.35898E+4	3.74551E+6	1.29557E+6	8.13117E+4	2.99284E+6
5.48000E+1	3.17120E+4	8.37147E+4	3.87503E+6	1.23065E+6	8.09987E+4	2.89236E+6
5.49000E+1	3.17422E+4	8.38715E+4	3.88728E+6	1.26862E+6	8.11783E+4	3.13601E+6
5.50000E+1	3.17651E+4	8.35279E+4	3.58657E+6	1.22969E+6	8.08880E+4	2.84104E+6
5.51000E+1	3.17635E+4	8.37561E+4	3.65026E+6	1.25559E+6	8.12281E+4	2.88833E+6
5.52000E+1	3.19034E+4	8.38508E+4	3.72042E+6	1.23243E+6	8.08711E+4	2.73055E+6
5.53000E+1	3.20347E+4	8.36789E+4	3.96935E+6	1.27037E+6	8.13774E+4	2.76848E+6
5.54000E+1	3.18833E+4	8.37213E+4	3.87859E+6	1.24711E+6	8.13986E+4	2.89381E+6
5.55000E+1	3.19814E+4	8.38225E+4	3.79424E+6	1.24536E+6	8.11487E+4	3.01832E+6
5.56000E+1	3.18603E+4	8.34021E+4	3.58788E+6	1.24031E+6	8.07216E+4	2.77485E+6
5.57000E+1	3.20229E+4	8.34921E+4	3.79570E+6	1.24782E+6	8.09755E+4	2.85814E+6
5.58000E+1	3.22372E+4	8.37224E+4	3.99080E+6	1.27176E+6	8.11667E+4	2.94939E+6
5.59000E+1	3.19859E+4	8.31921E+4	3.74741E+6	1.25458E+6	8.06869E+4	2.76081E+6
5.60000E+1	3.20876E+4	8.37267E+4	4.00378E+6	1.28288E+6	8.15174E+4	2.94640E+6
5.61000E+1	3.19231E+4	8.37060E+4	3.83571E+6	1.25263E+6	8.09344E+4	2.85842E+6
5.62000E+1	3.19242E+4	8.34336E+4	4.06770E+6	1.26813E+6	8.11139E+4	2.96990E+6
5.63000E+1	3.22029E+4	8.39270E+4	3.79815E+6	1.24729E+6	8.11509E+4	2.95029E+6
5.64000E+1	3.22705E+4	8.34791E+4	3.49061E+6	1.24717E+6	8.11033E+4	2.85983E+6
5.65000E+1	3.21398E+4	8.39684E+4	3.71573E+6	1.27742E+6	8.10874E+4	2.87487E+6
5.66000E+1	3.20392E+4	8.38050E+4	4.10781E+6	1.27462E+6	8.12238E+4	2.91562E+6
5.67000E+1	3.21337E+4	8.35713E+4	4.12903E+6	1.27932E+6	8.08869E+4	3.01145E+6
5.68000E+1	3.22220E+4	8.32722E+4	3.78741E+6	1.25440E+6	8.08385E+4	2.87259E+6
5.69000E+1	3.19612E+4	8.34010E+4	3.74503E+6	1.24501E+6	8.06501E+4	2.78742E+6
5.70000E+1	3.20375E+4	8.38148E+4	3.94074E+6	1.27944E+6	8.13647E+4	2.99995E+6
5.71000E+1	3.21005E+4	8.34954E+4	3.89601E+6	1.28504E+6	8.11075E+4	2.95029E+6
5.72000E+1	3.21331E+4	8.36365E+4	3.71244E+6	1.24916E+6	8.09460E+4	2.88230E+6
5.73000E+1	3.19696E+4	8.34346E+4	3.96189E+6	1.24864E+6	8.11593E+4	2.84635E+6
5.74000E+1	3.22485E+4	8.34043E+4	4.11983E+6	1.27188E+6	8.09038E+4	2.97294E+6
5.75000E+1	3.22237E+4	8.37811E+4	3.80551E+6	1.26795E+6	8.09270E+4	3.00398E+6
5.76000E+1	3.21477E+4	8.34075E+4	3.84071E+6	1.23921E+6	8.08300E+4	2.84328E+6
5.77000E+1	3.19326E+4	8.30020E+4	3.96828E+6	1.24402E+6	8.07942E+4	2.86351E+6
5.78000E+1	3.23472E+4	8.34813E+4	3.88012E+6	1.25488E+6	8.07532E+4	3.01832E+6
5.79000E+1	3.22930E+4	8.29902E+4	3.74598E+6	1.24840E+6	8.04768E+4	3.00243E+6
5.80000E+1	3.21218E+4	8.31543E+4	3.81832E+6	1.27614E+6	8.05723E+4	2.90075E+6
5.81000E+1	3.22232E+4	8.29956E+4	3.84071E+6	1.26645E+6	8.06501E+4	2.93597E+6
5.82000E+1	3.22333E+4	8.27004E+4	3.72938E+6	1.22356E+6	8.07058E+4	2.85786E+6
5.83000E+1	3.22823E+4	8.33176E+4	3.97898E+6	1.25187E+6	8.06143E+4	2.90511E+6
5.84000E+1	3.21477E+4	8.31089E+4	3.77673E+6	1.25281E+6	8.06974E+4	2.86181E+6
5.85000E+1	3.24115E+4	8.33664E+4	3.74980E+6	1.27681E+6	8.04212E+4	3.02869E+6
5.86000E+1	3.21500E+4	8.29589E+4	3.86842E+6	1.21359E+6	8.02703E+4	2.85083E+6
5.87000E+1	3.23472E+4	8.29050E+4	3.98703E+6	1.25784E+6	8.07153E+4	3.08031E+6
5.88000E+1	3.24370E+4	8.25039E+4	3.80207E+6	1.25553E+6	8.02347E+4	2.94580E+6
5.89000E+1	3.23884E+4	8.30927E+4	3.94390E+6	1.27797E+6	8.04390E+4	2.97873E+6
5.90000E+1	3.24652E+4	8.30733E+4	4.08512E+6	1.28504E+6	8.02179E+4	3.02146E+6
5.91000E+1	3.24166E+4	8.25039E+4	3.68455E+6	1.23581E+6	7.98441E+4	2.76954E+6
5.92000E+1	3.22215E+4	8.26693E+4	4.04378E+6	1.24910E+6	7.99755E+4	2.98057E+6
5.93000E+1	3.24189E+4	8.32051E+4	3.73032E+6	1.28165E+6	7.99014E+4	2.93657E+6
5.94000E+1	3.24782E+4	8.28220E+4	3.93025E+6	1.22554E+6	7.99432E+4	2.83659E+6
5.95000E+1	3.24036E+4	8.23388E+4	3.81931E+6	1.23863E+6	7.99296E+4	2.91650E+6
5.96000E+1	3.25116E+4	8.28317E+4	4.09247E+6	1.27553E+6	8.01155E+4	2.91328E+6
5.97000E+1	3.24997E+4	8.28016E+4	3.72702E+6	1.24998E+6	7.98035E+4	2.80689E+6
5.98000E+1	3.25727E+4	8.27693E+4	3.92190E+6	1.25576E+6	8.00684E+4	2.99531E+6
5.99000E+1	3.25733E+4	8.27123E+4	4.15628E+6	1.24042E+6	8.00089E+4	3.00460E+6
6.00000E+1	3.23370E+4	8.25500E+4	3.83921E+6	1.26129E+6	7.96224E+4	2.83993E+6
6.01000E+1	3.25071E+4	8.23420E+4	3.98005E+6	1.23437E+6	8.00413E+4	2.97294E+6
6.02000E+1	3.24070E+4	8.24148E+4	4.31992E+6	1.30453E+6	7.96412E+4	2.94401E+6
6.03000E+1	3.25218E+4	8.23077E+4	3.72277E+6	1.23650E+6	7.95051E+4	2.79388E+6
6.04000E+1	3.25852E+4	8.24127E+4	4.05209E+6	1.25040E+6	7.98670E+4	3.01801E+6
6.05000E+1	3.25863E+4	8.24856E+4	3.98811E+6	1.26584E+6	7.97296E+4	2.96354E+6
6.06000E+1	3.25574E+4	8.24545E+4	3.88523E+6	1.24828E+6	7.97036E+4	2.98639E+6
6.07000E+1	3.25461E+4	8.25522E+4	3.76899E+6	1.23420E+6	7.94667E+4	2.89006E+6
6.08000E+1	3.27661E+4	8.26209E+4	4.01630E+6	1.25464E+6	7.99661E+4	3.03059E+6
6.09000E+1	3.26566E+4	8.23527E+4	4.12672E+6	1.25028E+6	7.95861E+4	2.96263E+6
6.10000E+1	3.26095E+4	8.23998E+4	3.93864E+6	1.26723E+6	7.97244E+4	2.99254E+6
6.11000E+1	3.27786E+4	8.29298E+4	3.95500E+6	1.27498E+6	7.95559E+4	2.93657E+6
6.12000E+1	3.28661E+4	8.22296E+4	4.19694E+6	1.24975E+6	7.97577E+4	2.99995E+6
6.13000E+1	3.28803E+4	8.18815E+4	3.78936E+6	1.23984E+6	7.94324E+4	2.93212E+6
6.14000E+1	3.28422E+4	8.23248E+4	3.94759E+6	1.23967E+6	7.91931E+4	2.88833E+6
6.15000E+1	3.26481E+4	8.23891E+4	3.99891E+6	1.26189E+6	7.95933E+4	3.04454E+6
6.16000E+1	3.28047E+4	8.24181E+4	4.06490E+6	1.25499E+6	7.96484E+4	2.92267E+6
6.17000E+1	3.25495E+4	8.18559E+4	3.60948E+6	1.21974E+6	7.89555E+4	2.79550E+6
6.18000E+1	3.28775E+4	8.23034E+4	4.05598E+6	1.26566E+6	7.96505E+4	3.01332E+6
6.19000E+1	3.27218E+4	8.20319E+4	3.84321E+6	1.22548E+6	7.91311E+4	2.85533E+6
6.20000E+1	3.30529E+4	8.28005E+4	4.06490E+6	1.29075E+6	7.96859E+4	3.06927E+6
6.21000E+1	3.26770E+4	8.16324E+4	3.80993E+6	1.23852E+6	7.92645E+4	2.80798E+6
6.22000E+1	3.27718E+4	8.26703E+4	4.23172E+6	1.28276E+6	7.92045E+4	3.13095E+6
6.23000E+1	3.26753E+4	8.22745E+4	4.27507E+6	1.25328E+6	7.92987E+4	2.93123E+6
6.24000E+1	3.29549E+4	8.22039E+4	4.19337E+6	1.28245E+6	7.95113E+4	2.99778E+6
6.25000E+1	3.28513E+4	8.18058E+4	3.84622E+6	1.25104E+6	7.87309E+4	2.94580E+6
6.26000E+1	3.28007E+4	8.22938E+4	4.49257E+6	1.26536E+6	7.98035E+4	3.03628E+6
6.27000E+1	3.27093E+4	8.23484E+4	4.09644E+6	1.23518E+6	7.92894E+4	2.91738E+6
6.28000E+1	3.26730E+4	8.24041E+4	4.26645E+6	1.24060E+6	7.93018E+4	2.98915E+6
6.29000E+1	3.25710E+4	8.22285E+4	4.02889E+6	1.25778E+6	7.90722E+4	2.97965E+6
6.30000E+1	3.27621E+4	8.21825E+4	3.90374E+6	1.26207E+6	7.92863E+4	2.98363E+6
6.31000E+1	3.27627E+4	8.20191E+4	3.85527E+6	1.24385E+6	7.91828E+4	2.93152E+6
6.32000E+1	3.25750E+4	8.22381E+4	3.97951E+6	1.25535E+6	7.92076E+4	2.93479E+6
6.33000E+1	3.26645E+4	8.23623E+4	4.17092E+6	1.25974E+6	7.92873E+4	2.90307E+6
6.34000E+1	3.26634E+4	8.25919E+4	4.09360E+6	1.27188E+6	7.91084E+4	3.07024E+6
6.35000E+1	3.27054E+4	8.18825E+4	3.94707E+6	1.22912E+6	7.90474E+4	2.89323E+6
6.36000E+1	3.26220E+4	8.20906E+4	4.10896E+6	1.26087E+6	7.91476E+4	2.99408E+6
6.37000E+1	3.26912E+4	8.22702E+4	4.17858E+6	1.25980E+6	7.90836E+4	3.07186E+6
6.38000E+1	3.27536E+4	8.21761E+4	3.90322E+6	1.25730E+6	7.89855E+4	2.88948E+6
6.39000E+1	3.27689E+4	8.21440E+4	4.23474E+6	1.24251E+6	7.93350E+4	3.01519E+6
6.40000E+1	3.25722E+4	8.23966E+4	3.96668E+6	1.26279E+6	7.91115E+4	2.91269E+6
6.41000E+1	3.26543E+4	8.19849E+4	4.20827E+6	1.23690E+6	7.91952E+4	2.98271E+6
6.42000E+1	3.26424E+4	8.24406E+4	3.95235E+6	1.23638E+6	7.89194E+4	2.96414E+6
6.43000E+1	3.27212E+4	8.21430E+4	4.23232E+6	1.25814E+6	7.91487E+4	3.00522E+6
6.44000E+1	3.27207E+4	8.21985E+4	3.93235E+6	1.24478E+6	7.90422E+4	3.06313E+6
6.45000E+1	3.26736E+4	8.29427E+4	4.20289E+6	1.29057E+6	7.89689E+4	3.13938E+6
6.46000E+1	3.26634E+4	8.23677E+4	4.03054E+6	1.24600E+6	7.87700E+4	2.97934E+6
6.47000E+1	3.24861E+4	8.24899E+4	3.89807E+6	1.21404E+6	7.89937E+4	2.94133E+6
6.48000E+1	3.27133E+4	8.21900E+4	3.94918E+6	1.23180E+6	7.90515E+4	2.91591E+6
6.49000E+1	3.26963E+4	8.19369E+4	3.99836E+6	1.22255E+6	7.88359E+4	2.86012E+6
6.50000E+1	3.28172E+4	8.21814E+4	4.04821E+6	1.26225E+6	7.92159E+4	2.83937E+6
6.51000E+1	3.27934E+4	8.20159E+4	4.12903E+6	1.23667E+6	7.88452E+4	2.94371E+6
6.52000E+1	3.29446E+4	8.21868E+4	4.01466E+6	1.23283E+6	7.89638E+4	2.98761E+6
6.53000E+1	3.25512E+4	8.23784E+4	4.06211E+6	1.22058E+6	7.90464E+4	2.89930E+6
6.54000E+1	3.26605E+4	8.21782E+4	4.34906E+6	1.26123E+6	7.89009E+4	2.99007E+6
6.55000E+1	3.27632E+4	8.17590E+4	3.86538E+6	1.24257E+6	7.88741E+4	2.89785E+6
6.56000E+1	3.29520E+4	8.22991E+4	4.30237E+6	1.25040E+6	7.91694E+4	3.14752E+6
6.57000E+1	3.30153E+4	8.25586E+4	4.09700E+6	1.24350E+6	7.89009E+4	3.06410E+6
6.58000E+1	3.28138E+4	8.19188E+4	3.83621E+6	1.22599E+6	7.90236E+4	2.82966E+6
6.59000E+1	3.27184E+4	8.24685E+4	4.20707E+6	1.25790E+6	7.90639E+4	2.91562E+6
6.60000E+1	3.29071E+4	8.20543E+4	4.10212E+6	1.25956E+6	7.86918E+4	2.87630E+6
6.61000E+1	3.32231E+4	8.22007E+4	4.12672E+6	1.25624E+6	7.89359E+4	3.00398E+6
6.62000E+1	3.30238E+4	8.24663E+4	4.18626E+6	1.28597E+6	7.88256E+4	2.96475E+6
6.63000E+1	3.33347E+4	8.19572E+4	3.91981E+6	1.23546E+6	7.89215E+4	2.85504E+6
6.64000E+1	3.34046E+4	8.26531E+4	4.44882E+6	1.29306E+6	7.91104E+4	2.99871E+6
6.65000E+1	3.31031E+4	8.23859E+4	4.39025E+6	1.26843E+6	7.91859E+4	2.98608E+6
6.66000E+1	3.32037E+4	8.21408E+4	4.04599E+6	1.22181E+6	7.87535E+4	2.90482E+6
6.67000E+1	3.35079E+4	8.27123E+4	4.26032E+6	1.28808E+6	7.91363E+4	3.10692E+6
6.68000E+1	3.34878E+4	8.25071E+4	4.33571E+6	1.26231E+6	7.91487E+4	2.95600E+6
6.69000E+1	3.34688E+4	8.21226E+4	4.16916E+6	1.25375E+6	7.87968E+4	2.85364E+6
6.70000E+1	3.36827E+4	8.24931E+4	4.14232E+6	1.27146E+6	7.88555E+4	3.04391E+6
6.71000E+1	3.35274E+4	8.21483E+4	4.00813E+6	1.23961E+6	7.87175E+4	2.88891E+6
6.72000E+1	3.36948E+4	8.25436E+4	4.40132E+6	1.29406E+6	7.89679E+4	3.01113E+6
6.73000E+1	3.39082E+4	8.24341E+4	4.45149E+6	1.26183E+6	7.86476E+4	2.89554E+6
6.74000E+1	3.38966E+4	8.21900E+4	4.07218E+6	1.25624E+6	7.88215E+4	2.96233E+6
6.75000E+1	3.40157E+4	8.24191E+4	4.24080E+6	1.25855E+6	7.86229E+4	2.98915E+6
6.76000E+1	3.40840E+4	8.22242E+4	4.53786E+6	1.28301E+6	7.85130E+4	2.83798E+6
6.77000E+1	3.42685E+4	8.23730E+4	4.65654E+6	1.29113E+6	7.89349E+4	3.19754E+6
6.78000E+1	3.41257E+4	8.22167E+4	4.05154E+6	1.25974E+6	7.84904E+4	2.97965E+6
6.79000E+1	3.43138E+4	8.25328E+4	4.64709E+6	1.28282E+6	7.89277E+4	2.97873E+6
6.80000E+1	3.42882E+4	8.25285E+4	4.29613E+6	1.25428E+6	7.85315E+4	2.93716E+6
6.81000E+1	3.45029E+4	8.25683E+4	4.45282E+6	1.29025E+6	7.86866E+4	2.97873E+6
6.82000E+1	3.46383E+4	8.29276E+4	4.29054E+6	1.27376E+6	7.86301E+4	3.02303E+6
6.83000E+1	3.50748E+4	8.29266E+4	4.96466E+6	1.27510E+6	7.86116E+4	2.97751E+6
6.84000E+1	3.47359E+4	8.25221E+4	4.48646E+6	1.27779E+6	7.85366E+4	2.93716E+6
6.85000E+1	3.47371E+4	8.23816E+4	4.74792E+6	1.29576E+6	7.82045E+4	3.05541E+6
6.86000E+1	3.51554E+4	8.30819E+4	4.74112E+6	1.31375E+6	7.85582E+4	3.15024E+6
6.87000E+1	3.50854E+4	8.23923E+4	4.35417E+6	1.28566E+6	7.85417E+4	2.90278E+6
6.88000E+1	3.53316E+4	8.23238E+4	4.26032E+6	1.27529E+6	7.81973E+4	2.89035E+6
6.89000E+1	3.55792E+4	8.24513E+4	4.78993E+6	1.31587E+6	7.88617E+4	3.05862E+6
6.90000E+1	3.55337E+4	8.26725E+4	4.52197E+6	1.30231E+6	7.83519E+4	3.03882E+6
6.91000E+1	3.57494E+4	8.22253E+4	4.20827E+6	1.25446E+6	7.78706E+4	2.87117E+6
6.92000E+1	3.62511E+4	8.28048E+4	4.86978E+6	1.32086E+6	7.83376E+4	3.06668E+6
6.93000E+1	3.64344E+4	8.25715E+4	4.65727E+6	1.28288E+6	7.86178E+4	2.89670E+6
6.94000E+1	3.64482E+4	8.26037E+4	4.58617E+6	1.28944E+6	7.84216E+4	2.89381E+6
6.95000E+1	3.66332E+4	8.26951E+4	4.93508E+6	1.31317E+6	7.80951E+4	3.06765E+6
6.96000E+1	3.68742E+4	8.25060E+4	4.81860E+6	1.30695E+6	7.82270E+4	2.89872E+6
6.97000E+1	3.71354E+4	8.22777E+4	4.32181E+6	1.30054E+6	7.81196E+4	2.84663E+6
6.98000E+1	3.77874E+4	8.26553E+4	4.81470E+6	1.30549E+6	7.77809E+4	2.99500E+6
6.99000E+1	3.77134E+4	8.28048E+4	4.95559E+6	1.33632E+6	7.82055E+4	3.10758E+6
7.00000E+1	3.81087E+4	8.24921E+4	4.39090E+6	1.30143E+6	7.79481E+4	2.89035E+6
7.01000E+1	3.83629E+4	8.23355E+4	4.94326E+6	1.30054E+6	7.78278E+4	2.78447E+6
7.02000E+1	3.88500E+4	8.24813E+4	4.96714E+6	1.30523E+6	7.77626E+4	2.92267E+6
7.03000E+1	3.91189E+4	8.22949E+4	4.78762E+6	1.35428E+6	7.82720E+4	2.95901E+6
7.04000E+1	3.94363E+4	8.25468E+4	4.68219E+6	1.30301E+6	7.79032E+4	2.92975E+6
7.05000E+1	3.97414E+4	8.25758E+4	4.96797E+6	1.30345E+6	7.77168E+4	2.96384E+6
7.06000E+1	3.98075E+4	8.25221E+4	5.08479E+6	1.31387E+6	7.80164E+4	3.01519E+6
7.07000E+1	4.02301E+4	8.25511E+4	5.18454E+6	1.29525E+6	7.77677E+4	2.91328E+6
7.08000E+1	4.04483E+4	8.27951E+4	4.71707E+6	1.31542E+6	7.75602E+4	2.97325E+6
7.09000E+1	4.06737E+4	8.26918E+4	4.98124E+6	1.35838E+6	7.72844E+4	2.95059E+6
7.10000E+1	4.08460E+4	8.20788E+4	4.70217E+6	1.32008E+6	7.72732E+4	2.86181E+6
7.11000E+1	4.10547E+4	8.30679E+4	5.04185E+6	1.35326E+6	7.77341E+4	3.13533E+6
7.12000E+1	4.10995E+4	8.24824E+4	5.01473E+6	1.33234E+6	7.74283E+4	2.91416E+6
7.13000E+1	4.14912E+4	8.26811E+4	5.15501E+6	1.33798E+6	7.73300E+4	3.05830E+6
7.14000E+1	4.17944E+4	8.26736E+4	5.40380E+6	1.37082E+6	7.76161E+4	2.96596E+6
7.15000E+1	4.20228E+4	8.26951E+4	5.11791E+6	1.34906E+6	7.72844E+4	2.86351E+6
7.16000E+1	4.18443E+4	8.24631E+4	5.32967E+6	1.36707E+6	7.76171E+4	3.00615E+6
7.17000E+1	4.20513E+4	8.25371E+4	5.38920E+6	1.36700E+6	7.70851E+4	3.03185E+6
7.18000E+1	4.18605E+4	8.24974E+4	4.94081E+6	1.35722E+6	7.70114E+4	3.06152E+6
7.19000E+1	4.21372E+4	8.24910E+4	5.14790E+6	1.34629E+6	7.67685E+4	2.91738E+6
7.20000E+1	4.25216E+4	8.30744E+4	5.54698E+6	1.36333E+6	7.70851E+4	3.09011E+6
7.21000E+1	4.24614E+4	8.22296E+4	5.05209E+6	1.35360E+6	7.73381E+4	3.02020E+6
7.22000E+1	4.30227E+4	8.28027E+4	5.52753E+6	1.40411E+6	7.71579E+4	2.99408E+6
7.23000E+1	4.28522E+4	8.27220E+4	5.00800E+6	1.36825E+6	7.69872E+4	3.01519E+6
7.24000E+1	4.28331E+4	8.24309E+4	5.10828E+6	1.34313E+6	7.68249E+4	3.02775E+6
7.25000E+1	4.27793E+4	8.25092E+4	5.54596E+6	1.38482E+6	7.68077E+4	3.09866E+6
7.26000E+1	4.29081E+4	8.26230E+4	5.50012E+6	1.37987E+6	7.66980E+4	3.02240E+6
7.27000E+1	4.31434E+4	8.25951E+4	5.61983E+6	1.36866E+6	7.64800E+4	2.88259E+6
7.28000E+1	4.30833E+4	8.24470E+4	5.07960E+6	1.38589E+6	7.68208E+4	2.92945E+6
7.29000E+1	4.31038E+4	8.28651E+4	5.51227E+6	1.37313E+6	7.64499E+4	3.00864E+6
7.30000E+1	4.30899E+4	8.28727E+4	5.32967E+6	1.39938E+6	7.63998E+4	2.93954E+6
7.31000E+1	4.31282E+4	8.27263E+4	5.39503E+6	1.41868E+6	7.69105E+4	2.98516E+6
7.32000E+1	4.32709E+4	8.24642E+4	5.65056E+6	1.37832E+6	7.64519E+4	3.12894E+6
7.33000E+1	4.33046E+4	8.27069E+4	5.94628E+6	1.39003E+6	7.65202E+4	3.10130E+6
7.34000E+1	4.34623E+4	8.23902E+4	5.35735E+6	1.35381E+6	7.62646E+4	3.00709E+6
7.35000E+1	4.34775E+4	8.22627E+4	5.75911E+6	1.40981E+6	7.63988E+4	3.06539E+6
7.36000E+1	4.36595E+4	8.24374E+4	5.36023E+6	1.36485E+6	7.62465E+4	2.98977E+6
7.37000E+1	4.36362E+4	8.26854E+4	5.72940E+6	1.40989E+6	7.65483E+4	3.20809E+6
7.38000E+1	4.35034E+4	8.25167E+4	5.71956E+6	1.40236E+6	7.63276E+4	2.95630E+6
7.39000E+1	4.38199E+4	8.27994E+4	5.54288E+6	1.38482E+6	7.65915E+4	3.06862E+6
7.40000E+1	4.34086E+4	8.24964E+4	5.47197E+6	1.37299E+6	7.63216E+4	2.96052E+6
7.41000E+1	4.41150E+4	8.27811E+4	5.76021E+6	1.41158E+6	7.62095E+4	3.26365E+6
7.42000E+1	4.34855E+4	8.26220E+4	5.00800E+6	1.36547E+6	7.58780E+4	2.98240E+6
7.43000E+1	4.37779E+4	8.27822E+4	5.97587E+6	1.39938E+6	7.62585E+4	3.27977E+6
7.44000E+1	4.35246E+4	8.26650E+4	4.95723E+6	1.33831E+6	7.57257E+4	2.87316E+6
7.45000E+1	4.35797E+4	8.30582E+4	5.97468E+6	1.44207E+6	7.60266E+4	3.36658E+6
7.46000E+1	4.34450E+4	8.29244E+4	5.46598E+6	1.37459E+6	7.61905E+4	3.03090E+6
7.47000E+1	4.35585E+4	8.31132E+4	5.17197E+6	1.39678E+6	7.60836E+4	2.91914E+6
7.48000E+1	4.37014E+4	8.30657E+4	5.70541E+6	1.40112E+6	7.59877E+4	3.13432E+6
7.49000E+1	4.35220E+4	8.31500E+4	5.45204E+6	1.40491E+6	7.60516E+4	3.27169E+6
7.50000E+1	4.36030E+4	8.28091E+4	5.42929E+6	1.40047E+6	7.58900E+4	3.02240E+6
7.51000E+1	4.35180E+4	8.30646E+4	5.87183E+6	1.40820E+6	7.60047E+4	3.14412E+6
7.52000E+1	4.37120E+4	8.33339E+4	5.60931E+6	1.38838E+6	7.61155E+4	3.09965E+6
7.53000E+1	4.36070E+4	8.29050E+4	5.11703E+6	1.39160E+6	7.59179E+4	3.10493E+6
7.54000E+1	4.36741E+4	8.31889E+4	6.02986E+6	1.40236E+6	7.60946E+4	3.10229E+6
7.55000E+1	4.35372E+4	8.33046E+4	5.63568E+6	1.39512E+6	7.59857E+4	3.16528E+6
7.56000E+1	4.35671E+4	8.30409E+4	5.14613E+6	1.38241E+6	7.57904E+4	2.99655E+6
7.57000E+1	4.33410E+4	8.28834E+4	5.32398E+6	1.39714E+6	7.60296E+4	3.14480E+6
7.58000E+1	4.32378E+4	8.31619E+4	5.37178E+6	1.38376E+6	7.59309E+4	3.01020E+6
7.59000E+1	4.36475E+4	8.30409E+4	5.61772E+6	1.43924E+6	7.57725E+4	3.16803E+6
7.60000E+1	4.36222E+4	8.30290E+4	5.19897E+6	1.40923E+6	7.57983E+4	3.11589E+6
7.61000E+1	4.33510E+4	8.27714E+4	5.07873E+6	1.36707E+6	7.58183E+4	3.05221E+6
7.62000E+1	4.33814E+4	8.28242E+4	5.16303E+6	1.39765E+6	7.57954E+4	3.04901E+6
7.63000E+1	4.30385E+4	8.27101E+4	5.23632E+6	1.40937E+6	7.53693E+4	2.97751E+6
7.64000E+1	4.34265E+4	8.31068E+4	5.27513E+6	1.40842E+6	7.56720E+4	3.06603E+6
7.65000E+1	4.33510E+4	8.28856E+4	5.18094E+6	1.36783E+6	7.56382E+4	2.97507E+6
7.66000E+1	4.35366E+4	8.32084E+4	5.44312E+6	1.44652E+6	7.56919E+4	3.22474E+6
7.67000E+1	4.32279E+4	8.31597E+4	5.39698E+6	1.36853E+6	7.54535E+4	3.10957E+6
7.68000E+1	4.33205E+4	8.29514E+4	5.34682E+6	1.39261E+6	7.56183E+4	3.10361E+6
7.69000E+1	4.35598E+4	8.29481E+4	5.55831E+6	1.38418E+6	7.55508E+4	3.23045E+6
7.70000E+1	4.32603E+4	8.29071E+4	5.05722E+6	1.39743E+6	7.54654E+4	3.12056E+6
7.71000E+1	4.32868E+4	8.26596E+4	5.20440E+6	1.34286E+6	7.53366E+4	2.98516E+6
7.72000E+1	4.34232E+4	8.30301E+4	5.69565E+6	1.39419E+6	7.54704E+4	3.26110E+6
7.73000E+1	4.33146E+4	8.28705E+4	5.48802E+6	1.44130E+6	7.57157E+4	3.18151E+6
7.74000E+1	4.33867E+4	8.29621E+4	5.11967E+6	1.39599E+6	7.55160E+4	3.15535E+6
7.75000E+1	4.32623E+4	8.28167E+4	6.00335E+6	1.40630E+6	7.53188E+4	3.14277E+6
7.76000E+1	4.34636E+4	8.27133E+4	5.77241E+6	1.40200E+6	7.53831E+4	2.98332E+6
7.77000E+1	4.31916E+4	8.28899E+4	5.05894E+6	1.41623E+6	7.52287E+4	2.97021E+6
7.78000E+1	4.35067E+4	8.29093E+4	5.46697E+6	1.45209E+6	7.58322E+4	3.34045E+6
7.79000E+1	4.32425E+4	8.27338E+4	5.00632E+6	1.36915E+6	7.51002E+4	3.09274E+6
7.80000E+1	4.34583E+4	8.30754E+4	5.41554E+6	1.39325E+6	7.53772E+4	3.27793E+6
7.81000E+1	4.35625E+4	8.31965E+4	5.37371E+6	1.41667E+6	7.53207E+4	3.14446E+6
7.82000E+1	4.33847E+4	8.29848E+4	5.88565E+6	1.42069E+6	7.52435E+4	3.09142E+6
7.83000E+1	4.34033E+4	8.31262E+4	5.10566E+6	1.39873E+6	7.49857E+4	3.04869E+6
7.84000E+1	4.31427E+4	8.29406E+4	4.91232E+6	1.37832E+6	7.51219E+4	3.13062E+6
7.85000E+1	4.37034E+4	8.32127E+4	5.56968E+6	1.42165E+6	7.51723E+4	3.04168E+6
7.86000E+1	4.35817E+4	8.26843E+4	5.71847E+6	1.41136E+6	7.52050E+4	3.20633E+6
7.87000E+1	4.31434E+4	8.27047E+4	5.31074E+6	1.42165E+6	7.52801E+4	3.07445E+6
7.88000E+1	4.35532E+4	8.29373E+4	4.96797E+6	1.39534E+6	7.48132E+4	3.01613E+6
7.89000E+1	4.34921E+4	8.33176E+4	5.83642E+6	1.42106E+6	7.55786E+4	3.17839E+6
7.90000E+1	4.33536E+4	8.27553E+4	4.81237E+6	1.38220E+6	7.51783E+4	3.11856E+6
7.91000E+1	4.33020E+4	8.33880E+4	5.77130E+6	1.45062E+6	7.53207E+4	3.33741E+6
7.92000E+1	4.33112E+4	8.30064E+4	5.30320E+6	1.39599E+6	7.52198E+4	3.09044E+6
7.93000E+1	4.31506E+4	8.27101E+4	5.08219E+6	1.39649E+6	7.51308E+4	3.11622E+6
7.94000E+1	4.33622E+4	8.30279E+4	5.30980E+6	1.41615E+6	7.49995E+4	3.16700E+6
7.95000E+1	4.31018E+4	8.30517E+4	5.39406E+6	1.41957E+6	7.51644E+4	3.25747E+6
7.96000E+1	4.37879E+4	8.28705E+4	5.65056E+6	1.41239E+6	7.47453E+4	3.24553E+6
7.97000E+1	4.31487E+4	8.33371E+4	5.30885E+6	1.40769E+6	7.48172E+4	3.15604E+6
7.98000E+1	4.33662E+4	8.30193E+4	5.13463E+6	1.44583E+6	7.52881E+4	3.23224E+6
7.99000E+1	4.34238E+4	8.32116E+4	5.41652E+6	1.42562E+6	7.51951E+4	3.23116E+6
8.00000E+1	4.32848E+4	8.32397E+4	5.37178E+6	1.41734E+6	7.51743E+4	3.13196E+6
8.01000E+1	4.35591E+4	8.32192E+4	5.12230E+6	1.40323E+6	7.49374E+4	3.06636E+6
8.02000E+1	4.35485E+4	8.31500E+4	5.74917E+6	1.42832E+6	7.50400E+4	3.22902E+6
8.03000E+1	4.34914E+4	8.30139E+4	5.18274E+6	1.43467E+6	7.51288E+4	3.08782E+6
8.04000E+1	4.34351E+4	8.31024E+4	5.20985E+6	1.37586E+6	7.47955E+4	3.07510E+6
8.05000E+1	4.36435E+4	8.25704E+4	5.14790E+6	1.38724E+6	7.48004E+4	3.19230E+6
8.06000E+1	4.37626E+4	8.32062E+4	5.17287E+6	1.42255E+6	7.49906E+4	3.17666E+6
8.07000E+1	4.36635E+4	8.31186E+4	5.19084E+6	1.43013E+6	7.48359E+4	3.08389E+6
8.08000E+1	4.37759E+4	8.35909E+4	5.20985E+6	1.40798E+6	7.49788E+4	3.22652E+6
8.09000E+1	4.39693E+4	8.29438E+4	5.44807E+6	1.39591E+6	7.47857E+4	3.26913E+6
8.10000E+1	4.38285E+4	8.33967E+4	5.09520E+6	1.42644E+6	7.52059E+4	3.08880E+6
8.11000E+1	4.34198E+4	8.30679E+4	5.12142E+6	1.42659E+6	7.49590E+4	3.18986E+6
8.12000E+1	4.36488E+4	8.32365E+4	5.52244E+6	1.41121E+6	7.46735E+4	3.19335E+6
8.13000E+1	4.38026E+4	8.35290E+4	5.16125E+6	1.44191E+6	7.48428E+4	3.29010E+6
8.14000E+1	4.37866E+4	8.32332E+4	4.84760E+6	1.43187E+6	7.49571E+4	2.96445E+6
8.15000E+1	4.38119E+4	8.30301E+4	5.13905E+6	1.44337E+6	7.50597E+4	3.21657E+6
8.16000E+1	4.39226E+4	8.31176E+4	4.88015E+6	1.39246E+6	7.47975E+4	3.09339E+6
8.17000E+1	4.37093E+4	8.31727E+4	5.76353E+6	1.40600E+6	7.50992E+4	3.26110E+6
8.18000E+1	4.38372E+4	8.33415E+4	5.16839E+6	1.41719E+6	7.49157E+4	3.22759E+6
8.19000E+1	4.38425E+4	8.35637E+4	5.03759E+6	1.42682E+6	7.50025E+4	3.17044E+6
8.20000E+1	4.37200E+4	8.30366E+4	4.64999E+6	1.41897E+6	7.48723E+4	3.14345E+6
8.21000E+1	4.38046E+4	8.31856E+4	5.22168E+6	1.40937E+6	7.50538E+4	3.09569E+6
8.22000E+1	4.40709E+4	8.33101E+4	5.34777E+6	1.47709E+6	7.50400E+4	3.27609E+6
8.23000E+1	4.39259E+4	8.34780E+4	5.12318E+6	1.47525E+6	7.51298E+4	3.30984E+6
8.24000E+1	4.37340E+4	8.32105E+4	5.36793E+6	1.40323E+6	7.46834E+4	3.19160E+6
8.25000E+1	4.39813E+4	8.34303E+4	5.87298E+6	1.43985E+6	7.49255E+4	3.20597E+6
8.26000E+1	4.40916E+4	8.35757E+4	5.15146E+6	1.41645E+6	7.49798E+4	3.34313E+6
8.27000E+1	4.36714E+4	8.40634E+4	5.30603E+6	1.42069E+6	7.51516E+4	3.23510E+6
8.28000E+1	4.38685E+4	8.34975E+4	5.70758E+6	1.44946E+6	7.48812E+4	3.33247E+6
8.29000E+1	4.37273E+4	8.35377E+4	5.63144E+6	1.48046E+6	7.50419E+4	3.36736E+6
8.30000E+1	4.36209E+4	8.32040E+4	4.64346E+6	1.38326E+6	7.45645E+4	3.08389E+6
8.31000E+1	4.34662E+4	8.35757E+4	5.05551E+6	1.41069E+6	7.49255E+4	3.19335E+6
8.32000E+1	4.35718E+4	8.34444E+4	5.51735E+6	1.46209E+6	7.51239E+4	3.53506E+6
8.33000E+1	4.32173E+4	8.33664E+4	5.00212E+6	1.41239E+6	7.45802E+4	3.24228E+6
8.34000E+1	4.31903E+4	8.36126E+4	5.45601E+6	1.45271E+6	7.51111E+4	3.22938E+6
8.35000E+1	4.31533E+4	8.35116E+4	5.12582E+6	1.43051E+6	7.48378E+4	3.21162E+6
8.36000E+1	4.33861E+4	8.38050E+4	5.34682E+6	1.47950E+6	7.51585E+4	3.32074E+6
8.37000E+1	4.32623E+4	8.38050E+4	5.21076E+6	1.42457E+6	7.48831E+4	3.19439E+6
8.38000E+1	4.29858E+4	8.32960E+4	4.83188E+6	1.41246E+6	7.47611E+4	3.02020E+6
8.39000E+1	4.32431E+4	8.33274E+4	5.44609E+6	1.42592E+6	7.49660E+4	3.14141E+6
8.40000E+1	4.31843E+4	8.34943E+4	5.39600E+6	1.41504E+6	7.52158E+4	3.23331E+6
8.41000E+1	4.30537E+4	8.38192E+4	4.98540E+6	1.38988E+6	7.50251E+4	3.18255E+6
8.42000E+1	4.35286E+4	8.37028E+4	5.00716E+6	1.41408E+6	7.52346E+4	3.21657E+6
8.43000E+1	4.31936E+4	8.35149E+4	4.69327E+6	1.37839E+6	7.47384E+4	3.26329E+6
8.44000E+1	4.32160E+4	8.34954E+4	5.24091E+6	1.37832E+6	7.48063E+4	3.13398E+6
8.45000E+1	4.33159E+4	8.38246E+4	5.62616E+6	1.42457E+6	7.48753E+4	3.43931E+6
8.46000E+1	4.34304E+4	8.35420E+4	5.01305E+6	1.39866E+6	7.49847E+4	3.30984E+6
8.47000E+1	4.33596E+4	8.36441E+4	5.03589E+6	1.40338E+6	7.49413E+4	3.27977E+6
