0.00000E+0	9.72173E+4	1.01962E+5	6.74465E+6	2.06961E+6	7.22204E+4	2.27523E+6
1.00000E-1	9.15744E+4	9.61243E+4	7.52667E+6	2.08258E+6	6.83277E+4	2.33142E+6
2.00000E-1	9.12239E+4	9.53258E+4	6.13677E+6	1.94255E+6	6.79988E+4	2.17196E+6
3.00000E-1	9.14114E+4	9.55781E+4	6.92910E+6	2.02491E+6	6.82228E+4	2.25433E+6
4.00000E-1	9.13535E+4	9.55633E+4	6.37350E+6	2.00046E+6	6.83186E+4	2.24438E+6
5.00000E-1	9.08687E+4	9.52508E+4	7.13386E+6	2.01549E+6	6.81599E+4	2.26258E+6
6.00000E-1	9.16264E+4	9.56952E+4	7.33486E+6	2.10663E+6	6.85370E+4	2.36737E+6
7.00000E-1	9.06308E+4	9.50141E+4	6.36272E+6	2.02345E+6	6.82438E+4	2.25255E+6
8.00000E-1	9.04705E+4	9.51943E+4	6.56104E+6	2.02128E+6	6.83131E+4	2.22768E+6
9.00000E-1	9.10955E+4	9.53885E+4	7.60428E+6	2.07967E+6	6.83542E+4	2.29632E+6
1.00000E+0	9.09874E+4	9.52262E+4	7.17285E+6	2.07539E+6	6.82730E+4	2.24013E+6
1.10000E+0	9.00425E+4	9.46154E+4	6.57393E+6	1.94188E+6	6.80470E+4	2.18770E+6
1.20000E+0	9.09251E+4	9.53442E+4	8.36024E+6	2.09198E+6	6.85791E+4	2.34541E+6
1.30000E+0	9.08101E+4	9.51011E+4	7.12713E+6	2.03852E+6	6.83305E+4	2.35139E+6
1.40000E+0	8.99623E+4	9.47217E+4	6.89267E+6	1.99253E+6	6.80325E+4	2.18115E+6
1.50000E+0	9.09087E+4	9.53258E+4	8.51283E+6	2.09866E+6	6.83341E+4	2.38595E+6
1.60000E+0	9.06741E+4	9.50802E+4	8.05356E+6	2.02316E+6	6.83788E+4	2.39614E+6
1.70000E+0	9.02417E+4	9.48561E+4	7.03083E+6	1.98648E+6	6.81408E+4	2.26258E+6
1.80000E+0	9.01683E+4	9.47119E+4	6.64060E+6	1.99423E+6	6.79916E+4	2.24455E+6
1.90000E+0	8.97498E+4	9.42367E+4	5.94369E+6	1.94161E+6	6.79734E+4	2.18804E+6
2.00000E+0	9.01217E+4	9.43668E+4	6.36676E+6	2.02258E+6	6.81107E+4	2.23978E+6
2.10000E+0	9.04238E+4	9.44362E+4	7.46717E+6	2.02070E+6	6.81581E+4	2.26925E+6
2.20000E+0	9.04296E+4	9.48219E+4	7.35629E+6	2.04014E+6	6.82711E+4	2.27596E+6
2.30000E+0	9.11414E+4	9.51501E+4	8.71587E+6	2.06296E+6	6.80962E+4	2.36698E+6
2.40000E+0	9.02161E+4	9.45386E+4	6.87069E+6	1.97630E+6	6.81180E+4	2.25095E+6
2.50000E+0	9.02044E+4	9.42173E+4	6.70861E+6	1.96332E+6	6.79288E+4	2.19718E+6
2.60000E+0	8.99356E+4	9.44789E+4	7.03575E+6	2.01925E+6	6.77482E+4	2.28125E+6
2.70000E+0	9.10203E+4	9.49957E+4	8.77383E+6	2.16459E+6	6.81955E+4	2.43363E+6
2.80000E+0	9.10638E+4	9.48084E+4	8.01307E+6	2.10804E+6	6.76169E+4	2.39374E+6
2.90000E+0	8.99553E+4	9.42647E+4	6.18603E+6	1.92747E+6	6.78217E+4	2.16980E+6
3.00000E+0	8.92408E+4	9.40509E+4	6.17459E+6	1.93292E+6	6.77818E+4	2.15202E+6
3.10000E+0	9.03561E+4	9.45728E+4	7.67959E+6	2.03985E+6	6.84894E+4	2.32383E+6
3.20000E+0	9.05594E+4	9.45764E+4	6.96590E+6	2.06931E+6	6.87386E+4	2.34137E+6
3.30000E+0	8.97046E+4	9.40218E+4	6.45830E+6	1.97255E+6	6.85480E+4	2.22523E+6
3.40000E+0	9.00565E+4	9.45630E+4	7.58140E+6	2.12913E+6	6.90925E+4	2.33868E+6
3.50000E+0	9.05746E+4	9.52213E+4	8.76370E+6	2.09555E+6	6.91072E+4	2.40804E+6
3.60000E+0	9.03245E+4	9.47266E+4	8.72840E+6	2.07554E+6	6.88726E+4	2.31159E+6
3.70000E+0	9.03199E+4	9.45776E+4	7.08364E+6	2.09586E+6	6.90308E+4	2.33811E+6
3.80000E+0	8.96165E+4	9.38606E+4	6.11803E+6	1.97394E+6	6.86826E+4	2.24846E+6
3.90000E+0	8.99530E+4	9.43291E+4	7.35092E+6	2.08982E+6	6.87450E+4	2.31009E+6
4.00000E+0	9.06437E+4	9.47131E+4	7.59092E+6	2.10773E+6	6.90750E+4	2.35585E+6
4.10000E+0	8.97069E+4	9.39127E+4	6.99011E+6	1.99522E+6	6.88129E+4	2.27742E+6
4.20000E+0	8.95412E+4	9.36611E+4	6.21930E+6	1.96744E+6	6.89084E+4	2.20966E+6
4.30000E+0	9.02207E+4	9.48659E+4	7.52667E+6	2.09338E+6	6.91026E+4	2.30598E+6
4.40000E+0	9.07937E+4	9.48256E+4	8.18633E+6	2.16376E+6	6.92372E+4	2.49767E+6
4.50000E+0	9.05816E+4	9.46228E+4	8.36255E+6	2.09229E+6	6.92068E+4	2.40602E+6
4.60000E+0	9.00472E+4	9.37493E+4	6.71609E+6	2.00673E+6	6.82821E+4	2.25398E+6
4.70000E+0	9.00530E+4	9.41711E+4	7.19678E+6	2.03162E+6	6.81663E+4	2.29762E+6
4.80000E+0	9.06039E+4	9.43413E+4	7.80641E+6	2.08904E+6	6.82529E+4	2.40622E+6
4.90000E+0	8.98902E+4	9.41359E+4	5.96613E+6	1.95567E+6	6.81053E+4	2.20127E+6
5.00000E+0	9.01066E+4	9.39709E+4	7.03411E+6	2.00131E+6	6.79806E+4	2.30319E+6
5.10000E+0	9.08734E+4	9.44533E+4	8.71837E+6	2.10193E+6	6.83268E+4	2.45238E+6
5.20000E+0	8.99693E+4	9.38243E+4	6.51984E+6	1.99239E+6	6.78453E+4	2.21379E+6
5.30000E+0	8.99112E+4	9.36937E+4	5.85213E+6	1.94686E+6	6.77936E+4	2.18450E+6
5.40000E+0	9.00123E+4	9.41274E+4	6.87069E+6	2.00245E+6	6.81508E+4	2.26853E+6
5.50000E+0	9.09016E+4	9.45557E+4	7.13892E+6	2.05935E+6	6.84181E+4	2.34022E+6
5.60000E+0	9.09827E+4	9.46606E+4	8.08581E+6	2.11592E+6	6.84108E+4	2.39815E+6
5.70000E+0	9.08242E+4	9.39054E+4	6.87696E+6	2.02215E+6	6.81353E+4	2.29318E+6
5.80000E+0	9.02732E+4	9.36780E+4	6.01513E+6	1.95322E+6	6.79970E+4	2.18148E+6
5.90000E+0	9.09462E+4	9.42501E+4	7.70502E+6	2.06689E+6	6.82520E+4	2.32648E+6
6.00000E+0	9.13288E+4	9.43644E+4	7.76235E+6	2.05112E+6	6.81781E+4	2.36111E+6
6.10000E+0	9.07128E+4	9.37759E+4	5.97325E+6	1.90806E+6	6.78326E+4	2.19633E+6
6.20000E+0	9.03771E+4	9.35729E+4	6.13802E+6	1.95119E+6	6.78517E+4	2.21293E+6
6.30000E+0	9.16075E+4	9.42015E+4	8.05570E+6	2.11419E+6	6.82237E+4	2.34946E+6
6.40000E+0	9.12745E+4	9.35910E+4	6.85663E+6	1.98817E+6	6.81599E+4	2.31534E+6
6.50000E+0	9.14621E+4	9.39624E+4	6.62745E+6	1.98789E+6	6.81271E+4	2.29484E+6
6.60000E+0	9.21936E+4	9.44448E+4	8.10312E+6	2.05008E+6	6.84190E+4	2.35760E+6
6.70000E+0	9.14208E+4	9.36550E+4	6.10436E+6	1.90741E+6	6.78771E+4	2.19159E+6
6.80000E+0	9.15756E+4	9.36405E+4	6.87696E+6	1.99847E+6	6.81007E+4	2.27451E+6
6.90000E+0	9.27282E+4	9.46362E+4	8.56090E+6	2.09152E+6	6.83049E+4	2.42662E+6
7.00000E+0	9.27737E+4	9.44375E+4	7.96668E+6	2.10491E+6	6.82784E+4	2.43219E+6
7.10000E+0	9.24402E+4	9.48586E+4	7.13555E+6	2.03955E+6	6.82739E+4	2.33428E+6
7.20000E+0	9.21258E+4	9.38086E+4	6.31331E+6	1.97755E+6	6.80307E+4	2.25755E+6
7.30000E+0	9.19238E+4	9.37795E+4	6.78564E+6	2.03250E+6	6.78317E+4	2.24810E+6
7.40000E+0	9.28372E+4	9.40109E+4	7.65820E+6	2.04978E+6	6.86432E+4	2.36209E+6
7.50000E+0	9.26564E+4	9.42501E+4	7.27480E+6	2.04132E+6	6.81927E+4	2.30058E+6
7.60000E+0	9.22876E+4	9.34969E+4	6.48194E+6	1.96113E+6	6.80361E+4	2.23065E+6
7.70000E+0	9.31263E+4	9.46289E+4	8.41595E+6	2.14088E+6	6.83578E+4	2.44777E+6
7.80000E+0	9.27521E+4	9.42063E+4	7.17796E+6	2.00759E+6	6.81818E+4	2.35197E+6
7.90000E+0	9.23055E+4	9.38146E+4	6.32526E+6	1.99423E+6	6.79816E+4	2.26240E+6
8.00000E+0	9.24498E+4	9.39757E+4	6.61290E+6	1.97435E+6	6.81171E+4	2.27523E+6
8.10000E+0	9.29906E+4	9.41869E+4	8.23081E+6	2.08889E+6	6.82876E+4	2.38217E+6
8.20000E+0	9.26995E+4	9.41942E+4	7.05384E+6	1.99819E+6	6.81453E+4	2.29762E+6
8.30000E+0	9.20366E+4	9.35524E+4	6.39653E+6	1.91092E+6	6.77455E+4	2.23100E+6
8.40000E+0	9.21198E+4	9.38062E+4	7.59855E+6	2.03661E+6	6.80388E+4	2.34714E+6
8.50000E+0	9.18135E+4	9.35379E+4	6.90056E+6	2.07676E+6	6.78108E+4	2.31009E+6
8.60000E+0	9.09427E+4	9.28357E+4	6.39246E+6	1.92575E+6	6.74099E+4	2.16649E+6
8.70000E+0	9.16406E+4	9.28621E+4	7.47641E+6	2.03896E+6	6.73377E+4	2.28143E+6
8.80000E+0	9.09897E+4	9.24364E+4	6.77649E+6	1.96373E+6	6.72736E+4	2.24739E+6
8.90000E+0	9.05114E+4	9.24149E+4	5.97325E+6	1.88431E+6	6.70837E+4	2.15185E+6
9.00000E+0	9.04425E+4	9.23601E+4	6.47636E+6	1.95771E+6	6.70918E+4	2.28198E+6
9.10000E+0	9.12969E+4	9.33029E+4	8.30071E+6	2.07600E+6	6.77392E+4	2.43260E+6
9.20000E+0	9.09016E+4	9.29700E+4	6.57537E+6	1.98480E+6	6.73954E+4	2.27487E+6
9.30000E+0	9.14255E+4	9.34354E+4	7.04067E+6	2.04458E+6	6.78072E+4	2.32762E+6
9.40000E+0	9.04530E+4	9.28513E+4	7.02265E+6	1.94201E+6	6.73954E+4	2.21173E+6
9.50000E+0	9.11968E+4	9.37505E+4	7.55677E+6	2.05635E+6	6.78008E+4	2.36561E+6
9.60000E+0	9.07749E+4	9.28237E+4	6.69520E+6	1.98578E+6	6.74650E+4	2.20966E+6
9.70000E+0	9.13347E+4	9.33137E+4	7.46348E+6	2.09539E+6	6.78054E+4	2.31346E+6
9.80000E+0	9.09509E+4	9.31729E+4	7.16604E+6	2.01795E+6	6.76259E+4	2.31967E+6
9.90000E+0	9.01963E+4	9.26861E+4	6.34393E+6	1.95458E+6	6.77220E+4	2.22593E+6
1.00000E+1	9.06870E+4	9.36115E+4	8.47713E+6	2.14072E+6	6.77763E+4	2.32477E+6
1.01000E+1	8.99797E+4	9.27699E+4	7.00471E+6	1.94416E+6	6.72493E+4	2.19837E+6
1.02000E+1	9.04565E+4	9.29640E+4	7.73259E+6	2.07098E+6	6.77283E+4	2.33314E+6
1.03000E+1	8.95864E+4	9.25188E+4	6.44723E+6	1.90676E+6	6.71646E+4	2.19328E+6
1.04000E+1	9.02242E+4	9.28417E+4	7.82256E+6	2.06462E+6	6.75138E+4	2.33390E+6
1.05000E+1	8.90092E+4	9.20091E+4	6.16320E+6	1.90832E+6	6.70054E+4	2.18703E+6
1.06000E+1	8.98264E+4	9.26084E+4	7.97718E+6	2.02244E+6	6.72673E+4	2.40561E+6
1.07000E+1	8.87907E+4	9.18168E+4	5.93429E+6	1.91838E+6	6.67928E+4	2.15545E+6
1.08000E+1	8.89631E+4	9.22636E+4	7.12544E+6	1.97796E+6	6.72556E+4	2.28784E+6
1.09000E+1	8.94094E+4	9.20804E+4	7.79636E+6	2.01665E+6	6.72088E+4	2.29373E+6
1.10000E+1	8.86943E+4	9.16771E+4	6.11554E+6	1.93598E+6	6.68779E+4	2.15923E+6
1.11000E+1	8.86496E+4	9.12719E+4	5.99951E+6	1.88127E+6	6.67050E+4	2.14307E+6
1.12000E+1	8.80689E+4	9.15943E+4	6.61435E+6	1.90910E+6	6.67480E+4	2.20932E+6
1.13000E+1	8.90092E+4	9.21529E+4	7.48381E+6	2.01621E+6	6.70828E+4	2.32288E+6
1.14000E+1	8.81544E+4	9.12248E+4	6.04783E+6	1.85470E+6	6.66763E+4	2.20076E+6
1.15000E+1	8.80838E+4	9.11483E+4	6.37215E+6	1.95268E+6	6.66889E+4	2.25737E+6
1.16000E+1	8.86164E+4	9.18121E+4	7.61002E+6	1.98173E+6	6.68609E+4	2.30579E+6
1.17000E+1	8.76959E+4	9.08908E+4	5.80795E+6	1.88634E+6	6.64743E+4	2.14892E+6
1.18000E+1	8.81191E+4	9.16712E+4	6.85351E+6	2.00473E+6	6.69076E+4	2.29743E+6
1.19000E+1	8.87494E+4	9.15635E+4	7.37965E+6	1.98368E+6	6.69273E+4	2.30319E+6
1.20000E+1	8.84766E+4	9.15056E+4	6.82404E+6	1.93292E+6	6.67265E+4	2.21190E+6
1.21000E+1	8.78129E+4	9.05849E+4	5.94016E+6	1.86634E+6	6.65967E+4	2.12235E+6
1.22000E+1	8.77198E+4	9.09049E+4	6.57680E+6	1.87673E+6	6.65493E+4	2.20349E+6
1.23000E+1	8.85041E+4	9.13203E+4	7.21915E+6	1.92021E+6	6.68860E+4	2.23943E+6
1.24000E+1	8.80325E+4	9.07442E+4	6.43345E+6	1.89631E+6	6.63209E+4	2.15283E+6
1.25000E+1	8.89482E+4	9.14477E+4	7.24513E+6	2.01607E+6	6.68241E+4	2.28399E+6
1.26000E+1	8.81191E+4	9.05638E+4	6.15815E+6	1.87560E+6	6.62888E+4	2.17496E+6
1.27000E+1	8.83760E+4	9.02718E+4	6.02237E+6	1.86397E+6	6.63940E+4	2.15562E+6
1.28000E+1	8.84515E+4	9.04937E+4	6.52408E+6	1.90314E+6	6.64127E+4	2.15414E+6
1.29000E+1	8.87517E+4	9.06399E+4	6.68777E+6	1.90495E+6	6.64216E+4	2.24579E+6
1.30000E+1	8.93978E+4	9.11824E+4	7.40134E+6	2.05740E+6	6.66889E+4	2.29226E+6
1.31000E+1	8.93193E+4	9.11400E+4	8.33725E+6	2.02374E+6	6.68349E+4	2.31741E+6
1.32000E+1	8.92835E+4	9.10377E+4	7.05219E+6	1.95499E+6	6.65020E+4	2.19243E+6
1.33000E+1	8.84549E+4	9.02940E+4	6.45553E+6	1.92959E+6	6.65198E+4	2.21985E+6
1.34000E+1	8.94013E+4	9.05416E+4	6.43070E+6	1.97588E+6	6.63886E+4	2.18770E+6
1.35000E+1	8.86519E+4	9.03628E+4	6.38161E+6	1.89579E+6	6.64805E+4	2.14990E+6
1.36000E+1	8.92142E+4	9.06997E+4	7.68154E+6	2.03396E+6	6.66906E+4	2.29928E+6
1.37000E+1	8.85293E+4	8.99574E+4	5.90046E+6	1.84088E+6	6.60575E+4	2.11426E+6
1.38000E+1	8.93839E+4	9.03301E+4	6.46385E+6	1.94147E+6	6.63075E+4	2.19193E+6
1.39000E+1	8.94996E+4	9.09625E+4	7.61002E+6	2.01564E+6	6.63797E+4	2.31159E+6
1.40000E+1	8.84206E+4	9.00540E+4	6.41426E+6	1.86497E+6	6.59776E+4	2.15038E+6
1.41000E+1	8.91474E+4	9.07032E+4	6.89110E+6	1.95621E+6	6.63244E+4	2.30003E+6
1.42000E+1	8.92615E+4	8.99853E+4	6.30273E+6	1.89131E+6	6.60086E+4	2.12060E+6
1.43000E+1	8.86186E+4	8.97159E+4	6.15184E+6	1.86211E+6	6.61828E+4	2.11885E+6
1.44000E+1	8.90851E+4	9.04761E+4	7.32952E+6	1.98859E+6	6.63922E+4	2.30803E+6
1.45000E+1	8.95111E+4	9.07876E+4	7.31532E+6	1.99380E+6	6.66656E+4	2.29669E+6
1.46000E+1	8.90817E+4	9.05077E+4	6.91956E+6	1.92127E+6	6.61766E+4	2.12761E+6
1.47000E+1	8.88148E+4	9.00423E+4	6.62162E+6	1.90923E+6	6.62122E+4	2.14713E+6
1.48000E+1	8.94787E+4	9.07430E+4	7.37965E+6	2.05545E+6	6.63949E+4	2.27614E+6
1.49000E+1	8.85648E+4	8.97751E+4	5.88311E+6	1.87396E+6	6.59093E+4	2.07471E+6
1.50000E+1	8.95296E+4	9.05440E+4	7.48196E+6	2.01463E+6	6.65824E+4	2.25166E+6
1.51000E+1	8.91128E+4	8.99214E+4	6.04905E+6	1.93066E+6	6.67336E+4	2.15545E+6
1.52000E+1	8.90656E+4	9.04726E+4	6.32526E+6	1.96195E+6	6.62683E+4	2.19091E+6
1.53000E+1	8.95389E+4	9.02077E+4	6.33325E+6	1.93585E+6	6.61277E+4	2.18182E+6
1.54000E+1	8.87804E+4	9.00412E+4	6.15562E+6	1.91497E+6	6.61313E+4	2.14729E+6
1.55000E+1	8.96234E+4	9.07747E+4	8.01307E+6	2.03191E+6	6.67865E+4	2.26726E+6
1.56000E+1	8.90529E+4	9.01995E+4	6.78106E+6	1.88520E+6	6.65833E+4	2.16483E+6
1.57000E+1	8.90736E+4	9.02986E+4	6.87539E+6	1.94134E+6	6.61215E+4	2.24668E+6
1.58000E+1	8.86026E+4	9.01238E+4	6.51843E+6	1.97186E+6	6.61588E+4	2.15153E+6
1.59000E+1	8.86129E+4	9.01622E+4	7.04725E+6	1.93265E+6	6.63191E+4	2.19007E+6
1.60000E+1	8.87505E+4	9.03220E+4	6.70563E+6	1.95976E+6	6.60406E+4	2.19447E+6
1.61000E+1	8.89597E+4	9.06751E+4	7.92082E+6	1.97200E+6	6.63182E+4	2.27269E+6
1.62000E+1	8.87299E+4	9.05252E+4	6.79329E+6	1.92035E+6	6.63066E+4	2.20025E+6
1.63000E+1	8.79516E+4	9.00179E+4	5.80009E+6	1.88368E+6	6.59190E+4	2.10061E+6
1.64000E+1	8.85808E+4	9.05369E+4	7.74051E+6	2.01405E+6	6.64350E+4	2.26474E+6
1.65000E+1	8.82058E+4	9.01949E+4	6.85819E+6	1.93026E+6	6.64136E+4	2.20829E+6
1.66000E+1	8.78777E+4	9.02660E+4	6.08088E+6	1.87900E+6	6.61446E+4	2.11190E+6
1.67000E+1	8.82960E+4	9.04925E+4	6.90846E+6	1.97200E+6	6.61286E+4	2.26420E+6
1.68000E+1	8.78368E+4	8.99911E+4	5.91908E+6	1.89042E+6	6.61766E+4	2.11569E+6
1.69000E+1	8.76573E+4	8.99667E+4	6.12052E+6	1.85889E+6	6.61402E+4	2.11284E+6
1.70000E+1	8.78174E+4	9.01692E+4	6.16826E+6	1.93518E+6	6.63539E+4	2.18400E+6
1.71000E+1	8.73730E+4	8.97484E+4	6.21545E+6	1.88254E+6	6.64770E+4	2.13580E+6
1.72000E+1	8.76154E+4	9.08016E+4	7.49309E+6	2.05485E+6	6.72142E+4	2.25594E+6
1.73000E+1	8.83211E+4	9.11059E+4	7.44143E+6	2.04265E+6	6.68869E+4	2.27378E+6
1.74000E+1	8.78652E+4	9.05475E+4	6.85975E+6	1.93465E+6	6.67327E+4	2.18990E+6
1.75000E+1	8.69566E+4	9.00260E+4	5.75667E+6	1.88889E+6	6.67229E+4	2.10154E+6
1.76000E+1	8.72792E+4	8.98505E+4	6.07228E+6	1.87058E+6	6.60921E+4	2.14080E+6
1.77000E+1	8.70151E+4	8.98749E+4	6.45138E+6	1.92153E+6	6.62941E+4	2.16285E+6
1.78000E+1	8.78879E+4	9.06903E+4	6.97879E+6	2.02403E+6	6.72944E+4	2.29373E+6
1.79000E+1	8.76120E+4	9.07008E+4	7.21570E+6	2.05560E+6	6.79461E+4	2.33142E+6
1.80000E+1	8.78925E+4	9.07465E+4	6.92432E+6	2.01290E+6	6.75762E+4	2.26708E+6
1.81000E+1	8.81271E+4	9.10247E+4	7.25557E+6	1.99791E+6	6.73250E+4	2.26744E+6
1.82000E+1	8.77016E+4	9.06540E+4	6.99984E+6	2.02026E+6	6.73846E+4	2.27505E+6
1.83000E+1	8.74669E+4	9.02601E+4	6.20390E+6	1.91445E+6	6.66602E+4	2.14485E+6
1.84000E+1	8.73968E+4	9.01215E+4	5.70194E+6	1.84441E+6	6.54891E+4	2.09454E+6
1.85000E+1	8.68733E+4	9.00586E+4	5.53448E+6	1.86161E+6	6.61081E+4	2.11316E+6
1.86000E+1	8.71550E+4	9.04598E+4	7.27305E+6	1.98747E+6	6.70846E+4	2.20829E+6
1.87000E+1	8.77164E+4	9.08814E+4	7.65820E+6	2.02665E+6	6.74930E+4	2.29134E+6
1.88000E+1	8.69273E+4	9.02928E+4	6.46524E+6	1.91772E+6	6.66325E+4	2.16038E+6
1.89000E+1	8.70659E+4	9.10318E+4	7.26430E+6	1.94780E+6	6.63013E+4	2.24686E+6
1.90000E+1	8.40860E+4	9.15564E+4	7.95412E+6	1.98396E+6	6.63868E+4	2.33028E+6
1.91000E+1	8.13128E+4	9.08838E+4	6.42110E+6	1.96703E+6	6.62834E+4	2.26258E+6
1.92000E+1	7.93878E+4	9.03815E+4	5.67173E+6	1.86410E+6	6.68618E+4	2.13226E+6
1.93000E+1	7.90009E+4	9.09354E+4	6.28823E+6	1.94067E+6	6.74054E+4	2.29300E+6
1.94000E+1	7.84422E+4	9.14477E+4	7.27305E+6	2.04933E+6	6.80052E+4	2.35585E+6
1.95000E+1	7.58312E+4	9.16913E+4	6.42658E+6	2.03808E+6	6.83770E+4	2.34579E+6
1.96000E+1	7.21566E+4	9.15410E+4	6.54393E+6	1.94861E+6	6.71439E+4	2.28564E+6
1.97000E+1	6.76868E+4	9.06130E+4	4.55162E+6	1.82894E+6	6.65574E+4	2.16285E+6
1.98000E+1	6.41425E+4	9.08098E+4	4.48904E+6	1.80095E+6	6.72709E+4	2.16715E+6
1.99000E+1	6.19230E+4	9.14395E+4	4.69979E+6	1.87396E+6	6.78862E+4	2.26186E+6
2.00000E+1	5.96535E+4	9.15103E+4	4.71468E+6	1.92628E+6	6.76794E+4	2.31892E+6
2.01000E+1	5.74810E+4	9.16688E+4	4.83094E+6	1.87045E+6	6.83916E+4	2.37485E+6
2.02000E+1	5.52085E+4	9.14335E+4	4.55930E+6	1.86771E+6	6.83414E+4	2.31911E+6
2.03000E+1	5.36085E+4	9.11377E+4	4.46877E+6	1.85765E+6	6.86231E+4	2.32250E+6
2.04000E+1	5.23450E+4	9.12224E+4	4.29912E+6	1.83520E+6	6.88496E+4	2.31534E+6
2.05000E+1	5.07842E+4	9.12071E+4	4.12661E+6	1.78444E+6	6.84565E+4	2.28436E+6
2.06000E+1	4.94246E+4	9.11071E+4	3.59746E+6	1.75217E+6	6.76830E+4	2.22315E+6
2.07000E+1	4.79863E+4	9.05159E+4	3.25496E+6	1.62620E+6	6.70001E+4	2.10875E+6
2.08000E+1	4.68041E+4	9.01168E+4	3.16497E+6	1.58799E+6	6.70135E+4	2.10014E+6
2.09000E+1	4.61275E+4	9.06809E+4	3.32909E+6	1.63343E+6	6.73584E+4	2.18956E+6
2.10000E+1	4.55519E+4	9.07864E+4	3.20601E+6	1.63033E+6	6.74812E+4	2.20110E+6
2.11000E+1	4.42928E+4	8.98250E+4	2.98580E+6	1.54226E+6	6.72863E+4	2.09625E+6
2.12000E+1	4.33101E+4	8.98679E+4	2.91331E+6	1.55329E+6	6.73783E+4	2.05762E+6
2.13000E+1	4.27571E+4	8.97739E+4	3.03822E+6	1.58680E+6	6.76857E+4	2.17180E+6
2.14000E+1	4.22749E+4	9.00993E+4	3.05930E+6	1.57605E+6	6.77954E+4	2.18249E+6
2.15000E+1	4.17331E+4	8.99353E+4	3.02967E+6	1.55921E+6	6.78780E+4	2.17030E+6
2.16000E+1	4.10811E+4	8.96116E+4	2.92034E+6	1.51241E+6	6.79116E+4	2.08373E+6
2.17000E+1	4.01511E+4	8.90999E+4	2.67168E+6	1.44468E+6	6.75852E+4	1.95805E+6
2.18000E+1	3.93126E+4	8.85852E+4	2.60384E+6	1.42713E+6	6.77501E+4	1.92608E+6
2.19000E+1	3.90580E+4	8.87641E+4	2.66970E+6	1.45560E+6	6.81180E+4	2.01860E+6
2.20000E+1	3.87900E+4	8.92636E+4	2.85817E+6	1.50391E+6	6.84776E+4	2.07501E+6
2.21000E+1	3.79578E+4	8.87239E+4	2.60974E+6	1.44016E+6	6.83935E+4	1.97013E+6
2.22000E+1	3.72484E+4	8.80231E+4	2.47850E+6	1.38334E+6	6.84227E+4	1.91307E+6
2.23000E+1	3.70182E+4	8.83963E+4	2.54689E+6	1.40338E+6	6.86075E+4	1.98936E+6
2.24000E+1	3.68768E+4	8.86505E+4	2.79580E+6	1.42480E+6	6.85288E+4	2.04525E+6
2.25000E+1	3.63453E+4	8.84661E+4	2.48818E+6	1.36389E+6	6.83095E+4	1.93872E+6
2.26000E+1	3.57235E+4	8.78093E+4	2.40424E+6	1.31562E+6	6.82912E+4	1.82398E+6
2.27000E+1	3.54841E+4	8.79343E+4	2.66773E+6	1.37250E+6	6.87533E+4	1.92199E+6
2.28000E+1	3.52881E+4	8.81120E+4	2.50032E+6	1.35211E+6	6.88671E+4	1.92357E+6
2.29000E+1	3.47443E+4	8.72925E+4	2.35434E+6	1.31337E+6	6.84291E+4	1.84143E+6
2.30000E+1	3.44152E+4	8.73389E+4	2.49815E+6	1.32918E+6	6.87340E+4	1.88399E+6
2.31000E+1	3.44064E+4	8.78240E+4	2.58118E+6	1.37013E+6	6.93831E+4	1.91412E+6
2.32000E+1	3.42594E+4	8.77468E+4	2.60195E+6	1.40142E+6	6.97138E+4	1.92966E+6
2.33000E+1	3.40848E+4	8.78502E+4	2.61305E+6	1.38533E+6	6.97750E+4	1.94194E+6
2.34000E+1	3.36823E+4	8.75165E+4	2.45537E+6	1.33732E+6	6.94266E+4	1.84143E+6
2.35000E+1	3.31913E+4	8.67359E+4	2.36623E+6	1.30460E+6	6.92548E+4	1.74760E+6
2.36000E+1	3.27560E+4	8.66876E+4	2.38201E+6	1.30207E+6	6.94479E+4	1.76502E+6
2.37000E+1	3.27254E+4	8.72180E+4	2.46635E+6	1.34012E+6	6.98819E+4	1.87077E+6
2.38000E+1	3.27146E+4	8.76424E+4	2.59585E+6	1.33606E+6	7.00271E+4	1.84728E+6
2.39000E+1	3.26001E+4	8.75811E+4	2.55868E+6	1.33825E+6	7.02677E+4	1.89997E+6
2.40000E+1	3.22177E+4	8.66764E+4	2.29451E+6	1.27786E+6	6.97852E+4	1.76491E+6
2.41000E+1	3.18818E+4	8.66360E+4	2.31688E+6	1.28684E+6	7.01184E+4	1.76223E+6
2.42000E+1	3.18118E+4	8.68944E+4	2.51787E+6	1.34866E+6	7.06215E+4	1.81910E+6
2.43000E+1	3.14673E+4	8.66674E+4	2.29525E+6	1.29326E+6	7.04463E+4	1.76323E+6
2.44000E+1	3.12727E+4	8.63950E+4	2.37390E+6	1.30169E+6	7.07660E+4	1.74244E+6
2.45000E+1	3.12366E+4	8.66057E+4	2.49771E+6	1.31022E+6	7.10389E+4	1.80205E+6
2.46000E+1	3.09034E+4	8.63223E+4	2.35589E+6	1.27816E+6	7.07322E+4	1.75455E+6
2.47000E+1	3.06599E+4	8.58715E+4	2.20764E+6	1.24560E+6	7.06552E+4	1.71624E+6
2.48000E+1	3.04726E+4	8.61357E+4	2.31050E+6	1.26669E+6	7.11238E+4	1.72339E+6
2.49000E+1	3.05571E+4	8.64667E+4	2.41744E+6	1.32380E+6	7.14177E+4	1.78851E+6
2.50000E+1	3.00724E+4	8.59406E+4	2.20729E+6	1.26609E+6	7.11162E+4	1.68985E+6
2.51000E+1	2.98542E+4	8.56792E+4	2.21417E+6	1.24689E+6	7.11880E+4	1.67521E+6
2.52000E+1	2.96833E+4	8.57047E+4	2.24247E+6	1.25429E+6	7.12210E+4	1.70149E+6
2.53000E+1	2.97716E+4	8.60453E+4	2.40404E+6	1.28277E+6	7.18038E+4	1.74026E+6
2.54000E+1	2.96015E+4	8.61468E+4	2.45474E+6	1.28221E+6	7.18438E+4	1.76862E+6
2.55000E+1	2.97407E+4	8.60096E+4	2.32690E+6	1.28123E+6	7.16347E+4	1.77925E+6
2.56000E+1	2.93100E+4	8.59628E+4	2.29266E+6	1.26034E+6	7.17801E+4	1.72436E+6
2.57000E+1	2.91878E+4	8.51729E+4	2.24778E+6	1.24136E+6	7.15494E+4	1.65118E+6
2.58000E+1	2.89688E+4	8.52370E+4	2.21262E+6	1.23232E+6	7.18419E+4	1.68030E+6
2.59000E+1	2.86283E+4	8.51729E+4	2.15828E+6	1.20983E+6	7.16623E+4	1.61272E+6
2.60000E+1	2.84415E+4	8.47849E+4	2.19399E+6	1.23100E+6	7.15456E+4	1.61670E+6
2.61000E+1	2.85144E+4	8.50372E+4	2.32918E+6	1.25939E+6	7.22539E+4	1.71571E+6
2.62000E+1	2.85788E+4	8.58003E+4	2.36839E+6	1.26929E+6	7.24194E+4	1.70652E+6
2.63000E+1	2.84139E+4	8.51674E+4	2.25992E+6	1.24911E+6	7.19285E+4	1.66632E+6
2.64000E+1	2.80780E+4	8.46080E+4	2.20182E+6	1.21851E+6	7.19323E+4	1.62098E+6
2.65000E+1	2.80003E+4	8.44950E+4	2.17483E+6	1.19637E+6	7.18191E+4	1.59513E+6
2.66000E+1	2.77338E+4	8.42278E+4	2.14505E+6	1.19805E+6	7.15418E+4	1.59319E+6
2.67000E+1	2.76650E+4	8.43941E+4	2.21176E+6	1.20751E+6	7.18267E+4	1.63222E+6
2.68000E+1	2.78943E+4	8.48168E+4	2.32899E+6	1.25258E+6	7.23763E+4	1.68903E+6
2.69000E+1	2.78674E+4	8.49765E+4	2.28256E+6	1.22475E+6	7.23734E+4	1.65961E+6
2.70000E+1	2.76146E+4	8.44445E+4	2.20987E+6	1.21599E+6	7.22013E+4	1.62807E+6
2.71000E+1	2.73308E+4	8.42168E+4	2.20455E+6	1.19621E+6	7.19180E+4	1.60407E+6
2.72000E+1	2.73643E+4	8.39919E+4	2.16388E+6	1.18574E+6	7.20820E+4	1.58456E+6
2.73000E+1	2.71749E+4	8.34395E+4	2.09240E+6	1.17162E+6	7.19475E+4	1.56290E+6
2.74000E+1	2.70780E+4	8.37381E+4	2.21763E+6	1.20581E+6	7.25238E+4	1.62184E+6
2.75000E+1	2.73021E+4	8.44741E+4	2.37272E+6	1.24281E+6	7.26985E+4	1.64370E+6
2.76000E+1	2.71176E+4	8.37153E+4	2.14083E+6	1.19087E+6	7.22835E+4	1.58346E+6
2.77000E+1	2.70005E+4	8.33810E+4	2.16470E+6	1.18728E+6	7.22386E+4	1.56629E+6
2.78000E+1	2.69678E+4	8.37925E+4	2.36154E+6	1.24648E+6	7.29015E+4	1.65147E+6
2.79000E+1	2.69585E+4	8.40344E+4	2.24707E+6	1.23175E+6	7.29738E+4	1.64468E+6
2.80000E+1	2.69019E+4	8.34168E+4	2.21573E+6	1.19859E+6	7.27572E+4	1.55961E+6
2.81000E+1	2.71785E+4	8.38067E+4	2.43078E+6	1.24946E+6	7.32770E+4	1.66171E+6
2.82000E+1	2.68163E+4	8.32143E+4	2.22754E+6	1.21834E+6	7.29140E+4	1.56094E+6
2.83000E+1	2.64768E+4	8.30544E+4	2.17499E+6	1.19103E+6	7.25718E+4	1.55245E+6
2.84000E+1	2.68754E+4	8.37218E+4	2.41031E+6	1.26477E+6	7.29131E+4	1.63483E+6
2.85000E+1	2.67242E+4	8.30976E+4	2.20884E+6	1.19475E+6	7.28495E+4	1.55881E+6
2.86000E+1	2.68407E+4	8.32760E+4	2.39940E+6	1.26525E+6	7.30953E+4	1.66522E+6
2.87000E+1	2.67532E+4	8.29508E+4	2.24017E+6	1.22696E+6	7.29805E+4	1.59079E+6
2.88000E+1	2.67744E+4	8.30058E+4	2.33585E+6	1.25707E+6	7.33302E+4	1.60407E+6
2.89000E+1	2.66890E+4	8.27182E+4	2.21211E+6	1.20856E+6	7.29063E+4	1.54292E+6
2.90000E+1	2.68723E+4	8.33680E+4	2.39638E+6	1.27025E+6	7.31697E+4	1.63077E+6
2.91000E+1	2.67542E+4	8.32619E+4	2.37765E+6	1.25773E+6	7.33563E+4	1.65563E+6
2.92000E+1	2.66844E+4	8.23243E+4	2.20884E+6	1.20410E+6	7.26745E+4	1.55739E+6
2.93000E+1	2.65857E+4	8.23779E+4	2.25974E+6	1.23426E+6	7.30567E+4	1.57221E+6
2.94000E+1	2.67697E+4	8.29627E+4	2.38858E+6	1.26693E+6	7.35250E+4	1.64920E+6
2.95000E+1	2.68739E+4	8.27677E+4	2.44364E+6	1.26627E+6	7.35851E+4	1.62548E+6
2.96000E+1	2.69393E+4	8.25355E+4	2.30359E+6	1.29903E+6	7.32857E+4	1.58978E+6
2.97000E+1	2.67464E+4	8.30933E+4	2.44928E+6	1.27865E+6	7.37192E+4	1.64390E+6
2.98000E+1	2.67677E+4	8.23993E+4	2.34256E+6	1.25317E+6	7.34416E+4	1.61518E+6
2.99000E+1	2.65392E+4	8.18681E+4	2.23577E+6	1.22725E+6	7.31996E+4	1.55113E+6
3.00000E+1	2.65929E+4	8.19428E+4	2.34872E+6	1.25773E+6	7.33641E+4	1.58684E+6
3.01000E+1	2.65155E+4	8.17861E+4	2.27745E+6	1.23541E+6	7.31832E+4	1.54868E+6
3.02000E+1	2.65315E+4	8.20975E+4	2.35473E+6	1.28561E+6	7.34280E+4	1.64380E+6
3.03000E+1	2.64964E+4	8.20356E+4	2.25169E+6	1.25358E+6	7.34610E+4	1.59847E+6
3.04000E+1	2.63193E+4	8.12670E+4	2.14488E+6	1.20520E+6	7.33157E+4	1.52980E+6
3.05000E+1	2.62572E+4	8.10967E+4	2.12429E+6	1.21566E+6	7.31822E+4	1.53229E+6
3.06000E+1	2.61940E+4	8.10186E+4	2.13422E+6	1.22770E+6	7.30345E+4	1.53023E+6
3.07000E+1	2.59079E+4	8.09722E+4	2.13342E+6	1.19963E+6	7.31784E+4	1.54701E+6
3.08000E+1	2.59789E+4	8.15713E+4	2.19824E+6	1.24618E+6	7.33225E+4	1.56023E+6
3.09000E+1	2.59258E+4	8.15862E+4	2.24548E+6	1.22730E+6	7.35550E+4	1.59402E+6
3.10000E+1	2.58191E+4	8.11041E+4	2.15254E+6	1.24618E+6	7.34998E+4	1.56736E+6
3.11000E+1	2.57513E+4	8.11010E+4	2.18252E+6	1.23679E+6	7.40240E+4	1.53945E+6
3.12000E+1	2.55854E+4	8.08709E+4	2.14911E+6	1.25081E+6	7.42879E+4	1.56343E+6
3.13000E+1	2.55930E+4	8.10091E+4	2.17934E+6	1.28351E+6	7.42038E+4	1.56557E+6
3.14000E+1	2.56647E+4	8.12988E+4	2.24689E+6	1.27884E+6	7.46389E+4	1.60707E+6
3.15000E+1	2.56871E+4	8.11961E+4	2.31294E+6	1.29401E+6	7.48770E+4	1.61670E+6
3.16000E+1	2.57019E+4	8.13549E+4	2.29193E+6	1.27086E+6	7.42752E+4	1.64399E+6
3.17000E+1	2.55428E+4	8.09658E+4	2.15976E+6	1.22357E+6	7.39909E+4	1.55659E+6
3.18000E+1	2.52495E+4	8.01801E+4	2.04557E+6	1.19227E+6	7.38379E+4	1.52486E+6
3.19000E+1	2.51449E+4	8.04765E+4	2.08838E+6	1.21088E+6	7.39831E+4	1.54361E+6
3.20000E+1	2.52323E+4	8.06383E+4	2.29488E+6	1.27535E+6	7.47510E+4	1.63872E+6
3.21000E+1	2.54124E+4	8.07856E+4	2.19909E+6	1.26435E+6	7.46438E+4	1.60716E+6
3.22000E+1	2.51550E+4	8.02763E+4	2.05018E+6	1.21127E+6	7.42830E+4	1.51648E+6
3.23000E+1	2.50859E+4	8.02240E+4	2.18791E+6	1.21683E+6	7.42439E+4	1.57032E+6
3.24000E+1	2.52687E+4	8.07319E+4	2.27691E+6	1.29032E+6	7.48642E+4	1.62894E+6
3.25000E+1	2.50894E+4	7.98960E+4	2.11619E+6	1.22838E+6	7.44779E+4	1.52316E+6
3.26000E+1	2.50466E+4	8.02439E+4	2.23524E+6	1.27835E+6	7.47825E+4	1.58602E+6
3.27000E+1	2.51015E+4	7.97595E+4	2.15663E+6	1.20652E+6	7.44770E+4	1.53875E+6
3.28000E+1	2.50255E+4	7.96576E+4	2.14035E+6	1.22047E+6	7.47176E+4	1.56683E+6
3.29000E+1	2.50915E+4	8.01801E+4	2.27291E+6	1.26898E+6	7.51276E+4	1.61527E+6
3.30000E+1	2.51015E+4	7.97533E+4	2.17516E+6	1.21666E+6	7.47382E+4	1.54588E+6
3.31000E+1	2.50768E+4	7.93503E+4	2.10142E+6	1.21521E+6	7.44113E+4	1.50894E+6
3.32000E+1	2.49449E+4	7.93420E+4	2.13277E+6	1.21343E+6	7.44662E+4	1.51816E+6
3.33000E+1	2.50003E+4	7.91857E+4	2.09364E+6	1.19745E+6	7.44181E+4	1.49907E+6
3.34000E+1	2.48595E+4	7.91474E+4	2.06006E+6	1.21622E+6	7.39597E+4	1.52095E+6
3.35000E+1	2.47787E+4	7.91671E+4	2.10752E+6	1.19200E+6	7.38272E+4	1.50023E+6
3.36000E+1	2.47797E+4	7.89574E+4	2.07230E+6	1.21521E+6	7.46714E+4	1.52758E+6
3.37000E+1	2.47932E+4	7.86844E+4	2.06231E+6	1.21154E+6	7.41598E+4	1.50155E+6
3.38000E+1	2.47581E+4	7.90152E+4	2.12095E+6	1.23140E+6	7.48770E+4	1.54040E+6
3.39000E+1	2.47676E+4	7.91898E+4	2.22562E+6	1.26136E+6	7.51444E+4	1.58246E+6
3.40000E+1	2.49701E+4	7.93596E+4	2.23348E+6	1.28406E+6	7.56996E+4	1.60173E+6
3.41000E+1	2.47336E+4	7.91164E+4	2.23594E+6	1.27347E+6	7.57952E+4	1.56005E+6
3.42000E+1	2.49344E+4	7.92229E+4	2.22092E+6	1.29413E+6	7.58290E+4	1.58997E+6
3.43000E+1	2.48008E+4	7.92509E+4	2.19994E+6	1.25832E+6	7.55685E+4	1.54745E+6
3.44000E+1	2.47120E+4	7.89925E+4	2.28348E+6	1.28641E+6	7.57374E+4	1.60155E+6
3.45000E+1	2.47085E+4	7.83968E+4	2.16602E+6	1.26225E+6	7.51306E+4	1.52903E+6
3.46000E+1	2.46524E+4	7.80540E+4	2.11098E+6	1.21711E+6	7.50822E+4	1.50935E+6
3.47000E+1	2.48163E+4	7.79346E+4	2.11382E+6	1.23066E+6	7.54206E+4	1.50362E+6
3.48000E+1	2.48003E+4	7.83364E+4	2.15549E+6	1.23593E+6	7.53958E+4	1.51774E+6
3.49000E+1	2.49273E+4	7.86618E+4	2.27218E+6	1.28184E+6	7.54424E+4	1.60500E+6
3.50000E+1	2.49122E+4	7.87873E+4	2.30620E+6	1.27914E+6	7.54682E+4	1.56942E+6
3.51000E+1	2.49474E+4	7.84327E+4	2.29285E+6	1.25358E+6	7.52414E+4	1.56397E+6
3.52000E+1	2.49429E+4	7.85610E+4	2.29877E+6	1.25005E+6	7.48958E+4	1.61196E+6
3.53000E+1	2.49047E+4	7.83446E+4	2.30844E+6	1.25476E+6	7.46085E+4	1.60697E+6
3.54000E+1	2.49942E+4	7.84656E+4	2.24406E+6	1.24182E+6	7.45466E+4	1.58840E+6
3.55000E+1	2.50809E+4	7.80418E+4	2.33165E+6	1.26669E+6	7.44897E+4	1.58850E+6
3.56000E+1	2.49203E+4	7.77298E+4	2.26423E+6	1.21105E+6	7.41656E+4	1.52827E+6
3.57000E+1	2.48213E+4	7.75610E+4	2.13005E+6	1.20339E+6	7.40367E+4	1.50994E+6
3.58000E+1	2.48454E+4	7.79999E+4	2.36018E+6	1.26471E+6	7.46517E+4	1.58611E+6
3.59000E+1	2.50612E+4	7.80652E+4	2.37095E+6	1.29232E+6	7.47746E+4	1.61329E+6
3.60000E+1	2.51061E+4	7.80550E+4	2.37647E+6	1.26477E+6	7.44221E+4	1.60538E+6
3.61000E+1	2.50597E+4	7.77868E+4	2.32918E+6	1.28970E+6	7.44103E+4	1.61140E+6
3.62000E+1	2.51893E+4	7.81347E+4	2.29969E+6	1.26034E+6	7.45712E+4	1.57311E+6
3.63000E+1	2.50179E+4	7.76017E+4	2.23103E+6	1.23777E+6	7.45103E+4	1.56889E+6
3.64000E+1	2.49480E+4	7.74494E+4	2.30602E+6	1.25874E+6	7.44093E+4	1.58749E+6
3.65000E+1	2.50653E+4	7.75082E+4	2.23788E+6	1.25270E+6	7.43574E+4	1.58620E+6
3.66000E+1	2.49002E+4	7.70950E+4	2.12685E+6	1.21438E+6	7.42302E+4	1.51195E+6
3.67000E+1	2.47892E+4	7.70617E+4	2.15746E+6	1.21940E+6	7.40377E+4	1.51345E+6
3.68000E+1	2.50663E+4	7.69729E+4	2.23876E+6	1.23783E+6	7.41901E+4	1.57809E+6
3.69000E+1	2.52232E+4	7.75428E+4	2.32197E+6	1.25886E+6	7.46497E+4	1.59439E+6
3.70000E+1	2.51479E+4	7.73541E+4	2.34506E+6	1.26850E+6	7.46154E+4	1.61480E+6
3.71000E+1	2.52697E+4	7.71820E+4	2.30844E+6	1.25856E+6	7.44417E+4	1.60557E+6
3.72000E+1	2.53096E+4	7.71810E+4	2.48043E+6	1.27975E+6	7.46782E+4	1.61366E+6
3.73000E+1	2.53567E+4	7.72234E+4	2.30658E+6	1.28871E+6	7.45947E+4	1.63125E+6
3.74000E+1	2.52222E+4	7.67683E+4	2.28953E+6	1.24829E+6	7.42253E+4	1.56477E+6
3.75000E+1	2.52227E+4	7.67350E+4	2.23735E+6	1.22924E+6	7.41774E+4	1.52775E+6
3.76000E+1	2.51217E+4	7.62904E+4	2.26694E+6	1.23237E+6	7.39519E+4	1.52019E+6
3.77000E+1	2.52004E+4	7.67904E+4	2.23788E+6	1.25796E+6	7.42135E+4	1.56352E+6
3.78000E+1	2.51041E+4	7.64046E+4	2.19044E+6	1.23904E+6	7.40846E+4	1.53633E+6
3.79000E+1	2.51061E+4	7.64658E+4	2.16934E+6	1.24560E+6	7.39802E+4	1.53470E+6
3.80000E+1	2.52747E+4	7.65732E+4	2.32349E+6	1.29853E+6	7.43858E+4	1.61822E+6
3.81000E+1	2.53182E+4	7.68317E+4	2.41275E+6	1.33533E+6	7.47540E+4	1.62788E+6
3.82000E+1	2.54474E+4	7.68488E+4	2.40525E+6	1.31523E+6	7.48642E+4	1.61357E+6
3.83000E+1	2.54443E+4	7.64688E+4	2.34467E+6	1.28357E+6	7.50131E+4	1.58712E+6
3.84000E+1	2.53243E+4	7.62834E+4	2.34141E+6	1.29821E+6	7.56141E+4	1.57456E+6
3.85000E+1	2.55032E+4	7.65400E+4	2.40747E+6	1.31620E+6	7.52334E+4	1.60914E+6
3.86000E+1	2.56149E+4	7.64688E+4	2.43844E+6	1.32596E+6	7.54335E+4	1.65583E+6
3.87000E+1	2.55636E+4	7.65692E+4	2.49315E+6	1.32629E+6	7.54642E+4	1.64841E+6
3.88000E+1	2.55788E+4	7.66365E+4	2.56073E+6	1.34313E+6	7.55218E+4	1.65325E+6
3.89000E+1	2.58349E+4	7.65752E+4	2.50294E+6	1.36389E+6	7.60834E+4	1.64243E+6
3.90000E+1	2.57386E+4	7.59666E+4	2.48258E+6	1.32433E+6	7.56837E+4	1.59052E+6
3.91000E+1	2.55961E+4	7.56947E+4	2.28880E+6	1.29107E+6	7.52384E+4	1.53255E+6
3.92000E+1	2.55118E+4	7.55516E+4	2.23506E+6	1.26207E+6	7.50970E+4	1.55113E+6
3.93000E+1	2.56439E+4	7.57882E+4	2.34602E+6	1.25411E+6	7.46547E+4	1.57248E+6
3.94000E+1	2.58191E+4	7.59736E+4	2.41867E+6	1.30118E+6	7.43554E+4	1.59810E+6
3.95000E+1	2.56449E+4	7.57583E+4	2.38778E+6	1.28388E+6	7.43838E+4	1.60015E+6
3.96000E+1	2.57452E+4	7.59277E+4	2.47209E+6	1.30511E+6	7.44848E+4	1.61206E+6
3.97000E+1	2.57095E+4	7.55188E+4	2.39880E+6	1.30843E+6	7.42390E+4	1.58154E+6
3.98000E+1	2.58104E+4	7.55585E+4	2.25152E+6	1.26904E+6	7.40065E+4	1.56023E+6
3.99000E+1	2.59682E+4	7.58539E+4	2.34602E+6	1.30099E+6	7.42468E+4	1.60267E+6
4.00000E+1	2.61217E+4	7.58450E+4	2.54666E+6	1.32938E+6	7.45721E+4	1.67076E+6
4.01000E+1	2.58762E+4	7.55814E+4	2.44635E+6	1.32126E+6	7.42262E+4	1.60594E+6
4.02000E+1	2.59048E+4	7.51375E+4	2.32424E+6	1.28209E+6	7.42566E+4	1.57014E+6
4.03000E+1	2.60936E+4	7.51020E+4	2.38320E+6	1.27450E+6	7.42546E+4	1.57510E+6
4.04000E+1	2.63667E+4	7.54295E+4	2.39799E+6	1.27798E+6	7.42223E+4	1.59708E+6
4.05000E+1	2.62998E+4	7.55486E+4	2.48818E+6	1.31549E+6	7.46556E+4	1.64409E+6
4.06000E+1	2.62808E+4	7.55635E+4	2.43906E+6	1.33679E+6	7.42879E+4	1.59449E+6
4.07000E+1	2.62536E+4	7.54504E+4	2.46826E+6	1.30894E+6	7.41549E+4	1.60099E+6
4.08000E+1	2.61202E+4	7.50644E+4	2.29895E+6	1.27310E+6	7.39295E+4	1.57900E+6
4.09000E+1	2.63569E+4	7.55416E+4	2.58141E+6	1.34764E+6	7.42938E+4	1.64282E+6
4.10000E+1	2.64439E+4	7.54702E+4	2.61567E+6	1.34052E+6	7.46360E+4	1.69534E+6
4.11000E+1	2.65036E+4	7.55883E+4	2.60549E+6	1.37523E+6	7.46812E+4	1.67096E+6
4.12000E+1	2.64851E+4	7.56479E+4	2.68937E+6	1.38108E+6	7.45270E+4	1.69016E+6
4.13000E+1	2.66694E+4	7.56758E+4	2.58792E+6	1.37404E+6	7.46881E+4	1.69130E+6
4.14000E+1	2.64500E+4	7.51889E+4	2.56850E+6	1.35191E+6	7.42673E+4	1.66945E+6
4.15000E+1	2.64140E+4	7.48120E+4	2.33910E+6	1.31498E+6	7.44573E+4	1.59181E+6
4.16000E+1	2.63214E+4	7.47648E+4	2.33700E+6	1.30264E+6	7.41803E+4	1.60136E+6
4.17000E+1	2.65439E+4	7.52404E+4	2.45874E+6	1.32393E+6	7.46016E+4	1.65236E+6
4.18000E+1	2.68251E+4	7.53077E+4	2.45958E+6	1.33327E+6	7.45221E+4	1.63231E+6
4.19000E+1	2.68884E+4	7.55794E+4	2.65985E+6	1.37285E+6	7.48780E+4	1.69794E+6
4.20000E+1	2.70817E+4	7.58191E+4	2.62568E+6	1.36327E+6	7.49303E+4	1.66945E+6
4.21000E+1	2.72964E+4	7.55903E+4	2.54486E+6	1.35880E+6	7.46488E+4	1.64576E+6
4.22000E+1	2.73408E+4	7.57862E+4	2.61567E+6	1.35354E+6	7.53413E+4	1.68041E+6
4.23000E+1	2.74951E+4	7.54960E+4	2.57172E+6	1.32918E+6	7.47766E+4	1.65961E+6
4.24000E+1	2.74883E+4	7.51692E+4	2.56759E+6	1.35572E+6	7.49776E+4	1.62375E+6
4.25000E+1	2.76151E+4	7.56191E+4	2.63891E+6	1.34650E+6	7.50190E+4	1.65563E+6
4.26000E+1	2.79402E+4	7.57185E+4	2.77142E+6	1.40375E+6	7.53473E+4	1.69057E+6
4.27000E+1	2.79924E+4	7.56927E+4	2.69590E+6	1.39118E+6	7.52997E+4	1.68255E+6
4.28000E+1	2.83804E+4	7.60544E+4	2.93541E+6	1.44815E+6	7.55734E+4	1.74157E+6
4.29000E+1	2.85192E+4	7.58420E+4	2.89297E+6	1.42623E+6	7.50684E+4	1.71741E+6
4.30000E+1	2.85719E+4	7.57086E+4	2.84358E+6	1.40747E+6	7.49253E+4	1.69773E+6
4.31000E+1	2.88612E+4	7.56102E+4	2.66280E+6	1.37903E+6	7.47914E+4	1.66572E+6
4.32000E+1	2.89104E+4	7.54266E+4	2.80637E+6	1.39737E+6	7.49105E+4	1.64116E+6
4.33000E+1	2.93725E+4	7.59476E+4	2.95453E+6	1.42795E+6	7.50121E+4	1.70295E+6
4.34000E+1	2.98048E+4	7.60844E+4	3.24845E+6	1.47983E+6	7.54573E+4	1.78610E+6
4.35000E+1	3.00348E+4	7.62874E+4	3.20918E+6	1.47678E+6	7.50585E+4	1.75322E+6
4.36000E+1	3.00958E+4	7.63815E+4	3.28940E+6	1.49484E+6	7.51178E+4	1.78576E+6
4.37000E+1	3.04096E+4	7.63685E+4	3.27760E+6	1.52057E+6	7.49559E+4	1.77166E+6
4.38000E+1	3.06714E+4	7.64587E+4	3.45557E+6	1.52762E+6	7.50921E+4	1.80556E+6
4.39000E+1	3.09692E+4	7.65421E+4	3.37050E+6	1.54261E+6	7.50644E+4	1.82124E+6
4.40000E+1	3.11911E+4	7.64858E+4	3.39158E+6	1.55992E+6	7.50674E+4	1.83779E+6
4.41000E+1	3.14189E+4	7.61783E+4	3.19968E+6	1.50590E+6	7.47835E+4	1.77222E+6
4.42000E+1	3.14612E+4	7.55307E+4	3.12662E+6	1.48458E+6	7.46694E+4	1.72029E+6
4.43000E+1	3.18537E+4	7.62634E+4	3.36353E+6	1.55346E+6	7.53720E+4	1.79347E+6
4.44000E+1	3.20917E+4	7.63545E+4	3.56688E+6	1.59722E+6	7.55099E+4	1.80112E+6
4.45000E+1	3.26273E+4	7.62994E+4	3.46660E+6	1.56490E+6	7.49539E+4	1.80978E+6
4.46000E+1	3.27543E+4	7.57285E+4	3.21059E+6	1.52788E+6	7.45977E+4	1.75377E+6
4.47000E+1	3.29084E+4	7.57663E+4	3.36933E+6	1.55381E+6	7.47481E+4	1.75588E+6
4.48000E+1	3.35569E+4	7.64427E+4	3.74541E+6	1.62256E+6	7.51998E+4	1.85537E+6
4.49000E+1	3.38108E+4	7.66305E+4	3.75784E+6	1.61305E+6	7.49342E+4	1.85796E+6
4.50000E+1	3.42715E+4	7.65481E+4	3.88564E+6	1.65598E+6	7.49293E+4	1.85377E+6
4.51000E+1	3.46572E+4	7.63334E+4	3.91659E+6	1.63595E+6	7.49805E+4	1.83237E+6
4.52000E+1	3.50550E+4	7.62393E+4	3.44582E+6	1.56589E+6	7.45702E+4	1.77630E+6
4.53000E+1	3.52551E+4	7.59187E+4	3.52788E+6	1.58634E+6	7.42174E+4	1.72136E+6
4.54000E+1	3.59381E+4	7.60804E+4	3.52322E+6	1.54951E+6	7.39353E+4	1.78691E+6
4.55000E+1	3.66653E+4	7.65049E+4	3.83013E+6	1.60984E+6	7.42918E+4	1.85784E+6
4.56000E+1	3.77185E+4	7.66626E+4	4.27494E+6	1.66859E+6	7.46379E+4	1.90359E+6
4.57000E+1	3.82023E+4	7.61373E+4	3.80541E+6	1.61088E+6	7.40748E+4	1.80287E+6
4.58000E+1	3.88552E+4	7.61603E+4	3.76697E+6	1.59713E+6	7.40904E+4	1.78450E+6
4.59000E+1	3.95864E+4	7.61383E+4	4.00530E+6	1.60029E+6	7.39275E+4	1.82386E+6
4.60000E+1	4.05318E+4	7.63545E+4	4.32484E+6	1.68087E+6	7.48514E+4	1.84630E+6
4.61000E+1	4.13729E+4	7.68871E+4	4.69312E+6	1.77352E+6	7.48426E+4	1.90929E+6
4.62000E+1	4.26784E+4	7.70566E+4	4.97858E+6	1.78022E+6	7.51593E+4	1.96312E+6
4.63000E+1	4.35076E+4	7.68478E+4	4.64985E+6	1.72505E+6	7.50407E+4	1.90294E+6
4.64000E+1	4.40550E+4	7.63535E+4	4.42020E+6	1.70353E+6	7.45996E+4	1.79879E+6
4.65000E+1	4.50730E+4	7.64989E+4	4.20755E+6	1.70332E+6	7.43123E+4	1.78909E+6
4.66000E+1	4.58995E+4	7.64618E+4	4.48091E+6	1.73033E+6	7.44877E+4	1.84398E+6
4.67000E+1	4.69376E+4	7.72477E+4	5.22972E+6	1.80760E+6	7.49362E+4	1.92966E+6
4.68000E+1	4.81721E+4	7.71243E+4	5.43600E+6	1.83834E+6	7.53126E+4	1.96257E+6
4.69000E+1	4.89335E+4	7.66817E+4	4.82938E+6	1.77579E+6	7.50249E+4	1.86168E+6
4.70000E+1	4.94987E+4	7.66656E+4	4.69831E+6	1.71981E+6	7.45761E+4	1.80860E+6
4.71000E+1	5.04101E+4	7.68801E+4	5.20332E+6	1.84356E+6	7.49076E+4	1.92794E+6
4.72000E+1	5.17795E+4	7.72427E+4	5.54473E+6	1.88077E+6	7.47559E+4	1.98740E+6
4.73000E+1	5.30865E+4	7.75356E+4	6.13552E+6	1.89144E+6	7.41109E+4	2.01614E+6
4.74000E+1	5.39483E+4	7.71597E+4	5.62700E+6	1.80118E+6	7.33631E+4	1.92953E+6
4.75000E+1	5.42727E+4	7.70294E+4	5.40165E+6	1.80048E+6	7.34930E+4	1.89894E+6
4.76000E+1	5.56006E+4	7.74108E+4	5.91558E+6	1.85988E+6	7.35289E+4	1.96834E+6
4.77000E+1	5.68191E+4	7.76047E+4	6.84418E+6	1.96332E+6	7.36521E+4	2.08036E+6
4.78000E+1	5.73158E+4	7.74159E+4	6.38296E+6	1.88736E+6	7.34687E+4	2.02658E+6
4.79000E+1	5.81156E+4	7.72305E+4	6.21545E+6	1.85790E+6	7.31359E+4	1.99232E+6
4.80000E+1	5.89642E+4	7.71233E+4	5.54062E+6	1.87296E+6	7.27976E+4	2.01369E+6
4.81000E+1	5.96379E+4	7.76739E+4	6.90688E+6	1.97145E+6	7.31987E+4	2.04451E+6
4.82000E+1	6.10108E+4	7.78225E+4	6.78106E+6	2.03690E+6	7.30297E+4	2.09330E+6
4.83000E+1	6.15614E+4	7.74534E+4	6.28560E+6	1.88292E+6	7.26496E+4	1.99699E+6
4.84000E+1	6.21489E+4	7.72862E+4	5.87390E+6	1.83689E+6	7.27206E+4	1.94895E+6
4.85000E+1	6.21980E+4	7.72214E+4	5.54781E+6	1.85556E+6	7.23284E+4	1.91949E+6
4.86000E+1	6.30483E+4	7.73439E+4	5.86701E+6	1.91471E+6	7.25670E+4	2.04866E+6
4.87000E+1	6.44686E+4	7.79723E+4	7.04889E+6	1.98214E+6	7.28351E+4	2.10781E+6
4.88000E+1	6.53553E+4	7.80509E+4	7.57760E+6	2.00188E+6	7.28466E+4	2.14761E+6
4.89000E+1	6.56872E+4	7.81092E+4	7.52105E+6	2.04118E+6	7.25920E+4	2.11190E+6
4.90000E+1	6.57199E+4	7.75925E+4	5.81020E+6	1.92377E+6	7.22873E+4	2.00566E+6
4.91000E+1	6.58359E+4	7.76942E+4	5.94722E+6	1.84271E+6	7.19876E+4	1.99628E+6
4.92000E+1	6.65245E+4	7.73267E+4	5.99951E+6	1.87862E+6	7.20085E+4	2.05119E+6
4.93000E+1	6.68378E+4	7.73885E+4	5.72262E+6	1.94591E+6	7.20190E+4	2.04155E+6
4.94000E+1	6.74263E+4	7.75885E+4	6.44862E+6	1.91144E+6	7.16547E+4	2.02950E+6
4.95000E+1	6.77421E+4	7.76515E+4	5.73905E+6	1.89836E+6	7.16537E+4	1.97803E+6
4.96000E+1	6.79163E+4	7.72123E+4	5.69869E+6	1.92364E+6	7.16756E+4	2.02702E+6
4.97000E+1	6.87525E+4	7.78327E+4	6.10560E+6	1.90832E+6	7.16101E+4	2.01889E+6
4.98000E+1	6.87030E+4	7.78092E+4	5.86013E+6	1.91314E+6	7.17924E+4	2.04007E+6
4.99000E+1	6.97966E+4	7.74991E+4	6.06983E+6	1.90611E+6	7.14811E+4	2.07929E+6
5.00000E+1	6.97307E+4	7.76149E+4	5.94251E+6	1.92008E+6	7.15115E+4	2.01643E+6
5.01000E+1	7.01148E+4	7.77654E+4	5.86013E+6	1.94228E+6	7.13344E+4	2.04599E+6
5.02000E+1	7.09995E+4	7.77237E+4	6.30405E+6	1.92311E+6	7.13051E+4	2.04792E+6
5.03000E+1	7.18668E+4	7.85004E+4	6.83642E+6	1.97588E+6	7.16461E+4	2.13983E+6
5.04000E+1	7.22359E+4	7.84173E+4	7.20709E+6	2.02928E+6	7.16044E+4	2.17713E+6
5.05000E+1	7.26507E+4	7.84912E+4	7.26954E+6	2.05845E+6	7.15598E+4	2.17296E+6
5.06000E+1	7.31081E+4	7.82718E+4	6.68184E+6	2.00075E+6	7.11672E+4	2.14583E+6
5.07000E+1	7.36349E+4	7.80458E+4	6.69817E+6	1.97574E+6	7.13694E+4	2.11775E+6
5.08000E+1	7.34224E+4	7.80132E+4	5.93077E+6	1.91510E+6	7.09814E+4	2.08650E+6
5.09000E+1	7.47138E+4	7.86926E+4	8.34413E+6	2.10522E+6	7.13656E+4	2.29928E+6
5.10000E+1	7.53663E+4	7.87080E+4	8.25998E+6	2.12291E+6	7.14584E+4	2.21414E+6
5.11000E+1	7.48408E+4	7.84296E+4	6.85040E+6	2.00416E+6	7.10135E+4	2.15726E+6
5.12000E+1	7.52109E+4	7.80142E+4	6.24384E+6	1.93132E+6	7.06543E+4	2.13130E+6
5.13000E+1	7.58143E+4	7.84615E+4	7.30824E+6	2.01997E+6	7.09956E+4	2.27578E+6
5.14000E+1	7.64469E+4	7.87399E+4	8.85318E+6	2.17538E+6	7.12248E+4	2.30654E+6
5.15000E+1	7.70831E+4	7.90389E+4	9.44806E+6	2.12307E+6	7.13297E+4	2.30561E+6
5.16000E+1	7.74760E+4	7.89141E+4	8.71587E+6	2.18543E+6	7.09475E+4	2.32326E+6
5.17000E+1	7.77575E+4	7.89718E+4	8.21519E+6	2.17038E+6	7.09683E+4	2.39715E+6
5.18000E+1	7.78573E+4	7.90699E+4	8.95769E+6	2.20119E+6	7.11493E+4	2.34425E+6
5.19000E+1	7.82966E+4	7.87894E+4	8.52959E+6	2.16492E+6	7.08610E+4	2.41190E+6
5.20000E+1	7.83386E+4	7.87389E+4	7.34913E+6	2.12705E+6	7.04987E+4	2.30635E+6
5.21000E+1	7.78013E+4	7.81184E+4	6.33058E+6	1.97394E+6	7.01753E+4	2.23433E+6
5.22000E+1	7.79868E+4	7.82575E+4	6.00071E+6	2.02447E+6	7.02583E+4	2.17363E+6
5.23000E+1	7.78583E+4	7.80397E+4	6.27773E+6	2.00359E+6	7.01202E+4	2.19023E+6
5.24000E+1	7.85294E+4	7.85189E+4	6.29086E+6	1.98719E+6	7.01883E+4	2.19447E+6
5.25000E+1	7.88978E+4	7.84379E+4	6.66410E+6	1.97200E+6	7.02705E+4	2.19277E+6
5.26000E+1	7.84688E+4	7.86042E+4	6.27904E+6	1.92641E+6	7.01426E+4	2.21035E+6
5.27000E+1	7.87206E+4	7.86175E+4	6.49313E+6	2.01621E+6	7.00997E+4	2.21517E+6
5.28000E+1	7.89380E+4	7.87255E+4	6.36676E+6	1.98075E+6	7.00298E+4	2.25773E+6
5.29000E+1	7.93930E+4	7.87379E+4	6.49453E+6	2.00089E+6	7.01268E+4	2.34579E+6
5.30000E+1	7.89607E+4	7.85939E+4	6.39517E+6	1.99408E+6	6.99777E+4	2.22855E+6
5.31000E+1	7.87525E+4	7.86278E+4	6.19240E+6	2.00359E+6	6.99312E+4	2.19957E+6
5.32000E+1	7.89163E+4	7.86690E+4	6.23995E+6	1.97297E+6	6.98178E+4	2.21414E+6
5.33000E+1	7.89101E+4	7.88471E+4	7.14399E+6	2.05052E+6	7.01370E+4	2.37801E+6
5.34000E+1	7.96069E+4	7.95485E+4	8.27126E+6	2.16889E+6	7.03920E+4	2.50552E+6
5.35000E+1	7.97285E+4	7.87904E+4	7.12208E+6	2.10100E+6	6.97769E+4	2.29392E+6
5.36000E+1	7.91507E+4	7.90131E+4	7.14568E+6	2.04413E+6	6.99535E+4	2.37209E+6
5.37000E+1	7.91704E+4	7.89574E+4	6.59552E+6	2.01247E+6	6.97732E+4	2.32781E+6
5.38000E+1	7.89885E+4	7.87142E+4	6.23478E+6	1.97435E+6	6.94877E+4	2.24988E+6
5.39000E+1	7.92853E+4	7.89502E+4	6.13552E+6	1.98061E+6	6.96831E+4	2.30486E+6
5.40000E+1	7.93443E+4	7.89863E+4	6.09445E+6	1.98606E+6	6.96581E+4	2.26492E+6
5.41000E+1	7.89865E+4	7.88450E+4	6.07596E+6	1.94753E+6	6.96016E+4	2.30449E+6
5.42000E+1	7.91435E+4	7.87286E+4	5.99831E+6	1.98620E+6	6.96813E+4	2.28179E+6
5.43000E+1	7.92822E+4	7.90338E+4	6.04661E+6	1.98270E+6	6.94331E+4	2.26384E+6
5.44000E+1	7.93194E+4	7.91112E+4	6.45692E+6	1.98789E+6	6.96655E+4	2.30486E+6
5.45000E+1	7.91228E+4	7.88914E+4	6.03810E+6	2.02651E+6	6.93896E+4	2.28033E+6
5.46000E+1	7.93443E+4	7.90234E+4	6.53967E+6	1.99975E+6	6.94941E+4	2.30263E+6
5.47000E+1	8.00925E+4	7.95703E+4	7.71484E+6	2.07936E+6	6.98494E+4	2.46334E+6
5.48000E+1	8.05282E+4	7.98814E+4	7.77432E+6	2.12291E+6	6.98233E+4	2.53002E+6
5.49000E+1	8.08311E+4	7.98012E+4	7.67764E+6	2.10318E+6	6.99461E+4	2.51716E+6
5.50000E+1	8.06448E+4	7.97429E+4	7.23125E+6	2.11989E+6	6.98261E+4	2.51893E+6
5.51000E+1	8.12238E+4	8.00797E+4	8.11397E+6	2.15767E+6	6.99516E+4	2.54166E+6
5.52000E+1	8.15354E+4	7.99012E+4	8.05784E+6	2.19370E+6	6.99302E+4	2.55408E+6
5.53000E+1	8.12535E+4	8.01445E+4	8.46766E+6	2.10069E+6	6.98837E+4	2.51363E+6
5.54000E+1	8.16480E+4	8.02188E+4	7.69718E+6	2.11577E+6	6.97017E+4	2.56365E+6
5.55000E+1	8.14611E+4	8.03801E+4	9.03230E+6	2.15915E+6	6.99423E+4	2.55977E+6
5.56000E+1	8.18215E+4	8.01675E+4	7.71681E+6	2.18375E+6	6.98503E+4	2.53560E+6
5.57000E+1	8.15206E+4	8.00494E+4	7.90221E+6	2.10663E+6	6.97212E+4	2.53047E+6
5.58000E+1	8.11794E+4	7.97970E+4	6.77801E+6	2.07860E+6	6.94608E+4	2.44089E+6
5.59000E+1	8.14802E+4	7.96836E+4	7.04396E+6	1.98957E+6	6.94210E+4	2.38914E+6
5.60000E+1	8.12334E+4	7.94862E+4	6.13802E+6	1.97435E+6	6.91736E+4	2.31722E+6
5.61000E+1	8.19302E+4	7.96326E+4	6.25553E+6	1.97574E+6	6.92649E+4	2.37091E+6
5.62000E+1	8.15323E+4	7.96961E+4	6.55105E+6	2.00473E+6	6.90879E+4	2.38674E+6
5.63000E+1	8.25690E+4	8.04314E+4	6.89425E+6	2.11577E+6	6.92991E+4	2.50792E+6
5.64000E+1	8.25132E+4	8.05017E+4	7.53230E+6	2.12849E+6	6.95052E+4	2.56045E+6
5.65000E+1	8.18854E+4	7.96805E+4	6.39110E+6	1.97643E+6	6.88855E+4	2.32952E+6
5.66000E+1	8.25003E+4	8.00348E+4	6.58111E+6	1.97894E+6	6.89480E+4	2.36053E+6
5.67000E+1	8.30676E+4	8.07582E+4	7.55299E+6	2.11103E+6	6.95275E+4	2.56274E+6
5.68000E+1	8.29273E+4	8.08720E+4	7.55111E+6	2.13765E+6	6.92594E+4	2.55840E+6
5.69000E+1	8.28239E+4	8.03518E+4	7.31001E+6	2.04770E+6	6.92548E+4	2.52269E+6
5.70000E+1	8.26958E+4	7.99534E+4	6.72208E+6	2.05008E+6	6.91653E+4	2.41638E+6
5.71000E+1	8.26668E+4	8.01361E+4	6.70861E+6	2.07448E+6	6.87468E+4	2.45596E+6
5.72000E+1	8.26174E+4	7.98502E+4	6.12302E+6	1.98019E+6	6.87725E+4	2.38118E+6
5.73000E+1	8.28099E+4	8.01194E+4	6.09816E+6	1.97172E+6	6.89783E+4	2.40946E+6
5.74000E+1	8.33888E+4	8.07487E+4	7.59092E+6	2.13443E+6	6.93314E+4	2.61396E+6
5.75000E+1	8.28831E+4	8.01801E+4	6.71609E+6	2.04517E+6	6.90289E+4	2.45954E+6
5.76000E+1	8.34679E+4	8.04598E+4	6.64939E+6	1.99947E+6	6.89360E+4	2.49246E+6
5.77000E+1	8.40685E+4	8.09352E+4	8.26449E+6	2.20614E+6	6.92852E+4	2.71384E+6
5.78000E+1	8.41624E+4	8.09975E+4	7.67569E+6	2.11782E+6	6.92843E+4	2.59768E+6
5.79000E+1	8.41362E+4	8.06110E+4	8.33037E+6	2.15406E+6	6.90833E+4	2.55749E+6
5.80000E+1	8.33346E+4	8.03518E+4	6.51561E+6	2.08151E+6	6.87468E+4	2.41170E+6
5.81000E+1	8.41744E+4	8.07666E+4	9.16312E+6	2.09648E+6	6.92363E+4	2.64225E+6
5.82000E+1	8.36666E+4	8.01748E+4	6.19240E+6	2.00673E+6	6.86817E+4	2.43549E+6
5.83000E+1	8.42717E+4	8.04755E+4	7.37244E+6	2.07326E+6	6.87212E+4	2.50333E+6
5.84000E+1	8.45391E+4	8.10123E+4	9.64592E+6	2.13684E+6	6.91597E+4	2.69233E+6
5.85000E+1	8.42028E+4	8.06131E+4	6.92115E+6	2.05366E+6	6.88294E+4	2.53650E+6
5.86000E+1	8.37753E+4	8.04168E+4	6.38838E+6	2.00602E+6	6.85745E+4	2.42868E+6
5.87000E+1	8.47302E+4	8.09511E+4	7.63307E+6	2.09245E+6	6.88451E+4	2.56182E+6
5.88000E+1	8.52881E+4	8.10661E+4	8.33954E+6	2.12227E+6	6.90197E+4	2.63693E+6
5.89000E+1	8.52881E+4	8.12543E+4	9.05925E+6	2.19387E+6	6.90759E+4	2.67883E+6
5.90000E+1	8.51754E+4	8.09795E+4	7.93744E+6	2.13926E+6	6.90023E+4	2.66152E+6
5.91000E+1	8.57739E+4	8.11422E+4	8.77637E+6	2.20272E+6	6.90059E+4	2.76052E+6
5.92000E+1	8.54930E+4	8.11517E+4	8.35563E+6	2.14623E+6	6.89461E+4	2.81013E+6
5.93000E+1	8.51456E+4	8.09901E+4	8.20185E+6	2.14705E+6	6.88285E+4	2.61586E+6
5.94000E+1	8.50528E+4	8.10080E+4	7.31532E+6	2.08166E+6	6.86946E+4	2.60969E+6
5.95000E+1	8.52649E+4	8.03381E+4	6.16446E+6	1.99423E+6	6.83752E+4	2.48404E+6
5.96000E+1	8.56683E+4	8.10038E+4	6.96429E+6	2.05455E+6	6.85855E+4	2.48469E+6
5.97000E+1	8.57261E+4	8.13443E+4	8.00671E+6	2.18880E+6	6.87331E+4	2.71589E+6
5.98000E+1	8.59163E+4	8.12670E+4	8.77383E+6	2.19795E+6	6.88350E+4	2.78177E+6
5.99000E+1	8.60812E+4	8.12649E+4	8.12268E+6	2.13106E+6	6.86414E+4	2.80959E+6
6.00000E+1	8.55041E+4	8.09911E+4	6.88638E+6	2.06870E+6	6.84620E+4	2.55522E+6
6.01000E+1	8.51732E+4	8.07466E+4	6.52974E+6	1.99310E+6	6.80398E+4	2.52602E+6
6.02000E+1	8.57839E+4	8.10619E+4	7.98770E+6	2.10240E+6	6.85087E+4	2.69711E+6
6.03000E+1	8.59230E+4	8.10608E+4	8.43468E+6	2.11087E+6	6.84885E+4	2.71767E+6
6.04000E+1	8.59152E+4	8.11855E+4	7.55488E+6	2.15406E+6	6.86267E+4	2.67411E+6
6.05000E+1	8.54896E+4	8.09099E+4	7.29588E+6	2.08350E+6	6.82009E+4	2.62971E+6
6.06000E+1	8.55340E+4	8.07603E+4	5.87390E+6	1.96703E+6	6.80843E+4	2.41699E+6
6.07000E+1	8.54132E+4	8.08909E+4	5.92258E+6	2.00831E+6	6.79725E+4	2.47205E+6
6.08000E+1	8.54520E+4	8.07045E+4	6.34393E+6	1.98075E+6	6.79861E+4	2.39213E+6
6.09000E+1	8.55573E+4	8.09215E+4	5.80233E+6	1.98719E+6	6.78689E+4	2.44966E+6
6.10000E+1	8.58573E+4	8.09827E+4	6.21416E+6	1.95785E+6	6.77618E+4	2.43467E+6
6.11000E+1	8.56183E+4	8.08235E+4	5.79113E+6	1.95037E+6	6.78989E+4	2.44861E+6
6.12000E+1	8.55118E+4	8.09489E+4	6.01152E+6	1.93478E+6	6.79934E+4	2.41454E+6
6.13000E+1	8.58206E+4	8.09933E+4	6.26074E+6	1.95173E+6	6.79534E+4	2.46334E+6
6.14000E+1	8.60322E+4	8.12226E+4	6.70712E+6	2.01376E+6	6.80789E+4	2.59020E+6
6.15000E+1	8.69509E+4	8.15936E+4	8.52240E+6	2.14040E+6	6.84510E+4	2.75185E+6
6.16000E+1	8.70027E+4	8.18351E+4	8.16647E+6	2.16906E+6	6.84090E+4	2.74844E+6
6.17000E+1	8.68913E+4	8.15480E+4	7.04231E+6	1.99961E+6	6.81153E+4	2.71257E+6
6.18000E+1	8.61940E+4	8.08899E+4	6.19751E+6	1.94726E+6	6.78045E+4	2.48061E+6
6.19000E+1	8.64938E+4	8.09975E+4	6.28298E+6	1.98831E+6	6.78798E+4	2.48254E+6
6.20000E+1	8.67350E+4	8.16096E+4	6.91956E+6	2.00131E+6	6.79652E+4	2.52269E+6
6.21000E+1	8.73922E+4	8.17116E+4	7.26081E+6	2.10789E+6	6.81244E+4	2.68231E+6
6.22000E+1	8.72893E+4	8.17063E+4	8.47713E+6	2.18240E+6	6.82921E+4	2.78739E+6
6.23000E+1	8.66721E+4	8.11358E+4	6.43345E+6	1.96979E+6	6.77501E+4	2.50180E+6
6.24000E+1	8.69037E+4	8.11432E+4	5.95903E+6	1.94713E+6	6.77464E+4	2.44048E+6
6.25000E+1	8.73357E+4	8.15905E+4	7.11201E+6	2.03470E+6	6.78571E+4	2.58461E+6
6.26000E+1	8.80484E+4	8.18021E+4	8.94449E+6	2.18089E+6	6.81663E+4	2.76898E+6
6.27000E+1	8.75825E+4	8.16106E+4	8.33725E+6	2.15701E+6	6.80034E+4	2.67933E+6
6.28000E+1	8.68643E+4	8.11813E+4	5.80458E+6	1.91536E+6	6.75970E+4	2.50661E+6
6.29000E+1	8.71448E+4	8.11707E+4	6.66410E+6	1.98620E+6	6.77609E+4	2.53114E+6
6.30000E+1	8.75134E+4	8.18266E+4	6.97073E+6	2.07906E+6	6.78380E+4	2.60756E+6
6.31000E+1	8.81396E+4	8.22761E+4	8.72338E+6	2.15948E+6	6.80097E+4	2.79143E+6
6.32000E+1	8.75553E+4	8.18074E+4	6.84418E+6	2.03030E+6	6.77410E+4	2.66743E+6
6.33000E+1	8.73515E+4	8.14981E+4	6.08704E+6	1.98733E+6	6.75771E+4	2.51650E+6
6.34000E+1	8.83474E+4	8.22686E+4	8.20185E+6	2.12865E+6	6.80307E+4	2.78177E+6
6.35000E+1	8.76199E+4	8.15458E+4	6.76888E+6	2.03016E+6	6.76106E+4	2.64978E+6
6.36000E+1	8.71245E+4	8.11750E+4	5.95076E+6	1.95771E+6	6.74225E+4	2.51451E+6
6.37000E+1	8.78038E+4	8.15352E+4	6.27380E+6	1.99338E+6	6.73756E+4	2.50311E+6
6.38000E+1	8.77527E+4	8.19748E+4	6.53116E+6	1.99578E+6	6.77156E+4	2.57536E+6
6.39000E+1	8.82880E+4	8.22515E+4	8.11615E+6	2.17588E+6	6.78090E+4	2.75578E+6
6.40000E+1	8.81499E+4	8.23982E+4	8.37641E+6	2.17771E+6	6.79625E+4	2.82164E+6
6.41000E+1	8.73334E+4	8.26021E+4	7.57191E+6	2.17238E+6	6.79016E+4	2.75973E+6
6.42000E+1	8.71798E+4	8.18820E+4	6.90214E+6	2.09804E+6	6.75228E+4	2.64201E+6
6.43000E+1	8.68654E+4	8.17255E+4	5.80346E+6	1.94645E+6	6.74063E+4	2.57352E+6
6.44000E+1	8.68677E+4	8.17425E+4	6.31464E+6	1.98382E+6	6.75653E+4	2.54436E+6
6.45000E+1	8.73515E+4	8.19172E+4	6.88638E+6	2.07159E+6	6.77900E+4	2.59183E+6
6.46000E+1	8.76131E+4	8.23222E+4	7.41223E+6	2.09338E+6	6.78989E+4	2.72383E+6
6.47000E+1	8.75542E+4	8.27612E+4	7.66402E+6	2.11592E+6	6.78135E+4	2.74062E+6
6.48000E+1	8.76313E+4	8.25548E+4	7.60428E+6	2.17471E+6	6.77800E+4	2.71435E+6
6.49000E+1	8.75802E+4	8.30242E+4	8.23529E+6	2.15079E+6	6.79916E+4	2.81369E+6
6.50000E+1	8.73979E+4	8.27989E+4	8.56815E+6	2.14396E+6	6.80853E+4	2.79899E+6
6.51000E+1	8.71448E+4	8.23211E+4	7.67569E+6	2.15849E+6	6.79797E+4	2.71614E+6
6.52000E+1	8.60199E+4	8.22911E+4	7.73655E+6	2.03499E+6	6.77927E+4	2.64637E+6
6.53000E+1	8.51588E+4	8.18522E+4	5.87505E+6	1.95976E+6	6.74821E+4	2.49138E+6
6.54000E+1	8.51191E+4	8.22333E+4	5.81020E+6	1.95676E+6	6.73846E+4	2.47141E+6
6.55000E+1	8.55207E+4	8.24529E+4	6.16446E+6	2.11166E+6	6.75572E+4	2.57882E+6
6.56000E+1	8.57483E+4	8.29508E+4	8.07503E+6	2.17922E+6	6.79070E+4	2.77429E+6
6.57000E+1	8.47708E+4	8.26945E+4	6.89583E+6	2.09028E+6	6.79270E+4	2.60945E+6
6.58000E+1	8.47159E+4	8.22183E+4	5.51613E+6	1.97048E+6	6.75481E+4	2.51474E+6
6.59000E+1	8.52561E+4	8.26075E+4	6.62454E+6	1.98550E+6	6.77800E+4	2.59300E+6
6.60000E+1	8.52141E+4	8.30846E+4	6.98202E+6	2.10037E+6	6.79888E+4	2.80496E+6
6.61000E+1	8.56439E+4	8.34005E+4	8.09013E+6	2.18947E+6	6.81645E+4	2.81177E+6
6.62000E+1	8.52339E+4	8.33214E+4	7.59283E+6	2.08243E+6	6.80862E+4	2.71333E+6
6.63000E+1	8.51908E+4	8.28797E+4	6.73560E+6	2.00359E+6	6.79134E+4	2.62803E+6
6.64000E+1	8.48985E+4	8.26311E+4	5.86930E+6	1.95676E+6	6.77954E+4	2.51407E+6
6.65000E+1	8.51334E+4	8.30371E+4	6.14933E+6	2.00060E+6	6.79797E+4	2.57697E+6
6.66000E+1	8.59831E+4	8.39123E+4	8.09446E+6	2.14363E+6	6.83734E+4	2.80007E+6
6.67000E+1	8.56194E+4	8.37936E+4	7.82053E+6	2.15849E+6	6.82638E+4	2.81177E+6
6.68000E+1	8.50407E+4	8.31095E+4	6.69520E+6	1.99507E+6	6.79243E+4	2.64808E+6
6.69000E+1	8.47719E+4	8.29778E+4	5.70519E+6	1.95173E+6	6.80325E+4	2.56251E+6
6.70000E+1	8.53578E+4	8.38110E+4	7.81649E+6	2.06130E+6	6.80843E+4	2.75920E+6
6.71000E+1	8.47049E+4	8.35958E+4	6.51702E+6	2.01376E+6	6.79034E+4	2.59300E+6
6.72000E+1	8.48071E+4	8.37784E+4	7.24513E+6	2.12243E+6	6.81016E+4	2.75158E+6
6.73000E+1	8.44787E+4	8.32057E+4	6.41016E+6	1.99663E+6	6.79089E+4	2.66817E+6
6.74000E+1	8.57038E+4	8.37088E+4	7.99825E+6	2.09508E+6	6.82337E+4	2.84716E+6
6.75000E+1	8.48644E+4	8.34363E+4	6.08704E+6	2.01939E+6	6.77047E+4	2.61633E+6
6.76000E+1	8.48148E+4	8.33994E+4	6.47776E+6	1.96827E+6	6.78725E+4	2.61728E+6
6.77000E+1	8.53578E+4	8.38361E+4	7.85300E+6	2.19489E+6	6.79670E+4	2.90014E+6
6.78000E+1	8.46433E+4	8.36034E+4	7.37424E+6	2.05590E+6	6.79688E+4	2.68306E+6
6.79000E+1	8.41384E+4	8.29605E+4	6.49733E+6	1.97936E+6	6.77981E+4	2.58392E+6
6.80000E+1	8.44974E+4	8.36772E+4	7.01938E+6	1.96717E+6	6.76604E+4	2.64104E+6
6.81000E+1	8.44919E+4	8.34579E+4	6.56676E+6	2.03911E+6	6.80407E+4	2.71921E+6
6.82000E+1	8.38396E+4	8.33691E+4	6.84107E+6	2.02753E+6	6.77129E+4	2.65637E+6
6.83000E+1	8.37884E+4	8.31732E+4	5.82939E+6	1.94497E+6	6.75834E+4	2.60804E+6
6.84000E+1	8.43254E+4	8.37740E+4	7.60046E+6	2.10428E+6	6.78362E+4	2.73932E+6
6.85000E+1	8.36166E+4	8.33658E+4	6.63767E+6	1.97838E+6	6.77247E+4	2.59393E+6
6.86000E+1	8.32080E+4	8.29972E+4	5.80795E+6	1.91772E+6	6.73999E+4	2.54414E+6
6.87000E+1	8.40619E+4	8.36120E+4	7.19850E+6	2.08843E+6	6.77945E+4	2.77137E+6
6.88000E+1	8.31983E+4	8.28495E+4	6.13051E+6	1.98368E+6	6.74081E+4	2.61253E+6
6.89000E+1	8.38319E+4	8.35762E+4	7.54922E+6	2.03030E+6	6.76187E+4	2.71002E+6
6.90000E+1	8.33151E+4	8.32413E+4	6.21673E+6	1.93705E+6	6.75536E+4	2.66373E+6
6.91000E+1	8.37851E+4	8.34894E+4	7.49495E+6	2.02186E+6	6.77183E+4	2.69007E+6
6.92000E+1	8.32329E+4	8.33452E+4	6.07228E+6	1.91995E+6	6.77727E+4	2.59745E+6
6.93000E+1	8.31821E+4	8.32446E+4	6.27773E+6	1.92827E+6	6.75038E+4	2.58508E+6
6.94000E+1	8.38668E+4	8.38415E+4	6.84729E+6	1.99267E+6	6.79506E+4	2.72588E+6
6.95000E+1	8.32005E+4	8.37251E+4	7.74447E+6	2.10365E+6	6.77374E+4	2.75185E+6
6.96000E+1	8.26818E+4	8.31289E+4	5.79561E+6	1.94916E+6	6.74830E+4	2.57053E+6
6.97000E+1	8.31615E+4	8.36175E+4	6.52691E+6	2.00702E+6	6.76966E+4	2.66768E+6
6.98000E+1	8.23117E+4	8.36197E+4	5.82939E+6	1.93132E+6	6.74117E+4	2.60144E+6
6.99000E+1	8.33411E+4	8.38578E+4	7.23992E+6	2.06145E+6	6.76124E+4	2.73026E+6
7.00000E+1	8.18801E+4	8.32695E+4	6.26857E+6	1.95186E+6	6.75418E+4	2.65466E+6
