0.00000E+0	5.03868E+4	8.88817E+4	5.48571E+6	1.40529E+6	8.06501E+4	3.45912E+6
1.00000E-1	4.44862E+4	8.13437E+4	5.16723E+6	1.35963E+6	7.50202E+4	3.57283E+6
2.00000E-1	4.43089E+4	8.12505E+4	5.44876E+6	1.33334E+6	7.48034E+4	3.53711E+6
3.00000E-1	4.41594E+4	8.12166E+4	5.08107E+6	1.32800E+6	7.46499E+4	3.79301E+6
4.00000E-1	4.42264E+4	8.13416E+4	5.38794E+6	1.38484E+6	7.44801E+4	3.52098E+6
5.00000E-1	4.41561E+4	8.15006E+4	5.23880E+6	1.35368E+6	7.45380E+4	3.51972E+6
6.00000E-1	4.41266E+4	8.12240E+4	5.09060E+6	1.35607E+6	7.45252E+4	3.46566E+6
7.00000E-1	4.39695E+4	8.12103E+4	4.93157E+6	1.34039E+6	7.50390E+4	3.48543E+6
8.00000E-1	4.38148E+4	8.09009E+4	5.47467E+6	1.38271E+6	7.53049E+4	3.64822E+6
9.00000E-1	4.39174E+4	8.15495E+4	5.24340E+6	1.38207E+6	7.48556E+4	3.60704E+6
1.00000E+0	4.38687E+4	8.15218E+4	5.35036E+6	1.36142E+6	7.47532E+4	3.50207E+6
1.10000E+0	4.38174E+4	8.14168E+4	4.95946E+6	1.36944E+6	7.48368E+4	3.53668E+6
1.20000E+0	4.37814E+4	8.13257E+4	5.12731E+6	1.36729E+6	7.47138E+4	3.69868E+6
1.30000E+0	4.35866E+4	8.13543E+4	5.13348E+6	1.37692E+6	7.46047E+4	3.55638E+6
1.40000E+0	4.34519E+4	8.12706E+4	5.30574E+6	1.37174E+6	7.45792E+4	3.68386E+6
1.50000E+0	4.35188E+4	8.13458E+4	5.00271E+6	1.36480E+6	7.44301E+4	3.66048E+6
1.60000E+0	4.33737E+4	8.17099E+4	5.06383E+6	1.36535E+6	7.47148E+4	3.64280E+6
1.70000E+0	4.33101E+4	8.15112E+4	5.29916E+6	1.38129E+6	7.46529E+4	3.47469E+6
1.80000E+0	4.34572E+4	8.15484E+4	5.02377E+6	1.37384E+6	7.45822E+4	3.64461E+6
1.90000E+0	4.34359E+4	8.15176E+4	4.92506E+6	1.37000E+6	7.47492E+4	3.64099E+6
2.00000E+0	4.33531E+4	8.15134E+4	5.13525E+6	1.34120E+6	7.44919E+4	3.66733E+6
2.10000E+0	4.32499E+4	8.15123E+4	5.42211E+6	1.34173E+6	7.44566E+4	3.74861E+6
2.20000E+0	4.34061E+4	8.16514E+4	4.87273E+6	1.34522E+6	7.47522E+4	3.58066E+6
2.30000E+0	4.35454E+4	8.16026E+4	5.21776E+6	1.34516E+6	7.47345E+4	3.71549E+6
2.40000E+0	4.33988E+4	8.13755E+4	5.22689E+6	1.35402E+6	7.49768E+4	3.83197E+6
2.50000E+0	4.33922E+4	8.19603E+4	5.02461E+6	1.32945E+6	7.51061E+4	3.70287E+6
2.60000E+0	4.33425E+4	8.13606E+4	5.61109E+6	1.34482E+6	7.47778E+4	3.69636E+6
2.70000E+0	4.34028E+4	8.17450E+4	5.22323E+6	1.35443E+6	7.50577E+4	3.62483E+6
2.80000E+0	4.33353E+4	8.14635E+4	5.16366E+6	1.36500E+6	7.49157E+4	3.64009E+6
2.90000E+0	4.32969E+4	8.18057E+4	5.19418E+6	1.38619E+6	7.47276E+4	3.54009E+6
3.00000E+0	4.32989E+4	8.14454E+4	5.25261E+6	1.34833E+6	7.47935E+4	3.58941E+6
3.10000E+0	4.33869E+4	8.19016E+4	5.47567E+6	1.36951E+6	7.47955E+4	3.42117E+6
3.20000E+0	4.30954E+4	8.17472E+4	4.98182E+6	1.37258E+6	7.49048E+4	3.61992E+6
3.30000E+0	4.31376E+4	8.14083E+4	5.10802E+6	1.35232E+6	7.49314E+4	3.64099E+6
3.40000E+0	4.31495E+4	8.15505E+4	5.05354E+6	1.35280E+6	7.49245E+4	3.59205E+6
3.50000E+0	4.33399E+4	8.17259E+4	5.09755E+6	1.34013E+6	7.50212E+4	3.58810E+6
3.60000E+0	4.31310E+4	8.18419E+4	5.05098E+6	1.33793E+6	7.49620E+4	3.66596E+6
3.70000E+0	4.32142E+4	8.15367E+4	5.35802E+6	1.34301E+6	7.53386E+4	3.63021E+6
3.80000E+0	4.28517E+4	8.16791E+4	5.58286E+6	1.37056E+6	7.54228E+4	3.65139E+6
3.90000E+0	4.32605E+4	8.15707E+4	5.11589E+6	1.37721E+6	7.51565E+4	3.51045E+6
4.00000E+0	4.32407E+4	8.18068E+4	5.16455E+6	1.34395E+6	7.48772E+4	3.57022E+6
4.10000E+0	4.32493E+4	8.18313E+4	5.24984E+6	1.34961E+6	7.50814E+4	3.74765E+6
4.20000E+0	4.31878E+4	8.18622E+4	5.02292E+6	1.33753E+6	7.46165E+4	3.53030E+6
4.30000E+0	4.31456E+4	8.18942E+4	5.13613E+6	1.37091E+6	7.49995E+4	3.65912E+6
4.40000E+0	4.31390E+4	8.17759E+4	5.07157E+6	1.37433E+6	7.48615E+4	3.77117E+6
4.50000E+0	4.31409E+4	8.16132E+4	4.92750E+6	1.34900E+6	7.50321E+4	3.69033E+6
4.60000E+0	4.28767E+4	8.16812E+4	5.14498E+6	1.36300E+6	7.54377E+4	3.68709E+6
4.70000E+0	4.29702E+4	8.20296E+4	5.05098E+6	1.36625E+6	7.57138E+4	3.69079E+6
4.80000E+0	4.28412E+4	8.18835E+4	5.17618E+6	1.33262E+6	7.50548E+4	3.62931E+6
4.90000E+0	4.28984E+4	8.19325E+4	5.09755E+6	1.33527E+6	7.52930E+4	3.82402E+6
5.00000E+0	4.31720E+4	8.17780E+4	5.24248E+6	1.37889E+6	7.51150E+4	3.64596E+6
5.10000E+0	4.28498E+4	8.17238E+4	4.95040E+6	1.35443E+6	7.56044E+4	3.77697E+6
5.20000E+0	4.26830E+4	8.16355E+4	4.80515E+6	1.36764E+6	7.57486E+4	3.73340E+6
5.30000E+0	4.26155E+4	8.18835E+4	5.15564E+6	1.35949E+6	7.54694E+4	3.75386E+6
5.40000E+0	4.24911E+4	8.17642E+4	5.21230E+6	1.36778E+6	7.51891E+4	3.76201E+6
5.50000E+0	4.24551E+4	8.20414E+4	5.09407E+6	1.36611E+6	7.50025E+4	3.67466E+6
5.60000E+0	4.24231E+4	8.16483E+4	4.86398E+6	1.35477E+6	7.48270E+4	3.57631E+6
5.70000E+0	4.23205E+4	8.22156E+4	4.81914E+6	1.35287E+6	7.50173E+4	3.53157E+6
5.80000E+0	4.25670E+4	8.20723E+4	4.97352E+6	1.33560E+6	7.50636E+4	3.58066E+6
5.90000E+0	4.23401E+4	8.18441E+4	5.13525E+6	1.34167E+6	7.49334E+4	3.63155E+6
6.00000E+0	4.21849E+4	8.20777E+4	4.96855E+6	1.33893E+6	7.51595E+4	3.70101E+6
6.10000E+0	4.22103E+4	8.21867E+4	4.90158E+6	1.34053E+6	7.52613E+4	3.60837E+6
6.20000E+0	4.20906E+4	8.18196E+4	4.98765E+6	1.34846E+6	7.52930E+4	3.55854E+6
6.30000E+0	4.19677E+4	8.20136E+4	5.12379E+6	1.35853E+6	7.50449E+4	3.58372E+6
6.40000E+0	4.19307E+4	8.20723E+4	4.94630E+6	1.34563E+6	7.50923E+4	3.69961E+6
6.50000E+0	4.17823E+4	8.19923E+4	4.73863E+6	1.34853E+6	7.50834E+4	3.68525E+6
6.60000E+0	4.20061E+4	8.16281E+4	5.01111E+6	1.32886E+6	7.52920E+4	3.57196E+6
6.70000E+0	4.17318E+4	8.17365E+4	4.86081E+6	1.31815E+6	7.48733E+4	3.68248E+6
6.80000E+0	4.15747E+4	8.16504E+4	4.81836E+6	1.33275E+6	7.48093E+4	3.53711E+6
6.90000E+0	4.15482E+4	8.17536E+4	4.83478E+6	1.30398E+6	7.50725E+4	3.43078E+6
7.00000E+0	4.13619E+4	8.19197E+4	5.01617E+6	1.33268E+6	7.59099E+4	3.57848E+6
7.10000E+0	4.13780E+4	8.18792E+4	5.30198E+6	1.34745E+6	7.60217E+4	3.69682E+6
7.20000E+0	4.12661E+4	8.21332E+4	4.83086E+6	1.33315E+6	7.56770E+4	3.56545E+6
7.30000E+0	4.11081E+4	8.15240E+4	4.77434E+6	1.34120E+6	7.55975E+4	3.51592E+6
7.40000E+0	4.13156E+4	8.19773E+4	5.00943E+6	1.32767E+6	7.52208E+4	3.49124E+6
7.50000E+0	4.11671E+4	8.21824E+4	5.30763E+6	1.34013E+6	7.55726E+4	3.35917E+6
7.60000E+0	4.09940E+4	8.21493E+4	4.93811E+6	1.31337E+6	7.56760E+4	3.53242E+6
7.70000E+0	4.10786E+4	8.18760E+4	4.99936E+6	1.31731E+6	7.58173E+4	3.49082E+6
7.80000E+0	4.09204E+4	8.18835E+4	4.83949E+6	1.33295E+6	7.59339E+4	3.48460E+6
7.90000E+0	4.09383E+4	8.21076E+4	5.24524E+6	1.32049E+6	7.58810E+4	3.42236E+6
8.00000E+0	4.07555E+4	8.20595E+4	4.93239E+6	1.32062E+6	7.58760E+4	3.45138E+6
8.10000E+0	4.09940E+4	8.21974E+4	4.89514E+6	1.33766E+6	7.55726E+4	3.61814E+6
8.20000E+0	4.06987E+4	8.19037E+4	4.91613E+6	1.31860E+6	7.55061E+4	3.56979E+6
8.30000E+0	4.07006E+4	8.17770E+4	4.81603E+6	1.31835E+6	7.58481E+4	3.51508E+6
8.40000E+0	4.06885E+4	8.20488E+4	4.90803E+6	1.34421E+6	7.59947E+4	3.40131E+6
8.50000E+0	4.05414E+4	8.19325E+4	4.95616E+6	1.31886E+6	7.57685E+4	3.50542E+6
8.60000E+0	4.04905E+4	8.21257E+4	5.10365E+6	1.31260E+6	7.63276E+4	3.47223E+6
8.70000E+0	4.04790E+4	8.19453E+4	4.65487E+6	1.34644E+6	7.56372E+4	3.36109E+6
8.80000E+0	4.03952E+4	8.22380E+4	5.07761E+6	1.31712E+6	7.51753E+4	3.57239E+6
8.90000E+0	4.03526E+4	8.20574E+4	4.90965E+6	1.28921E+6	7.54615E+4	3.44044E+6
9.00000E+0	4.02550E+4	8.23279E+4	4.75376E+6	1.31860E+6	7.57944E+4	3.43038E+6
9.10000E+0	4.01973E+4	8.17376E+4	4.92424E+6	1.30321E+6	7.60256E+4	3.63021E+6
9.20000E+0	4.02093E+4	8.18803E+4	4.83165E+6	1.30754E+6	7.60776E+4	3.53327E+6
9.30000E+0	4.00474E+4	8.19027E+4	5.02292E+6	1.33011E+6	7.62235E+4	3.44935E+6
9.40000E+0	4.01524E+4	8.20403E+4	4.78124E+6	1.31770E+6	7.59488E+4	3.37972E+6
9.50000E+0	4.02474E+4	8.20488E+4	4.59091E+6	1.31093E+6	7.59020E+4	3.51929E+6
9.60000E+0	3.99912E+4	8.18121E+4	4.97352E+6	1.31789E+6	7.59967E+4	3.48875E+6
9.70000E+0	4.00120E+4	8.17961E+4	5.02885E+6	1.28487E+6	7.59448E+4	3.57761E+6
9.80000E+0	3.98543E+4	8.21428E+4	4.78124E+6	1.29189E+6	7.59967E+4	3.51171E+6
9.90000E+0	3.99508E+4	8.20467E+4	4.87991E+6	1.30607E+6	7.59748E+4	3.42998E+6
1.00000E+1	3.99653E+4	8.18281E+4	4.85052E+6	1.28803E+6	7.56352E+4	3.53370E+6
1.01000E+1	3.99861E+4	8.19272E+4	4.92424E+6	1.29822E+6	7.58003E+4	3.41479E+6
1.02000E+1	3.99924E+4	8.18771E+4	4.65851E+6	1.29408E+6	7.58701E+4	3.29374E+6
1.03000E+1	3.99773E+4	8.16536E+4	5.09320E+6	1.30467E+6	7.59797E+4	3.48999E+6
1.04000E+1	3.98102E+4	8.23729E+4	4.71909E+6	1.29508E+6	7.56879E+4	3.50124E+6
1.05000E+1	3.98631E+4	8.19091E+4	4.93321E+6	1.30773E+6	7.56024E+4	3.34534E+6
1.06000E+1	3.99192E+4	8.21471E+4	4.86478E+6	1.28025E+6	7.56302E+4	3.34152E+6
1.07000E+1	3.97429E+4	8.18856E+4	4.72434E+6	1.30550E+6	7.59817E+4	3.33543E+6
1.08000E+1	3.96548E+4	8.17397E+4	4.77357E+6	1.32938E+6	7.58073E+4	3.47017E+6
1.09000E+1	3.98959E+4	8.19091E+4	4.81447E+6	1.26712E+6	7.55190E+4	3.37349E+6
1.10000E+1	4.02131E+4	8.17493E+4	4.88391E+6	1.29596E+6	7.57575E+4	3.37116E+6
1.11000E+1	4.00853E+4	8.19293E+4	4.93893E+6	1.29992E+6	7.56601E+4	3.36612E+6
1.12000E+1	3.98071E+4	8.17631E+4	4.72059E+6	1.32361E+6	7.61735E+4	3.50584E+6
1.13000E+1	3.99994E+4	8.16961E+4	4.80128E+6	1.30131E+6	7.57297E+4	3.34879E+6
1.14000E+1	3.98360E+4	8.19805E+4	5.07502E+6	1.31550E+6	7.59319E+4	3.49041E+6
1.15000E+1	3.97888E+4	8.18089E+4	5.01364E+6	1.32886E+6	7.53831E+4	3.61414E+6
1.16000E+1	3.95174E+4	8.18494E+4	4.79201E+6	1.28037E+6	7.56432E+4	3.41240E+6
1.17000E+1	3.98323E+4	8.17259E+4	4.54876E+6	1.30081E+6	7.58063E+4	3.50375E+6
1.18000E+1	3.97976E+4	8.18377E+4	4.66070E+6	1.29002E+6	7.55438E+4	3.41041E+6
1.19000E+1	3.96517E+4	8.23622E+4	4.97435E+6	1.32676E+6	7.63707E+4	3.50249E+6
1.20000E+1	3.94378E+4	8.20072E+4	4.79047E+6	1.29476E+6	7.60846E+4	3.40764E+6
1.21000E+1	3.95751E+4	8.20179E+4	4.79896E+6	1.29214E+6	7.63166E+4	3.36573E+6
1.22000E+1	3.94378E+4	8.19709E+4	4.90077E+6	1.29045E+6	7.60746E+4	3.46607E+6
1.23000E+1	3.94371E+4	8.17621E+4	4.96193E+6	1.28685E+6	7.62205E+4	3.56329E+6
1.24000E+1	3.92295E+4	8.19400E+4	4.87034E+6	1.29885E+6	7.64519E+4	3.41558E+6
1.25000E+1	3.91159E+4	8.22691E+4	4.59304E+6	1.30697E+6	7.61835E+4	3.40012E+6
1.26000E+1	3.92058E+4	8.20232E+4	4.97186E+6	1.28425E+6	7.63006E+4	3.30304E+6
1.27000E+1	3.89646E+4	8.19613E+4	4.53903E+6	1.29164E+6	7.62636E+4	3.27455E+6
1.28000E+1	3.93301E+4	8.15983E+4	4.87034E+6	1.30959E+6	7.64610E+4	3.49706E+6
1.29000E+1	3.88167E+4	8.16419E+4	4.66802E+6	1.29860E+6	7.62205E+4	3.48709E+6
1.30000E+1	3.89907E+4	8.17270E+4	4.42673E+6	1.27518E+6	7.58362E+4	3.30528E+6
1.31000E+1	3.86759E+4	8.17344E+4	4.37582E+6	1.28468E+6	7.62255E+4	3.41280E+6
1.32000E+1	3.87391E+4	8.19517E+4	4.72434E+6	1.29307E+6	7.63687E+4	3.31765E+6
1.33000E+1	3.87224E+4	8.18952E+4	4.65487E+6	1.29942E+6	7.64449E+4	3.47634E+6
1.34000E+1	3.84192E+4	8.17866E+4	4.69231E+6	1.27536E+6	7.64680E+4	3.33315E+6
1.35000E+1	3.86858E+4	8.16855E+4	4.54737E+6	1.28080E+6	7.65804E+4	3.43843E+6
1.36000E+1	3.84328E+4	8.20617E+4	4.51284E+6	1.30646E+6	7.61665E+4	3.31352E+6
1.37000E+1	3.85144E+4	8.16568E+4	4.53142E+6	1.27341E+6	7.59339E+4	3.39894E+6
1.38000E+1	3.82399E+4	8.16174E+4	4.49917E+6	1.26053E+6	7.59059E+4	3.35224E+6
1.39000E+1	3.80769E+4	8.18355E+4	4.42343E+6	1.25868E+6	7.55031E+4	3.36109E+6
1.40000E+1	3.80726E+4	8.18750E+4	4.61156E+6	1.25430E+6	7.55498E+4	3.46894E+6
1.41000E+1	3.78463E+4	8.17493E+4	4.88471E+6	1.25300E+6	7.61995E+4	3.23610E+6
1.42000E+1	3.81537E+4	8.18505E+4	4.79509E+6	1.28142E+6	7.63286E+4	3.36457E+6
1.43000E+1	3.77558E+4	8.22391E+4	4.59304E+6	1.25406E+6	7.59239E+4	3.39382E+6
1.44000E+1	3.78751E+4	8.14348E+4	4.58879E+6	1.26364E+6	7.58342E+4	3.33923E+6
1.45000E+1	3.77038E+4	8.18057E+4	4.65705E+6	1.25253E+6	7.61855E+4	3.31201E+6
1.46000E+1	3.79474E+4	8.17450E+4	4.33933E+6	1.25088E+6	7.61305E+4	3.26832E+6
1.47000E+1	3.76458E+4	8.18174E+4	4.67682E+6	1.23375E+6	7.58003E+4	3.25812E+6
1.48000E+1	3.76165E+4	8.18739E+4	4.69898E+6	1.27129E+6	7.60436E+4	3.26723E+6
1.49000E+1	3.75208E+4	8.16153E+4	4.39591E+6	1.24322E+6	7.58661E+4	3.24041E+6
1.50000E+1	3.76373E+4	8.18718E+4	4.49372E+6	1.24777E+6	7.62565E+4	3.14202E+6
1.51000E+1	3.74356E+4	8.20328E+4	4.73335E+6	1.24438E+6	7.62716E+4	3.46034E+6
1.52000E+1	3.73170E+4	8.15017E+4	4.46132E+6	1.26023E+6	7.58890E+4	3.33125E+6
1.53000E+1	3.77454E+4	8.18057E+4	4.50804E+6	1.24497E+6	7.59169E+4	3.53711E+6
1.54000E+1	3.74015E+4	8.19891E+4	4.58242E+6	1.24602E+6	7.57725E+4	3.28707E+6
1.55000E+1	3.73164E+4	8.15749E+4	4.58242E+6	1.27353E+6	7.60596E+4	3.31840E+6
1.56000E+1	3.75598E+4	8.15579E+4	4.72884E+6	1.26977E+6	7.57695E+4	3.29894E+6
1.57000E+1	3.75501E+4	8.20275E+4	4.57045E+6	1.25141E+6	7.59448E+4	3.20731E+6
1.58000E+1	3.74465E+4	8.18462E+4	4.61443E+6	1.22651E+6	7.57914E+4	3.30341E+6
1.59000E+1	3.73243E+4	8.15441E+4	4.52039E+6	1.22907E+6	7.59159E+4	3.31577E+6
1.60000E+1	3.74429E+4	8.17333E+4	4.50668E+6	1.23519E+6	7.60147E+4	3.37855E+6
1.61000E+1	3.73328E+4	8.17759E+4	4.34060E+6	1.24783E+6	7.56461E+4	3.26650E+6
1.62000E+1	3.68617E+4	8.17717E+4	4.33172E+6	1.23582E+6	7.58950E+4	3.23145E+6
1.63000E+1	3.71314E+4	8.17142E+4	4.61013E+6	1.24072E+6	7.58940E+4	3.27492E+6
1.64000E+1	3.71629E+4	8.12346E+4	4.63240E+6	1.27347E+6	7.59957E+4	3.22396E+6
1.65000E+1	3.73018E+4	8.13299E+4	4.57607E+6	1.24293E+6	7.61985E+4	3.22823E+6
1.66000E+1	3.70914E+4	8.17993E+4	4.56693E+6	1.23192E+6	7.59209E+4	3.18317E+6
1.67000E+1	3.72702E+4	8.15633E+4	4.23698E+6	1.24994E+6	7.57366E+4	3.40684E+6
1.68000E+1	3.70726E+4	8.15388E+4	4.43202E+6	1.25928E+6	7.58611E+4	3.26358E+6
1.69000E+1	3.70533E+4	8.14762E+4	4.34632E+6	1.22572E+6	7.63096E+4	3.35071E+6
1.70000E+1	3.69662E+4	8.15410E+4	4.58030E+6	1.21283E+6	7.59059E+4	3.23431E+6
1.71000E+1	3.72508E+4	8.16727E+4	4.32351E+6	1.27909E+6	7.61205E+4	3.27528E+6
1.72000E+1	3.69626E+4	8.16004E+4	4.38876E+6	1.25182E+6	7.59997E+4	3.28522E+6
1.73000E+1	3.70073E+4	8.16961E+4	4.49372E+6	1.26496E+6	7.64299E+4	3.10222E+6
1.74000E+1	3.69378E+4	8.14401E+4	4.06641E+6	1.22981E+6	7.60936E+4	3.13830E+6
1.75000E+1	3.69867E+4	8.18910E+4	4.56553E+6	1.25365E+6	7.58661E+4	3.24834E+6
1.76000E+1	3.72909E+4	8.16982E+4	4.50190E+6	1.24473E+6	7.62035E+4	3.19432E+6
1.77000E+1	3.71799E+4	8.14041E+4	4.22490E+6	1.23709E+6	7.62335E+4	3.18874E+6
1.78000E+1	3.69480E+4	8.14486E+4	4.46400E+6	1.22510E+6	7.60227E+4	3.43198E+6
1.79000E+1	3.73164E+4	8.12357E+4	4.44130E+6	1.24572E+6	7.61555E+4	3.31277E+6
1.80000E+1	3.70799E+4	8.15240E+4	4.40439E+6	1.23830E+6	7.61535E+4	3.17210E+6
1.81000E+1	3.72150E+4	8.13861E+4	4.41816E+6	1.26256E+6	7.59728E+4	3.12317E+6
1.82000E+1	3.74630E+4	8.18696E+4	4.71909E+6	1.25506E+6	7.59049E+4	3.19118E+6
1.83000E+1	3.71108E+4	8.16089E+4	4.52797E+6	1.25424E+6	7.59468E+4	3.26942E+6
1.84000E+1	3.72035E+4	8.15824E+4	4.44263E+6	1.26947E+6	7.61875E+4	3.21792E+6
1.85000E+1	3.72314E+4	8.11690E+4	4.56553E+6	1.24009E+6	7.60077E+4	3.19118E+6
1.86000E+1	3.73924E+4	8.15601E+4	4.25524E+6	1.23467E+6	7.60826E+4	3.25340E+6
1.87000E+1	3.73103E+4	8.17706E+4	4.71909E+6	1.28333E+6	7.62305E+4	3.18422E+6
1.88000E+1	3.73918E+4	8.13003E+4	4.48897E+6	1.25518E+6	7.60177E+4	3.27455E+6
1.89000E+1	3.71205E+4	8.11965E+4	4.51558E+6	1.26310E+6	7.60177E+4	3.33277E+6
1.90000E+1	3.74301E+4	8.13977E+4	4.55294E+6	1.25294E+6	7.61265E+4	3.24545E+6
1.91000E+1	3.72872E+4	8.16461E+4	4.54181E+6	1.26869E+6	7.62465E+4	3.28412E+6
1.92000E+1	3.74928E+4	8.13130E+4	4.36937E+6	1.24953E+6	7.60996E+4	3.26613E+6
1.93000E+1	3.74161E+4	8.15654E+4	4.59162E+6	1.28604E+6	7.58671E+4	3.25159E+6
1.94000E+1	3.73717E+4	8.12823E+4	4.63817E+6	1.28722E+6	7.59059E+4	3.16693E+6
1.95000E+1	3.73018E+4	8.14486E+4	4.64179E+6	1.24625E+6	7.63156E+4	3.33011E+6
1.96000E+1	3.76226E+4	8.16142E+4	4.52039E+6	1.24549E+6	7.62305E+4	3.31014E+6
1.97000E+1	3.73328E+4	8.12071E+4	5.05269E+6	1.26845E+6	7.61315E+4	3.28818E+6
1.98000E+1	3.73158E+4	8.11511E+4	4.54112E+6	1.26664E+6	7.59777E+4	3.22431E+6
1.99000E+1	3.72235E+4	8.15218E+4	4.31282E+6	1.23124E+6	7.61915E+4	3.26613E+6
2.00000E+1	3.71811E+4	8.11775E+4	4.26504E+6	1.24631E+6	7.60097E+4	3.22574E+6
2.01000E+1	3.70569E+4	8.11955E+4	4.86795E+6	1.24328E+6	7.61005E+4	3.16110E+6
2.02000E+1	3.70866E+4	8.14306E+4	4.42541E+6	1.26796E+6	7.61305E+4	3.26249E+6
2.03000E+1	3.72551E+4	8.11468E+4	4.28663E+6	1.25247E+6	7.62876E+4	3.13392E+6
2.04000E+1	3.71762E+4	8.11299E+4	4.35654E+6	1.23147E+6	7.62966E+4	3.19572E+6
2.05000E+1	3.72029E+4	8.13776E+4	4.26074E+6	1.27365E+6	7.67856E+4	3.23431E+6
2.06000E+1	3.71193E+4	8.14391E+4	4.53626E+6	1.26370E+6	7.72631E+4	3.30565E+6
2.07000E+1	3.73735E+4	8.12304E+4	4.42805E+6	1.26107E+6	7.67745E+4	3.24509E+6
2.08000E+1	3.71950E+4	8.13532E+4	4.24853E+6	1.23980E+6	7.63988E+4	3.14915E+6
2.09000E+1	3.72502E+4	8.11532E+4	4.19676E+6	1.25530E+6	7.62125E+4	3.18248E+6
2.10000E+1	3.72308E+4	8.11733E+4	4.39461E+6	1.25253E+6	7.66397E+4	3.24077E+6
2.11000E+1	3.71271E+4	8.12484E+4	4.40963E+6	1.24718E+6	7.64790E+4	3.16178E+6
2.12000E+1	3.69825E+4	8.11616E+4	4.50531E+6	1.25844E+6	7.65694E+4	3.13729E+6
2.13000E+1	3.69432E+4	8.16142E+4	4.53073E+6	1.27244E+6	7.69135E+4	3.17279E+6
2.14000E+1	3.70272E+4	8.09272E+4	4.40243E+6	1.27050E+6	7.69710E+4	3.28043E+6
2.15000E+1	3.70860E+4	8.07871E+4	4.72209E+6	1.25649E+6	7.65483E+4	3.14983E+6
2.16000E+1	3.71356E+4	8.12780E+4	4.45663E+6	1.26700E+6	7.68067E+4	3.37699E+6
2.17000E+1	3.70962E+4	8.09030E+4	4.24792E+6	1.26352E+6	7.68621E+4	3.22574E+6
2.18000E+1	3.71732E+4	8.11775E+4	4.34187E+6	1.25637E+6	7.68803E+4	3.36805E+6
2.19000E+1	3.72411E+4	8.09620E+4	4.68492E+6	1.27341E+6	7.70700E+4	3.28929E+6
2.20000E+1	3.71120E+4	8.10370E+4	4.74089E+6	1.27299E+6	7.68863E+4	3.11582E+6
2.21000E+1	3.73936E+4	8.04623E+4	4.51558E+6	1.24584E+6	7.66096E+4	3.15392E+6
2.22000E+1	3.75074E+4	8.10169E+4	4.48626E+6	1.25928E+6	7.64840E+4	3.10222E+6
2.23000E+1	3.75105E+4	8.12061E+4	4.35079E+6	1.25572E+6	7.61615E+4	3.33087E+6
2.24000E+1	3.75208E+4	8.10243E+4	4.44729E+6	1.27408E+6	7.70013E+4	3.43762E+6
2.25000E+1	3.76397E+4	8.13341E+4	4.66363E+6	1.29470E+6	7.70568E+4	3.16453E+6
2.26000E+1	3.75397E+4	8.11151E+4	4.51695E+6	1.27165E+6	7.63537E+4	3.33733E+6
2.27000E+1	3.75592E+4	8.08418E+4	4.48693E+6	1.27566E+6	7.65744E+4	3.29671E+6
2.28000E+1	3.78280E+4	8.12304E+4	4.65705E+6	1.29583E+6	7.71175E+4	3.29336E+6
2.29000E+1	3.75190E+4	8.10792E+4	4.69083E+6	1.30359E+6	7.66799E+4	3.28375E+6
2.30000E+1	3.79744E+4	8.12685E+4	4.66363E+6	1.27092E+6	7.70225E+4	3.24654E+6
2.31000E+1	3.74587E+4	8.08608E+4	4.42409E+6	1.26778E+6	7.65774E+4	3.32784E+6
2.32000E+1	3.76379E+4	8.08703E+4	4.62879E+6	1.29332E+6	7.66618E+4	3.18979E+6
2.33000E+1	3.74812E+4	8.08123E+4	4.39656E+6	1.32159E+6	7.72662E+4	3.20309E+6
2.34000E+1	3.76379E+4	8.07502E+4	4.44196E+6	1.30062E+6	7.70740E+4	3.23181E+6
2.35000E+1	3.75641E+4	8.08039E+4	4.57326E+6	1.30112E+6	7.71872E+4	3.23252E+6
2.36000E+1	3.75166E+4	8.08471E+4	4.36294E+6	1.28413E+6	7.72500E+4	3.21863E+6
2.37000E+1	3.73693E+4	8.10063E+4	4.47342E+6	1.29002E+6	7.70175E+4	3.27088E+6
2.38000E+1	3.70254E+4	8.10422E+4	4.34760E+6	1.28382E+6	7.69287E+4	3.24834E+6
2.39000E+1	3.60322E+4	8.07776E+4	4.32982E+6	1.29033E+6	7.63868E+4	3.21650E+6
2.40000E+1	3.51326E+4	8.06955E+4	4.15144E+6	1.25430E+6	7.60636E+4	3.19467E+6
2.41000E+1	3.45603E+4	8.06639E+4	4.27365E+6	1.24275E+6	7.57974E+4	3.10388E+6
2.42000E+1	3.38160E+4	8.07502E+4	4.37324E+6	1.23473E+6	7.60516E+4	3.16144E+6
2.43000E+1	3.33853E+4	8.12039E+4	3.91705E+6	1.22754E+6	7.60396E+4	3.33429E+6
2.44000E+1	3.25859E+4	8.11172E+4	3.90410E+6	1.21460E+6	7.62686E+4	3.36922E+6
2.45000E+1	3.23220E+4	8.11035E+4	3.74156E+6	1.22273E+6	7.62125E+4	3.18422E+6
2.46000E+1	3.17894E+4	8.08629E+4	3.70623E+6	1.21233E+6	7.63777E+4	3.29633E+6
2.47000E+1	3.12072E+4	8.14242E+4	3.48014E+6	1.21941E+6	7.64379E+4	3.32104E+6
2.48000E+1	3.09487E+4	8.08429E+4	3.33627E+6	1.19465E+6	7.71903E+4	3.20943E+6
2.49000E+1	3.05934E+4	8.09451E+4	3.39508E+6	1.22403E+6	7.78665E+4	3.36187E+6
2.50000E+1	3.01340E+4	8.12177E+4	3.35424E+6	1.18468E+6	7.76070E+4	3.24942E+6
2.51000E+1	2.98938E+4	8.08050E+4	3.34733E+6	1.22273E+6	7.78430E+4	3.27088E+6
2.52000E+1	2.97847E+4	8.10370E+4	3.26475E+6	1.20220E+6	7.74364E+4	3.14677E+6
2.53000E+1	2.95036E+4	8.12441E+4	3.14922E+6	1.17210E+6	7.78278E+4	3.19293E+6
2.54000E+1	2.94529E+4	8.10148E+4	3.29233E+6	1.15787E+6	7.73847E+4	3.30453E+6
2.55000E+1	2.89425E+4	8.10433E+4	3.12391E+6	1.18070E+6	7.73837E+4	3.38323E+6
2.56000E+1	2.91674E+4	8.10940E+4	3.10626E+6	1.15355E+6	7.82168E+4	3.20520E+6
2.57000E+1	2.89988E+4	8.11130E+4	3.21622E+6	1.17012E+6	7.77758E+4	3.27749E+6
2.58000E+1	2.88451E+4	8.08640E+4	3.19300E+6	1.15350E+6	7.75937E+4	3.23002E+6
2.59000E+1	2.86993E+4	8.08029E+4	3.09274E+6	1.16510E+6	7.80113E+4	3.18665E+6
2.60000E+1	2.86001E+4	8.09536E+4	3.18707E+6	1.17069E+6	7.85879E+4	3.24401E+6
2.61000E+1	2.85703E+4	8.08134E+4	3.15433E+6	1.16825E+6	7.83919E+4	3.19677E+6
2.62000E+1	2.85815E+4	8.07618E+4	3.13398E+6	1.14201E+6	7.81830E+4	3.23933E+6
2.63000E+1	2.82865E+4	8.11384E+4	3.01394E+6	1.15532E+6	7.80501E+4	3.24545E+6
2.64000E+1	2.83836E+4	8.13161E+4	3.05766E+6	1.16438E+6	7.80859E+4	3.19642E+6
2.65000E+1	2.82372E+4	8.09177E+4	3.04773E+6	1.13929E+6	7.84391E+4	3.11516E+6
2.66000E+1	2.82923E+4	8.10201E+4	3.04741E+6	1.14346E+6	7.84996E+4	3.30117E+6
2.67000E+1	2.83199E+4	8.10739E+4	3.05253E+6	1.12888E+6	7.82280E+4	3.31314E+6
2.68000E+1	2.83358E+4	8.09589E+4	3.00864E+6	1.14871E+6	7.86188E+4	3.13830E+6
2.69000E+1	2.82054E+4	8.13861E+4	3.05253E+6	1.14560E+6	7.85510E+4	3.31352E+6
2.70000E+1	2.80172E+4	8.11997E+4	3.15604E+6	1.16001E+6	7.85982E+4	3.21049E+6
2.71000E+1	2.80721E+4	8.13808E+4	2.97782E+6	1.18367E+6	7.86373E+4	3.23467E+6
2.72000E+1	2.81409E+4	8.13426E+4	3.06055E+6	1.13983E+6	7.86620E+4	3.08252E+6
2.73000E+1	2.81261E+4	8.16196E+4	3.23331E+6	1.14755E+6	7.93029E+4	3.12284E+6
2.74000E+1	2.81705E+4	8.17844E+4	3.07965E+6	1.14181E+6	7.91538E+4	3.06242E+6
2.75000E+1	2.81197E+4	8.15155E+4	3.19265E+6	1.15991E+6	7.92366E+4	3.12217E+6
2.76000E+1	2.81975E+4	8.13077E+4	3.08259E+6	1.15406E+6	7.92438E+4	3.08416E+6
2.77000E+1	2.81345E+4	8.17972E+4	3.07218E+6	1.17434E+6	7.94387E+4	3.07991E+6
2.78000E+1	2.80785E+4	8.16323E+4	3.17320E+6	1.15173E+6	7.95809E+4	3.23610E+6
2.79000E+1	2.80943E+4	8.18963E+4	3.20562E+6	1.16211E+6	7.93339E+4	3.21437E+6
2.80000E+1	2.82632E+4	8.19464E+4	3.22759E+6	1.15062E+6	7.95559E+4	3.21367E+6
2.81000E+1	2.80595E+4	8.19571E+4	3.18220E+6	1.14505E+6	7.99567E+4	3.28892E+6
2.82000E+1	2.80262E+4	8.19400E+4	3.12558E+6	1.14495E+6	7.99880E+4	3.06564E+6
2.83000E+1	2.80568E+4	8.22284E+4	3.11090E+6	1.16835E+6	8.00214E+4	3.10884E+6
2.84000E+1	2.81927E+4	8.21428E+4	3.21692E+6	1.16391E+6	8.02724E+4	3.02989E+6
2.85000E+1	2.79592E+4	8.18654E+4	3.43770E+6	1.20078E+6	8.04149E+4	3.14033E+6
2.86000E+1	2.79581E+4	8.18984E+4	3.11656E+6	1.17649E+6	8.01552E+4	3.01544E+6
2.87000E+1	2.79803E+4	8.24372E+4	3.04933E+6	1.17576E+6	8.04935E+4	3.17037E+6
2.88000E+1	2.81277E+4	8.20211E+4	3.23546E+6	1.17053E+6	8.05261E+4	3.06210E+6
2.89000E+1	2.80441E+4	8.20702E+4	3.21728E+6	1.18018E+6	8.00350E+4	3.06306E+6
2.90000E+1	2.80695E+4	8.20691E+4	3.06991E+6	1.16618E+6	8.02608E+4	3.09333E+6
2.91000E+1	2.80230E+4	8.21461E+4	3.26730E+6	1.17147E+6	8.02797E+4	3.01138E+6
2.92000E+1	2.81123E+4	8.24158E+4	3.35462E+6	1.17033E+6	8.04432E+4	3.13358E+6
2.93000E+1	2.81647E+4	8.21632E+4	3.28014E+6	1.16109E+6	8.05860E+4	3.06178E+6
2.94000E+1	2.81197E+4	8.21984E+4	3.19055E+6	1.17220E+6	8.04998E+4	3.07861E+6
2.95000E+1	2.83114E+4	8.23012E+4	3.15024E+6	1.18404E+6	8.00392E+4	3.05695E+6
2.96000E+1	2.82727E+4	8.20691E+4	3.23618E+6	1.17413E+6	8.07247E+4	3.10156E+6
2.97000E+1	2.82568E+4	8.23312E+4	3.17010E+6	1.18150E+6	8.11107E+4	3.02958E+6
2.98000E+1	2.82076E+4	8.22498E+4	3.21622E+6	1.18213E+6	8.09502E+4	3.02077E+6
2.99000E+1	2.82367E+4	8.24083E+4	3.30535E+6	1.17064E+6	8.08406E+4	2.96741E+6
3.00000E+1	2.82839E+4	8.25435E+4	3.37123E+6	1.16222E+6	8.05881E+4	3.07796E+6
3.01000E+1	2.80114E+4	8.28532E+4	3.23224E+6	1.15965E+6	8.09259E+4	2.97318E+6
3.02000E+1	2.82515E+4	8.22776E+4	3.25094E+6	1.16587E+6	8.08817E+4	2.99371E+6
3.03000E+1	2.82197E+4	8.22701E+4	3.16185E+6	1.17111E+6	8.11392E+4	3.03337E+6
3.04000E+1	2.80785E+4	8.20862E+4	3.18290E+6	1.18766E+6	8.07784E+4	3.14304E+6
3.05000E+1	2.82261E+4	8.21332E+4	3.29196E+6	1.17476E+6	8.10304E+4	2.95353E+6
3.06000E+1	2.81520E+4	8.22851E+4	3.41168E+6	1.15294E+6	8.00810E+4	3.01263E+6
3.07000E+1	2.81769E+4	8.22915E+4	3.24805E+6	1.15218E+6	8.09513E+4	2.88167E+6
3.08000E+1	2.81806E+4	8.21161E+4	3.16975E+6	1.18293E+6	8.10938E+4	3.04831E+6
3.09000E+1	2.83348E+4	8.22113E+4	3.26876E+6	1.18654E+6	8.07163E+4	2.91088E+6
3.10000E+1	2.82054E+4	8.23751E+4	3.32678E+6	1.17965E+6	8.09776E+4	2.99063E+6
3.11000E+1	2.81679E+4	8.21054E+4	3.22581E+6	1.17581E+6	8.10125E+4	2.92379E+6
3.12000E+1	2.80901E+4	8.21845E+4	3.28271E+6	1.17439E+6	8.11139E+4	3.02706E+6
3.13000E+1	2.83486E+4	8.20926E+4	3.44903E+6	1.18229E+6	8.12344E+4	2.97959E+6
3.14000E+1	2.82256E+4	8.21439E+4	3.18986E+6	1.18638E+6	8.11128E+4	2.89490E+6
3.15000E+1	2.82203E+4	8.18803E+4	3.34504E+6	1.15649E+6	8.11065E+4	2.88368E+6
3.16000E+1	2.82860E+4	8.21877E+4	3.18637E+6	1.16949E+6	8.07711E+4	2.89317E+6
3.17000E+1	2.82489E+4	8.21503E+4	3.16322E+6	1.17194E+6	8.10980E+4	2.93978E+6
3.18000E+1	2.83035E+4	8.20713E+4	3.14108E+6	1.16001E+6	8.04128E+4	2.97410E+6
3.19000E+1	2.82420E+4	8.22027E+4	3.29864E+6	1.15568E+6	8.08627E+4	2.91293E+6
3.20000E+1	2.81816E+4	8.21610E+4	3.23188E+6	1.16371E+6	8.04526E+4	2.93443E+6
3.21000E+1	2.80922E+4	8.19187E+4	3.25420E+6	1.19018E+6	8.11847E+4	2.95624E+6
3.22000E+1	2.85208E+4	8.20552E+4	3.39429E+6	1.17497E+6	8.12164E+4	2.90447E+6
3.23000E+1	2.83534E+4	8.19325E+4	3.29641E+6	1.15884E+6	8.04065E+4	2.87453E+6
3.24000E+1	2.82849E+4	8.21087E+4	3.14616E+6	1.17439E+6	8.04904E+4	2.90098E+6
3.25000E+1	2.83661E+4	8.19539E+4	3.28862E+6	1.16546E+6	8.08153E+4	2.94724E+6
3.26000E+1	2.84809E+4	8.19720E+4	3.24986E+6	1.18697E+6	8.09787E+4	2.98448E+6
3.27000E+1	2.83332E+4	8.19688E+4	3.20809E+6	1.17262E+6	8.07416E+4	2.92526E+6
3.28000E+1	2.82187E+4	8.20168E+4	3.25420E+6	1.16991E+6	8.10125E+4	2.97898E+6
3.29000E+1	2.83693E+4	8.19368E+4	3.33969E+6	1.16701E+6	8.08901E+4	2.81832E+6
3.30000E+1	2.82129E+4	8.21567E+4	3.25348E+6	1.15163E+6	8.11921E+4	2.91967E+6
3.31000E+1	2.83321E+4	8.24533E+4	3.40178E+6	1.14206E+6	8.14972E+4	2.87681E+6
3.32000E+1	2.84463E+4	8.19432E+4	3.33550E+6	1.16165E+6	8.08342E+4	2.88167E+6
3.33000E+1	2.82998E+4	8.18398E+4	3.19195E+6	1.12718E+6	8.07342E+4	2.88339E+6
3.34000E+1	2.83534E+4	8.19645E+4	3.31059E+6	1.14951E+6	8.07111E+4	3.01763E+6
3.35000E+1	2.84511E+4	8.19293E+4	3.39941E+6	1.15863E+6	8.07921E+4	2.81804E+6
3.36000E+1	2.81991E+4	8.18856E+4	3.27866E+6	1.13544E+6	8.06753E+4	2.87909E+6
3.37000E+1	2.82054E+4	8.21225E+4	3.43528E+6	1.15761E+6	8.06963E+4	2.91030E+6
3.38000E+1	2.85085E+4	8.19965E+4	3.42005E+6	1.15380E+6	8.05145E+4	2.94455E+6
3.39000E+1	2.82648E+4	8.19155E+4	3.20879E+6	1.17142E+6	8.07142E+4	2.85499E+6
3.40000E+1	2.82934E+4	8.18260E+4	3.28456E+6	1.14585E+6	8.07500E+4	2.89693E+6
3.41000E+1	2.83555E+4	8.22263E+4	3.42525E+6	1.17335E+6	8.09228E+4	2.82767E+6
3.42000E+1	2.83210E+4	8.19432E+4	3.28899E+6	1.15027E+6	8.07353E+4	2.87681E+6
3.43000E+1	2.85495E+4	8.21621E+4	3.51600E+6	1.13697E+6	8.07290E+4	2.88798E+6
3.44000E+1	2.84920E+4	8.21044E+4	3.32829E+6	1.16088E+6	8.08416E+4	2.91088E+6
3.45000E+1	2.83045E+4	8.23344E+4	3.29567E+6	1.14675E+6	8.08142E+4	2.87767E+6
3.46000E+1	2.83539E+4	8.20638E+4	3.28751E+6	1.15598E+6	8.07111E+4	2.89288E+6
3.47000E+1	2.83406E+4	8.23065E+4	3.30237E+6	1.14425E+6	8.08669E+4	2.87453E+6
3.48000E+1	2.83804E+4	8.22584E+4	3.29010E+6	1.16022E+6	8.11731E+4	2.82574E+6
3.49000E+1	2.83714E+4	8.19155E+4	3.22545E+6	1.17095E+6	8.11318E+4	2.90622E+6
3.50000E+1	2.84660E+4	8.21311E+4	3.46329E+6	1.15868E+6	8.10399E+4	2.84853E+6
3.51000E+1	2.84176E+4	8.21503E+4	3.35539E+6	1.16206E+6	8.09576E+4	2.88224E+6
3.52000E+1	2.85341E+4	8.22070E+4	3.35963E+6	1.14067E+6	8.12556E+4	2.93058E+6
3.53000E+1	2.84245E+4	8.20937E+4	3.25094E+6	1.14490E+6	8.11646E+4	2.90563E+6
3.54000E+1	2.84729E+4	8.24576E+4	3.51938E+6	1.15787E+6	8.11435E+4	2.85414E+6
3.55000E+1	2.85431E+4	8.20520E+4	3.27977E+6	1.16949E+6	8.12386E+4	2.93740E+6
3.56000E+1	2.86369E+4	8.20884E+4	3.38762E+6	1.15624E+6	8.13795E+4	2.86091E+6
3.57000E+1	2.86315E+4	8.24201E+4	3.47107E+6	1.15416E+6	8.12503E+4	2.91147E+6
3.58000E+1	2.84027E+4	8.23912E+4	3.50592E+6	1.16350E+6	8.15015E+4	2.91498E+6
3.59000E+1	2.86726E+4	8.23676E+4	3.29121E+6	1.15259E+6	8.13784E+4	2.87310E+6
3.60000E+1	2.86006E+4	8.22765E+4	3.44214E+6	1.16042E+6	8.14622E+4	2.85893E+6
3.61000E+1	2.85437E+4	8.22712E+4	3.22831E+6	1.16175E+6	8.14611E+4	2.88138E+6
3.62000E+1	2.84915E+4	8.24769E+4	3.31509E+6	1.17262E+6	8.14368E+4	2.96318E+6
3.63000E+1	2.84995E+4	8.24769E+4	3.36040E+6	1.17121E+6	8.21662E+4	2.97806E+6
3.64000E+1	2.85804E+4	8.24019E+4	3.25928E+6	1.17923E+6	8.24349E+4	2.94365E+6
3.65000E+1	2.86614E+4	8.24501E+4	3.38409E+6	1.17178E+6	8.28896E+4	2.85443E+6
3.66000E+1	2.83491E+4	8.26391E+4	3.35232E+6	1.19589E+6	8.23481E+4	2.86855E+6
3.67000E+1	2.85825E+4	8.25821E+4	3.42685E+6	1.16789E+6	8.16874E+4	2.88597E+6
3.68000E+1	2.85660E+4	8.26552E+4	3.29976E+6	1.20334E+6	8.25304E+4	2.93235E+6
3.69000E+1	2.85969E+4	8.24255E+4	3.30460E+6	1.17654E+6	8.23149E+4	2.83459E+6
3.70000E+1	2.84612E+4	8.25682E+4	3.38527E+6	1.17434E+6	8.28185E+4	2.86742E+6
3.71000E+1	2.86566E+4	8.25338E+4	3.31247E+6	1.16892E+6	8.24821E+4	2.90244E+6
3.72000E+1	2.86497E+4	8.25123E+4	3.47478E+6	1.16592E+6	8.27916E+4	2.88827E+6
3.73000E+1	2.85043E+4	8.24641E+4	3.39036E+6	1.16685E+6	8.22903E+4	2.97379E+6
3.74000E+1	2.84755E+4	8.28101E+4	3.53166E+6	1.17823E+6	8.29553E+4	2.92939E+6
3.75000E+1	2.86129E+4	8.27412E+4	3.51096E+6	1.17413E+6	8.19249E+4	2.99958E+6
3.76000E+1	2.85383E+4	8.28779E+4	3.38722E+6	1.16175E+6	8.17768E+4	2.85162E+6
3.77000E+1	2.83879E+4	8.22209E+4	3.30237E+6	1.15269E+6	8.18577E+4	2.88540E+6
3.78000E+1	2.83189E+4	8.22412E+4	3.38527E+6	1.16489E+6	8.26012E+4	2.72534E+6
3.79000E+1	2.86555E+4	8.24340E+4	3.66103E+6	1.18596E+6	8.30794E+4	2.90098E+6
3.80000E+1	2.85261E+4	8.21557E+4	3.56640E+6	1.17986E+6	8.32556E+4	2.92467E+6
3.81000E+1	2.84357E+4	8.25402E+4	3.45594E+6	1.15047E+6	8.27668E+4	2.82354E+6
3.82000E+1	2.85809E+4	8.22787E+4	3.27206E+6	1.15330E+6	8.22046E+4	2.78174E+6
3.83000E+1	2.84378E+4	8.24480E+4	3.42925E+6	1.17319E+6	8.23566E+4	2.95955E+6
3.84000E+1	2.83406E+4	8.22455E+4	3.38958E+6	1.15715E+6	8.26195E+4	2.79167E+6
3.85000E+1	2.83300E+4	8.23269E+4	3.48758E+6	1.16551E+6	8.23127E+4	2.84071E+6
3.86000E+1	2.82425E+4	8.24673E+4	3.38019E+6	1.15375E+6	8.21116E+4	2.78495E+6
3.87000E+1	2.82441E+4	8.21557E+4	3.22831E+6	1.16083E+6	8.25250E+4	2.79545E+6
3.88000E+1	2.82372E+4	8.21910E+4	3.40970E+6	1.16252E+6	8.25014E+4	2.77001E+6
3.89000E+1	2.82494E+4	8.21450E+4	3.39115E+6	1.16093E+6	8.27840E+4	2.86289E+6
3.90000E+1	2.81054E+4	8.20520E+4	3.47478E+6	1.18383E+6	8.29888E+4	2.86543E+6
3.91000E+1	2.81017E+4	8.20531E+4	3.85109E+6	1.18118E+6	8.32340E+4	2.81503E+6
3.92000E+1	2.81435E+4	8.22551E+4	3.48717E+6	1.15649E+6	8.27593E+4	2.89780E+6
3.93000E+1	2.82833E+4	8.20713E+4	3.40772E+6	1.16350E+6	8.29295E+4	2.81941E+6
3.94000E+1	2.82918E+4	8.21215E+4	3.34848E+6	1.14916E+6	8.30460E+4	2.80303E+6
3.95000E+1	2.83353E+4	8.23162E+4	3.28419E+6	1.14811E+6	8.29004E+4	2.83570E+6
3.96000E+1	2.81340E+4	8.22316E+4	3.73586E+6	1.14460E+6	8.25594E+4	2.82602E+6
3.97000E+1	2.81652E+4	8.20937E+4	3.32602E+6	1.15259E+6	8.26410E+4	2.80330E+6
3.98000E+1	2.80949E+4	8.22177E+4	3.48468E+6	1.13958E+6	8.25969E+4	2.84099E+6
3.99000E+1	2.81155E+4	8.21824E+4	3.34045E+6	1.14921E+6	8.30622E+4	2.71867E+6
4.00000E+1	2.80653E+4	8.23408E+4	3.33171E+6	1.15639E+6	8.28099E+4	2.85555E+6
4.01000E+1	2.81361E+4	8.20627E+4	3.36697E+6	1.16685E+6	8.27184E+4	2.86827E+6
4.02000E+1	2.83677E+4	8.21375E+4	3.39665E+6	1.14695E+6	8.28583E+4	2.75261E+6
4.03000E+1	2.82664E+4	8.24008E+4	3.35270E+6	1.16160E+6	8.28583E+4	2.88282E+6
4.04000E+1	2.78385E+4	8.22017E+4	3.56554E+6	1.16924E+6	8.32480E+4	2.79951E+6
4.05000E+1	2.83019E+4	8.22059E+4	3.32489E+6	1.15264E+6	8.31086E+4	2.86600E+6
4.06000E+1	2.80473E+4	8.22498E+4	3.36465E+6	1.17137E+6	8.30060E+4	2.87995E+6
4.07000E+1	2.82171E+4	8.19624E+4	3.34542E+6	1.14206E+6	8.28314E+4	2.80765E+6
4.08000E+1	2.79876E+4	8.20211E+4	3.37085E+6	1.15153E+6	8.29737E+4	2.76551E+6
4.09000E+1	2.81578E+4	8.24158E+4	3.24805E+6	1.15077E+6	8.26388E+4	2.89144E+6
4.10000E+1	2.79317E+4	8.19688E+4	3.37123E+6	1.15797E+6	8.27851E+4	2.80276E+6
4.11000E+1	2.79497E+4	8.20766E+4	3.25747E+6	1.13372E+6	8.25798E+4	2.82961E+6
4.12000E+1	2.81002E+4	8.21247E+4	3.41208E+6	1.16345E+6	8.26926E+4	2.82106E+6
4.13000E+1	2.78880E+4	8.20392E+4	3.35924E+6	1.14301E+6	8.26947E+4	2.70492E+6
4.14000E+1	2.78406E+4	8.19421E+4	3.38488E+6	1.16371E+6	8.27604E+4	2.85274E+6
4.15000E+1	2.80880E+4	8.20734E+4	3.30237E+6	1.15002E+6	8.29381E+4	2.81256E+6
4.16000E+1	2.81398E+4	8.23162E+4	3.25493E+6	1.15634E+6	8.31054E+4	2.84545E+6
4.17000E+1	2.78495E+4	8.18547E+4	3.49174E+6	1.14505E+6	8.30211E+4	2.77055E+6
4.18000E+1	2.78100E+4	8.21717E+4	3.30162E+6	1.13775E+6	8.28562E+4	2.71739E+6
4.19000E+1	2.78753E+4	8.18526E+4	3.31961E+6	1.14346E+6	8.32178E+4	2.81120E+6
4.20000E+1	2.79987E+4	8.18505E+4	3.37551E+6	1.16535E+6	8.29661E+4	2.71509E+6
4.21000E+1	2.79729E+4	8.19944E+4	3.38097E+6	1.15563E+6	8.30233E+4	2.82878E+6
4.22000E+1	2.79249E+4	8.20574E+4	3.36387E+6	1.14356E+6	8.32253E+4	2.80385E+6
4.23000E+1	2.78106E+4	8.19315E+4	3.37551E+6	1.14816E+6	8.29413E+4	2.82464E+6
4.24000E+1	2.79539E+4	8.19400E+4	3.22403E+6	1.13245E+6	8.25808E+4	2.79275E+6
4.25000E+1	2.79338E+4	8.13469E+4	3.33209E+6	1.15884E+6	8.33498E+4	2.80520E+6
4.26000E+1	2.78759E+4	8.18185E+4	3.43770E+6	1.16175E+6	8.31529E+4	2.82216E+6
4.27000E+1	2.78427E+4	8.19837E+4	3.33474E+6	1.15304E+6	8.32913E+4	2.85190E+6
4.28000E+1	2.79639E+4	8.19091E+4	3.32187E+6	1.14740E+6	8.31237E+4	2.81667E+6
4.29000E+1	2.78064E+4	8.18302E+4	3.27059E+6	1.14595E+6	8.32989E+4	2.70087E+6
4.30000E+1	2.80732E+4	8.18377E+4	3.32905E+6	1.15411E+6	8.30913E+4	2.83765E+6
4.31000E+1	2.81377E+4	8.17898E+4	3.47478E+6	1.13805E+6	8.32340E+4	2.71867E+6
4.32000E+1	2.80547E+4	8.18739E+4	3.24805E+6	1.13628E+6	8.27571E+4	2.77907E+6
4.33000E+1	2.78127E+4	8.18142E+4	3.21445E+6	1.14796E+6	8.25153E+4	2.90767E+6
4.34000E+1	2.77417E+4	8.20777E+4	3.35924E+6	1.15208E+6	8.28411E+4	2.79680E+6
4.35000E+1	2.78648E+4	8.18718E+4	3.19055E+6	1.14896E+6	8.26722E+4	2.75182E+6
4.36000E+1	2.77338E+4	8.20446E+4	3.36272E+6	1.13519E+6	8.27722E+4	2.71382E+6
4.37000E+1	2.79908E+4	8.17621E+4	3.21799E+6	1.15700E+6	8.32188E+4	2.67483E+6
4.38000E+1	2.77080E+4	8.19859E+4	3.37824E+6	1.18537E+6	8.38646E+4	2.75471E+6
4.39000E+1	2.78306E+4	8.17876E+4	3.32300E+6	1.17361E+6	8.35417E+4	2.79006E+6
4.40000E+1	2.77790E+4	8.21439E+4	3.47931E+6	1.18060E+6	8.38995E+4	2.65733E+6
4.41000E+1	2.77869E+4	8.17014E+4	3.35040E+6	1.16078E+6	8.38973E+4	2.80357E+6
4.42000E+1	2.77911E+4	8.21674E+4	3.35040E+6	1.15583E+6	8.36601E+4	2.73515E+6
4.43000E+1	2.80051E+4	8.17610E+4	3.40613E+6	1.16232E+6	8.38265E+4	2.84434E+6
4.44000E+1	2.77453E+4	8.19443E+4	3.36736E+6	1.15991E+6	8.30892E+4	2.76366E+6
4.45000E+1	2.79745E+4	8.19336E+4	3.24913E+6	1.14916E+6	8.30589E+4	2.85021E+6
4.46000E+1	2.78769E+4	8.17493E+4	3.39311E+6	1.15527E+6	8.29575E+4	2.80357E+6
4.47000E+1	2.77790E+4	8.19443E+4	3.31923E+6	1.15032E+6	8.32307E+4	2.75786E+6
4.48000E+1	2.77044E+4	8.18494E+4	3.43006E+6	1.15863E+6	8.33498E+4	2.74398E+6
4.49000E+1	2.78917E+4	8.16919E+4	3.29752E+6	1.16799E+6	8.31734E+4	2.77240E+6
4.50000E+1	2.77364E+4	8.19091E+4	3.34580E+6	1.15299E+6	8.32459E+4	2.80793E+6
4.51000E+1	2.77411E+4	8.18718E+4	3.24986E+6	1.13274E+6	8.30427E+4	2.71637E+6
4.52000E+1	2.79940E+4	8.20488E+4	3.34542E+6	1.13343E+6	8.31021E+4	2.72431E+6
4.53000E+1	2.77606E+4	8.19731E+4	3.29678E+6	1.14470E+6	8.30352E+4	2.70847E+6
4.54000E+1	2.77296E+4	8.17951E+4	3.47354E+6	1.15823E+6	8.34571E+4	2.88540E+6
4.55000E+1	2.78322E+4	8.18526E+4	3.31622E+6	1.13919E+6	8.32632E+4	2.80140E+6
4.56000E+1	2.76686E+4	8.17546E+4	3.37980E+6	1.14366E+6	8.30568E+4	2.71382E+6
4.57000E+1	2.78801E+4	8.17599E+4	3.36465E+6	1.14142E+6	8.30665E+4	2.70314E+6
4.58000E+1	2.76109E+4	8.18728E+4	3.30984E+6	1.13909E+6	8.29284E+4	2.74060E+6
4.59000E+1	2.76057E+4	8.19880E+4	3.37785E+6	1.13539E+6	8.32448E+4	2.83598E+6
4.60000E+1	2.76125E+4	8.18292E+4	3.38097E+6	1.15838E+6	8.36220E+4	2.79113E+6
4.61000E+1	2.77044E+4	8.18494E+4	3.38997E+6	1.12592E+6	8.36036E+4	2.73463E+6
4.62000E+1	2.76917E+4	8.18856E+4	3.41606E+6	1.14132E+6	8.31378E+4	2.76922E+6
4.63000E+1	2.76860E+4	8.20232E+4	3.46206E+6	1.13064E+6	8.32480E+4	2.78120E+6
4.64000E+1	2.78285E+4	8.19528E+4	3.29752E+6	1.15304E+6	8.33899E+4	2.74190E+6
4.65000E+1	2.76051E+4	8.16897E+4	3.31472E+6	1.13118E+6	8.32026E+4	2.66248E+6
4.66000E+1	2.77469E+4	8.17578E+4	3.37318E+6	1.14236E+6	8.37753E+4	2.74685E+6
4.67000E+1	2.77506E+4	8.19240E+4	3.43408E+6	1.14992E+6	8.31821E+4	2.69834E+6
4.68000E+1	2.79064E+4	8.17206E+4	3.33474E+6	1.11861E+6	8.32632E+4	2.67582E+6
4.69000E+1	2.76818E+4	8.17578E+4	3.49215E+6	1.13113E+6	8.34473E+4	2.76683E+6
4.70000E+1	2.77443E+4	8.17216E+4	3.15774E+6	1.15067E+6	8.35819E+4	2.69683E+6
4.71000E+1	2.77101E+4	8.21632E+4	3.46861E+6	1.13348E+6	8.29575E+4	2.77666E+6
4.72000E+1	2.76728E+4	8.19613E+4	3.46124E+6	1.11346E+6	8.26560E+4	2.72509E+6
4.73000E+1	2.77133E+4	8.16440E+4	3.26110E+6	1.09736E+6	8.27883E+4	2.69607E+6
4.74000E+1	2.76476E+4	8.16812E+4	3.29901E+6	1.10723E+6	8.25765E+4	2.74398E+6
4.75000E+1	2.77107E+4	8.21033E+4	3.40257E+6	1.11780E+6	8.24563E+4	2.79978E+6
4.76000E+1	2.75831E+4	8.19539E+4	3.28161E+6	1.10070E+6	8.25379E+4	2.68204E+6
4.77000E+1	2.74746E+4	8.14762E+4	3.45838E+6	1.11503E+6	8.26560E+4	2.71000E+6
4.78000E+1	2.75695E+4	8.16780E+4	3.18672E+6	1.11479E+6	8.25229E+4	2.71407E+6
4.79000E+1	2.74835E+4	8.17653E+4	3.23116E+6	1.12062E+6	8.27614E+4	2.68404E+6
4.80000E+1	2.75752E+4	8.17525E+4	3.28382E+6	1.10051E+6	8.29963E+4	2.69230E+6
4.81000E+1	2.74281E+4	8.16291E+4	3.33398E+6	1.10167E+6	8.24274E+4	2.86091E+6
4.82000E+1	2.75427E+4	8.16525E+4	3.38019E+6	1.10658E+6	8.25551E+4	2.81338E+6
4.83000E+1	2.75040E+4	8.18089E+4	3.21091E+6	1.10949E+6	8.27808E+4	2.70213E+6
4.84000E+1	2.74548E+4	8.16355E+4	3.23618E+6	1.11479E+6	8.34408E+4	2.68079E+6
4.85000E+1	2.76209E+4	8.17078E+4	3.30909E+6	1.13191E+6	8.36514E+4	2.80113E+6
4.86000E+1	2.74286E+4	8.18558E+4	3.28825E+6	1.11579E+6	8.34029E+4	2.62872E+6
4.87000E+1	2.73705E+4	8.19688E+4	3.45961E+6	1.12923E+6	8.33076E+4	2.76181E+6
4.88000E+1	2.72661E+4	8.19123E+4	3.45879E+6	1.11670E+6	8.31000E+4	2.80847E+6
4.89000E+1	2.72405E+4	8.17738E+4	3.14854E+6	1.10676E+6	8.28767E+4	2.78871E+6
4.90000E+1	2.72192E+4	8.18739E+4	3.25022E+6	1.09690E+6	8.31021E+4	2.73334E+6
4.91000E+1	2.74354E+4	8.15303E+4	3.25311E+6	1.10653E+6	8.27087E+4	2.77294E+6
4.92000E+1	2.72536E+4	8.17163E+4	3.31697E+6	1.09921E+6	8.28982E+4	2.75051E+6
4.93000E+1	2.71389E+4	8.18409E+4	3.26438E+6	1.09070E+6	8.28433E+4	2.67062E+6
4.94000E+1	2.72682E+4	8.15548E+4	3.18463E+6	1.09515E+6	8.29316E+4	2.68479E+6
4.95000E+1	2.71446E+4	8.18526E+4	3.26511E+6	1.08281E+6	8.26947E+4	2.68204E+6
4.96000E+1	2.68283E+4	8.16578E+4	3.18359E+6	1.07226E+6	8.26840E+4	2.77480E+6
4.97000E+1	2.71051E+4	8.16451E+4	3.27830E+6	1.09093E+6	8.28110E+4	2.79626E+6
4.98000E+1	2.69128E+4	8.16706E+4	3.28198E+6	1.09478E+6	8.25669E+4	2.75786E+6
4.99000E+1	2.68407E+4	8.16685E+4	3.16803E+6	1.09782E+6	8.26829E+4	2.76287E+6
5.00000E+1	2.69844E+4	8.11162E+4	3.16631E+6	1.08227E+6	8.25443E+4	2.68504E+6
5.01000E+1	2.70489E+4	8.06576E+4	3.25965E+6	1.09097E+6	8.26238E+4	2.69582E+6
5.02000E+1	2.68537E+4	8.08756E+4	3.18811E+6	1.08906E+6	8.25207E+4	2.77214E+6
5.03000E+1	2.68946E+4	8.05463E+4	3.22367E+6	1.06518E+6	8.24649E+4	2.68654E+6
5.04000E+1	2.67951E+4	8.07471E+4	3.25058E+6	1.08218E+6	8.20764E+4	2.63449E+6
5.05000E+1	2.67143E+4	8.03145E+4	3.17493E+6	1.08915E+6	8.22367E+4	2.67706E+6
5.06000E+1	2.68656E+4	8.06787E+4	3.21445E+6	1.07778E+6	8.21629E+4	2.72380E+6
5.07000E+1	2.66182E+4	8.05452E+4	3.32036E+6	1.07957E+6	8.21074E+4	2.67408E+6
5.08000E+1	2.66771E+4	8.02464E+4	3.12793E+6	1.07698E+6	8.18652E+4	2.66174E+6
5.09000E+1	2.66962E+4	8.02119E+4	3.11923E+6	1.07187E+6	8.19195E+4	2.62370E+6
5.10000E+1	2.66234E+4	8.02558E+4	3.24841E+6	1.06838E+6	8.20988E+4	2.67731E+6
5.11000E+1	2.66968E+4	8.03145E+4	3.19370E+6	1.10139E+6	8.19419E+4	2.68804E+6
5.12000E+1	2.66032E+4	8.02956E+4	3.18916E+6	1.07631E+6	8.20743E+4	2.60000E+6
5.13000E+1	2.67340E+4	8.01387E+4	3.12625E+6	1.07885E+6	8.20614E+4	2.71152E+6
5.14000E+1	2.68568E+4	8.03511E+4	3.22724E+6	1.07386E+6	8.21245E+4	2.59508E+6
5.15000E+1	2.66084E+4	8.04245E+4	3.20738E+6	1.07240E+6	8.20326E+4	2.70314E+6
5.16000E+1	2.64495E+4	8.02464E+4	3.24950E+6	1.06820E+6	8.22357E+4	2.74555E+6
5.17000E+1	2.65810E+4	8.02129E+4	3.37590E+6	1.06052E+6	8.21127E+4	2.64756E+6
5.18000E+1	2.66394E+4	8.02516E+4	3.17839E+6	1.08738E+6	8.20454E+4	2.73360E+6
5.19000E+1	2.65563E+4	8.05473E+4	3.18324E+6	1.06864E+6	8.22421E+4	2.74164E+6
5.20000E+1	2.64428E+4	8.04056E+4	3.14243E+6	1.05169E+6	8.20155E+4	2.63498E+6
5.21000E+1	2.66001E+4	8.02736E+4	3.10460E+6	1.07555E+6	8.23481E+4	2.63233E+6
5.22000E+1	2.66223E+4	8.01679E+4	3.17804E+6	1.06667E+6	8.20561E+4	2.62609E+6
5.23000E+1	2.64181E+4	8.00655E+4	3.10891E+6	1.07417E+6	8.25658E+4	2.68304E+6
5.24000E+1	2.65671E+4	8.02830E+4	3.27096E+6	1.06948E+6	8.21490E+4	2.60400E+6
5.25000E+1	2.64841E+4	8.00822E+4	3.17010E+6	1.05922E+6	8.21800E+4	2.70974E+6
5.26000E+1	2.64217E+4	7.99715E+4	3.15911E+6	1.08015E+6	8.21961E+4	2.71790E+6
5.27000E+1	2.65098E+4	8.03082E+4	3.31509E+6	1.07133E+6	8.22721E+4	2.75523E+6
5.28000E+1	2.64367E+4	8.01345E+4	3.13567E+6	1.07333E+6	8.20743E+4	2.63859E+6
5.29000E+1	2.65888E+4	7.99486E+4	3.15740E+6	1.07533E+6	8.23695E+4	2.69658E+6
5.30000E+1	2.63651E+4	7.99569E+4	3.14480E+6	1.05607E+6	8.22571E+4	2.65366E+6
5.31000E+1	2.63800E+4	8.02632E+4	3.29492E+6	1.06891E+6	8.21298E+4	2.69860E+6
5.32000E+1	2.63085E+4	7.97329E+4	3.07510E+6	1.07094E+6	8.19910E+4	2.63570E+6
5.33000E+1	2.64408E+4	7.99267E+4	3.18151E+6	1.08597E+6	8.17704E+4	2.59555E+6
5.34000E+1	2.64300E+4	8.02485E+4	3.08063E+6	1.08186E+6	8.23149E+4	2.74346E+6
5.35000E+1	2.63271E+4	7.96559E+4	3.02933E+6	1.05645E+6	8.24049E+4	2.68929E+6
5.36000E+1	2.63883E+4	7.97589E+4	3.11290E+6	1.06234E+6	8.19366E+4	2.64126E+6
5.37000E+1	2.63255E+4	7.96954E+4	3.15092E+6	1.08470E+6	8.18630E+4	2.69482E+6
5.38000E+1	2.63615E+4	7.98506E+4	3.06862E+6	1.05887E+6	8.22175E+4	2.60919E+6
5.39000E+1	2.63317E+4	7.96278E+4	3.12491E+6	1.08002E+6	8.20497E+4	2.65929E+6
5.40000E+1	2.62274E+4	7.94669E+4	3.12090E+6	1.07457E+6	8.22207E+4	2.68504E+6
5.41000E+1	2.62146E+4	7.96694E+4	2.90627E+6	1.08083E+6	8.20785E+4	2.70163E+6
5.42000E+1	2.63271E+4	7.97142E+4	3.13736E+6	1.08326E+6	8.20145E+4	2.68005E+6
5.43000E+1	2.61843E+4	7.93424E+4	3.20527E+6	1.06348E+6	8.21768E+4	2.61417E+6
5.44000E+1	2.63296E+4	7.94077E+4	3.07510E+6	1.07524E+6	8.20518E+4	2.59625E+6
5.45000E+1	2.61253E+4	7.92875E+4	3.06055E+6	1.06278E+6	8.18375E+4	2.65122E+6
5.46000E+1	2.61951E+4	7.94472E+4	3.05766E+6	1.06680E+6	8.18002E+4	2.62729E+6
5.47000E+1	2.62567E+4	7.93041E+4	3.13500E+6	1.06400E+6	8.17512E+4	2.72098E+6
5.48000E+1	2.60941E+4	7.91303E+4	3.15569E+6	1.06706E+6	8.19121E+4	2.71663E+6
5.49000E+1	2.60700E+4	7.90208E+4	3.07705E+6	1.05405E+6	8.18194E+4	2.75471E+6
5.50000E+1	2.60562E+4	7.92120E+4	3.10229E+6	1.06139E+6	8.15779E+4	2.78013E+6
5.51000E+1	2.59293E+4	7.91292E+4	3.08880E+6	1.06091E+6	8.18534E+4	2.70974E+6
5.52000E+1	2.61018E+4	7.92327E+4	3.10130E+6	1.04896E+6	8.18748E+4	2.72586E+6
5.53000E+1	2.59707E+4	7.90941E+4	3.03501E+6	1.05688E+6	8.17044E+4	2.73696E+6
5.54000E+1	2.60413E+4	7.87476E+4	3.08063E+6	1.04748E+6	8.17512E+4	2.72509E+6
5.55000E+1	2.57900E+4	7.85573E+4	3.22831E+6	1.05067E+6	8.15259E+4	2.73696E+6
5.56000E+1	2.60767E+4	7.88217E+4	3.08585E+6	1.05186E+6	8.13117E+4	2.72303E+6
5.57000E+1	2.59733E+4	7.84680E+4	3.12424E+6	1.03038E+6	8.13625E+4	2.65708E+6
5.58000E+1	2.58038E+4	7.85656E+4	3.17044E+6	1.04443E+6	8.11382E+4	2.67955E+6
5.59000E+1	2.58252E+4	7.86509E+4	3.07640E+6	1.04094E+6	8.13149E+4	2.64659E+6
5.60000E+1	2.59043E+4	7.87867E+4	3.08946E+6	1.05037E+6	8.11572E+4	2.67632E+6
5.61000E+1	2.57192E+4	7.87383E+4	3.22438E+6	1.06269E+6	8.15004E+4	2.62417E+6
5.62000E+1	2.56749E+4	7.84290E+4	3.20070E+6	1.04048E+6	8.14558E+4	2.64659E+6
5.63000E+1	2.56261E+4	7.85810E+4	3.16014E+6	1.04262E+6	8.11667E+4	2.68404E+6
5.64000E+1	2.57462E+4	7.85584E+4	3.11356E+6	1.05624E+6	8.12482E+4	2.65488E+6
5.65000E+1	2.56841E+4	7.83194E+4	3.16563E+6	1.04752E+6	8.12715E+4	2.66297E+6
5.66000E+1	2.57676E+4	7.84475E+4	3.16357E+6	1.04375E+6	8.12704E+4	2.65268E+6
5.67000E+1	2.56485E+4	7.80902E+4	3.24986E+6	1.02412E+6	8.12704E+4	2.72098E+6
5.68000E+1	2.55737E+4	7.82559E+4	3.02303E+6	1.04291E+6	8.10114E+4	2.57557E+6
5.69000E+1	2.57258E+4	7.81106E+4	3.02806E+6	1.05182E+6	8.09365E+4	2.69961E+6
5.70000E+1	2.57865E+4	7.82487E+4	3.08324E+6	1.02477E+6	8.08996E+4	2.69105E+6
5.71000E+1	2.56327E+4	7.80463E+4	3.05189E+6	1.02347E+6	8.13572E+4	2.59672E+6
5.72000E+1	2.55412E+4	7.82323E+4	2.99254E+6	1.03249E+6	8.09629E+4	2.63884E+6
5.73000E+1	2.53086E+4	7.81403E+4	3.13028E+6	1.01284E+6	8.10779E+4	2.71944E+6
5.74000E+1	2.55900E+4	7.81464E+4	3.07024E+6	1.02453E+6	8.11635E+4	2.77746E+6
5.75000E+1	2.55285E+4	7.80034E+4	3.09899E+6	1.03146E+6	8.09956E+4	2.71509E+6
5.76000E+1	2.54266E+4	7.83019E+4	3.11356E+6	1.03456E+6	8.09133E+4	2.65122E+6
5.77000E+1	2.55773E+4	7.79911E+4	2.99840E+6	1.03572E+6	8.12609E+4	2.69280E+6
5.78000E+1	2.55575E+4	7.81495E+4	3.21268E+6	1.03373E+6	8.07984E+4	2.63690E+6
5.79000E+1	2.55885E+4	7.79115E+4	3.09011E+6	1.03022E+6	8.10410E+4	2.74842E+6
5.80000E+1	2.54165E+4	7.79656E+4	3.12391E+6	1.02632E+6	8.08796E+4	2.75208E+6
5.81000E+1	2.53496E+4	7.78901E+4	2.96142E+6	1.03414E+6	8.07974E+4	2.67086E+6
5.82000E+1	2.54453E+4	7.78555E+4	3.16082E+6	1.01918E+6	8.09386E+4	2.62920E+6
5.83000E+1	2.53678E+4	7.77312E+4	2.99840E+6	1.04426E+6	8.07837E+4	2.69356E+6
5.84000E+1	2.54266E+4	7.77557E+4	3.13601E+6	1.03084E+6	8.08385E+4	2.68779E+6
5.85000E+1	2.53334E+4	7.78147E+4	3.19860E+6	1.02649E+6	8.07132E+4	2.60565E+6
5.86000E+1	2.55250E+4	7.78198E+4	3.11489E+6	1.02985E+6	8.08279E+4	2.72226E+6
5.87000E+1	2.54063E+4	7.78015E+4	3.13938E+6	1.02498E+6	8.08838E+4	2.72766E+6
5.88000E+1	2.55925E+4	7.79636E+4	3.04041E+6	1.01700E+6	8.05870E+4	2.75077E+6
5.89000E+1	2.53263E+4	7.77974E+4	3.22581E+6	1.02927E+6	8.09312E+4	2.70163E+6
5.90000E+1	2.54976E+4	7.78157E+4	3.16597E+6	1.01656E+6	8.05996E+4	2.65317E+6
5.91000E+1	2.53759E+4	7.77933E+4	3.10163E+6	1.03943E+6	8.08058E+4	2.69331E+6
5.92000E+1	2.54357E+4	7.81086E+4	3.16803E+6	1.01632E+6	8.06795E+4	2.68079E+6
5.93000E+1	2.52975E+4	7.79799E+4	3.03977E+6	1.02874E+6	8.05355E+4	2.66125E+6
5.94000E+1	2.54281E+4	7.74346E+4	3.17424E+6	1.02669E+6	8.05471E+4	2.62824E+6
5.95000E+1	2.56037E+4	7.74853E+4	3.10064E+6	1.02229E+6	8.04873E+4	2.75523E+6
5.96000E+1	2.54834E+4	7.75117E+4	3.15843E+6	1.02010E+6	8.09354E+4	2.68304E+6
5.97000E+1	2.52767E+4	7.74883E+4	3.16769E+6	1.04266E+6	8.06543E+4	2.80466E+6
5.98000E+1	2.54388E+4	7.73393E+4	3.18220E+6	1.02915E+6	8.07426E+4	2.68729E+6
5.99000E+1	2.54966E+4	7.74072E+4	3.15501E+6	1.03311E+6	8.08184E+4	2.77373E+6
6.00000E+1	2.55610E+4	7.74873E+4	3.30125E+6	1.05637E+6	8.10896E+4	2.68005E+6
6.01000E+1	2.53218E+4	7.75107E+4	3.16700E+6	1.06143E+6	8.09323E+4	2.74294E+6
6.02000E+1	2.53010E+4	7.76509E+4	3.11256E+6	1.05853E+6	8.11107E+4	2.79896E+6
6.03000E+1	2.54524E+4	7.73403E+4	3.32792E+6	1.03718E+6	8.09017E+4	2.68129E+6
6.04000E+1	2.56586E+4	7.74123E+4	3.21232E+6	1.05779E+6	8.14378E+4	2.63666E+6
6.05000E+1	2.53466E+4	7.74985E+4	3.22759E+6	1.06391E+6	8.11847E+4	2.70390E+6
6.06000E+1	2.54590E+4	7.74538E+4	3.21338E+6	1.04714E+6	8.12492E+4	2.75182E+6
6.07000E+1	2.52934E+4	7.70924E+4	3.07608E+6	1.04947E+6	8.11773E+4	2.68204E+6
6.08000E+1	2.55189E+4	7.71510E+4	3.26840E+6	1.05762E+6	8.17746E+4	2.63209E+6
6.09000E+1	2.52828E+4	7.75320E+4	3.25819E+6	1.05135E+6	8.12090E+4	2.70847E+6
6.10000E+1	2.54808E+4	7.73302E+4	3.20175E+6	1.07346E+6	8.09217E+4	2.71816E+6
6.11000E+1	2.54332E+4	7.74934E+4	3.22510E+6	1.06160E+6	8.14866E+4	2.68104E+6
6.12000E+1	2.53871E+4	7.72977E+4	3.27279E+6	1.05465E+6	8.15843E+4	2.75549E+6
6.13000E+1	2.51333E+4	7.72957E+4	3.31209E+6	1.06382E+6	8.14972E+4	2.68129E+6
6.14000E+1	2.55082E+4	7.77893E+4	3.20351E+6	1.04990E+6	8.16555E+4	2.62322E+6
6.15000E+1	2.53461E+4	7.72572E+4	3.12123E+6	1.05045E+6	8.11794E+4	2.71025E+6
6.16000E+1	2.54296E+4	7.72745E+4	3.12458E+6	1.04760E+6	8.11604E+4	2.69658E+6
6.17000E+1	2.54063E+4	7.71177E+4	3.25094E+6	1.05041E+6	8.12609E+4	2.75392E+6
6.18000E+1	2.52793E+4	7.71773E+4	3.05927E+6	1.04426E+6	8.06637E+4	2.68754E+6
6.19000E+1	2.53228E+4	7.72279E+4	3.11923E+6	1.04359E+6	8.09375E+4	2.69582E+6
6.20000E+1	2.52484E+4	7.72704E+4	3.13432E+6	1.02087E+6	8.04789E+4	2.60377E+6
6.21000E+1	2.52970E+4	7.71429E+4	3.14820E+6	1.02156E+6	8.02734E+4	2.71509E+6
6.22000E+1	2.52398E+4	7.70843E+4	3.13230E+6	1.01966E+6	8.03122E+4	2.76604E+6
6.23000E+1	2.53319E+4	7.71834E+4	3.16048E+6	1.01736E+6	8.03373E+4	2.65904E+6
6.24000E+1	2.52828E+4	7.72158E+4	3.20421E+6	1.01375E+6	8.01416E+4	2.75681E+6
6.25000E+1	2.51646E+4	7.70338E+4	3.19824E+6	1.01926E+6	8.03866E+4	2.72560E+6
6.26000E+1	2.50733E+4	7.72937E+4	3.09767E+6	1.01604E+6	8.01866E+4	2.73334E+6
6.27000E+1	2.51848E+4	7.69975E+4	3.25130E+6	1.01399E+6	7.99828E+4	2.75208E+6
6.28000E+1	2.51585E+4	7.69470E+4	3.26147E+6	1.01427E+6	8.03446E+4	2.72946E+6
6.29000E+1	2.51222E+4	7.69945E+4	3.16460E+6	1.02095E+6	7.99922E+4	2.68354E+6
6.30000E+1	2.51005E+4	7.70066E+4	3.18047E+6	1.03084E+6	8.01782E+4	2.73256E+6
6.31000E+1	2.50647E+4	7.71824E+4	3.15604E+6	1.00969E+6	7.98973E+4	2.70239E+6
6.32000E+1	2.52823E+4	7.69208E+4	3.08291E+6	9.97491E+5	8.01134E+4	2.65880E+6
6.33000E+1	2.48761E+4	7.69995E+4	3.12995E+6	1.01196E+6	7.99380E+4	2.66223E+6
6.34000E+1	2.48861E+4	7.70379E+4	3.03027E+6	1.02201E+6	7.99891E+4	2.71051E+6
6.35000E+1	2.48786E+4	7.68502E+4	3.03977E+6	9.94550E+5	7.99035E+4	2.71000E+6
6.36000E+1	2.49696E+4	7.66691E+4	3.27830E+6	1.01320E+6	7.97254E+4	2.60801E+6
6.37000E+1	2.47215E+4	7.69773E+4	3.12157E+6	1.00562E+6	7.97941E+4	2.71382E+6
6.38000E+1	2.49857E+4	7.69793E+4	3.20773E+6	1.02804E+6	8.00006E+4	2.65733E+6
6.39000E+1	2.48429E+4	7.71965E+4	3.18359E+6	1.02469E+6	7.99724E+4	2.60047E+6
6.40000E+1	2.47220E+4	7.66178E+4	3.10758E+6	1.00334E+6	7.97629E+4	2.67706E+6
6.41000E+1	2.48274E+4	7.66500E+4	3.15911E+6	1.01479E+6	8.00517E+4	2.66420E+6
6.42000E+1	2.47812E+4	7.68684E+4	3.08815E+6	1.01232E+6	7.98629E+4	2.73153E+6
6.43000E+1	2.47967E+4	7.67677E+4	3.05157E+6	1.02726E+6	7.98410E+4	2.66076E+6
6.44000E+1	2.48138E+4	7.67012E+4	3.04709E+6	1.01528E+6	8.00006E+4	2.63787E+6
6.45000E+1	2.47175E+4	7.70005E+4	3.23045E+6	1.00684E+6	7.98160E+4	2.62513E+6
6.46000E+1	2.47406E+4	7.69117E+4	3.11190E+6	1.00064E+6	7.98129E+4	2.71688E+6
6.47000E+1	2.46519E+4	7.68553E+4	3.11024E+6	9.97801E+5	7.97504E+4	2.61156E+6
6.48000E+1	2.46394E+4	7.66037E+4	3.10130E+6	1.01419E+6	7.97962E+4	2.68904E+6
6.49000E+1	2.47305E+4	7.66278E+4	3.03185E+6	1.01576E+6	7.97264E+4	2.69683E+6
6.50000E+1	2.46749E+4	7.69390E+4	3.02460E+6	1.00767E+6	7.98285E+4	2.78254E+6
6.51000E+1	2.44834E+4	7.67053E+4	2.97782E+6	9.96870E+5	8.00831E+4	2.74711E+6
6.52000E+1	2.44899E+4	7.67656E+4	3.01676E+6	1.00464E+6	7.99734E+4	2.72123E+6
6.53000E+1	2.44695E+4	7.66731E+4	2.99778E+6	1.00362E+6	7.97233E+4	2.71560E+6
6.54000E+1	2.43951E+4	7.65043E+4	3.05157E+6	1.00590E+6	7.97639E+4	2.76181E+6
6.55000E+1	2.45534E+4	7.64331E+4	2.95931E+6	9.98889E+5	7.96765E+4	2.71178E+6
6.56000E+1	2.42726E+4	7.63609E+4	2.96808E+6	1.01966E+6	7.96651E+4	2.67260E+6
6.57000E+1	2.44769E+4	7.68180E+4	3.06506E+6	1.00606E+6	7.99640E+4	2.75077E+6
6.58000E+1	2.45004E+4	7.64802E+4	3.08291E+6	9.96909E+5	7.98942E+4	2.69885E+6
6.59000E+1	2.44969E+4	7.65676E+4	3.06313E+6	1.01431E+6	7.97546E+4	2.71867E+6
6.60000E+1	2.43309E+4	7.66620E+4	2.96808E+6	9.98190E+5	7.99505E+4	2.62107E+6
6.61000E+1	2.43996E+4	7.68069E+4	3.11456E+6	9.94357E+5	7.97618E+4	2.62035E+6
6.62000E+1	2.45084E+4	7.62738E+4	3.01145E+6	1.00882E+6	7.97223E+4	2.68404E+6
6.63000E+1	2.42318E+4	7.66801E+4	3.15058E+6	1.00953E+6	7.99192E+4	2.71305E+6
6.64000E+1	2.43368E+4	7.63880E+4	3.02806E+6	1.00846E+6	7.98691E+4	2.63932E+6
6.65000E+1	2.41866E+4	7.64261E+4	3.08161E+6	9.98695E+5	7.97941E+4	2.80983E+6
6.66000E+1	2.42527E+4	7.67465E+4	3.01832E+6	9.87036E+5	7.97650E+4	2.67062E+6
6.67000E+1	2.42229E+4	7.64983E+4	3.07413E+6	1.00519E+6	7.96464E+4	2.61702E+6
6.68000E+1	2.41603E+4	7.63248E+4	3.04997E+6	9.89134E+5	7.99901E+4	2.58506E+6
6.69000E+1	2.41906E+4	7.63819E+4	3.07835E+6	1.00131E+6	7.97639E+4	2.66864E+6
6.70000E+1	2.41657E+4	7.62397E+4	3.08913E+6	9.97142E+5	7.97847E+4	2.69356E+6
6.71000E+1	2.42239E+4	7.63980E+4	3.05670E+6	9.91240E+5	7.97525E+4	2.70137E+6
6.72000E+1	2.40367E+4	7.65575E+4	3.16528E+6	9.97219E+5	7.97369E+4	2.65049E+6
6.73000E+1	2.42627E+4	7.65796E+4	3.09372E+6	1.00578E+6	7.96713E+4	2.71611E+6
6.74000E+1	2.42597E+4	7.61397E+4	3.18916E+6	1.01455E+6	7.96464E+4	2.62417E+6
6.75000E+1	2.39382E+4	7.62748E+4	3.14514E+6	1.01272E+6	7.96505E+4	2.70873E+6
6.76000E+1	2.39080E+4	7.61847E+4	3.03945E+6	1.00154E+6	7.95497E+4	2.66445E+6
6.77000E+1	2.39738E+4	7.61537E+4	3.22902E+6	1.00977E+6	7.95996E+4	2.66125E+6
6.78000E+1	2.41206E+4	7.62497E+4	3.06087E+6	9.99123E+5	7.97223E+4	2.65049E+6
6.79000E+1	2.40417E+4	7.62517E+4	3.14040E+6	1.00272E+6	8.00037E+4	2.62083E+6
6.80000E+1	2.40139E+4	7.61357E+4	3.10493E+6	1.01100E+6	7.97962E+4	2.62465E+6
6.81000E+1	2.40858E+4	7.62357E+4	2.93686E+6	9.89478E+5	7.99244E+4	2.66667E+6
6.82000E+1	2.40412E+4	7.63088E+4	3.18463E+6	1.00795E+6	8.00298E+4	2.57165E+6
6.83000E+1	2.40734E+4	7.62437E+4	3.11190E+6	1.01716E+6	7.97483E+4	2.72303E+6
6.84000E+1	2.39817E+4	7.63589E+4	3.07608E+6	1.01487E+6	7.96443E+4	2.65757E+6
6.85000E+1	2.40471E+4	7.60628E+4	3.21409E+6	1.01033E+6	7.97754E+4	2.69834E+6
6.86000E+1	2.38610E+4	7.64060E+4	3.00926E+6	9.99434E+5	7.97244E+4	2.61038E+6
6.87000E+1	2.41047E+4	7.59690E+4	3.06410E+6	1.02152E+6	8.00381E+4	2.58692E+6
6.88000E+1	2.40878E+4	7.61967E+4	3.05285E+6	1.00010E+6	7.97452E+4	2.59860E+6
6.89000E+1	2.39352E+4	7.60448E+4	3.17597E+6	1.00930E+6	7.97473E+4	2.66101E+6
6.90000E+1	2.42676E+4	7.63258E+4	3.08978E+6	1.01332E+6	7.98024E+4	2.67384E+6
6.91000E+1	2.39520E+4	7.61637E+4	3.17493E+6	1.01676E+6	7.96900E+4	2.56203E+6
6.92000E+1	2.38363E+4	7.59341E+4	3.09602E+6	1.01029E+6	7.96630E+4	2.68279E+6
6.93000E+1	2.39337E+4	7.59241E+4	3.03154E+6	1.01124E+6	7.98160E+4	2.62585E+6
6.94000E+1	2.39708E+4	7.60239E+4	3.12659E+6	1.00053E+6	7.98869E+4	2.57027E+6
6.95000E+1	2.40367E+4	7.62617E+4	3.20351E+6	1.01232E+6	7.98921E+4	2.62059E+6
6.96000E+1	2.39600E+4	7.60528E+4	3.13702E+6	1.00641E+6	7.99025E+4	2.63884E+6
6.97000E+1	2.40283E+4	7.60888E+4	3.09668E+6	1.01256E+6	7.99494E+4	2.67086E+6
6.98000E+1	2.39773E+4	7.62137E+4	3.12659E+6	1.00205E+6	7.98869E+4	2.62322E+6
6.99000E+1	2.40392E+4	7.57657E+4	3.09142E+6	1.00307E+6	7.97827E+4	2.61654E+6
7.00000E+1	2.38813E+4	7.60029E+4	3.07900E+6	1.02339E+6	7.96224E+4	2.58111E+6
7.01000E+1	2.40367E+4	7.59081E+4	3.23152E+6	1.01248E+6	7.97441E+4	2.63908E+6
7.02000E+1	2.39317E+4	7.60748E+4	3.02996E+6	1.01176E+6	7.96328E+4	2.61536E+6
7.03000E+1	2.39278E+4	7.61397E+4	3.13601E+6	1.01391E+6	7.95497E+4	2.51405E+6
7.04000E+1	2.37435E+4	7.57886E+4	3.24300E+6	1.00977E+6	7.96828E+4	2.59274E+6
7.05000E+1	2.38452E+4	7.62097E+4	3.13365E+6	1.01355E+6	7.99432E+4	2.64029E+6
7.06000E+1	2.37731E+4	7.62147E+4	3.01613E+6	1.01777E+6	7.96911E+4	2.60754E+6
7.07000E+1	2.40556E+4	7.58155E+4	3.01926E+6	1.02396E+6	7.96412E+4	2.57395E+6
7.08000E+1	2.38215E+4	7.57906E+4	3.15911E+6	1.04769E+6	7.99849E+4	2.52577E+6
7.09000E+1	2.38867E+4	7.58065E+4	3.17804E+6	1.01272E+6	7.95954E+4	2.55838E+6
7.10000E+1	2.38388E+4	7.59420E+4	3.10031E+6	1.03443E+6	7.98431E+4	2.60024E+6
7.11000E+1	2.39907E+4	7.59012E+4	3.11889E+6	1.02335E+6	7.96692E+4	2.63281E+6
7.12000E+1	2.39174E+4	7.60139E+4	3.14922E+6	1.02327E+6	7.96776E+4	2.58181E+6
7.13000E+1	2.39907E+4	7.59380E+4	3.11856E+6	1.02331E+6	7.94708E+4	2.51449E+6
7.14000E+1	2.37919E+4	7.58733E+4	3.11223E+6	1.01841E+6	7.96432E+4	2.58227E+6
7.15000E+1	2.39763E+4	7.59440E+4	3.07803E+6	1.01009E+6	7.97566E+4	2.53469E+6
7.16000E+1	2.40318E+4	7.57547E+4	3.06120E+6	1.03684E+6	7.98285E+4	2.57073E+6
7.17000E+1	2.38892E+4	7.62097E+4	3.12860E+6	1.02205E+6	7.93868E+4	2.72200E+6
7.18000E+1	2.39634E+4	7.56453E+4	3.07543E+6	1.00736E+6	7.93619E+4	2.57972E+6
7.19000E+1	2.39322E+4	7.56702E+4	3.05541E+6	1.01877E+6	7.98889E+4	2.59274E+6
7.20000E+1	2.42194E+4	7.56921E+4	3.18394E+6	1.01680E+6	7.94117E+4	2.62705E+6
7.21000E+1	2.39154E+4	7.57438E+4	3.30311E+6	1.04102E+6	7.94781E+4	2.55157E+6
7.22000E+1	2.39595E+4	7.58165E+4	3.18672E+6	1.03356E+6	7.95082E+4	2.58366E+6
7.23000E+1	2.38299E+4	7.54160E+4	3.02996E+6	1.03373E+6	7.96526E+4	2.52866E+6
7.24000E+1	2.38556E+4	7.57179E+4	3.20175E+6	1.02031E+6	7.93930E+4	2.60518E+6
7.25000E+1	2.38996E+4	7.58354E+4	3.15740E+6	1.01744E+6	7.98045E+4	2.55702E+6
7.26000E+1	2.38008E+4	7.57309E+4	3.16151E+6	1.01383E+6	7.96318E+4	2.48596E+6
7.27000E+1	2.38684E+4	7.56513E+4	3.05285E+6	1.02653E+6	7.94283E+4	2.65170E+6
7.28000E+1	2.39248E+4	7.52853E+4	3.09077E+6	1.02347E+6	7.95051E+4	2.66199E+6
7.29000E+1	2.39486E+4	7.60388E+4	3.24733E+6	1.04127E+6	7.95310E+4	2.67483E+6
7.30000E+1	2.38289E+4	7.56970E+4	3.10725E+6	1.02197E+6	7.94802E+4	2.58599E+6
7.31000E+1	2.38531E+4	7.54716E+4	3.26913E+6	1.04073E+6	7.93723E+4	2.57165E+6
7.32000E+1	2.38492E+4	7.55867E+4	3.10626E+6	1.01391E+6	7.95798E+4	2.59228E+6
7.33000E+1	2.37593E+4	7.57627E+4	3.25529E+6	1.03092E+6	7.97025E+4	2.59485E+6
7.34000E+1	2.38956E+4	7.55818E+4	3.13770E+6	1.04207E+6	7.93422E+4	2.59719E+6
7.35000E+1	2.37578E+4	7.57796E+4	3.35886E+6	1.01252E+6	7.93941E+4	2.58227E+6
7.36000E+1	2.38457E+4	7.53477E+4	3.09175E+6	1.01336E+6	7.93298E+4	2.55542E+6
7.37000E+1	2.39169E+4	7.54071E+4	3.30162E+6	1.01580E+6	7.91756E+4	2.59578E+6
7.38000E+1	2.39001E+4	7.56444E+4	3.01738E+6	1.02977E+6	7.94304E+4	2.55225E+6
7.39000E+1	2.38116E+4	7.54934E+4	3.18324E+6	1.01950E+6	7.95830E+4	2.56271E+6
7.40000E+1	2.38487E+4	7.55818E+4	3.17079E+6	1.02853E+6	7.96640E+4	2.68229E+6
7.41000E+1	2.37968E+4	7.55162E+4	3.10957E+6	1.01556E+6	7.93391E+4	2.56340E+6
7.42000E+1	2.36538E+4	7.54736E+4	3.16494E+6	1.02579E+6	7.94387E+4	2.63281E+6
7.43000E+1	2.37445E+4	7.52813E+4	3.18568E+6	1.02132E+6	7.96266E+4	2.60660E+6
7.44000E+1	2.36301E+4	7.51686E+4	3.21515E+6	1.02445E+6	7.95134E+4	2.65586E+6
7.45000E+1	2.37775E+4	7.53576E+4	3.03787E+6	1.01889E+6	7.94511E+4	2.49873E+6
7.46000E+1	2.38017E+4	7.57319E+4	3.27389E+6	1.03228E+6	7.97504E+4	2.53000E+6
7.47000E+1	2.37070E+4	7.53665E+4	3.11423E+6	1.01588E+6	7.95300E+4	2.65146E+6
7.48000E+1	2.35893E+4	7.53348E+4	3.09438E+6	1.01556E+6	7.94719E+4	2.51957E+6
7.49000E+1	2.36567E+4	7.55410E+4	3.17908E+6	1.01885E+6	7.94584E+4	2.58831E+6
7.50000E+1	2.35494E+4	7.55589E+4	3.13972E+6	1.03026E+6	7.95798E+4	2.61227E+6
7.51000E+1	2.38338E+4	7.52902E+4	3.14108E+6	1.02751E+6	7.94687E+4	2.58065E+6
7.52000E+1	2.34683E+4	7.54587E+4	3.10031E+6	1.00240E+6	7.95923E+4	2.73696E+6
7.53000E+1	2.37095E+4	7.53397E+4	3.07121E+6	1.02249E+6	7.95944E+4	2.60377E+6
7.54000E+1	2.35337E+4	7.53081E+4	3.29567E+6	1.02221E+6	7.95715E+4	2.56271E+6
7.55000E+1	2.36848E+4	7.53655E+4	3.21480E+6	1.00425E+6	7.99567E+4	2.54344E+6
7.56000E+1	2.36666E+4	7.50638E+4	3.26074E+6	1.01455E+6	7.95913E+4	2.56477E+6
7.57000E+1	2.36341E+4	7.50244E+4	3.07088E+6	1.01793E+6	7.98910E+4	2.55315E+6
7.58000E+1	2.35917E+4	7.52378E+4	3.12424E+6	1.01041E+6	7.99985E+4	2.55815E+6
7.59000E+1	2.34880E+4	7.47859E+4	3.11956E+6	1.01954E+6	7.99745E+4	2.52112E+6
7.60000E+1	2.34556E+4	7.51241E+4	3.12123E+6	1.01712E+6	7.99432E+4	2.67880E+6
7.61000E+1	2.34703E+4	7.51765E+4	3.24841E+6	1.02624E+6	8.01782E+4	2.50287E+6
7.62000E+1	2.34463E+4	7.51231E+4	3.18533E+6	1.03207E+6	8.01071E+4	2.52733E+6
7.63000E+1	2.34472E+4	7.53328E+4	3.32943E+6	1.02051E+6	8.00987E+4	2.68579E+6
7.64000E+1	2.32835E+4	7.52249E+4	3.09142E+6	1.01861E+6	8.00946E+4	2.60000E+6
7.65000E+1	2.33913E+4	7.49149E+4	3.17631E+6	1.02010E+6	7.99411E+4	2.62322E+6
7.66000E+1	2.33820E+4	7.51073E+4	3.33322E+6	1.01049E+6	8.02294E+4	2.52866E+6
7.67000E+1	2.32335E+4	7.50974E+4	3.16425E+6	1.01152E+6	7.96266E+4	2.57142E+6
7.68000E+1	2.33427E+4	7.50480E+4	2.97934E+6	1.00256E+6	7.94459E+4	2.49461E+6
7.69000E+1	2.32649E+4	7.50096E+4	2.96112E+6	1.00724E+6	7.98379E+4	2.52045E+6
7.70000E+1	2.31416E+4	7.50708E+4	3.12760E+6	9.91048E+5	7.97264E+4	2.47374E+6
7.71000E+1	2.32644E+4	7.51913E+4	3.11256E+6	9.90588E+5	7.94262E+4	2.67532E+6
7.72000E+1	2.33555E+4	7.47809E+4	3.00429E+6	1.00029E+6	7.95570E+4	2.49201E+6
7.73000E+1	2.31392E+4	7.48962E+4	3.13466E+6	9.96638E+5	7.96266E+4	2.56500E+6
7.74000E+1	2.31377E+4	7.47150E+4	3.03248E+6	9.95361E+5	7.91600E+4	2.48123E+6
7.75000E+1	2.34060E+4	7.50017E+4	3.17597E+6	9.99551E+5	7.93215E+4	2.56569E+6
7.76000E+1	2.32057E+4	7.46973E+4	3.18498E+6	1.00657E+6	7.95674E+4	2.56546E+6
7.77000E+1	2.33398E+4	7.48055E+4	3.11024E+6	1.01081E+6	7.98952E+4	2.50440E+6
7.78000E+1	2.30684E+4	7.47180E+4	3.24661E+6	1.01057E+6	7.97754E+4	2.55157E+6
7.79000E+1	2.31314E+4	7.47367E+4	3.03628E+6	1.01869E+6	7.95497E+4	2.59368E+6
7.80000E+1	2.30786E+4	7.46472E+4	3.29976E+6	1.01371E+6	7.92728E+4	2.60377E+6
7.81000E+1	2.31441E+4	7.43970E+4	3.04454E+6	1.00080E+6	7.95518E+4	2.50878E+6
7.82000E+1	2.31485E+4	7.45647E+4	3.00677E+6	1.00531E+6	7.92925E+4	2.58599E+6
7.83000E+1	2.31333E+4	7.47563E+4	3.12491E+6	1.00142E+6	7.92946E+4	2.55066E+6
7.84000E+1	2.31895E+4	7.46944E+4	2.99100E+6	9.94511E+5	7.92904E+4	2.53962E+6
7.85000E+1	2.29904E+4	7.45411E+4	2.98639E+6	1.00272E+6	7.94221E+4	2.72047E+6
7.86000E+1	2.30445E+4	7.44244E+4	3.10560E+6	1.01300E+6	7.92987E+4	2.54434E+6
7.87000E+1	2.29650E+4	7.45549E+4	2.98301E+6	1.00421E+6	7.94117E+4	2.55497E+6
7.88000E+1	2.29509E+4	7.47248E+4	3.04965E+6	1.00045E+6	7.94667E+4	2.52355E+6
7.89000E+1	2.30601E+4	7.44430E+4	2.95480E+6	1.02091E+6	7.94968E+4	2.55998E+6
7.90000E+1	2.29495E+4	7.46167E+4	2.99377E+6	9.97103E+5	7.94210E+4	2.51648E+6
7.91000E+1	2.30952E+4	7.44499E+4	3.14718E+6	9.98812E+5	7.94241E+4	2.53223E+6
7.92000E+1	2.28337E+4	7.43578E+4	3.05862E+6	9.96754E+5	7.92356E+4	2.56706E+6
7.93000E+1	2.31182E+4	7.43656E+4	2.89641E+6	1.00464E+6	7.94874E+4	2.52844E+6
7.94000E+1	2.30104E+4	7.43167E+4	3.01551E+6	9.87646E+5	7.92159E+4	2.50244E+6
7.95000E+1	2.28541E+4	7.42012E+4	3.01519E+6	1.01100E+6	7.95746E+4	2.52333E+6
7.96000E+1	2.28171E+4	7.42442E+4	3.02271E+6	1.00225E+6	7.93184E+4	2.52377E+6
7.97000E+1	2.29509E+4	7.45303E+4	3.06668E+6	9.97064E+5	7.94428E+4	2.49092E+6
7.98000E+1	2.28692E+4	7.42638E+4	3.05830E+6	9.87341E+5	7.97108E+4	2.50659E+6
7.99000E+1	2.27987E+4	7.42775E+4	3.05991E+6	9.84454E+5	7.94677E+4	2.63281E+6
8.00000E+1	2.29061E+4	7.40713E+4	3.05605E+6	9.84530E+5	7.95736E+4	2.49461E+6
8.01000E+1	2.29154E+4	7.45029E+4	3.18533E+6	9.98773E+5	7.93163E+4	2.51295E+6
8.02000E+1	2.27491E+4	7.42658E+4	3.02617E+6	9.90933E+5	7.93205E+4	2.52844E+6
8.03000E+1	2.27035E+4	7.40615E+4	3.20527E+6	9.85934E+5	7.94563E+4	2.54479E+6
8.04000E+1	2.27142E+4	7.38315E+4	2.99593E+6	9.88523E+5	7.95352E+4	2.53402E+6
8.05000E+1	2.26948E+4	7.40010E+4	3.17424E+6	9.83508E+5	7.93920E+4	2.53446E+6
8.06000E+1	2.27079E+4	7.40020E+4	3.00305E+6	9.81092E+5	7.93992E+4	2.48101E+6
8.07000E+1	2.27035E+4	7.40391E+4	2.95239E+6	9.99551E+5	7.95508E+4	2.56752E+6
8.08000E+1	2.26463E+4	7.38032E+4	3.18151E+6	9.93585E+5	7.96609E+4	2.53558E+6
8.09000E+1	2.26628E+4	7.40371E+4	2.92709E+6	9.94627E+5	7.94833E+4	2.44149E+6
8.10000E+1	2.24948E+4	7.43343E+4	3.05445E+6	1.00882E+6	7.95580E+4	2.47630E+6
8.11000E+1	2.26013E+4	7.40576E+4	3.01707E+6	9.94434E+5	7.94770E+4	2.39231E+6
8.12000E+1	2.25200E+4	7.40381E+4	3.05093E+6	9.86960E+5	7.94231E+4	2.46375E+6
8.13000E+1	2.24634E+4	7.40879E+4	3.14650E+6	9.88485E+5	7.94138E+4	2.52711E+6
8.14000E+1	2.24252E+4	7.38733E+4	2.95450E+6	9.94241E+5	7.93547E+4	2.48617E+6
8.15000E+1	2.24508E+4	7.40274E+4	3.06152E+6	9.84378E+5	7.96360E+4	2.48790E+6
8.16000E+1	2.24195E+4	7.40186E+4	3.11389E+6	9.99980E+5	7.94968E+4	2.54569E+6
8.17000E+1	2.23456E+4	7.36982E+4	3.04741E+6	9.95477E+5	7.97160E+4	2.48876E+6
8.18000E+1	2.24325E+4	7.40420E+4	2.94133E+6	9.87608E+5	7.98108E+4	2.45320E+6
8.19000E+1	2.23220E+4	7.39269E+4	3.01426E+6	9.97646E+5	7.96006E+4	2.51824E+6
8.20000E+1	2.23509E+4	7.36370E+4	3.12290E+6	9.95167E+5	7.97670E+4	2.52933E+6
8.21000E+1	2.21891E+4	7.37468E+4	3.10659E+6	1.01491E+6	7.98108E+4	2.53045E+6
8.22000E+1	2.22753E+4	7.35302E+4	2.93479E+6	9.90052E+5	7.98400E+4	2.55429E+6
8.23000E+1	2.22531E+4	7.38373E+4	3.03280E+6	9.93316E+5	7.98598E+4	2.46375E+6
8.24000E+1	2.23437E+4	7.34759E+4	3.09734E+6	9.86200E+5	7.96973E+4	2.55929E+6
8.25000E+1	2.21463E+4	7.35690E+4	2.97782E+6	9.88103E+5	7.95622E+4	2.50922E+6
8.26000E+1	2.21737E+4	7.33838E+4	2.89467E+6	1.00279E+6	7.93474E+4	2.46036E+6
8.27000E+1	2.21377E+4	7.36117E+4	2.99346E+6	9.95863E+5	7.95591E+4	2.45278E+6
8.28000E+1	2.23668E+4	7.35079E+4	2.96960E+6	9.77752E+5	7.97181E+4	2.50462E+6
8.29000E+1	2.21867E+4	7.37060E+4	2.96748E+6	9.84189E+5	7.92873E+4	2.48812E+6
8.30000E+1	2.22781E+4	7.34052E+4	2.98761E+6	9.85706E+5	7.97150E+4	2.53424E+6
8.31000E+1	2.22743E+4	7.37128E+4	2.99254E+6	9.86276E+5	7.94034E+4	2.49049E+6
8.32000E+1	2.22401E+4	7.33141E+4	3.01426E+6	9.94009E+5	7.96484E+4	2.41717E+6
8.33000E+1	2.21069E+4	7.34216E+4	2.98301E+6	9.79701E+5	7.92387E+4	2.51824E+6
8.34000E+1	2.20622E+4	7.31817E+4	3.02114E+6	9.88600E+5	7.92304E+4	2.42578E+6
8.35000E+1	2.22671E+4	7.33480E+4	2.98669E+6	9.95709E+5	7.94812E+4	2.48338E+6
8.36000E+1	2.22666E+4	7.32484E+4	3.05189E+6	9.73094E+5	7.93049E+4	2.45089E+6
8.37000E+1	2.24156E+4	7.32532E+4	2.98669E+6	9.83810E+5	7.92459E+4	2.50988E+6
8.38000E+1	2.21862E+4	7.31131E+4	3.08913E+6	9.97336E+5	7.95217E+4	2.53067E+6
8.39000E+1	2.22733E+4	7.29298E+4	2.99995E+6	9.82148E+5	7.94231E+4	2.45404E+6
8.40000E+1	2.20570E+4	7.32735E+4	3.03565E+6	1.00037E+6	7.96141E+4	2.41697E+6
8.41000E+1	2.23331E+4	7.30928E+4	2.97629E+6	9.71982E+5	7.94397E+4	2.42516E+6
8.42000E+1	2.20805E+4	7.31015E+4	3.01958E+6	9.89172E+5	7.93101E+4	2.41228E+6
8.43000E+1	2.21343E+4	7.32165E+4	3.04072E+6	9.79438E+5	7.93049E+4	2.40115E+6
8.44000E+1	2.21675E+4	7.32213E+4	2.92679E+6	9.94743E+5	7.96620E+4	2.46375E+6
8.45000E+1	2.22459E+4	7.31440E+4	2.92473E+6	9.97530E+5	7.92697E+4	2.45194E+6
8.46000E+1	2.22011E+4	7.32116E+4	2.98915E+6	1.00225E+6	7.94459E+4	2.50309E+6
8.47000E+1	2.21997E+4	7.28576E+4	2.99284E+6	9.96367E+5	7.91528E+4	2.47737E+6
8.48000E+1	2.22300E+4	7.29269E+4	3.03470E+6	9.74841E+5	7.93236E+4	2.41432E+6
8.49000E+1	2.21954E+4	7.29877E+4	2.99995E+6	9.79401E+5	7.92438E+4	2.47480E+6
8.50000E+1	2.21506E+4	7.29048E+4	2.96505E+6	9.83205E+5	7.94075E+4	2.47823E+6
8.51000E+1	2.20426E+4	7.25166E+4	2.99346E+6	9.73539E+5	7.96131E+4	2.43031E+6
8.52000E+1	2.22026E+4	7.29934E+4	2.86096E+6	9.78313E+5	7.93391E+4	2.45888E+6
8.53000E+1	2.21117E+4	7.28855E+4	3.03914E+6	9.83508E+5	7.93464E+4	2.42557E+6
8.54000E+1	2.23437E+4	7.29674E+4	2.95299E+6	9.76406E+5	7.93972E+4	2.40681E+6
8.55000E+1	2.20440E+4	7.29366E+4	3.01613E+6	9.82374E+5	7.93837E+4	2.50988E+6
8.56000E+1	2.19802E+4	7.27095E+4	2.86606E+6	9.87036E+5	7.93484E+4	2.48338E+6
8.57000E+1	2.21723E+4	7.27345E+4	3.00802E+6	9.81544E+5	7.95341E+4	2.53805E+6
8.58000E+1	2.21982E+4	7.25607E+4	3.03470E+6	9.70836E+5	7.94968E+4	2.38513E+6
8.59000E+1	2.21314E+4	7.25559E+4	3.05157E+6	9.94974E+5	7.98764E+4	2.57534E+6
8.60000E+1	2.20008E+4	7.24974E+4	2.96354E+6	9.93624E+5	7.98306E+4	2.43879E+6
8.61000E+1	2.21622E+4	7.25799E+4	3.05317E+6	1.00878E+6	7.98514E+4	2.42126E+6
8.62000E+1	2.22199E+4	7.23499E+4	3.05445E+6	1.01256E+6	7.97036E+4	2.39012E+6
8.63000E+1	2.22820E+4	7.26461E+4	3.02869E+6	9.90703E+5	7.95030E+4	2.47203E+6
8.64000E+1	2.22387E+4	7.25799E+4	2.98118E+6	9.83318E+5	7.96370E+4	2.47844E+6
8.65000E+1	2.21204E+4	7.27470E+4	2.94820E+6	9.88829E+5	7.98254E+4	2.40115E+6
8.66000E+1	2.24537E+4	7.24868E+4	2.98547E+6	1.02067E+6	7.96058E+4	2.46714E+6
8.67000E+1	2.22863E+4	7.24121E+4	3.00802E+6	1.00014E+6	7.96921E+4	2.46948E+6
8.68000E+1	2.22411E+4	7.22380E+4	2.99315E+6	1.00279E+6	7.97067E+4	2.49244E+6
8.69000E+1	2.22671E+4	7.24131E+4	2.95299E+6	9.84454E+5	7.96474E+4	2.50944E+6
8.70000E+1	2.22242E+4	7.20566E+4	2.98792E+6	9.98773E+5	7.99359E+4	2.41025E+6
8.71000E+1	2.23533E+4	7.22361E+4	3.16494E+6	1.00045E+6	8.01384E+4	2.48467E+6
8.72000E+1	2.23471E+4	7.22638E+4	2.97751E+6	1.00358E+6	7.99953E+4	2.43423E+6
8.73000E+1	2.24992E+4	7.21635E+4	3.07024E+6	9.84681E+5	7.92397E+4	2.44985E+6
8.74000E+1	2.23726E+4	7.21711E+4	3.07543E+6	9.97297E+5	7.92045E+4	2.43568E+6
8.75000E+1	2.24479E+4	7.22045E+4	2.97203E+6	9.90205E+5	7.96661E+4	2.50178E+6
8.76000E+1	2.26686E+4	7.21692E+4	2.99408E+6	9.83508E+5	7.91911E+4	2.47587E+6
8.77000E+1	2.24262E+4	7.22332E+4	2.96354E+6	9.92662E+5	7.93630E+4	2.47609E+6
8.78000E+1	2.24963E+4	7.22342E+4	2.92002E+6	9.99162E+5	7.95289E+4	2.49461E+6
8.79000E+1	2.25616E+4	7.21186E+4	3.04327E+6	1.01419E+6	7.93744E+4	2.51295E+6
8.80000E+1	2.24296E+4	7.20614E+4	3.09208E+6	9.80866E+5	7.92387E+4	2.37246E+6
8.81000E+1	2.25108E+4	7.19737E+4	3.17113E+6	9.79363E+5	7.91787E+4	2.48338E+6
8.82000E+1	2.27011E+4	7.18841E+4	2.98485E+6	9.81695E+5	7.93619E+4	2.43444E+6
8.83000E+1	2.24755E+4	7.24236E+4	2.92798E+6	9.89976E+5	7.96162E+4	2.42660E+6
8.84000E+1	2.26245E+4	7.18366E+4	3.00833E+6	1.00680E+6	7.95186E+4	2.45257E+6
8.85000E+1	2.26705E+4	7.15820E+4	2.96535E+6	1.00056E+6	7.94314E+4	2.42270E+6
8.86000E+1	2.24779E+4	7.18347E+4	3.02523E+6	1.00440E+6	7.95861E+4	2.41208E+6
8.87000E+1	2.26880E+4	7.17890E+4	3.01864E+6	1.00142E+6	7.98587E+4	2.41310E+6
8.88000E+1	2.25185E+4	7.18080E+4	2.99747E+6	1.00704E+6	7.99244E+4	2.45488E+6
8.89000E+1	2.26013E+4	7.22332E+4	3.05413E+6	9.95167E+5	7.94490E+4	2.43921E+6
8.90000E+1	2.26143E+4	7.18584E+4	3.08128E+6	1.00918E+6	7.96984E+4	2.45425E+6
8.91000E+1	2.25374E+4	7.17529E+4	3.16357E+6	1.03240E+6	8.00862E+4	2.48596E+6
8.92000E+1	2.26148E+4	7.16513E+4	2.93123E+6	1.01495E+6	8.02818E+4	2.41881E+6
8.93000E+1	2.26992E+4	7.18042E+4	2.98884E+6	1.01861E+6	8.01552E+4	2.41127E+6
8.94000E+1	2.25354E+4	7.16560E+4	2.91065E+6	1.00535E+6	7.99327E+4	2.50091E+6
8.95000E+1	2.25756E+4	7.15725E+4	3.05477E+6	1.01668E+6	7.99713E+4	2.46778E+6
8.96000E+1	2.24808E+4	7.14995E+4	3.00460E+6	9.91778E+5	7.97108E+4	2.44733E+6
8.97000E+1	2.24610E+4	7.15336E+4	3.04391E+6	1.00854E+6	7.99619E+4	2.38772E+6
8.98000E+1	2.25698E+4	7.17415E+4	3.06765E+6	1.01304E+6	7.95778E+4	2.48166E+6
8.99000E+1	2.25069E+4	7.15365E+4	3.11589E+6	1.00064E+6	7.97920E+4	2.37799E+6
9.00000E+1	2.26080E+4	7.14919E+4	3.01394E+6	1.00291E+6	7.97296E+4	2.44545E+6
9.01000E+1	2.26100E+4	7.14379E+4	2.97599E+6	9.95515E+5	8.02054E+4	2.42742E+6
9.02000E+1	2.23968E+4	7.13528E+4	2.94162E+6	1.00523E+6	7.97660E+4	2.39332E+6
9.03000E+1	2.24958E+4	7.13017E+4	3.15672E+6	1.00142E+6	7.96651E+4	2.40660E+6
9.04000E+1	2.24808E+4	7.12365E+4	3.00522E+6	9.88256E+5	7.96183E+4	2.36951E+6
9.05000E+1	2.25180E+4	7.12488E+4	3.04231E+6	1.00170E+6	7.99515E+4	2.41677E+6
9.06000E+1	2.25393E+4	7.14986E+4	3.04263E+6	9.99512E+5	7.94573E+4	2.40741E+6
9.07000E+1	2.25441E+4	7.09112E+4	3.01082E+6	1.01664E+6	7.96339E+4	2.41127E+6
9.08000E+1	2.24026E+4	7.10742E+4	2.89814E+6	9.84568E+5	7.92231E+4	2.36971E+6
9.09000E+1	2.24634E+4	7.13112E+4	2.96354E+6	9.80866E+5	7.88184E+4	2.41127E+6
9.10000E+1	2.26313E+4	7.12185E+4	2.95841E+6	9.84340E+5	7.89937E+4	2.34886E+6
9.11000E+1	2.23369E+4	7.12951E+4	2.91767E+6	1.00728E+6	7.91125E+4	2.43775E+6
9.12000E+1	2.23620E+4	7.12667E+4	2.93835E+6	9.82185E+5	7.89658E+4	2.38573E+6
9.13000E+1	2.23799E+4	7.11260E+4	3.02052E+6	9.87722E+5	7.90175E+4	2.42866E+6
9.14000E+1	2.25282E+4	7.12800E+4	2.96475E+6	9.77041E+5	7.90701E+4	2.43382E+6
9.15000E+1	2.24668E+4	7.11496E+4	2.95540E+6	9.85706E+5	7.92739E+4	2.42249E+6
9.16000E+1	2.24668E+4	7.06669E+4	2.95179E+6	9.79401E+5	7.91466E+4	2.41473E+6
9.17000E+1	2.23712E+4	7.09018E+4	3.08161E+6	9.78276E+5	7.92770E+4	2.50418E+6
9.18000E+1	2.25258E+4	7.07636E+4	2.95089E+6	9.73799E+5	7.91993E+4	2.39612E+6
9.19000E+1	2.25451E+4	7.08679E+4	3.07380E+6	9.83772E+5	7.91435E+4	2.44191E+6
9.20000E+1	2.24528E+4	7.07955E+4	3.01551E+6	9.68587E+5	7.93205E+4	2.46884E+6
9.21000E+1	2.26255E+4	7.08557E+4	3.10460E+6	9.90742E+5	7.90536E+4	2.47395E+6
9.22000E+1	2.25838E+4	7.07129E+4	3.04614E+6	9.66971E+5	7.92521E+4	2.35002E+6
9.23000E+1	2.25055E+4	7.08153E+4	3.13062E+6	9.94357E+5	7.95456E+4	2.44650E+6
9.24000E+1	2.25650E+4	7.10186E+4	3.10031E+6	9.86200E+5	7.94075E+4	2.35583E+6
9.25000E+1	2.27744E+4	7.08755E+4	3.07933E+6	9.83583E+5	7.94501E+4	2.42845E+6
9.26000E+1	2.25137E+4	7.09489E+4	3.15638E+6	9.93894E+5	7.96172E+4	2.36971E+6
9.27000E+1	2.27365E+4	7.04644E+4	3.07024E+6	1.00099E+6	7.97369E+4	2.39793E+6
9.28000E+1	2.25495E+4	7.06922E+4	3.01207E+6	9.96483E+5	7.97879E+4	2.40297E+6
9.29000E+1	2.26274E+4	7.04588E+4	2.98639E+6	9.87532E+5	7.92863E+4	2.36735E+6
9.30000E+1	2.26686E+4	7.06885E+4	3.02177E+6	9.99629E+5	7.93018E+4	2.39352E+6
9.31000E+1	2.26996E+4	7.03980E+4	2.97690E+6	9.89708E+5	7.93909E+4	2.36422E+6
9.32000E+1	2.25006E+4	7.05834E+4	2.96748E+6	9.97142E+5	7.95601E+4	2.34558E+6
9.33000E+1	2.26536E+4	7.04635E+4	3.03597E+6	1.00460E+6	7.95996E+4	2.37601E+6
9.34000E+1	2.26875E+4	7.04635E+4	3.08978E+6	1.00918E+6	7.97733E+4	2.40985E+6
9.35000E+1	2.27389E+4	7.06969E+4	2.94790E+6	9.91778E+5	8.00831E+4	2.36226E+6
9.36000E+1	2.28016E+4	7.05356E+4	3.04709E+6	1.00574E+6	7.94729E+4	2.42208E+6
9.37000E+1	2.28979E+4	7.03868E+4	3.01394E+6	9.99863E+5	7.97577E+4	2.36774E+6
9.38000E+1	2.30835E+4	7.02120E+4	3.04837E+6	1.00590E+6	7.94469E+4	2.43838E+6
9.39000E+1	2.26865E+4	7.03391E+4	3.17044E+6	9.78875E+5	7.95352E+4	2.37680E+6
9.40000E+1	2.29251E+4	7.00759E+4	3.04327E+6	9.91739E+5	7.94594E+4	2.38334E+6
9.41000E+1	2.28341E+4	7.02363E+4	3.07186E+6	9.85060E+5	7.91466E+4	2.33102E+6
9.42000E+1	2.29538E+4	7.04008E+4	3.06184E+6	9.89746E+5	7.96079E+4	2.39171E+6
9.43000E+1	2.27535E+4	7.00246E+4	2.94850E+6	9.85364E+5	7.93733E+4	2.33981E+6
9.44000E+1	2.29943E+4	7.01672E+4	3.07218E+6	9.97918E+5	7.97358E+4	2.38553E+6
9.45000E+1	2.30240E+4	7.02942E+4	2.95660E+6	9.78613E+5	7.94584E+4	2.39492E+6
9.46000E+1	2.30084E+4	7.03148E+4	3.07640E+6	1.00740E+6	7.97847E+4	2.35875E+6
9.47000E+1	2.31084E+4	6.99278E+4	3.08684E+6	1.01164E+6	7.97223E+4	2.33426E+6
9.48000E+1	2.30889E+4	7.00032E+4	3.05862E+6	1.00307E+6	7.97941E+4	2.30298E+6
9.49000E+1	2.30601E+4	7.00936E+4	3.02649E+6	9.96328E+5	7.93008E+4	2.39592E+6
9.50000E+1	2.30547E+4	7.01607E+4	3.07835E+6	1.00362E+6	7.99922E+4	2.30652E+6
9.51000E+1	2.33099E+4	6.97875E+4	3.09438E+6	9.88981E+5	7.98420E+4	2.37305E+6
9.52000E+1	2.31099E+4	7.00293E+4	2.96475E+6	9.89478E+5	7.97993E+4	2.39833E+6
9.53000E+1	2.32903E+4	7.00479E+4	3.05157E+6	9.96328E+5	7.96900E+4	2.37918E+6
9.54000E+1	2.33246E+4	6.97169E+4	3.02523E+6	1.00460E+6	7.94065E+4	2.36676E+6
9.55000E+1	2.34467E+4	6.97735E+4	3.08031E+6	1.00401E+6	7.98816E+4	2.36853E+6
9.56000E+1	2.35062E+4	6.98061E+4	3.15740E+6	1.01104E+6	8.02766E+4	2.37977E+6
9.57000E+1	2.34099E+4	6.95769E+4	3.12793E+6	1.00680E+6	7.98170E+4	2.35157E+6
9.58000E+1	2.37968E+4	6.96056E+4	3.11789E+6	1.01256E+6	7.94366E+4	2.41493E+6
9.59000E+1	2.36523E+4	6.97290E+4	2.97629E+6	1.01009E+6	7.93474E+4	2.33159E+6
9.60000E+1	2.37218E+4	6.97327E+4	3.01113E+6	1.01049E+6	7.91621E+4	2.31082E+6
9.61000E+1	2.38417E+4	6.95853E+4	3.10825E+6	9.92162E+5	7.89968E+4	2.46799E+6
9.62000E+1	2.38660E+4	6.94566E+4	3.04773E+6	9.96793E+5	7.91094E+4	2.37601E+6
9.63000E+1	2.40357E+4	6.96631E+4	3.10328E+6	1.01576E+6	7.90040E+4	2.41310E+6
9.64000E+1	2.40432E+4	6.95593E+4	3.15911E+6	9.94936E+5	7.90753E+4	2.34828E+6
9.65000E+1	2.41285E+4	6.98107E+4	3.17044E+6	1.00720E+6	7.92966E+4	2.33885E+6
9.66000E+1	2.41295E+4	6.95250E+4	3.19230E+6	9.93162E+5	7.88102E+4	2.34173E+6
9.67000E+1	2.41945E+4	6.96483E+4	3.09241E+6	1.01556E+6	7.89483E+4	2.32400E+6
9.68000E+1	2.45979E+4	6.92847E+4	3.11756E+6	1.00248E+6	7.90247E+4	2.36090E+6
9.69000E+1	2.43503E+4	6.95278E+4	3.28161E+6	1.02743E+6	7.89658E+4	2.37089E+6
9.70000E+1	2.43697E+4	6.91822E+4	3.08716E+6	1.00401E+6	7.89731E+4	2.34288E+6
9.71000E+1	2.45669E+4	6.91970E+4	3.11556E+6	1.00724E+6	7.88503E+4	2.33905E+6
9.72000E+1	2.45734E+4	6.92081E+4	3.14786E+6	1.01196E+6	7.88885E+4	2.36539E+6
9.73000E+1	2.47331E+4	6.92311E+4	3.14650E+6	1.01328E+6	7.90009E+4	2.34231E+6
9.74000E+1	2.46824E+4	6.90615E+4	3.26402E+6	1.00440E+6	7.90226E+4	2.33598E+6
9.75000E+1	2.46234E+4	6.90514E+4	3.14074E+6	1.01069E+6	7.89112E+4	2.33178E+6
9.76000E+1	2.50068E+4	6.90772E+4	3.18463E+6	1.02015E+6	7.88081E+4	2.36657E+6
9.77000E+1	2.50013E+4	6.90643E+4	3.22973E+6	1.00527E+6	7.87638E+4	2.31119E+6
9.78000E+1	2.51717E+4	6.90164E+4	3.23295E+6	1.01244E+6	7.85808E+4	2.34462E+6
9.79000E+1	2.50315E+4	6.91048E+4	3.25094E+6	1.00228E+6	7.88741E+4	2.40256E+6
9.80000E+1	2.50763E+4	6.90256E+4	3.25965E+6	1.01260E+6	7.90267E+4	2.35176E+6
9.81000E+1	2.49827E+4	6.92884E+4	3.17562E+6	1.01140E+6	7.85243E+4	2.33809E+6
9.82000E+1	2.50879E+4	6.90542E+4	3.18012E+6	1.01443E+6	7.88215E+4	2.38513E+6
9.83000E+1	2.50290E+4	6.91315E+4	3.07965E+6	1.01716E+6	7.88555E+4	2.40256E+6
9.84000E+1	2.51374E+4	6.87867E+4	3.16357E+6	1.01580E+6	7.89101E+4	2.37581E+6
9.85000E+1	2.51394E+4	6.90127E+4	3.30013E+6	1.03344E+6	7.91549E+4	2.33713E+6
9.86000E+1	2.50542E+4	6.89879E+4	3.17804E+6	1.01351E+6	7.88442E+4	2.35467E+6
9.87000E+1	2.52141E+4	6.90450E+4	3.21374E+6	1.01391E+6	7.89349E+4	2.31401E+6
9.88000E+1	2.52692E+4	6.87454E+4	3.32754E+6	1.02964E+6	7.91414E+4	2.37030E+6
9.89000E+1	2.53471E+4	6.88914E+4	3.16941E+6	1.03199E+6	7.90918E+4	2.33484E+6
9.90000E+1	2.51056E+4	6.87188E+4	3.24228E+6	1.01760E+6	7.88833E+4	2.31777E+6
9.91000E+1	2.52712E+4	6.88491E+4	3.41805E+6	1.02747E+6	7.88339E+4	2.38255E+6
9.92000E+1	2.52030E+4	6.89401E+4	3.33893E+6	1.04123E+6	7.91363E+4	2.36716E+6
9.93000E+1	2.52767E+4	6.87490E+4	3.21657E+6	1.02812E+6	7.92511E+4	2.36931E+6
9.94000E+1	2.52621E+4	6.85154E+4	3.27206E+6	1.02685E+6	7.89174E+4	2.33102E+6
9.95000E+1	2.54028E+4	6.87720E+4	3.28603E+6	1.03183E+6	7.88844E+4	2.40721E+6
9.96000E+1	2.53015E+4	6.86271E+4	3.17666E+6	1.03014E+6	7.94252E+4	2.34423E+6
9.97000E+1	2.52924E+4	6.85969E+4	3.34274E+6	1.02796E+6	7.89184E+4	2.35195E+6
9.98000E+1	2.54028E+4	6.85841E+4	3.23761E+6	1.02209E+6	7.88823E+4	2.37542E+6
9.99000E+1	2.52995E+4	6.84084E+4	3.24480E+6	1.02237E+6	7.89514E+4	2.34346E+6
1.00000E+2	2.52712E+4	6.86354E+4	3.27572E+6	1.02853E+6	7.86609E+4	2.32513E+6
1.00100E+2	2.54235E+4	6.83518E+4	3.37162E+6	1.01077E+6	7.88802E+4	2.37010E+6
1.00200E+2	2.52757E+4	6.86583E+4	3.20597E+6	1.01268E+6	7.89101E+4	2.35060E+6
1.00300E+2	2.53010E+4	6.86968E+4	3.34465E+6	1.02759E+6	7.83806E+4	2.35428E+6
1.00400E+2	2.54575E+4	6.83527E+4	3.31848E+6	1.00906E+6	7.86506E+4	2.38573E+6
1.00500E+2	2.51686E+4	6.81776E+4	3.20140E+6	1.03220E+6	7.84247E+4	2.29612E+6
1.00600E+2	2.53420E+4	6.82578E+4	3.11024E+6	1.01584E+6	7.83847E+4	2.36461E+6
1.00700E+2	2.52656E+4	6.83016E+4	3.27279E+6	1.01688E+6	7.86003E+4	2.42434E+6
1.00800E+2	2.51722E+4	6.82551E+4	3.24697E+6	1.02661E+6	7.82946E+4	2.34269E+6
1.00900E+2	2.54114E+4	6.81020E+4	3.11024E+6	1.03269E+6	7.83612E+4	2.35622E+6
1.01000E+2	2.51883E+4	6.83044E+4	3.29938E+6	1.02681E+6	7.85921E+4	2.33713E+6
1.01100E+2	2.51177E+4	6.80893E+4	3.29529E+6	1.01572E+6	7.89411E+4	2.34963E+6
1.01200E+2	2.53349E+4	6.82770E+4	3.26402E+6	1.01756E+6	7.87679E+4	2.35370E+6
1.01300E+2	2.51525E+4	6.83673E+4	3.17631E+6	1.01320E+6	7.89040E+4	2.36853E+6
1.01400E+2	2.52560E+4	6.81184E+4	3.32338E+6	1.04519E+6	7.89947E+4	2.33675E+6
1.01500E+2	2.53856E+4	6.81257E+4	3.26074E+6	1.05693E+6	7.93702E+4	2.34963E+6
1.01600E+2	2.52712E+4	6.80865E+4	3.24986E+6	1.02845E+6	7.89225E+4	2.37937E+6
1.01700E+2	2.52116E+4	6.80365E+4	3.21409E+6	1.01608E+6	7.91590E+4	2.25075E+6
1.01800E+2	2.54018E+4	6.81448E+4	3.20985E+6	1.03141E+6	7.87093E+4	2.34847E+6
1.01900E+2	2.51157E+4	6.79501E+4	3.21091E+6	1.00669E+6	7.85017E+4	2.45657E+6
1.02000E+2	2.52020E+4	6.79492E+4	3.16666E+6	1.01873E+6	7.91849E+4	2.40095E+6
1.02100E+2	2.52656E+4	6.79537E+4	3.17528E+6	1.03047E+6	7.89720E+4	2.27467E+6
1.02200E+2	2.52090E+4	6.79083E+4	3.21905E+6	1.03605E+6	7.89793E+4	2.33828E+6
1.02300E+2	2.52975E+4	6.78602E+4	3.24156E+6	1.03274E+6	7.90732E+4	2.34809E+6
1.02400E+2	2.51414E+4	6.79701E+4	3.22474E+6	1.02043E+6	7.91818E+4	2.30001E+6
1.02500E+2	2.52858E+4	6.76643E+4	3.22510E+6	1.00775E+6	7.84996E+4	2.32532E+6
1.02600E+2	2.52510E+4	6.79665E+4	3.25058E+6	1.04023E+6	7.84555E+4	2.37069E+6
1.02700E+2	2.52161E+4	6.75729E+4	3.30535E+6	1.03385E+6	7.87916E+4	2.35215E+6
1.02800E+2	2.50516E+4	6.76345E+4	3.12692E+6	1.03584E+6	7.86311E+4	2.27886E+6
1.02900E+2	2.54920E+4	6.75792E+4	3.16975E+6	1.00910E+6	7.88679E+4	2.42085E+6
1.03000E+2	2.53162E+4	6.75376E+4	3.27023E+6	1.03274E+6	7.88308E+4	2.30914E+6
1.03100E+2	2.52398E+4	6.75729E+4	3.37123E+6	1.03055E+6	7.88060E+4	2.32003E+6
1.03200E+2	2.52267E+4	6.76852E+4	3.23653E+6	1.02498E+6	7.88122E+4	2.42907E+6
1.03300E+2	2.54256E+4	6.74346E+4	3.18429E+6	1.00914E+6	7.87906E+4	2.35700E+6
1.03400E+2	2.53815E+4	6.75223E+4	3.12793E+6	1.03010E+6	7.87731E+4	2.31833E+6
1.03500E+2	2.55027E+4	6.73299E+4	3.21728E+6	1.02095E+6	7.86239E+4	2.34462E+6
1.03600E+2	2.55357E+4	6.73065E+4	3.09701E+6	1.02432E+6	7.90061E+4	2.32116E+6
1.03700E+2	2.52585E+4	6.74735E+4	3.27572E+6	1.01889E+6	7.86321E+4	2.35273E+6
1.03800E+2	2.55204E+4	6.73182E+4	3.24733E+6	1.03605E+6	7.89607E+4	2.32135E+6
1.03900E+2	2.54712E+4	6.72425E+4	3.42885E+6	1.01536E+6	7.86414E+4	2.39432E+6
1.04000E+2	2.55905E+4	6.70543E+4	3.29047E+6	1.01869E+6	7.85489E+4	2.25807E+6
1.04100E+2	2.54459E+4	6.71272E+4	3.20738E+6	1.02063E+6	7.85664E+4	2.33007E+6
1.04200E+2	2.55616E+4	6.73651E+4	3.28567E+6	1.03543E+6	7.88462E+4	2.31739E+6
1.04300E+2	2.53871E+4	6.71164E+4	3.29233E+6	1.03751E+6	7.89421E+4	2.32589E+6
1.04400E+2	2.53734E+4	6.70957E+4	3.15024E+6	1.02685E+6	7.87999E+4	2.33962E+6
1.04500E+2	2.55235E+4	6.71821E+4	3.14650E+6	1.05118E+6	7.87268E+4	2.38812E+6
1.04600E+2	2.54920E+4	6.71254E+4	3.09142E+6	1.02559E+6	7.88236E+4	2.34539E+6
1.04700E+2	2.54570E+4	6.71200E+4	3.10493E+6	1.03989E+6	7.91559E+4	2.35545E+6
1.04800E+2	2.54423E+4	6.68057E+4	3.12961E+6	1.02335E+6	7.86239E+4	2.31438E+6
1.04900E+2	2.55585E+4	6.68110E+4	3.14582E+6	1.02731E+6	7.86476E+4	2.37128E+6
1.05000E+2	2.55682E+4	6.68317E+4	3.14956E+6	1.04119E+6	7.88236E+4	2.41432E+6
1.05100E+2	2.55326E+4	6.68945E+4	3.18047E+6	1.03605E+6	7.90443E+4	2.38235E+6
1.05200E+2	2.54271E+4	6.66248E+4	3.37357E+6	1.01910E+6	7.87072E+4	2.31007E+6
1.05300E+2	2.56103E+4	6.67958E+4	3.21763E+6	1.04077E+6	7.86589E+4	2.32798E+6
1.05400E+2	2.55428E+4	6.66892E+4	3.15809E+6	1.04582E+6	7.88143E+4	2.36012E+6
1.05500E+2	2.54109E+4	6.67053E+4	3.14548E+6	1.03693E+6	7.86599E+4	2.33140E+6
1.05600E+2	2.54636E+4	6.66642E+4	3.07024E+6	1.02866E+6	7.87772E+4	2.37997E+6
1.05700E+2	2.56296E+4	6.66561E+4	3.08978E+6	1.04460E+6	7.85910E+4	2.33426E+6
1.05800E+2	2.54357E+4	6.66078E+4	3.19965E+6	1.02380E+6	7.85458E+4	2.23501E+6
1.05900E+2	2.53769E+4	6.66525E+4	3.17528E+6	1.04824E+6	7.86938E+4	2.29852E+6
1.06000E+2	2.56190E+4	6.65363E+4	3.16219E+6	1.03939E+6	7.87329E+4	2.37148E+6
1.06100E+2	2.54991E+4	6.63667E+4	3.19895E+6	1.02956E+6	7.87299E+4	2.42024E+6
1.06200E+2	2.57304E+4	6.63391E+4	3.13432E+6	1.02936E+6	7.83642E+4	2.39111E+6
1.06300E+2	2.55595E+4	6.68469E+4	3.21763E+6	1.01704E+6	7.85499E+4	2.35953E+6
1.06400E+2	2.55575E+4	6.65854E+4	3.29010E+6	1.02047E+6	7.83099E+4	2.27794E+6
1.06500E+2	2.56286E+4	6.63587E+4	3.20844E+6	1.02375E+6	7.85150E+4	2.31814E+6
1.06600E+2	2.57365E+4	6.62740E+4	3.07835E+6	1.03236E+6	7.88545E+4	2.34519E+6
1.06700E+2	2.55463E+4	6.63631E+4	3.26001E+6	1.01809E+6	7.85150E+4	2.36853E+6
1.06800E+2	2.55854E+4	6.65416E+4	3.34695E+6	1.03826E+6	7.86280E+4	2.44254E+6
1.06900E+2	2.56022E+4	6.65318E+4	3.08096E+6	1.03084E+6	7.86661E+4	2.32362E+6
1.07000E+2	2.54692E+4	6.64425E+4	3.22296E+6	1.03618E+6	7.84678E+4	2.33407E+6
1.07100E+2	2.55976E+4	6.62847E+4	3.17458E+6	1.03776E+6	7.87319E+4	2.35428E+6
1.07200E+2	2.54535E+4	6.63515E+4	3.17148E+6	1.00993E+6	7.83612E+4	2.35176E+6
1.07300E+2	2.56393E+4	6.61992E+4	3.18742E+6	1.01524E+6	7.86044E+4	2.36090E+6
1.07400E+2	2.55321E+4	6.62206E+4	3.25674E+6	1.03493E+6	7.86938E+4	2.40276E+6
1.07500E+2	2.56586E+4	6.59948E+4	3.41010E+6	1.02800E+6	7.83304E+4	2.32760E+6
1.07600E+2	2.55549E+4	6.61227E+4	3.18916E+6	1.02555E+6	7.83499E+4	2.45173E+6
1.07700E+2	2.57808E+4	6.60312E+4	3.20140E+6	1.02612E+6	7.80695E+4	2.34500E+6
1.07800E+2	2.55844E+4	6.62161E+4	3.12290E+6	1.01084E+6	7.83355E+4	2.26652E+6
1.07900E+2	2.56474E+4	6.60854E+4	3.14548E+6	1.03381E+6	7.84432E+4	2.35041E+6
1.08000E+2	2.56225E+4	6.59158E+4	3.18498E+6	1.02608E+6	7.82751E+4	2.41738E+6
1.08100E+2	2.57630E+4	6.59904E+4	3.17873E+6	1.03889E+6	7.85202E+4	2.31476E+6
1.08200E+2	2.55428E+4	6.57546E+4	3.30311E+6	1.03001E+6	7.84812E+4	2.36931E+6
1.08300E+2	2.56673E+4	6.58423E+4	3.27059E+6	1.03055E+6	7.85746E+4	2.42249E+6
1.08400E+2	2.57747E+4	6.59034E+4	3.15365E+6	1.04663E+6	7.85161E+4	2.33943E+6
1.08500E+2	2.56210E+4	6.58626E+4	3.27169E+6	1.02335E+6	7.86661E+4	2.37562E+6
1.08600E+2	2.55666E+4	6.58104E+4	3.07835E+6	1.03889E+6	7.82720E+4	2.31063E+6
1.08700E+2	2.55631E+4	6.57378E+4	3.10196E+6	1.02620E+6	7.83335E+4	2.40014E+6
1.08800E+2	2.57416E+4	6.57891E+4	3.22296E+6	1.03298E+6	7.80818E+4	2.40115E+6
1.08900E+2	2.55428E+4	6.57466E+4	3.17493E+6	1.01853E+6	7.80644E+4	2.41860E+6
1.09000E+2	2.55367E+4	6.55018E+4	3.08324E+6	1.01845E+6	7.82516E+4	2.39994E+6
1.09100E+2	2.56474E+4	6.56971E+4	3.13972E+6	1.02817E+6	7.83161E+4	2.30317E+6
1.09200E+2	2.54459E+4	6.54948E+4	3.24480E+6	1.03780E+6	7.82178E+4	2.30168E+6
1.09300E+2	2.55687E+4	6.56617E+4	3.08815E+6	1.01536E+6	7.77453E+4	2.34404E+6
1.09400E+2	2.55895E+4	6.56431E+4	3.14243E+6	1.00358E+6	7.78318E+4	2.37838E+6
1.09500E+2	2.55214E+4	6.55212E+4	3.22866E+6	1.01276E+6	7.77850E+4	2.35817E+6
1.09600E+2	2.54702E+4	6.55309E+4	3.05189E+6	1.01236E+6	7.76507E+4	2.32513E+6
1.09700E+2	2.54808E+4	6.53757E+4	3.09504E+6	1.01013E+6	7.77870E+4	2.40458E+6
1.09800E+2	2.54489E+4	6.55195E+4	3.14582E+6	1.01720E+6	7.78471E+4	2.35583E+6
1.09900E+2	2.54023E+4	6.56034E+4	3.17251E+6	1.01934E+6	7.77432E+4	2.39111E+6
1.10000E+2	2.53871E+4	6.53555E+4	3.02492E+6	1.01648E+6	7.77656E+4	2.43568E+6
1.10100E+2	2.52914E+4	6.52903E+4	3.05413E+6	1.00464E+6	7.75612E+4	2.34828E+6
1.10200E+2	2.51621E+4	6.54427E+4	3.16082E+6	1.01355E+6	7.78950E+4	2.35564E+6
1.10300E+2	2.52596E+4	6.53000E+4	3.13938E+6	1.02441E+6	7.77300E+4	2.34039E+6
1.10400E+2	2.53339E+4	6.51188E+4	3.13601E+6	9.99668E+5	7.77320E+4	2.28764E+6
1.10500E+2	2.53552E+4	6.52357E+4	3.09372E+6	1.00476E+6	7.78084E+4	2.37502E+6
1.10600E+2	2.52636E+4	6.52991E+4	3.04933E+6	1.01740E+6	7.78960E+4	2.33656E+6
1.10700E+2	2.54524E+4	6.51390E+4	3.05093E+6	1.03743E+6	7.75744E+4	2.43506E+6
1.10800E+2	2.52651E+4	6.52120E+4	3.02397E+6	1.01025E+6	7.77361E+4	2.34712E+6
1.10900E+2	2.52126E+4	6.51197E+4	3.05766E+6	9.96134E+5	7.74455E+4	2.40944E+6
1.11000E+2	2.51954E+4	6.49495E+4	3.11956E+6	9.99395E+5	7.78074E+4	2.32495E+6
1.11100E+2	2.52955E+4	6.56060E+4	3.04072E+6	9.90780E+5	7.78665E+4	2.38155E+6
1.11200E+2	2.53445E+4	6.50539E+4	3.08031E+6	9.97258E+5	7.75145E+4	2.37227E+6
1.11300E+2	2.52747E+4	6.50196E+4	3.26110E+6	9.96173E+5	7.79042E+4	2.35895E+6
1.11400E+2	2.53132E+4	6.49504E+4	3.10692E+6	1.02833E+6	7.78390E+4	2.37483E+6
1.11500E+2	2.50683E+4	6.50398E+4	3.08031E+6	1.01986E+6	7.79481E+4	2.44025E+6
1.11600E+2	2.53106E+4	6.50934E+4	3.05029E+6	1.02645E+6	7.76425E+4	2.35739E+6
1.11700E+2	2.53602E+4	6.49372E+4	3.10394E+6	1.00076E+6	7.77076E+4	2.33732E+6
1.11800E+2	2.51742E+4	6.51522E+4	3.20597E+6	9.96328E+5	7.78267E+4	2.38772E+6
1.11900E+2	2.52722E+4	6.48059E+4	3.06410E+6	1.00182E+6	7.77585E+4	2.38275E+6
1.12000E+2	2.52333E+4	6.45612E+4	3.05670E+6	9.90435E+5	7.78665E+4	2.39552E+6
1.12100E+2	2.51066E+4	6.49723E+4	3.28382E+6	1.00724E+6	7.77941E+4	2.40620E+6
1.12200E+2	2.53213E+4	6.46284E+4	3.03312E+6	1.00969E+6	7.78420E+4	2.40660E+6
1.12300E+2	2.53663E+4	6.48347E+4	3.15877E+6	9.98229E+5	7.77891E+4	2.38136E+6
1.12400E+2	2.52222E+4	6.48610E+4	3.27462E+6	1.02416E+6	7.79705E+4	2.40418E+6
1.12500E+2	2.53157E+4	6.46197E+4	3.10924E+6	1.00405E+6	7.77616E+4	2.42331E+6
1.12600E+2	2.52333E+4	6.47079E+4	3.10460E+6	9.97142E+5	7.77575E+4	2.43858E+6
1.12700E+2	2.53192E+4	6.49346E+4	3.06539E+6	1.00275E+6	7.81206E+4	2.42557E+6
1.12800E+2	2.53987E+4	6.47420E+4	3.11123E+6	9.96638E+5	7.76019E+4	2.34404E+6
1.12900E+2	2.53455E+4	6.46738E+4	3.17770E+6	9.96521E+5	7.80001E+4	2.39753E+6
1.13000E+2	2.53056E+4	6.46240E+4	3.12961E+6	1.02408E+6	7.78115E+4	2.38215E+6
1.13100E+2	2.53268E+4	6.45918E+4	3.07510E+6	1.00495E+6	7.78889E+4	2.30783E+6
1.13200E+2	2.52212E+4	6.45621E+4	3.19335E+6	9.92931E+5	7.80675E+4	2.36853E+6
1.13300E+2	2.54814E+4	6.46520E+4	2.96505E+6	1.00617E+6	7.78084E+4	2.37700E+6
1.13400E+2	2.52171E+4	6.45464E+4	3.06636E+6	9.89440E+5	7.79481E+4	2.33732E+6
1.13500E+2	2.53440E+4	6.46625E+4	3.20844E+6	9.91010E+5	7.77646E+4	2.40721E+6
1.13600E+2	2.52282E+4	6.44984E+4	3.12157E+6	9.92700E+5	7.78808E+4	2.38215E+6
1.13700E+2	2.52464E+4	6.44348E+4	3.01301E+6	9.84681E+5	7.78583E+4	2.39572E+6
1.13800E+2	2.53127E+4	6.43599E+4	3.12726E+6	9.99863E+5	7.79664E+4	2.38533E+6
1.13900E+2	2.53982E+4	6.44078E+4	3.18637E+6	1.01228E+6	7.78237E+4	2.32551E+6
1.14000E+2	2.53096E+4	6.43956E+4	3.02712E+6	1.00373E+6	7.78410E+4	2.37680E+6
1.14100E+2	2.54083E+4	6.45996E+4	2.99315E+6	9.97530E+5	7.76893E+4	2.29169E+6
1.14200E+2	2.53142E+4	6.41913E+4	3.12391E+6	9.95206E+5	7.80021E+4	2.41432E+6
1.14300E+2	2.54509E+4	6.43373E+4	2.99069E+6	9.98617E+5	7.78828E+4	2.32779E+6
1.14400E+2	2.55169E+4	6.42929E+4	3.01832E+6	9.93701E+5	7.79358E+4	2.35525E+6
1.14500E+2	2.53106E+4	6.42503E+4	3.14684E+6	1.00021E+6	7.81155E+4	2.32362E+6
1.14600E+2	2.52889E+4	6.44322E+4	3.08520E+6	9.86276E+5	7.78288E+4	2.31119E+6
1.14700E+2	2.53268E+4	6.44958E+4	3.16357E+6	9.86162E+5	7.77809E+4	2.32665E+6
1.14800E+2	2.52282E+4	6.41800E+4	3.11323E+6	1.00354E+6	7.82526E+4	2.39914E+6
1.14900E+2	2.53638E+4	6.43373E+4	3.04200E+6	9.99279E+5	7.77147E+4	2.32741E+6
1.15000E+2	2.50562E+4	6.41149E+4	2.99161E+6	9.99434E+5	7.78155E+4	2.36696E+6
1.15100E+2	2.51086E+4	6.39865E+4	3.09800E+6	9.91355E+5	7.76720E+4	2.32798E+6
1.15200E+2	2.53304E+4	6.40784E+4	2.98700E+6	1.00138E+6	7.80042E+4	2.32438E+6
1.15300E+2	2.50713E+4	6.42947E+4	3.06345E+6	9.91816E+5	7.77636E+4	2.34308E+6
1.15400E+2	2.50733E+4	6.39831E+4	3.15945E+6	1.01017E+6	7.79634E+4	2.38772E+6
1.15500E+2	2.50955E+4	6.39571E+4	3.09044E+6	9.96560E+5	7.79399E+4	2.40499E+6
1.15600E+2	2.50335E+4	6.40143E+4	3.09011E+6	9.89746E+5	7.78593E+4	2.30001E+6
1.15700E+2	2.50884E+4	6.39987E+4	3.00150E+6	1.00303E+6	7.78318E+4	2.33885E+6
1.15800E+2	2.49203E+4	6.40186E+4	2.99995E+6	1.00131E+6	7.80573E+4	2.33828E+6
1.15900E+2	2.51363E+4	6.40420E+4	3.03343E+6	9.87836E+5	7.80787E+4	2.31457E+6
1.16000E+2	2.51242E+4	6.39961E+4	3.05766E+6	1.00898E+6	7.80246E+4	2.39632E+6
1.16100E+2	2.50678E+4	6.41235E+4	3.02901E+6	9.88790E+5	7.82065E+4	2.35817E+6
1.16200E+2	2.50310E+4	6.39770E+4	2.95781E+6	9.90435E+5	7.79481E+4	2.38533E+6
1.16300E+2	2.48479E+4	6.39346E+4	3.11756E+6	9.74952E+5	7.80195E+4	2.33159E+6
1.16400E+2	2.49605E+4	6.38550E+4	2.99624E+6	9.79288E+5	7.80695E+4	2.37977E+6
1.16500E+2	2.49122E+4	6.37072E+4	3.23367E+6	9.92008E+5	7.79287E+4	2.36931E+6
1.16600E+2	2.50295E+4	6.38948E+4	3.07998E+6	9.92623E+5	7.82086E+4	2.44254E+6
1.16700E+2	2.49771E+4	6.38117E+4	3.00646E+6	9.81092E+5	7.78359E+4	2.30914E+6
1.16800E+2	2.50345E+4	6.38948E+4	2.99315E+6	9.96057E+5	7.80920E+4	2.33924E+6
1.16900E+2	2.51136E+4	6.35631E+4	3.00646E+6	9.86048E+5	7.79899E+4	2.38136E+6
1.17000E+2	2.49188E+4	6.34761E+4	3.00989E+6	9.82148E+5	7.80358E+4	2.36637E+6
1.17100E+2	2.50441E+4	6.35002E+4	3.02649E+6	9.77527E+5	7.79358E+4	2.41290E+6
1.17200E+2	2.49998E+4	6.37435E+4	3.08031E+6	1.00103E+6	7.79348E+4	2.30317E+6
1.17300E+2	2.49575E+4	6.37711E+4	3.05381E+6	9.88867E+5	7.80777E+4	2.38116E+6
1.17400E+2	2.49515E+4	6.35080E+4	3.02933E+6	9.91240E+5	7.81932E+4	2.39352E+6
1.17500E+2	2.50406E+4	6.34417E+4	2.98424E+6	9.92931E+5	7.80624E+4	2.44295E+6
1.17600E+2	2.52111E+4	6.36071E+4	3.14243E+6	1.00209E+6	7.81288E+4	2.32022E+6
1.17700E+2	2.50103E+4	6.35631E+4	3.04486E+6	9.85023E+5	7.82321E+4	2.34983E+6
1.17800E+2	2.51641E+4	6.39129E+4	3.23761E+6	1.00111E+6	7.79562E+4	2.29797E+6
1.17900E+2	2.53354E+4	6.37236E+4	3.07770E+6	9.90282E+5	7.82035E+4	2.40701E+6
1.18000E+2	2.53420E+4	6.32800E+4	3.05734E+6	1.01387E+6	7.79215E+4	2.37799E+6
1.18100E+2	2.52727E+4	6.36373E+4	3.11556E+6	9.98539E+5	7.79511E+4	2.35079E+6
1.18200E+2	2.53886E+4	6.35511E+4	3.16735E+6	1.00182E+6	7.82772E+4	2.35545E+6
1.18300E+2	2.52808E+4	6.31565E+4	3.11622E+6	9.99902E+5	7.79328E+4	2.31007E+6
1.18400E+2	2.55722E+4	6.33780E+4	3.10725E+6	9.95515E+5	7.78889E+4	2.29704E+6
1.18500E+2	2.54616E+4	6.32354E+4	3.12491E+6	1.00373E+6	7.79593E+4	2.37049E+6
1.18600E+2	2.57263E+4	6.34193E+4	3.05189E+6	1.00111E+6	7.85294E+4	2.29279E+6
1.18700E+2	2.58931E+4	6.30802E+4	3.11956E+6	1.00362E+6	7.81043E+4	2.36187E+6
1.18800E+2	2.55809E+4	6.32818E+4	3.03914E+6	1.02743E+6	7.82014E+4	2.36090E+6
1.18900E+2	2.55997E+4	6.35295E+4	3.15126E+6	9.97685E+5	7.82219E+4	2.40317E+6
1.19000E+2	2.57085E+4	6.31770E+4	3.06120E+6	1.01288E+6	7.79562E+4	2.33962E+6
1.19100E+2	2.57635E+4	6.32311E+4	3.12458E+6	9.97568E+5	7.81472E+4	2.36422E+6
1.19200E+2	2.56597E+4	6.31899E+4	3.19335E+6	9.97840E+5	7.80358E+4	2.39632E+6
1.19300E+2	2.57324E+4	6.34090E+4	3.08651E+6	1.00566E+6	7.78991E+4	2.35467E+6
1.19400E+2	2.57579E+4	6.31813E+4	3.21409E+6	1.03472E+6	7.79460E+4	2.34154E+6
1.19500E+2	2.57849E+4	6.32732E+4	3.11722E+6	1.01367E+6	7.80818E+4	2.39151E+6
1.19600E+2	2.59018E+4	6.32491E+4	3.09405E+6	1.00064E+6	7.79674E+4	2.32154E+6
1.19700E+2	2.58880E+4	6.29766E+4	3.06991E+6	1.01901E+6	7.81585E+4	2.41983E+6
1.19800E+2	2.60265E+4	6.32174E+4	3.03628E+6	1.01280E+6	7.79226E+4	2.39332E+6
1.19900E+2	2.59375E+4	6.33514E+4	3.18707E+6	1.01813E+6	7.79919E+4	2.40600E+6
1.20000E+2	2.60833E+4	6.32345E+4	3.19125E+6	1.00539E+6	7.78461E+4	2.38116E+6
1.20100E+2	2.60163E+4	6.32672E+4	3.16391E+6	1.01395E+6	7.80675E+4	2.32836E+6
1.20200E+2	2.60961E+4	6.32517E+4	3.17562E+6	1.01276E+6	7.81094E+4	2.37404E+6
1.20300E+2	2.61602E+4	6.28304E+4	3.03438E+6	1.01288E+6	7.79889E+4	2.40418E+6
1.20400E+2	2.61827E+4	6.31445E+4	3.13634E+6	1.01116E+6	7.81574E+4	2.33484E+6
1.20500E+2	2.60429E+4	6.30785E+4	3.17528E+6	1.01885E+6	7.80430E+4	2.33579E+6
1.20600E+2	2.61489E+4	6.31436E+4	3.03723E+6	1.01588E+6	7.79725E+4	2.35856E+6
1.20700E+2	2.63132E+4	6.29449E+4	3.15774E+6	1.02067E+6	7.80920E+4	2.38116E+6
1.20800E+2	2.60152E+4	6.30339E+4	3.12961E+6	1.02940E+6	7.81462E+4	2.48295E+6
1.20900E+2	2.60193E+4	6.29980E+4	3.17458E+6	1.01248E+6	7.81830E+4	2.33197E+6
1.21000E+2	2.62264E+4	6.30742E+4	3.06700E+6	1.01982E+6	7.76588E+4	2.33579E+6
1.21100E+2	2.60767E+4	6.29466E+4	3.07250E+6	1.00740E+6	7.77870E+4	2.31928E+6
1.21200E+2	2.61971E+4	6.29372E+4	3.28308E+6	1.00665E+6	7.78267E+4	2.41086E+6
1.21300E+2	2.59881E+4	6.28850E+4	3.22759E+6	1.01708E+6	7.81196E+4	2.38374E+6
1.21400E+2	2.62325E+4	6.28252E+4	3.33665E+6	1.02314E+6	7.78206E+4	2.40276E+6
1.21500E+2	2.60163E+4	6.28936E+4	3.11456E+6	1.02591E+6	7.77636E+4	2.41330E+6
1.21600E+2	2.61612E+4	6.30425E+4	3.08946E+6	1.02221E+6	7.79215E+4	2.38017E+6
1.21700E+2	2.61730E+4	6.29116E+4	3.21515E+6	1.01037E+6	7.80021E+4	2.39914E+6
1.21800E+2	2.61023E+4	6.27510E+4	3.18951E+6	1.01813E+6	7.77219E+4	2.36520E+6
1.21900E+2	2.63147E+4	6.30939E+4	3.16357E+6	1.02788E+6	7.78216E+4	2.41840E+6
1.22000E+2	2.61007E+4	6.27271E+4	3.18637E+6	1.01740E+6	7.79144E+4	2.34462E+6
1.22100E+2	2.60326E+4	6.30082E+4	3.28493E+6	1.01371E+6	7.79450E+4	2.41269E+6
1.22200E+2	2.61299E+4	6.28782E+4	3.07283E+6	1.02457E+6	7.76547E+4	2.41860E+6
1.22300E+2	2.61012E+4	6.27484E+4	3.16941E+6	1.01336E+6	7.80838E+4	2.51890E+6
1.22400E+2	2.60485E+4	6.26844E+4	3.11389E+6	1.02363E+6	7.80420E+4	2.36129E+6
1.22500E+2	2.60065E+4	6.28586E+4	3.06087E+6	1.01104E+6	7.79817E+4	2.33713E+6
1.22600E+2	2.59421E+4	6.29338E+4	3.15569E+6	1.01552E+6	7.77789E+4	2.32703E+6
1.22700E+2	2.59355E+4	6.26981E+4	3.09110E+6	1.02213E+6	7.78848E+4	2.41473E+6
1.22800E+2	2.59958E+4	6.27518E+4	3.23152E+6	9.95902E+5	7.78512E+4	2.39012E+6
1.22900E+2	2.59115E+4	6.26162E+4	3.21692E+6	1.00570E+6	7.78390E+4	2.38493E+6
1.23000E+2	2.60101E+4	6.25813E+4	3.19265E+6	1.00799E+6	7.79521E+4	2.35409E+6
1.23100E+2	2.59038E+4	6.25720E+4	3.14752E+6	1.01033E+6	7.77310E+4	2.38453E+6
1.23200E+2	2.60244E+4	6.27049E+4	3.19965E+6	9.99395E+5	7.78400E+4	2.40256E+6
1.23300E+2	2.59018E+4	6.28321E+4	3.22438E+6	1.02193E+6	7.78838E+4	2.38672E+6
1.23400E+2	2.58278E+4	6.27510E+4	3.11656E+6	1.00315E+6	7.79613E+4	2.42578E+6
1.23500E+2	2.57732E+4	6.26759E+4	3.07575E+6	1.00562E+6	7.80879E+4	2.46205E+6
1.23600E+2	2.58466E+4	6.26614E+4	3.12625E+6	1.00989E+6	7.82137E+4	2.37266E+6
1.23700E+2	2.59125E+4	6.22821E+4	3.16975E+6	1.01897E+6	7.82577E+4	2.36814E+6
1.23800E+2	2.58614E+4	6.25992E+4	3.18776E+6	1.01435E+6	7.79073E+4	2.46142E+6
1.23900E+2	2.59385E+4	6.26128E+4	3.07640E+6	1.01156E+6	7.77412E+4	2.34000E+6
1.24000E+2	2.61115E+4	6.25481E+4	3.23582E+6	1.02104E+6	7.79481E+4	2.35934E+6
1.24100E+2	2.59442E+4	6.26001E+4	3.06281E+6	9.90129E+5	7.80389E+4	2.36187E+6
1.24200E+2	2.58701E+4	6.23330E+4	3.14922E+6	1.01431E+6	7.77677E+4	2.33560E+6
1.24300E+2	2.59299E+4	6.24494E+4	3.07543E+6	1.00767E+6	7.80011E+4	2.40579E+6
1.24400E+2	2.59171E+4	6.26222E+4	3.09998E+6	1.01648E+6	7.78339E+4	2.39251E+6
1.24500E+2	2.59150E+4	6.23882E+4	3.10825E+6	1.01104E+6	7.80369E+4	2.42989E+6
1.24600E+2	2.58594E+4	6.23492E+4	3.10991E+6	1.01308E+6	7.77738E+4	2.44254E+6
1.24700E+2	2.57197E+4	6.23560E+4	3.04965E+6	1.00283E+6	7.81472E+4	2.43485E+6
1.24800E+2	2.59886E+4	6.26648E+4	3.09668E+6	9.98151E+5	7.80318E+4	2.39833E+6
1.24900E+2	2.58522E+4	6.24971E+4	3.11956E+6	1.02416E+6	7.79766E+4	2.34828E+6
1.25000E+2	2.58951E+4	6.26154E+4	3.08194E+6	1.00146E+6	7.78359E+4	2.35370E+6
1.25100E+2	2.59651E+4	6.24409E+4	3.20738E+6	1.01108E+6	7.80021E+4	2.38992E+6
1.25200E+2	2.58456E+4	6.24392E+4	3.09965E+6	1.01471E+6	7.78247E+4	2.45299E+6
1.25300E+2	2.58773E+4	6.24086E+4	3.26511E+6	1.01901E+6	7.79124E+4	2.45593E+6
1.25400E+2	2.58165E+4	6.22668E+4	3.12760E+6	1.00275E+6	7.79450E+4	2.39934E+6
1.25500E+2	2.58941E+4	6.25354E+4	3.21870E+6	1.00606E+6	7.82239E+4	2.37581E+6
1.25600E+2	2.57982E+4	6.25481E+4	3.02901E+6	1.01312E+6	7.79593E+4	2.44608E+6
1.25700E+2	2.59268E+4	6.22872E+4	3.06377E+6	1.03055E+6	7.82526E+4	2.37838E+6
1.25800E+2	2.59242E+4	6.22728E+4	3.26219E+6	1.00119E+6	7.78318E+4	2.40802E+6
1.25900E+2	2.59580E+4	6.25200E+4	3.09471E+6	1.00397E+6	7.79776E+4	2.42290E+6
1.26000E+2	2.57992E+4	6.24027E+4	3.11756E+6	1.01536E+6	7.82004E+4	2.32912E+6
1.26100E+2	2.56113E+4	6.24112E+4	3.06732E+6	9.96328E+5	7.80460E+4	2.34500E+6
1.26200E+2	2.57926E+4	6.22321E+4	3.13803E+6	1.00870E+6	7.82823E+4	2.35350E+6
1.26300E+2	2.56459E+4	6.24273E+4	3.11889E+6	1.00142E+6	7.81707E+4	2.42578E+6
1.26400E+2	2.57763E+4	6.24971E+4	3.25311E+6	1.01712E+6	7.79552E+4	2.46396E+6
1.26500E+2	2.59692E+4	6.22787E+4	3.15092E+6	1.01740E+6	7.83335E+4	2.38056E+6
1.26600E+2	2.56332E+4	6.22066E+4	3.13095E+6	1.02343E+6	7.76314E+4	2.42928E+6
1.26700E+2	2.58579E+4	6.22117E+4	3.05157E+6	1.01053E+6	7.79593E+4	2.39572E+6
1.26800E+2	2.58773E+4	6.23611E+4	3.11256E+6	1.01491E+6	7.83530E+4	2.44316E+6
1.26900E+2	2.57793E+4	6.20898E+4	3.15024E+6	1.00562E+6	7.82505E+4	2.44483E+6
1.27000E+2	2.58170E+4	6.23237E+4	3.07056E+6	1.02763E+6	7.78960E+4	2.44358E+6
1.27100E+2	2.58573E+4	6.23534E+4	3.17839E+6	9.99863E+5	7.84801E+4	2.42413E+6
1.27200E+2	2.56505E+4	6.23288E+4	3.04231E+6	1.00523E+6	7.79705E+4	2.41046E+6
1.27300E+2	2.56826E+4	6.23831E+4	3.22189E+6	9.92200E+5	7.78726E+4	2.43610E+6
1.27400E+2	2.55362E+4	6.21855E+4	3.04168E+6	1.02197E+6	7.81738E+4	2.39432E+6
1.27500E+2	2.56978E+4	6.22677E+4	3.05349E+6	1.00185E+6	7.81932E+4	2.45131E+6
1.27600E+2	2.57681E+4	6.22211E+4	3.10924E+6	1.00342E+6	7.83950E+4	2.40317E+6
1.27700E+2	2.56566E+4	6.21194E+4	3.04200E+6	1.00166E+6	7.81022E+4	2.41738E+6
1.27800E+2	2.56530E+4	6.22219E+4	3.22438E+6	1.00890E+6	7.81850E+4	2.36520E+6
