0.00000E+0	4.50318E+4	6.27492E+4	5.58598E+6	1.66298E+6	9.33607E+4	3.60695E+6
1.00000E-1	3.89205E+4	5.58601E+4	4.29532E+6	1.49461E+6	8.44544E+4	3.10613E+6
2.00000E-1	3.91254E+4	5.60058E+4	5.22872E+6	1.52850E+6	8.45465E+4	3.40518E+6
3.00000E-1	3.91341E+4	5.59995E+4	4.64107E+6	1.53821E+6	8.46442E+4	3.19986E+6
4.00000E-1	3.91136E+4	5.59650E+4	4.53903E+6	1.48703E+6	8.45926E+4	3.30819E+6
5.00000E-1	3.91485E+4	5.60262E+4	4.39201E+6	1.53855E+6	8.46387E+4	3.17964E+6
6.00000E-1	3.92084E+4	5.60552E+4	4.94712E+6	1.57842E+6	8.49842E+4	3.34565E+6
7.00000E-1	3.92490E+4	5.61824E+4	4.83557E+6	1.54428E+6	8.47024E+4	3.31269E+6
8.00000E-1	3.92715E+4	5.59258E+4	4.74921E+6	1.50575E+6	8.46003E+4	3.36449E+6
9.00000E-1	3.92146E+4	5.59384E+4	4.59021E+6	1.53933E+6	8.48983E+4	3.35024E+6
1.00000E+0	3.92059E+4	5.60544E+4	4.80903E+6	1.51267E+6	8.49148E+4	3.35909E+6
1.10000E+0	3.93421E+4	5.61023E+4	4.87353E+6	1.55489E+6	8.50184E+4	3.30035E+6
1.20000E+0	3.94160E+4	5.61918E+4	4.70715E+6	1.52008E+6	8.50350E+4	3.33383E+6
1.30000E+0	3.93065E+4	5.61156E+4	4.56343E+6	1.52050E+6	8.50063E+4	3.37925E+6
1.40000E+0	3.89946E+4	5.61408E+4	4.41160E+6	1.50850E+6	8.50438E+4	3.28036E+6
1.50000E+0	3.93584E+4	5.62516E+4	4.54946E+6	1.55216E+6	8.49765E+4	3.35986E+6
1.60000E+0	3.95652E+4	5.61376E+4	4.67903E+6	1.53166E+6	8.51818E+4	3.34986E+6
1.70000E+0	3.93615E+4	5.59423E+4	4.33552E+6	1.49847E+6	8.48829E+4	3.35832E+6
1.80000E+0	3.96148E+4	5.61156E+4	5.14675E+6	1.56127E+6	8.51111E+4	3.33764E+6
1.90000E+0	3.99629E+4	5.61023E+4	4.78508E+6	1.57942E+6	8.50460E+4	3.37419E+6
2.00000E+0	3.96085E+4	5.59587E+4	4.33806E+6	1.50592E+6	8.44796E+4	3.17341E+6
2.10000E+0	3.96085E+4	5.60952E+4	4.60656E+6	1.55675E+6	8.49666E+4	3.19881E+6
2.20000E+0	3.96826E+4	5.59431E+4	4.61156E+6	1.55049E+6	8.54850E+4	3.22140E+6
2.30000E+0	3.97247E+4	5.63311E+4	4.82382E+6	1.57806E+6	8.50317E+4	3.36992E+6
2.40000E+0	3.94348E+4	5.59298E+4	4.13462E+6	1.50758E+6	8.49721E+4	3.17825E+6
2.50000E+0	3.97247E+4	5.64067E+4	5.09581E+6	1.55401E+6	8.51630E+4	3.36914E+6
2.60000E+0	3.94974E+4	5.60552E+4	4.49168E+6	1.54055E+6	8.49545E+4	3.19321E+6
2.70000E+0	3.94467E+4	5.60638E+4	4.31973E+6	1.49897E+6	8.50074E+4	3.19425E+6
2.80000E+0	3.96839E+4	5.63271E+4	4.64687E+6	1.56680E+6	8.51542E+4	3.34948E+6
2.90000E+0	3.94147E+4	5.62225E+4	4.54389E+6	1.53804E+6	8.51012E+4	3.30259E+6
3.00000E+0	3.94122E+4	5.64390E+4	4.46736E+6	1.49675E+6	8.51884E+4	3.22816E+6
3.10000E+0	3.92434E+4	5.60724E+4	4.56693E+6	1.53175E+6	8.50659E+4	3.27154E+6
3.20000E+0	3.94930E+4	5.64343E+4	4.76212E+6	1.56082E+6	8.52569E+4	3.35986E+6
3.30000E+0	3.92852E+4	5.62964E+4	4.53280E+6	1.49642E+6	8.48410E+4	3.17237E+6
3.40000E+0	3.93409E+4	5.63657E+4	4.78431E+6	1.54280E+6	8.52791E+4	3.22211E+6
3.50000E+0	3.93941E+4	5.64327E+4	5.04500E+6	1.55896E+6	8.54639E+4	3.37652E+6
3.60000E+0	3.94166E+4	5.63279E+4	4.35079E+6	1.50816E+6	8.51619E+4	3.39335E+6
3.70000E+0	3.94880E+4	5.62886E+4	4.61156E+6	1.55146E+6	8.51376E+4	3.21643E+6
3.80000E+0	3.96594E+4	5.64934E+4	4.74997E+6	1.52850E+6	8.53609E+4	3.27484E+6
3.90000E+0	3.97059E+4	5.65534E+4	5.07157E+6	1.57688E+6	8.51542E+4	3.34259E+6
4.00000E+0	3.97342E+4	5.64611E+4	4.54459E+6	1.54272E+6	8.50670E+4	3.27594E+6
4.10000E+0	3.95275E+4	5.62673E+4	4.50873E+6	1.53717E+6	8.52426E+4	3.36063E+6
4.20000E+0	3.95708E+4	5.63744E+4	4.35334E+6	1.53622E+6	8.51895E+4	3.19076E+6
4.30000E+0	3.97015E+4	5.64792E+4	4.79201E+6	1.54350E+6	8.53266E+4	3.41909E+6
4.40000E+0	3.96361E+4	5.64114E+4	4.79509E+6	1.55515E+6	8.54152E+4	3.30408E+6
4.50000E+0	3.95790E+4	5.66838E+4	4.80903E+6	1.54020E+6	8.52636E+4	3.37224E+6
4.60000E+0	3.98696E+4	5.64043E+4	5.02461E+6	1.56483E+6	8.54950E+4	3.38981E+6
4.70000E+0	3.96675E+4	5.63594E+4	4.67315E+6	1.52687E+6	8.51663E+4	3.19495E+6
4.80000E+0	3.97864E+4	5.65400E+4	4.80437E+6	1.54839E+6	8.53753E+4	3.35024E+6
4.90000E+0	3.97883E+4	5.64595E+4	4.43467E+6	1.51671E+6	8.52945E+4	3.26168E+6
5.00000E+0	3.98500E+4	5.65242E+4	4.91369E+6	1.51511E+6	8.52802E+4	3.47050E+6
5.10000E+0	3.99856E+4	5.66348E+4	4.64107E+6	1.57462E+6	8.51321E+4	3.41789E+6
5.20000E+0	4.01702E+4	5.66585E+4	4.65633E+6	1.54576E+6	8.55183E+4	3.45049E+6
5.30000E+0	4.01025E+4	5.65392E+4	4.49304E+6	1.60648E+6	8.53488E+4	3.24935E+6
5.40000E+0	4.02310E+4	5.65961E+4	4.71610E+6	1.54638E+6	8.54307E+4	3.58933E+6
5.50000E+0	4.01171E+4	5.68208E+4	5.17529E+6	1.56769E+6	8.54506E+4	3.37380E+6
5.60000E+0	4.00058E+4	5.65921E+4	5.03139E+6	1.52407E+6	8.52238E+4	3.26059E+6
5.70000E+0	3.99547E+4	5.66111E+4	4.84894E+6	1.56626E+6	8.53012E+4	3.38198E+6
5.80000E+0	4.00197E+4	5.65076E+4	4.62663E+6	1.53510E+6	8.55149E+4	3.28810E+6
5.90000E+0	4.03870E+4	5.65210E+4	4.89514E+6	1.53115E+6	8.53665E+4	3.29589E+6
6.00000E+0	4.03489E+4	5.66443E+4	5.11940E+6	1.56976E+6	8.56847E+4	3.43432E+6
6.10000E+0	4.03921E+4	5.67273E+4	5.11677E+6	1.53149E+6	8.53034E+4	3.38003E+6
6.20000E+0	4.01974E+4	5.67685E+4	4.95699E+6	1.54716E+6	8.54141E+4	3.38628E+6
6.30000E+0	4.02348E+4	5.64926E+4	4.43136E+6	1.52254E+6	8.52271E+4	3.24899E+6
6.40000E+0	4.05644E+4	5.68635E+4	5.02377E+6	1.60582E+6	8.54462E+4	3.30371E+6
6.50000E+0	4.04881E+4	5.67265E+4	4.73938E+6	1.57354E+6	8.52227E+4	3.33573E+6
6.60000E+0	4.04556E+4	5.69508E+4	4.85527E+6	1.52602E+6	8.54584E+4	3.37574E+6
6.70000E+0	4.06510E+4	5.69230E+4	5.12291E+6	1.59761E+6	8.56581E+4	3.50032E+6
6.80000E+0	4.03553E+4	5.68517E+4	4.75604E+6	1.58143E+6	8.52083E+4	3.34183E+6
6.90000E+0	4.05848E+4	5.68477E+4	4.75148E+6	1.59418E+6	8.53753E+4	3.47956E+6
7.00000E+0	4.02995E+4	5.67400E+4	4.66802E+6	1.54874E+6	8.52680E+4	3.35370E+6
7.10000E+0	4.04792E+4	5.68984E+4	4.74542E+6	1.55666E+6	8.51310E+4	3.34909E+6
7.20000E+0	4.02830E+4	5.65803E+4	4.75300E+6	1.54882E+6	8.50857E+4	3.15385E+6
7.30000E+0	4.03426E+4	5.69897E+4	4.95287E+6	1.58088E+6	8.54639E+4	3.47338E+6
7.40000E+0	4.04874E+4	5.68976E+4	5.20413E+6	1.58847E+6	8.54218E+4	3.36140E+6
7.50000E+0	4.03432E+4	5.69992E+4	4.83008E+6	1.54856E+6	8.52370E+4	3.50115E+6
7.60000E+0	4.02716E+4	5.70445E+4	4.79586E+6	1.55843E+6	8.54839E+4	3.39610E+6
7.70000E+0	4.05307E+4	5.69778E+4	4.98515E+6	1.51831E+6	8.54517E+4	3.44684E+6
7.80000E+0	4.01386E+4	5.67123E+4	4.70418E+6	1.54795E+6	8.53665E+4	3.25116E+6
7.90000E+0	4.02437E+4	5.69953E+4	4.65268E+6	1.56483E+6	8.52393E+4	3.34336E+6
8.00000E+0	4.02697E+4	5.71948E+4	5.18967E+6	1.57471E+6	8.57058E+4	3.46681E+6
8.10000E+0	4.00393E+4	5.69564E+4	4.59944E+6	1.58152E+6	8.55149E+4	3.29477E+6
8.20000E+0	4.00949E+4	5.69635E+4	4.54946E+6	1.56958E+6	8.53399E+4	3.42990E+6
8.30000E+0	3.99383E+4	5.68017E+4	4.42673E+6	1.52875E+6	8.52614E+4	3.25914E+6
8.40000E+0	3.98028E+4	5.68651E+4	4.85527E+6	1.59012E+6	8.51012E+4	3.43673E+6
8.50000E+0	3.98973E+4	5.71240E+4	4.94302E+6	1.57300E+6	8.53609E+4	3.39020E+6
8.60000E+0	3.97977E+4	5.68453E+4	4.80980E+6	1.56859E+6	8.54617E+4	3.51584E+6
8.70000E+0	3.96568E+4	5.70723E+4	4.55993E+6	1.53175E+6	8.53631E+4	3.35408E+6
8.80000E+0	3.96656E+4	5.70675E+4	4.50873E+6	1.57571E+6	8.53941E+4	3.39610E+6
8.90000E+0	3.93578E+4	5.67962E+4	4.46602E+6	1.52909E+6	8.53521E+4	3.21395E+6
9.00000E+0	3.95514E+4	5.70755E+4	4.76364E+6	1.51940E+6	8.55249E+4	3.40202E+6
9.10000E+0	3.94630E+4	5.68311E+4	4.46199E+6	1.53726E+6	8.55926E+4	3.33725E+6
9.20000E+0	3.93402E+4	5.71757E+4	4.78815E+6	1.54524E+6	8.54063E+4	3.36140E+6
9.30000E+0	3.93346E+4	5.69881E+4	4.90158E+6	1.52177E+6	8.49920E+4	3.16274E+6
9.40000E+0	3.92221E+4	5.72314E+4	4.70864E+6	1.53381E+6	8.56692E+4	3.33573E+6
9.50000E+0	3.91279E+4	5.70572E+4	4.30281E+6	1.46353E+6	8.51442E+4	3.15146E+6
9.60000E+0	3.91485E+4	5.72147E+4	4.77970E+6	1.55119E+6	8.59573E+4	3.39453E+6
9.70000E+0	3.90263E+4	5.70731E+4	4.60514E+6	1.52858E+6	8.54252E+4	3.34871E+6
9.80000E+0	3.89597E+4	5.69929E+4	4.22550E+6	1.50450E+6	8.51962E+4	3.15761E+6
9.90000E+0	3.92465E+4	5.73040E+4	4.65924E+6	1.54350E+6	8.54905E+4	3.48825E+6
1.00000E+1	3.90824E+4	5.72713E+4	4.73787E+6	1.51536E+6	8.56936E+4	3.23783E+6
1.01000E+1	3.88156E+4	5.67788E+4	4.30031E+6	1.50925E+6	8.57436E+4	3.17031E+6
1.02000E+1	3.89765E+4	5.72410E+4	4.97518E+6	1.53916E+6	8.55804E+4	3.47214E+6
1.03000E+1	3.87430E+4	5.70366E+4	4.30843E+6	1.47479E+6	8.55471E+4	3.40558E+6
1.04000E+1	3.87969E+4	5.71129E+4	4.65341E+6	1.51814E+6	8.56259E+4	3.17894E+6
1.05000E+1	3.86618E+4	5.72904E+4	4.73636E+6	1.53536E+6	8.58582E+4	3.38785E+6
1.06000E+1	3.86766E+4	5.70898E+4	4.15844E+6	1.46503E+6	8.57703E+4	3.24142E+6
1.07000E+1	3.84558E+4	5.68897E+4	4.36744E+6	1.47543E+6	8.53975E+4	3.24574E+6
1.08000E+1	3.87647E+4	5.72338E+4	4.60799E+6	1.51242E+6	8.58582E+4	3.44117E+6
1.09000E+1	3.86803E+4	5.70930E+4	4.20391E+6	1.44724E+6	8.55560E+4	3.24718E+6
1.10000E+1	3.84688E+4	5.69659E+4	4.31031E+6	1.51000E+6	8.55637E+4	3.33497E+6
1.11000E+1	3.84651E+4	5.71407E+4	4.35270E+6	1.47041E+6	8.56303E+4	3.29366E+6
1.12000E+1	3.84410E+4	5.72187E+4	4.47140E+6	1.49699E+6	8.59773E+4	3.39177E+6
1.13000E+1	3.80838E+4	5.70763E+4	3.97293E+6	1.44117E+6	8.55393E+4	3.01726E+6
1.14000E+1	3.84910E+4	5.71646E+4	4.38293E+6	1.49560E+6	8.58593E+4	3.49240E+6
1.15000E+1	3.83645E+4	5.72155E+4	4.49168E+6	1.47184E+6	8.60041E+4	3.18102E+6
1.16000E+1	3.81883E+4	5.70381E+4	4.27673E+6	1.45843E+6	8.58393E+4	3.18762E+6
1.17000E+1	3.83638E+4	5.73119E+4	4.68197E+6	1.49798E+6	8.59506E+4	3.40835E+6
1.18000E+1	3.81508E+4	5.70707E+4	4.31973E+6	1.47041E+6	8.57192E+4	3.20302E+6
1.19000E+1	3.81920E+4	5.70080E+4	4.25646E+6	1.43667E+6	8.55970E+4	3.23962E+6
1.20000E+1	3.81821E+4	5.71256E+4	4.31470E+6	1.49330E+6	8.57258E+4	3.33345E+6
1.21000E+1	3.84169E+4	5.74276E+4	4.50873E+6	1.52867E+6	8.61279E+4	3.50995E+6
1.22000E+1	3.84805E+4	5.71057E+4	4.37001E+6	1.45382E+6	8.55881E+4	3.22852E+6
1.23000E+1	3.82387E+4	5.71566E+4	4.80825E+6	1.49847E+6	8.59506E+4	3.46886E+6
1.24000E+1	3.86036E+4	5.73749E+4	4.55993E+6	1.49502E+6	8.58882E+4	3.39531E+6
1.25000E+1	3.84083E+4	5.72569E+4	4.48355E+6	1.51092E+6	8.62563E+4	3.28183E+6
1.26000E+1	3.84731E+4	5.72737E+4	4.37259E+6	1.46274E+6	8.60052E+4	3.22424E+6
1.27000E+1	3.82819E+4	5.74580E+4	4.43533E+6	1.48922E+6	8.56958E+4	3.30520E+6
1.28000E+1	3.84663E+4	5.74699E+4	4.63962E+6	1.47936E+6	8.62049E+4	3.38864E+6
1.29000E+1	3.83990E+4	5.71033E+4	4.09683E+6	1.45678E+6	8.57814E+4	3.08311E+6
1.30000E+1	3.83867E+4	5.72944E+4	4.49781E+6	1.51831E+6	8.60665E+4	3.24250E+6
1.31000E+1	3.83700E+4	5.72171E+4	4.61228E+6	1.50004E+6	8.59005E+4	3.32739E+6
1.32000E+1	3.81926E+4	5.73255E+4	4.32730E+6	1.48517E+6	8.59963E+4	3.19635E+6
1.33000E+1	3.81741E+4	5.70143E+4	4.12828E+6	1.49856E+6	8.58437E+4	3.29775E+6
1.34000E+1	3.84163E+4	5.74037E+4	4.66655E+6	1.54072E+6	8.60420E+4	3.39413E+6
1.35000E+1	3.83077E+4	5.71884E+4	4.28911E+6	1.48468E+6	8.58871E+4	3.24070E+6
1.36000E+1	3.81440E+4	5.72004E+4	4.26811E+6	1.47336E+6	8.56392E+4	3.18310E+6
1.37000E+1	3.82788E+4	5.71057E+4	4.33236E+6	1.49839E+6	8.61692E+4	3.29403E+6
1.38000E+1	3.79377E+4	5.70580E+4	4.25402E+6	1.42609E+6	8.59829E+4	3.03616E+6
1.39000E+1	3.81422E+4	5.75427E+4	4.74013E+6	1.53450E+6	8.61870E+4	3.36295E+6
1.40000E+1	3.80052E+4	5.70803E+4	4.36937E+6	1.48857E+6	8.58270E+4	3.22175E+6
1.41000E+1	3.79445E+4	5.71558E+4	4.18785E+6	1.49151E+6	8.57547E+4	3.17721E+6
1.42000E+1	3.79586E+4	5.73797E+4	4.47274E+6	1.46787E+6	8.61468E+4	3.30184E+6
1.43000E+1	3.79151E+4	5.73630E+4	4.53073E+6	1.50608E+6	8.61067E+4	3.40399E+6
1.44000E+1	3.80132E+4	5.71988E+4	4.19201E+6	1.46329E+6	8.58960E+4	3.19705E+6
1.45000E+1	3.80696E+4	5.73622E+4	4.37259E+6	1.48801E+6	8.62407E+4	3.26205E+6
1.46000E+1	3.81791E+4	5.75019E+4	4.53696E+6	1.48452E+6	8.60877E+4	3.24358E+6
1.47000E+1	3.80887E+4	5.73670E+4	4.25035E+6	1.46250E+6	8.58226E+4	3.13385E+6
1.48000E+1	3.79659E+4	5.71932E+4	4.42937E+6	1.47057E+6	8.58281E+4	3.18519E+6
1.49000E+1	3.83478E+4	5.75379E+4	4.66728E+6	1.50683E+6	8.63323E+4	3.39807E+6
1.50000E+1	3.81077E+4	5.72753E+4	4.36230E+6	1.49020E+6	8.58660E+4	3.24070E+6
1.51000E+1	3.81139E+4	5.73797E+4	4.60728E+6	1.47136E+6	8.56936E+4	3.10315E+6
1.52000E+1	3.81348E+4	5.73319E+4	4.40178E+6	1.48194E+6	8.59729E+4	3.24718E+6
1.53000E+1	3.81477E+4	5.71614E+4	4.35782E+6	1.47791E+6	8.58448E+4	3.21183E+6
1.54000E+1	3.82498E+4	5.74987E+4	4.75072E+6	1.52560E+6	8.60888E+4	3.37341E+6
1.55000E+1	3.83521E+4	5.73510E+4	4.51764E+6	1.51343E+6	8.59227E+4	3.31494E+6
1.56000E+1	3.80930E+4	5.74220E+4	4.53211E+6	1.48630E+6	8.58170E+4	3.22246E+6
1.57000E+1	3.82400E+4	5.73063E+4	4.30031E+6	1.49004E+6	8.58693E+4	3.16858E+6
1.58000E+1	3.81188E+4	5.74947E+4	4.36551E+6	1.49118E+6	8.60765E+4	3.17065E+6
1.59000E+1	3.84027E+4	5.72004E+4	4.66363E+6	1.52551E+6	8.61424E+4	3.38628E+6
1.60000E+1	3.82665E+4	5.73231E+4	4.32982E+6	1.46408E+6	8.58604E+4	3.10911E+6
1.61000E+1	3.84274E+4	5.73933E+4	4.65705E+6	1.47928E+6	8.58994E+4	3.20091E+6
1.62000E+1	3.83793E+4	5.72896E+4	4.63456E+6	1.47864E+6	8.61301E+4	3.23998E+6
1.63000E+1	3.85046E+4	5.72569E+4	4.33172E+6	1.45843E+6	8.57247E+4	3.19356E+6
1.64000E+1	3.82843E+4	5.74572E+4	4.39656E+6	1.48113E+6	8.60598E+4	3.39374E+6
1.65000E+1	3.85417E+4	5.74620E+4	4.34378E+6	1.51175E+6	8.60096E+4	3.19705E+6
1.66000E+1	3.85893E+4	5.73773E+4	5.11940E+6	1.51772E+6	8.61692E+4	3.31307E+6
1.67000E+1	3.82899E+4	5.74963E+4	4.42014E+6	1.49732E+6	8.59595E+4	3.26862E+6
1.68000E+1	3.85182E+4	5.73183E+4	4.38098E+6	1.50808E+6	8.61156E+4	3.31232E+6
1.69000E+1	3.86828E+4	5.76851E+4	4.77510E+6	1.51940E+6	8.60989E+4	3.39453E+6
1.70000E+1	3.84391E+4	5.72601E+4	4.40832E+6	1.47912E+6	8.57725E+4	3.22495E+6
1.71000E+1	3.86915E+4	5.75547E+4	4.31031E+6	1.51873E+6	8.59829E+4	3.37769E+6
1.72000E+1	3.85485E+4	5.73813E+4	4.58737E+6	1.54900E+6	8.57081E+4	3.34948E+6
1.73000E+1	3.85584E+4	5.73167E+4	4.37324E+6	1.49839E+6	8.60855E+4	3.22033E+6
1.74000E+1	3.86896E+4	5.73008E+4	4.62591E+6	1.50285E+6	8.61178E+4	3.15453E+6
1.75000E+1	3.88187E+4	5.73781E+4	4.56693E+6	1.53752E+6	8.59283E+4	3.30408E+6
1.76000E+1	3.87287E+4	5.73773E+4	4.48626E+6	1.48460E+6	8.58971E+4	3.34106E+6
1.77000E+1	3.85602E+4	5.77180E+4	4.65196E+6	1.51000E+6	8.60342E+4	3.28257E+6
1.78000E+1	3.85429E+4	5.75323E+4	4.41751E+6	1.51276E+6	8.56692E+4	3.20021E+6
1.79000E+1	3.87560E+4	5.74292E+4	4.67756E+6	1.51873E+6	8.58537E+4	3.27888E+6
1.80000E+1	3.85745E+4	5.73335E+4	4.49712E+6	1.50194E+6	8.58493E+4	3.25116E+6
1.81000E+1	3.86729E+4	5.74947E+4	4.59021E+6	1.51924E+6	8.62116E+4	3.21820E+6
1.82000E+1	3.86834E+4	5.72362E+4	4.49781E+6	1.49028E+6	8.59328E+4	3.17721E+6
1.83000E+1	3.85485E+4	5.74715E+4	4.39006E+6	1.53708E+6	8.60252E+4	3.22389E+6
1.84000E+1	3.85448E+4	5.76027E+4	4.67756E+6	1.52704E+6	8.61402E+4	3.24430E+6
1.85000E+1	3.87944E+4	5.76435E+4	4.47207E+6	1.52841E+6	8.62340E+4	3.31682E+6
1.86000E+1	3.86884E+4	5.71566E+4	4.41029E+6	1.51301E+6	8.56881E+4	3.16962E+6
1.87000E+1	3.86971E+4	5.74093E+4	4.36551E+6	1.51192E+6	8.58181E+4	3.11709E+6
1.88000E+1	3.87225E+4	5.76899E+4	5.66091E+6	1.51528E+6	8.62664E+4	3.35524E+6
1.89000E+1	3.86766E+4	5.77188E+4	4.67315E+6	1.51251E+6	8.60687E+4	3.32512E+6
1.90000E+1	3.84953E+4	5.75227E+4	4.43400E+6	1.48097E+6	8.56459E+4	3.22709E+6
1.91000E+1	3.86673E+4	5.75771E+4	4.64832E+6	1.51612E+6	8.61111E+4	3.41550E+6
1.92000E+1	3.84095E+4	5.74923E+4	4.37840E+6	1.49437E+6	8.57314E+4	3.19986E+6
1.93000E+1	3.85071E+4	5.74220E+4	4.40832E+6	1.51075E+6	8.60297E+4	3.31269E+6
1.94000E+1	3.85071E+4	5.76931E+4	4.69305E+6	1.53055E+6	8.60018E+4	3.34336E+6
1.95000E+1	3.85405E+4	5.78343E+4	4.34696E+6	1.48274E+6	8.58214E+4	3.24358E+6
1.96000E+1	3.83891E+4	5.73630E+4	4.55993E+6	1.51226E+6	8.57358E+4	3.23711E+6
1.97000E+1	3.85367E+4	5.74332E+4	4.57607E+6	1.52747E+6	8.57970E+4	3.31833E+6
1.98000E+1	3.85825E+4	5.77693E+4	4.59588E+6	1.51839E+6	8.61189E+4	3.38433E+6
1.99000E+1	3.84873E+4	5.74556E+4	4.39591E+6	1.49954E+6	8.57603E+4	3.36720E+6
2.00000E+1	3.84570E+4	5.75163E+4	4.21228E+6	1.49298E+6	8.56547E+4	3.21183E+6
2.01000E+1	3.83848E+4	5.75923E+4	5.16276E+6	1.54150E+6	8.62910E+4	3.44805E+6
2.02000E+1	3.87250E+4	5.75843E+4	4.45797E+6	1.48744E+6	8.60609E+4	3.30371E+6
2.03000E+1	3.82708E+4	5.73837E+4	4.43136E+6	1.49379E+6	8.55837E+4	3.25044E+6
2.04000E+1	3.83275E+4	5.77172E+4	4.61371E+6	1.50260E+6	8.60030E+4	3.34336E+6
2.05000E+1	3.84972E+4	5.75427E+4	4.77817E+6	1.50675E+6	8.57903E+4	3.27705E+6
2.06000E+1	3.84416E+4	5.73693E+4	4.29346E+6	1.47495E+6	8.58582E+4	3.11077E+6
2.07000E+1	3.85454E+4	5.74516E+4	4.66143E+6	1.54141E+6	8.61468E+4	3.65130E+6
2.08000E+1	3.86110E+4	5.75267E+4	4.44995E+6	1.47695E+6	8.58426E+4	3.21430E+6
2.09000E+1	3.85720E+4	5.74636E+4	4.41160E+6	1.52025E+6	8.58126E+4	3.39531E+6
2.10000E+1	3.85807E+4	5.74021E+4	4.47140E+6	1.47399E+6	8.57058E+4	3.24430E+6
2.11000E+1	3.85516E+4	5.76459E+4	4.47611E+6	1.51410E+6	8.56236E+4	3.21360E+6
2.12000E+1	3.85250E+4	5.74108E+4	4.26013E+6	1.46882E+6	8.54451E+4	3.29107E+6
2.13000E+1	3.86308E+4	5.72984E+4	4.77357E+6	1.49045E+6	8.58203E+4	3.16549E+6
2.14000E+1	3.89373E+4	5.76723E+4	4.76670E+6	1.52704E+6	8.60230E+4	3.31082E+6
2.15000E+1	3.86364E+4	5.74164E+4	4.40767E+6	1.49167E+6	8.54950E+4	3.15419E+6
2.16000E+1	3.88044E+4	5.75667E+4	4.53696E+6	1.49118E+6	8.58893E+4	3.18276E+6
2.17000E+1	3.89237E+4	5.77420E+4	5.07761E+6	1.52560E+6	8.58470E+4	3.36295E+6
2.18000E+1	3.88038E+4	5.74412E+4	4.44929E+6	1.48866E+6	8.56292E+4	3.21289E+6
2.19000E+1	3.89299E+4	5.72840E+4	4.63601E+6	1.52952E+6	8.58693E+4	3.27521E+6
2.20000E+1	3.88348E+4	5.78014E+4	4.74769E+6	1.52568E+6	8.62396E+4	3.27741E+6
2.21000E+1	3.88124E+4	5.76667E+4	4.70195E+6	1.51873E+6	8.56081E+4	3.15829E+6
2.22000E+1	3.89218E+4	5.72187E+4	4.15903E+6	1.51452E+6	8.56914E+4	3.11609E+6
2.23000E+1	3.90537E+4	5.77228E+4	4.69379E+6	1.51544E+6	8.57214E+4	3.41670E+6
2.24000E+1	3.89678E+4	5.74316E+4	4.66948E+6	1.54690E+6	8.57347E+4	3.20161E+6
2.25000E+1	3.89181E+4	5.78206E+4	4.50531E+6	1.49347E+6	8.56725E+4	3.37341E+6
2.26000E+1	3.91366E+4	5.72792E+4	4.35270E+6	1.51570E+6	8.56581E+4	3.30782E+6
2.27000E+1	3.89504E+4	5.74867E+4	4.63095E+6	1.51452E+6	8.58559E+4	3.32134E+6
2.28000E+1	3.90039E+4	5.79909E+4	4.60442E+6	1.53502E+6	8.56836E+4	3.35524E+6
2.29000E+1	3.87554E+4	5.75291E+4	4.51352E+6	1.50716E+6	8.56625E+4	3.26606E+6
2.30000E+1	3.88025E+4	5.76371E+4	4.50804E+6	1.52670E+6	8.59394E+4	3.48038E+6
2.31000E+1	3.88367E+4	5.76883E+4	4.50053E+6	1.50716E+6	8.56947E+4	3.18554E+6
2.32000E+1	3.84978E+4	5.75171E+4	4.53973E+6	1.52152E+6	8.59261E+4	3.23496E+6
2.33000E+1	3.89815E+4	5.79242E+4	4.71088E+6	1.52807E+6	8.57636E+4	3.38355E+6
2.34000E+1	3.79647E+4	5.76307E+4	4.38163E+6	1.50517E+6	8.58860E+4	3.26606E+6
2.35000E+1	3.78471E+4	5.77669E+4	4.41029E+6	1.54559E+6	8.60286E+4	3.30334E+6
2.36000E+1	3.70364E+4	5.78993E+4	4.10479E+6	1.54734E+6	8.58593E+4	3.24214E+6
2.37000E+1	3.57877E+4	5.75923E+4	3.98418E+6	1.49716E+6	8.58604E+4	3.24322E+6
2.38000E+1	3.45907E+4	5.74404E+4	4.06139E+6	1.49314E+6	8.58259E+4	3.29329E+6
2.39000E+1	3.35719E+4	5.77396E+4	3.74679E+6	1.46582E+6	8.58315E+4	3.25987E+6
2.40000E+1	3.28255E+4	5.79065E+4	3.85311E+6	1.47992E+6	8.61312E+4	3.34183E+6
2.41000E+1	3.19469E+4	5.77060E+4	3.39941E+6	1.45204E+6	8.59974E+4	3.12679E+6
2.42000E+1	3.11796E+4	5.75899E+4	3.32602E+6	1.41603E+6	8.59606E+4	3.25406E+6
2.43000E+1	3.07971E+4	5.77845E+4	3.76019E+6	1.44516E+6	8.62083E+4	3.37847E+6
2.44000E+1	3.01789E+4	5.73813E+4	3.18324E+6	1.39148E+6	8.58003E+4	3.15522E+6
2.45000E+1	2.97593E+4	5.75891E+4	3.30199E+6	1.42048E+6	8.60119E+4	3.31419E+6
2.46000E+1	2.96682E+4	5.75707E+4	3.29307E+6	1.41315E+6	8.62418E+4	3.51836E+6
2.47000E+1	2.91245E+4	5.71200E+4	3.10361E+6	1.35902E+6	8.59762E+4	3.17410E+6
2.48000E+1	2.90805E+4	5.76715E+4	3.33741E+6	1.40398E+6	8.66102E+4	3.36992E+6
2.49000E+1	2.83917E+4	5.73055E+4	3.01207E+6	1.33514E+6	8.57058E+4	3.12277E+6
2.50000E+1	2.84485E+4	5.75979E+4	3.11823E+6	1.34678E+6	8.62284E+4	3.32210E+6
2.51000E+1	2.81489E+4	5.70771E+4	2.93746E+6	1.35240E+6	8.62585E+4	3.10282E+6
2.52000E+1	2.79593E+4	5.71733E+4	2.88862E+6	1.32108E+6	8.62351E+4	3.16996E+6
2.53000E+1	2.76966E+4	5.73765E+4	2.90133E+6	1.34328E+6	8.61234E+4	3.23962E+6
2.54000E+1	2.77802E+4	5.71622E+4	3.04518E+6	1.36198E+6	8.64566E+4	3.27081E+6
2.55000E+1	2.76677E+4	5.73087E+4	2.99469E+6	1.34725E+6	8.65776E+4	3.34488E+6
2.56000E+1	2.73947E+4	5.68905E+4	2.97629E+6	1.30914E+6	8.63402E+4	3.12110E+6
2.57000E+1	2.71786E+4	5.70429E+4	2.83105E+6	1.31525E+6	8.65956E+4	3.12110E+6
2.58000E+1	2.70802E+4	5.71781E+4	2.89121E+6	1.33044E+6	8.66438E+4	3.32210E+6
2.59000E+1	2.71823E+4	5.70954E+4	2.82690E+6	1.29917E+6	8.65294E+4	3.12578E+6
2.60000E+1	2.69072E+4	5.69841E+4	2.93390E+6	1.30221E+6	8.69699E+4	3.38081E+6
2.61000E+1	2.69134E+4	5.71948E+4	2.93686E+6	1.33064E+6	8.69631E+4	3.16618E+6
2.62000E+1	2.68558E+4	5.70683E+4	2.94969E+6	1.30468E+6	8.68427E+4	3.16962E+6
2.63000E+1	2.68662E+4	5.71176E+4	2.77618E+6	1.29886E+6	8.70397E+4	3.17168E+6
2.64000E+1	2.67890E+4	5.70191E+4	2.78635E+6	1.28278E+6	8.69169E+4	3.08900E+6
2.65000E+1	2.64527E+4	5.67637E+4	2.81371E+6	1.26478E+6	8.69496E+4	3.04633E+6
2.66000E+1	2.65135E+4	5.68873E+4	2.73624E+6	1.27275E+6	8.71310E+4	3.13183E+6
2.67000E+1	2.65368E+4	5.71073E+4	2.77539E+6	1.30449E+6	8.73875E+4	3.10778E+6
2.68000E+1	2.64677E+4	5.69064E+4	2.92975E+6	1.26346E+6	8.72733E+4	3.07075E+6
2.69000E+1	2.64002E+4	5.67368E+4	2.81864E+6	1.27154E+6	8.75347E+4	3.11077E+6
2.70000E+1	2.62819E+4	5.68184E+4	2.84383E+6	1.27512E+6	8.74939E+4	2.98167E+6
2.71000E+1	2.60967E+4	5.68208E+4	2.71310E+6	1.26000E+6	8.74633E+4	3.00199E+6
2.72000E+1	2.61603E+4	5.65653E+4	2.75818E+6	1.24614E+6	8.75335E+4	2.97586E+6
2.73000E+1	2.63261E+4	5.67368E+4	2.77992E+6	1.27299E+6	8.76594E+4	3.05689E+6
2.74000E+1	2.60527E+4	5.66158E+4	2.62709E+6	1.23084E+6	8.74079E+4	2.96251E+6
2.75000E+1	2.60343E+4	5.66174E+4	2.73003E+6	1.25614E+6	8.77366E+4	2.98657E+6
2.76000E+1	2.59918E+4	5.63720E+4	2.66968E+6	1.21695E+6	8.74554E+4	2.87305E+6
2.77000E+1	2.58549E+4	5.64437E+4	2.73805E+6	1.24421E+6	8.77002E+4	2.96826E+6
2.78000E+1	2.57544E+4	5.65037E+4	2.66204E+6	1.24201E+6	8.73536E+4	2.87704E+6
2.79000E+1	2.58416E+4	5.64934E+4	2.80173E+6	1.23324E+6	8.78468E+4	2.94002E+6
2.80000E+1	2.58171E+4	5.63657E+4	2.71132E+6	1.23027E+6	8.79901E+4	2.84680E+6
2.81000E+1	2.57015E+4	5.63720E+4	2.77326E+6	1.24317E+6	8.76719E+4	2.90849E+6
2.82000E+1	2.55454E+4	5.61525E+4	2.73081E+6	1.21211E+6	8.79366E+4	2.88190E+6
2.83000E+1	2.56547E+4	5.62382E+4	2.75896E+6	1.23056E+6	8.76878E+4	2.83648E+6
2.84000E+1	2.54211E+4	5.61800E+4	2.66573E+6	1.23686E+6	8.78900E+4	2.89225E+6
2.85000E+1	2.56460E+4	5.62390E+4	2.68434E+6	1.23204E+6	8.77218E+4	2.83982E+6
2.86000E+1	2.55378E+4	5.60615E+4	2.63406E+6	1.21106E+6	8.77366E+4	2.73510E+6
2.87000E+1	2.55728E+4	5.59572E+4	2.74899E+6	1.22601E+6	8.81109E+4	2.73821E+6
2.88000E+1	2.55317E+4	5.60724E+4	2.64761E+6	1.21167E+6	8.81223E+4	2.64266E+6
2.89000E+1	2.54921E+4	5.60269E+4	2.68109E+6	1.20308E+6	8.76719E+4	2.72298E+6
2.90000E+1	2.52920E+4	5.57912E+4	2.57009E+6	1.19871E+6	8.76526E+4	2.73303E+6
2.91000E+1	2.55718E+4	5.58992E+4	2.72257E+6	1.21106E+6	8.78888E+4	2.73354E+6
2.92000E+1	2.52303E+4	5.58460E+4	2.77752E+6	1.19552E+6	8.81919E+4	2.71122E+6
2.93000E+1	2.54434E+4	5.57787E+4	2.65958E+6	1.21595E+6	8.79082E+4	2.73769E+6
2.94000E+1	2.53517E+4	5.57592E+4	2.68559E+6	1.20269E+6	8.80015E+4	2.61412E+6
2.95000E+1	2.52238E+4	5.56217E+4	2.56390E+6	1.19040E+6	8.78650E+4	2.64024E+6
2.96000E+1	2.52425E+4	5.57334E+4	2.64640E+6	1.19969E+6	8.82763E+4	2.68399E+6
2.97000E+1	2.52228E+4	5.54145E+4	2.88833E+6	1.20951E+6	8.82021E+4	2.70031E+6
2.98000E+1	2.50387E+4	5.53375E+4	2.75528E+6	1.21012E+6	8.80049E+4	2.66686E+6
2.99000E+1	2.51203E+4	5.54472E+4	2.56025E+6	1.17797E+6	8.80243E+4	2.62916E+6
3.00000E+1	2.51652E+4	5.53631E+4	2.57124E+6	1.20659E+6	8.81177E+4	2.62078E+6
3.01000E+1	2.51491E+4	5.55453E+4	2.72797E+6	1.17429E+6	8.80516E+4	2.67379E+6
3.02000E+1	2.52278E+4	5.54293E+4	2.60901E+6	1.20182E+6	8.81542E+4	2.61864E+6
3.03000E+1	2.49697E+4	5.50992E+4	2.65053E+6	1.19627E+6	8.78172E+4	2.65752E+6
3.04000E+1	2.48978E+4	5.51992E+4	2.66032E+6	1.21045E+6	8.80995E+4	2.57483E+6
3.05000E+1	2.49898E+4	5.51310E+4	2.58603E+6	1.17928E+6	8.81782E+4	2.61888E+6
3.06000E+1	2.49561E+4	5.54184E+4	2.63744E+6	1.21389E+6	8.85130E+4	2.54881E+6
3.07000E+1	2.48586E+4	5.53033E+4	2.61303E+6	1.18788E+6	8.83437E+4	2.61816E+6
3.08000E+1	2.48300E+4	5.53624E+4	2.60005E+6	1.17960E+6	8.82341E+4	2.58223E+6
3.09000E+1	2.49149E+4	5.52303E+4	2.58278E+6	1.20286E+6	8.82980E+4	2.61270E+6
3.10000E+1	2.48430E+4	5.50047E+4	2.63286E+6	1.16826E+6	8.83460E+4	2.55538E+6
3.11000E+1	2.48546E+4	5.49637E+4	2.55547E+6	1.19476E+6	8.84066E+4	2.52528E+6
3.12000E+1	2.47256E+4	5.51860E+4	2.58162E+6	1.18050E+6	8.83803E+4	2.50720E+6
3.13000E+1	2.47372E+4	5.50883E+4	2.67413E+6	1.19438E+6	8.86838E+4	2.56931E+6
3.14000E+1	2.48842E+4	5.50550E+4	2.59116E+6	1.18039E+6	8.83609E+4	2.48269E+6
3.15000E+1	2.46550E+4	5.49289E+4	2.64518E+6	1.18607E+6	8.87756E+4	2.49760E+6
3.16000E+1	2.47126E+4	5.48848E+4	2.58023E+6	1.17158E+6	8.81622E+4	2.44897E+6
3.17000E+1	2.47447E+4	5.48809E+4	2.64543E+6	1.17755E+6	8.86918E+4	2.56335E+6
3.18000E+1	2.47442E+4	5.47720E+4	2.58557E+6	1.19061E+6	8.84924E+4	2.39287E+6
3.19000E+1	2.46150E+4	5.48910E+4	2.58000E+6	1.19763E+6	8.85623E+4	2.56153E+6
3.20000E+1	2.48541E+4	5.49614E+4	2.55706E+6	1.17776E+6	8.85256E+4	2.50174E+6
3.21000E+1	2.47397E+4	5.49474E+4	2.54281E+6	1.18997E+6	8.87538E+4	2.58315E+6
3.22000E+1	2.47116E+4	5.48848E+4	2.66770E+6	1.19002E+6	8.89261E+4	2.51269E+6
3.23000E+1	2.48490E+4	5.49018E+4	2.59606E+6	1.20100E+6	8.88905E+4	2.46243E+6
3.24000E+1	2.45045E+4	5.48076E+4	2.57561E+6	1.19180E+6	8.86287E+4	2.42512E+6
3.25000E+1	2.46620E+4	5.48493E+4	2.68534E+6	1.18256E+6	8.90389E+4	2.52996E+6
3.26000E+1	2.45715E+4	5.47566E+4	2.56207E+6	1.16536E+6	8.87572E+4	2.45568E+6
3.27000E+1	2.45730E+4	5.46818E+4	2.50139E+6	1.17581E+6	8.86173E+4	2.40636E+6
3.28000E+1	2.45895E+4	5.48037E+4	2.64082E+6	1.20466E+6	8.92140E+4	2.54836E+6
3.29000E+1	2.46520E+4	5.47528E+4	2.61161E+6	1.19649E+6	8.89767E+4	2.40333E+6
3.30000E+1	2.46035E+4	5.47612E+4	2.75555E+6	1.19282E+6	8.88123E+4	2.41143E+6
3.31000E+1	2.46325E+4	5.46918E+4	2.62422E+6	1.19644E+6	8.89779E+4	2.39648E+6
3.32000E+1	2.44651E+4	5.44086E+4	2.54438E+6	1.16043E+6	8.86574E+4	2.34265E+6
3.33000E+1	2.46195E+4	5.50271E+4	2.73624E+6	1.21133E+6	8.94380E+4	2.51555E+6
3.34000E+1	2.44351E+4	5.44863E+4	2.47698E+6	1.15762E+6	8.87894E+4	2.36242E+6
3.35000E+1	2.45220E+4	5.47188E+4	2.60287E+6	1.18506E+6	8.88192E+4	2.40535E+6
3.36000E+1	2.46845E+4	5.47736E+4	2.79280E+6	1.20741E+6	8.90135E+4	2.46965E+6
3.37000E+1	2.44072E+4	5.42330E+4	2.48020E+6	1.18917E+6	8.87343E+4	2.31754E+6
3.38000E+1	2.46430E+4	5.46194E+4	2.69612E+6	1.22539E+6	8.89479E+4	2.42738E+6
3.39000E+1	2.44980E+4	5.47103E+4	2.60452E+6	1.22437E+6	8.88456E+4	2.41652E+6
3.40000E+1	2.43833E+4	5.45824E+4	2.54101E+6	1.16155E+6	8.87147E+4	2.29941E+6
3.41000E+1	2.45650E+4	5.45324E+4	2.64786E+6	1.23773E+6	8.88663E+4	2.37164E+6
3.42000E+1	2.44616E+4	5.45063E+4	2.53429E+6	1.20945E+6	8.88330E+4	2.41571E+6
3.43000E+1	2.43354E+4	5.43035E+4	2.58533E+6	1.22206E+6	8.86035E+4	2.40131E+6
3.44000E+1	2.46705E+4	5.45670E+4	2.67389E+6	1.22414E+6	8.90147E+4	2.46519E+6
3.45000E+1	2.44845E+4	5.45093E+4	2.63430E+6	1.21366E+6	8.90135E+4	2.34631E+6
3.46000E+1	2.44271E+4	5.42575E+4	2.60334E+6	1.19579E+6	8.90262E+4	2.28028E+6
3.47000E+1	2.45170E+4	5.42974E+4	2.55139E+6	1.23594E+6	8.93029E+4	2.34169E+6
3.48000E+1	2.45510E+4	5.44747E+4	2.77086E+6	1.21400E+6	8.92071E+4	2.37597E+6
3.49000E+1	2.45275E+4	5.42475E+4	2.65983E+6	1.19303E+6	8.90573E+4	2.35774E+6
3.50000E+1	2.43853E+4	5.43618E+4	2.50510E+6	1.19606E+6	8.88341E+4	2.25786E+6
3.51000E+1	2.46330E+4	5.44747E+4	2.81782E+6	1.20973E+6	8.92117E+4	2.47391E+6
3.52000E+1	2.43693E+4	5.40385E+4	2.55956E+6	1.18836E+6	8.87721E+4	2.24929E+6
3.53000E+1	2.44431E+4	5.40599E+4	2.64203E+6	1.18208E+6	8.87641E+4	2.27718E+6
3.54000E+1	2.45630E+4	5.42697E+4	2.80662E+6	1.22110E+6	8.91241E+4	2.40960E+6
3.55000E+1	2.43922E+4	5.40309E+4	2.60617E+6	1.17518E+6	8.89882E+4	2.27064E+6
3.56000E+1	2.44721E+4	5.39011E+4	2.63526E+6	1.18874E+6	8.87526E+4	2.32415E+6
3.57000E+1	2.44202E+4	5.38606E+4	2.56344E+6	1.18960E+6	8.90170E+4	2.35774E+6
3.58000E+1	2.44017E+4	5.39247E+4	2.66081E+6	1.20127E+6	8.90550E+4	2.38072E+6
3.59000E+1	2.42628E+4	5.39461E+4	2.54146E+6	1.18442E+6	8.86092E+4	2.31228E+6
3.60000E+1	2.44242E+4	5.38530E+4	2.65297E+6	1.19024E+6	8.91345E+4	2.37085E+6
3.61000E+1	2.44072E+4	5.36033E+4	2.51917E+6	1.19217E+6	8.90043E+4	2.32699E+6
3.62000E+1	2.44576E+4	5.37486E+4	2.58580E+6	1.16966E+6	8.86620E+4	2.34304E+6
3.63000E+1	2.43952E+4	5.39041E+4	2.69185E+6	1.19871E+6	8.89318E+4	2.44104E+6
3.64000E+1	2.45710E+4	5.35881E+4	2.54777E+6	1.17928E+6	8.85795E+4	2.27282E+6
3.65000E+1	2.42817E+4	5.36961E+4	2.71056E+6	1.19541E+6	8.84341E+4	2.28981E+6
3.66000E+1	2.43813E+4	5.35349E+4	2.66943E+6	1.18815E+6	8.85531E+4	2.38152E+6
3.67000E+1	2.42135E+4	5.34362E+4	2.50882E+6	1.15518E+6	8.80824E+4	2.18445E+6
3.68000E+1	2.45485E+4	5.36139E+4	2.68309E+6	1.18740E+6	8.90009E+4	2.39267E+6
3.69000E+1	2.43559E+4	5.34969E+4	2.62470E+6	1.17148E+6	8.86757E+4	2.25196E+6
3.70000E+1	2.45725E+4	5.38370E+4	2.71005E+6	1.19752E+6	8.86757E+4	2.34670E+6
3.71000E+1	2.43967E+4	5.34203E+4	2.50292E+6	1.17064E+6	8.88698E+4	2.22501E+6
3.72000E+1	2.43554E+4	5.34514E+4	2.59302E+6	1.18772E+6	8.87457E+4	2.31641E+6
3.73000E+1	2.44576E+4	5.33801E+4	2.77859E+6	1.20989E+6	8.88686E+4	2.41285E+6
3.74000E+1	2.44421E+4	5.32574E+4	2.62781E+6	1.16526E+6	8.84489E+4	2.29239E+6
3.75000E+1	2.43354E+4	5.32098E+4	2.63744E+6	1.16717E+6	8.86402E+4	2.26775E+6
3.76000E+1	2.42463E+4	5.32938E+4	2.59935E+6	1.17529E+6	8.84078E+4	2.29701E+6
3.77000E+1	2.44052E+4	5.33347E+4	2.71770E+6	1.18066E+6	8.85359E+4	2.33824E+6
3.78000E+1	2.46440E+4	5.34059E+4	2.65127E+6	1.16774E+6	8.85783E+4	2.31679E+6
3.79000E+1	2.42275E+4	5.30059E+4	2.52715E+6	1.15777E+6	8.82067E+4	2.29479E+6
3.80000E+1	2.44691E+4	5.31743E+4	2.74195E+6	1.19714E+6	8.85554E+4	2.32832E+6
3.81000E+1	2.44251E+4	5.32257E+4	2.56002E+6	1.16238E+6	8.81143E+4	2.30276E+6
3.82000E+1	2.43598E+4	5.29780E+4	2.60358E+6	1.18394E+6	8.80448E+4	2.28650E+6
3.83000E+1	2.43320E+4	5.28717E+4	2.67537E+6	1.17644E+6	8.81793E+4	2.36379E+6
3.84000E+1	2.44147E+4	5.29252E+4	2.65615E+6	1.18708E+6	8.82067E+4	2.31999E+6
3.85000E+1	2.42578E+4	5.27536E+4	2.67910E+6	1.17435E+6	8.80061E+4	2.27845E+6
3.86000E+1	2.45240E+4	5.31486E+4	2.57423E+6	1.18874E+6	8.80026E+4	2.30425E+6
3.87000E+1	2.42822E+4	5.29094E+4	2.58487E+6	1.16660E+6	8.81576E+4	2.28870E+6
3.88000E+1	2.42394E+4	5.26785E+4	2.68359E+6	1.17781E+6	8.81018E+4	2.34516E+6
3.89000E+1	2.42687E+4	5.28958E+4	2.70041E+6	1.18383E+6	8.80414E+4	2.35735E+6
3.90000E+1	2.43215E+4	5.26229E+4	2.56527E+6	1.16660E+6	8.78832E+4	2.27101E+6
3.91000E+1	2.43354E+4	5.27679E+4	2.67141E+6	1.17807E+6	8.80345E+4	2.30760E+6
3.92000E+1	2.43798E+4	5.25389E+4	2.54912E+6	1.16898E+6	8.76878E+4	2.17308E+6
3.93000E+1	2.43723E+4	5.25764E+4	2.61540E+6	1.16862E+6	8.80140E+4	2.27391E+6
3.94000E+1	2.44261E+4	5.23346E+4	2.65053E+6	1.18922E+6	8.78957E+4	2.30648E+6
3.95000E+1	2.43021E+4	5.23757E+4	2.59022E+6	1.17865E+6	8.79082E+4	2.26685E+6
3.96000E+1	2.43977E+4	5.25075E+4	2.75213E+6	1.18134E+6	8.79252E+4	2.26504E+6
3.97000E+1	2.42523E+4	5.24266E+4	2.62422E+6	1.15946E+6	8.79025E+4	2.28412E+6
3.98000E+1	2.41619E+4	5.23383E+4	2.66007E+6	1.18193E+6	8.76730E+4	2.27246E+6
3.99000E+1	2.42439E+4	5.22755E+4	2.62494E+6	1.15772E+6	8.76889E+4	2.24947E+6
4.00000E+1	2.44820E+4	5.22845E+4	2.65689E+6	1.16304E+6	8.80824E+4	2.34554E+6
4.01000E+1	2.44092E+4	5.21374E+4	2.55774E+6	1.16356E+6	8.77809E+4	2.23270E+6
4.02000E+1	2.44780E+4	5.25120E+4	2.87316E+6	1.20204E+6	8.80858E+4	2.35735E+6
4.03000E+1	2.42807E+4	5.21725E+4	2.55275E+6	1.16582E+6	8.74758E+4	2.21616E+6
4.04000E+1	2.43444E+4	5.24311E+4	2.77459E+6	1.17587E+6	8.80118E+4	2.38648E+6
4.05000E+1	2.43205E+4	5.23293E+4	2.68010E+6	1.17158E+6	8.74361E+4	2.22344E+6
4.06000E+1	2.43305E+4	5.20287E+4	2.72977E+6	1.18453E+6	8.78934E+4	2.26540E+6
4.07000E+1	2.46495E+4	5.21688E+4	2.69059E+6	1.17786E+6	8.76900E+4	2.26198E+6
4.08000E+1	2.43170E+4	5.20145E+4	2.66032E+6	1.18383E+6	8.78468E+4	2.22136E+6
4.09000E+1	2.45320E+4	5.22143E+4	2.65566E+6	1.16238E+6	8.79435E+4	2.23445E+6
4.10000E+1	2.43205E+4	5.23047E+4	2.66894E+6	1.19131E+6	8.74429E+4	2.27463E+6
4.11000E+1	2.46195E+4	5.21054E+4	2.62136E+6	1.16608E+6	8.77990E+4	2.24556E+6
4.12000E+1	2.44721E+4	5.19185E+4	2.62279E+6	1.20346E+6	8.74769E+4	2.24787E+6
4.13000E+1	2.46840E+4	5.22688E+4	2.83022E+6	1.23548E+6	8.77309E+4	2.34631E+6
4.14000E+1	2.45395E+4	5.19141E+4	2.55093E+6	1.15047E+6	8.75641E+4	2.16859E+6
4.15000E+1	2.46550E+4	5.23091E+4	2.82222E+6	1.22104E+6	8.79605E+4	2.31303E+6
4.16000E+1	2.46100E+4	5.23174E+4	2.78769E+6	1.18538E+6	8.78775E+4	2.32946E+6
4.17000E+1	2.44850E+4	5.19840E+4	2.60311E+6	1.18666E+6	8.78434E+4	2.22623E+6
4.18000E+1	2.44865E+4	5.19825E+4	2.67885E+6	1.19411E+6	8.74090E+4	2.32680E+6
4.19000E+1	2.48094E+4	5.20234E+4	2.71463E+6	1.19035E+6	8.75199E+4	2.26288E+6
4.20000E+1	2.44805E+4	5.19431E+4	2.68709E+6	1.18575E+6	8.77025E+4	2.31041E+6
4.21000E+1	2.44381E+4	5.18197E+4	2.65542E+6	1.19948E+6	8.72044E+4	2.25178E+6
4.22000E+1	2.45345E+4	5.21516E+4	2.78581E+6	1.20024E+6	8.79093E+4	2.40656E+6
4.23000E+1	2.45210E+4	5.18806E+4	2.59186E+6	1.16717E+6	8.72869E+4	2.18698E+6
4.24000E+1	2.46640E+4	5.22210E+4	2.76371E+6	1.21211E+6	8.75381E+4	2.28137E+6
4.25000E+1	2.45985E+4	5.20443E+4	2.80499E+6	1.20269E+6	8.76333E+4	2.29220E+6
4.26000E+1	2.45565E+4	5.19275E+4	2.59982E+6	1.16696E+6	8.72157E+4	2.20173E+6
4.27000E+1	2.46170E+4	5.18190E+4	2.75397E+6	1.20193E+6	8.76628E+4	2.29553E+6
4.28000E+1	2.47276E+4	5.19513E+4	2.78313E+6	1.20593E+6	8.75913E+4	2.33958E+6
4.29000E+1	2.45500E+4	5.16876E+4	2.67537E+6	1.18261E+6	8.73298E+4	2.24858E+6
4.30000E+1	2.45700E+4	5.15958E+4	2.69285E+6	1.16846E+6	8.73999E+4	2.26522E+6
4.31000E+1	2.46170E+4	5.19654E+4	2.78099E+6	1.21006E+6	8.79651E+4	2.34843E+6
4.32000E+1	2.46510E+4	5.16876E+4	2.75633E+6	1.19465E+6	8.73332E+4	2.21013E+6
4.33000E+1	2.46445E+4	5.17945E+4	2.72797E+6	1.20648E+6	8.75811E+4	2.25125E+6
4.34000E+1	2.46695E+4	5.16736E+4	2.67413E+6	1.18023E+6	8.72857E+4	2.22588E+6
4.35000E+1	2.46325E+4	5.18576E+4	2.73650E+6	1.20324E+6	8.71784E+4	2.25750E+6
4.36000E+1	2.47086E+4	5.18063E+4	2.78126E+6	1.21205E+6	8.73355E+4	2.32927E+6
4.37000E+1	2.45565E+4	5.14552E+4	2.70700E+6	1.18655E+6	8.72654E+4	2.24432E+6
4.38000E+1	2.46455E+4	5.18635E+4	2.86012E+6	1.20868E+6	8.75392E+4	2.31622E+6
4.39000E+1	2.48425E+4	5.17989E+4	2.84495E+6	1.22760E+6	8.74509E+4	2.33022E+6
4.40000E+1	2.47637E+4	5.15366E+4	2.74952E+6	1.19024E+6	8.73570E+4	2.24238E+6
4.41000E+1	2.46560E+4	5.17440E+4	2.70396E+6	1.20477E+6	8.72383E+4	2.22762E+6
4.42000E+1	2.47286E+4	5.17818E+4	2.80064E+6	1.20335E+6	8.73977E+4	2.28962E+6
4.43000E+1	2.47266E+4	5.17566E+4	2.67736E+6	1.20346E+6	8.70859E+4	2.28302E+6
4.44000E+1	2.46971E+4	5.15603E+4	2.76451E+6	1.20226E+6	8.73773E+4	2.25392E+6
4.45000E+1	2.45875E+4	5.13858E+4	2.66327E+6	1.18949E+6	8.67112E+4	2.21461E+6
4.46000E+1	2.46961E+4	5.16091E+4	2.74221E+6	1.21316E+6	8.72338E+4	2.33213E+6
4.47000E+1	2.48782E+4	5.16825E+4	2.82828E+6	1.22183E+6	8.74894E+4	2.35405E+6
4.48000E+1	2.46665E+4	5.15099E+4	2.74664E+6	1.19158E+6	8.71886E+4	2.28485E+6
4.49000E+1	2.47883E+4	5.15440E+4	2.73572E+6	1.18596E+6	8.70825E+4	2.29497E+6
4.50000E+1	2.47437E+4	5.14368E+4	2.76266E+6	1.20681E+6	8.73536E+4	2.27409E+6
4.51000E+1	2.48265E+4	5.13769E+4	2.77432E+6	1.22771E+6	8.71830E+4	2.25375E+6
4.52000E+1	2.46295E+4	5.14663E+4	2.83465E+6	1.22116E+6	8.73615E+4	2.27718E+6
4.53000E+1	2.47953E+4	5.16150E+4	2.77352E+6	1.22760E+6	8.71468E+4	2.27064E+6
4.54000E+1	2.47026E+4	5.16010E+4	2.80607E+6	1.24620E+6	8.72914E+4	2.28485E+6
4.55000E+1	2.49284E+4	5.15373E+4	2.81919E+6	1.21678E+6	8.69744E+4	2.28834E+6
4.56000E+1	2.48526E+4	5.13054E+4	2.75135E+6	1.22584E+6	8.70082E+4	2.23709E+6
4.57000E+1	2.46640E+4	5.13600E+4	2.82304E+6	1.20439E+6	8.73649E+4	2.27609E+6
4.58000E+1	2.48104E+4	5.14124E+4	2.82139E+6	1.23646E+6	8.70769E+4	2.31528E+6
4.59000E+1	2.47823E+4	5.13127E+4	2.76742E+6	1.19920E+6	8.68348E+4	2.22937E+6
4.60000E+1	2.48079E+4	5.14205E+4	2.83548E+6	1.22891E+6	8.73264E+4	2.23955E+6
4.61000E+1	2.47382E+4	5.14190E+4	2.82112E+6	1.22330E+6	8.71954E+4	2.29534E+6
4.62000E+1	2.47321E+4	5.15802E+4	2.90861E+6	1.22065E+6	8.72496E+4	2.31528E+6
4.63000E+1	2.48671E+4	5.13696E+4	2.84579E+6	1.22313E+6	8.70623E+4	2.27809E+6
4.64000E+1	2.48169E+4	5.13482E+4	2.76583E+6	1.22031E+6	8.69136E+4	2.23533E+6
4.65000E+1	2.46755E+4	5.13880E+4	2.75135E+6	1.21522E+6	8.70127E+4	2.26956E+6
4.66000E+1	2.49687E+4	5.17032E+4	2.89641E+6	1.25100E+6	8.71559E+4	2.30779E+6
4.67000E+1	2.48169E+4	5.13784E+4	2.88574E+6	1.23393E+6	8.70149E+4	2.22588E+6
4.68000E+1	2.50074E+4	5.14966E+4	2.94252E+6	1.22093E+6	8.69068E+4	2.27663E+6
4.69000E+1	2.47216E+4	5.11771E+4	2.71770E+6	1.22726E+6	8.69834E+4	2.22049E+6
4.70000E+1	2.49008E+4	5.14190E+4	2.86747E+6	1.21606E+6	8.70577E+4	2.24362E+6
4.71000E+1	2.49028E+4	5.13696E+4	2.97751E+6	1.25720E+6	8.73852E+4	2.35056E+6
4.72000E+1	2.47412E+4	5.15432E+4	2.81782E+6	1.21133E+6	8.71581E+4	2.20156E+6
4.73000E+1	2.49038E+4	5.14205E+4	2.84523E+6	1.21746E+6	8.70352E+4	2.20344E+6
4.74000E+1	2.48907E+4	5.15026E+4	2.85899E+6	1.23256E+6	8.73253E+4	2.23867E+6
4.75000E+1	2.49008E+4	5.13637E+4	2.97568E+6	1.24690E+6	8.69428E+4	2.30499E+6
4.76000E+1	2.48204E+4	5.13829E+4	2.78662E+6	1.22828E+6	8.68956E+4	2.25018E+6
4.77000E+1	2.48084E+4	5.13496E+4	2.85448E+6	1.24538E+6	8.69552E+4	2.28375E+6
4.78000E+1	2.50422E+4	5.11639E+4	2.85083E+6	1.24614E+6	8.72869E+4	2.28834E+6
4.79000E+1	2.48772E+4	5.13371E+4	2.82966E+6	1.25596E+6	8.70893E+4	2.29923E+6
4.80000E+1	2.48917E+4	5.12221E+4	2.77698E+6	1.20204E+6	8.67629E+4	2.20224E+6
4.81000E+1	2.48958E+4	5.14959E+4	2.92650E+6	1.23836E+6	8.71649E+4	2.27882E+6
4.82000E+1	2.49657E+4	5.13113E+4	2.85814E+6	1.23033E+6	8.68101E+4	2.30592E+6
4.83000E+1	2.47903E+4	5.12221E+4	2.83520E+6	1.22970E+6	8.69755E+4	2.27754E+6
4.84000E+1	2.47983E+4	5.14693E+4	3.01801E+6	1.28099E+6	8.70104E+4	2.35211E+6
4.85000E+1	2.49908E+4	5.14412E+4	2.99254E+6	1.26821E+6	8.69192E+4	2.33270E+6
4.86000E+1	2.48601E+4	5.10374E+4	2.77698E+6	1.23079E+6	8.65731E+4	2.20772E+6
4.87000E+1	2.49048E+4	5.12796E+4	2.97142E+6	1.24830E+6	8.70059E+4	2.29331E+6
4.88000E+1	2.49320E+4	5.13127E+4	2.99655E+6	1.24328E+6	8.72101E+4	2.26432E+6
4.89000E+1	2.48234E+4	5.11028E+4	2.87829E+6	1.23773E+6	8.71423E+4	2.28064E+6
4.90000E+1	2.49777E+4	5.10117E+4	2.91679E+6	1.22646E+6	8.66786E+4	2.27336E+6
4.91000E+1	2.48174E+4	5.12869E+4	2.84132E+6	1.23542E+6	8.69057E+4	2.25018E+6
4.92000E+1	2.49445E+4	5.15358E+4	2.91767E+6	1.23479E+6	8.70544E+4	2.34304E+6
4.93000E+1	2.50442E+4	5.13135E+4	2.92916E+6	1.27482E+6	8.68022E+4	2.30350E+6
4.94000E+1	2.48706E+4	5.11102E+4	2.73598E+6	1.22788E+6	8.65249E+4	2.19493E+6
4.95000E+1	2.47913E+4	5.13032E+4	2.78179E+6	1.23039E+6	8.69552E+4	2.25857E+6
4.96000E+1	2.50774E+4	5.11705E+4	3.07835E+6	1.25893E+6	8.70352E+4	2.40697E+6
4.97000E+1	2.48983E+4	5.11448E+4	2.75476E+6	1.21779E+6	8.64476E+4	2.24415E+6
4.98000E+1	2.48234E+4	5.11021E+4	2.91182E+6	1.24772E+6	8.68911E+4	2.26540E+6
4.99000E+1	2.48069E+4	5.10940E+4	3.00212E+6	1.23571E+6	8.65664E+4	2.24876E+6
5.00000E+1	2.49239E+4	5.12973E+4	2.92002E+6	1.24346E+6	8.68866E+4	2.30760E+6
5.01000E+1	2.47687E+4	5.11058E+4	2.78850E+6	1.22663E+6	8.66315E+4	2.21236E+6
5.02000E+1	2.50684E+4	5.13046E+4	2.98577E+6	1.27836E+6	8.68382E+4	2.31453E+6
5.03000E+1	2.49098E+4	5.11565E+4	2.87373E+6	1.23382E+6	8.68382E+4	2.28779E+6
5.04000E+1	2.48340E+4	5.13282E+4	2.96022E+6	1.24906E+6	8.71231E+4	2.30090E+6
5.05000E+1	2.50170E+4	5.11190E+4	2.79307E+6	1.23370E+6	8.66203E+4	2.23112E+6
5.06000E+1	2.49672E+4	5.12773E+4	2.95781E+6	1.23537E+6	8.70194E+4	2.34670E+6
5.07000E+1	2.47773E+4	5.09669E+4	2.82883E+6	1.23462E+6	8.67123E+4	2.23726E+6
5.08000E+1	2.49345E+4	5.14612E+4	2.99130E+6	1.24381E+6	8.69980E+4	2.28064E+6
5.09000E+1	2.48716E+4	5.12294E+4	2.84719E+6	1.23016E+6	8.69699E+4	2.27046E+6
5.10000E+1	2.49611E+4	5.16002E+4	2.80471E+6	1.24201E+6	8.75619E+4	2.31172E+6
5.11000E+1	2.49315E+4	5.14021E+4	2.88660E+6	1.25566E+6	8.75165E+4	2.28668E+6
5.12000E+1	2.51238E+4	5.15388E+4	2.85955E+6	1.25756E+6	8.74826E+4	2.24681E+6
5.13000E+1	2.49299E+4	5.18375E+4	2.96717E+6	1.26036E+6	8.78240E+4	2.34400E+6
5.14000E+1	2.51491E+4	5.16061E+4	2.83882E+6	1.23016E+6	8.76685E+4	2.32604E+6
5.15000E+1	2.49863E+4	5.17700E+4	2.96293E+6	1.22811E+6	8.78581E+4	2.28357E+6
5.16000E+1	2.51571E+4	5.19892E+4	3.13500E+6	1.25347E+6	8.83746E+4	2.33251E+6
5.17000E+1	2.50089E+4	5.18881E+4	2.78072E+6	1.23387E+6	8.81417E+4	2.24468E+6
5.18000E+1	2.49561E+4	5.19096E+4	2.92032E+6	1.26574E+6	8.82935E+4	2.29183E+6
5.19000E+1	2.51945E+4	5.20495E+4	2.95389E+6	1.23911E+6	8.80733E+4	2.38152E+6
5.20000E+1	2.50029E+4	5.21792E+4	2.93330E+6	1.26664E+6	8.85119E+4	2.30648E+6
5.21000E+1	2.49999E+4	5.22053E+4	3.07575E+6	1.29177E+6	8.86849E+4	2.40212E+6
5.22000E+1	2.51112E+4	5.20383E+4	2.91562E+6	1.25053E+6	8.81417E+4	2.23463E+6
5.23000E+1	2.48943E+4	5.19126E+4	2.90191E+6	1.24854E+6	8.82056E+4	2.29312E+6
5.24000E+1	2.52824E+4	5.21718E+4	3.00491E+6	1.27488E+6	8.89008E+4	2.40373E+6
5.25000E+1	2.50714E+4	5.18821E+4	2.91650E+6	1.26484E+6	8.85680E+4	2.31961E+6
5.26000E+1	2.50553E+4	5.19654E+4	2.86436E+6	1.28007E+6	8.83746E+4	2.29165E+6
5.27000E+1	2.52223E+4	5.21382E+4	3.04614E+6	1.27002E+6	8.87767E+4	2.28339E+6
5.28000E+1	2.51375E+4	5.24213E+4	2.98485E+6	1.26412E+6	8.87492E+4	2.30406E+6
5.29000E+1	2.51662E+4	5.22531E+4	2.87287E+6	1.25200E+6	8.85829E+4	2.28742E+6
5.30000E+1	2.51586E+4	5.23592E+4	3.12491E+6	1.30297E+6	8.90999E+4	2.42635E+6
5.31000E+1	2.51551E+4	5.23907E+4	2.86012E+6	1.26460E+6	8.83849E+4	2.26613E+6
5.32000E+1	2.51642E+4	5.22636E+4	3.08096E+6	1.29090E+6	8.90193E+4	2.34323E+6
5.33000E+1	2.50462E+4	5.24505E+4	2.90948E+6	1.27616E+6	8.84810E+4	2.35716E+6
5.34000E+1	2.53198E+4	5.22494E+4	2.98485E+6	1.26803E+6	8.87618E+4	2.36987E+6
5.35000E+1	2.53234E+4	5.23533E+4	3.02901E+6	1.31796E+6	8.88008E+4	2.38948E+6
5.36000E+1	2.52026E+4	5.24775E+4	2.98026E+6	1.29640E+6	8.86574E+4	2.27082E+6
5.37000E+1	2.53583E+4	5.23742E+4	2.95209E+6	1.30481E+6	8.87102E+4	2.34246E+6
5.38000E+1	2.52455E+4	5.22942E+4	2.98393E+6	1.30831E+6	8.85508E+4	2.24911E+6
5.39000E+1	2.51793E+4	5.25547E+4	3.08324E+6	1.29414E+6	8.87664E+4	2.35037E+6
5.40000E+1	2.56323E+4	5.27055E+4	3.14277E+6	1.32167E+6	8.92982E+4	2.41775E+6
5.41000E+1	2.54749E+4	5.24700E+4	2.97904E+6	1.29421E+6	8.88767E+4	2.30164E+6
5.42000E+1	2.52672E+4	5.25547E+4	3.08226E+6	1.31984E+6	8.86964E+4	2.39930E+6
5.43000E+1	2.53943E+4	5.23735E+4	2.92326E+6	1.27463E+6	8.88916E+4	2.33346E+6
5.44000E+1	2.54358E+4	5.24281E+4	3.10394E+6	1.32768E+6	8.89042E+4	2.32870E+6
5.45000E+1	2.54815E+4	5.23570E+4	2.99562E+6	1.32088E+6	8.90181E+4	2.40454E+6
5.46000E+1	2.53846E+4	5.25599E+4	2.93301E+6	1.30672E+6	8.90147E+4	2.39207E+6
5.47000E+1	2.54830E+4	5.25194E+4	2.87344E+6	1.29621E+6	8.86803E+4	2.36614E+6
5.48000E+1	2.54962E+4	5.24528E+4	2.94014E+6	1.30088E+6	8.86459E+4	2.25983E+6
5.49000E+1	2.55327E+4	5.25824E+4	3.06765E+6	1.30934E+6	8.92359E+4	2.40555E+6
5.50000E+1	2.56816E+4	5.27281E+4	3.02429E+6	1.31062E+6	8.88813E+4	2.36692E+6
5.51000E+1	2.54738E+4	5.25959E+4	2.94790E+6	1.31460E+6	8.84684E+4	2.31999E+6
5.52000E+1	2.54439E+4	5.25907E+4	3.03312E+6	1.31331E+6	8.87606E+4	2.37716E+6
5.53000E+1	2.56221E+4	5.24940E+4	2.96899E+6	1.33005E+6	8.88870E+4	2.36301E+6
5.54000E+1	2.56389E+4	5.27694E+4	3.04136E+6	1.32801E+6	8.88790E+4	2.44145E+6
5.55000E+1	2.56704E+4	5.26012E+4	3.10791E+6	1.32414E+6	8.88985E+4	2.39107E+6
5.56000E+1	2.56928E+4	5.27627E+4	2.94162E+6	1.32499E+6	8.88985E+4	2.35716E+6
5.57000E+1	2.57927E+4	5.28138E+4	3.01707E+6	1.31842E+6	8.89088E+4	2.44771E+6
5.58000E+1	2.56781E+4	5.29441E+4	2.99716E+6	1.33044E+6	8.87492E+4	2.47305E+6
5.59000E+1	2.57178E+4	5.26252E+4	3.04582E+6	1.31835E+6	8.87894E+4	2.45631E+6
5.60000E+1	2.55647E+4	5.25247E+4	2.94730E+6	1.30825E+6	8.87549E+4	2.32718E+6
5.61000E+1	2.57601E+4	5.28559E+4	3.07543E+6	1.29533E+6	8.85726E+4	2.37360E+6
5.62000E+1	2.56348E+4	5.27769E+4	3.06991E+6	1.32906E+6	8.89997E+4	2.43875E+6
5.63000E+1	2.58580E+4	5.26102E+4	2.94043E+6	1.29189E+6	8.88181E+4	2.39930E+6
5.64000E+1	2.55484E+4	5.25952E+4	3.13803E+6	1.30863E+6	8.87354E+4	2.37894E+6
5.65000E+1	2.56425E+4	5.28514E+4	3.20457E+6	1.35820E+6	8.92140E+4	2.51776E+6
5.66000E+1	2.57911E+4	5.26868E+4	2.95480E+6	1.31100E+6	8.88433E+4	2.44333E+6
5.67000E+1	2.55728E+4	5.27469E+4	3.04614E+6	1.31042E+6	8.88859E+4	2.40697E+6
5.68000E+1	2.57015E+4	5.28206E+4	2.92002E+6	1.29002E+6	8.90066E+4	2.39207E+6
5.69000E+1	2.57438E+4	5.28642E+4	3.09241E+6	1.29653E+6	8.88054E+4	2.39608E+6
5.70000E+1	2.57514E+4	5.27521E+4	3.03597E+6	1.32467E+6	8.86941E+4	2.40879E+6
5.71000E+1	2.57779E+4	5.27972E+4	3.12927E+6	1.32408E+6	8.88502E+4	2.46922E+6
5.72000E+1	2.57641E+4	5.28040E+4	3.10991E+6	1.33289E+6	8.92890E+4	2.55016E+6
5.73000E+1	2.56359E+4	5.27401E+4	2.93241E+6	1.28779E+6	8.89031E+4	2.45379E+6
5.74000E+1	2.58416E+4	5.29697E+4	3.07348E+6	1.33580E+6	8.90308E+4	2.47007E+6
5.75000E+1	2.57743E+4	5.28966E+4	3.00522E+6	1.32539E+6	8.89686E+4	2.50961E+6
5.76000E+1	2.58916E+4	5.28326E+4	3.01269E+6	1.30838E+6	8.85588E+4	2.45148E+6
5.77000E+1	2.56872E+4	5.29207E+4	2.98823E+6	1.33933E+6	8.93537E+4	2.44959E+6
5.78000E+1	2.56567E+4	5.27033E+4	2.88517E+6	1.28469E+6	8.87572E+4	2.36379E+6
5.79000E+1	2.58029E+4	5.30602E+4	3.24228E+6	1.34274E+6	8.91621E+4	2.53800E+6
5.80000E+1	2.58243E+4	5.29840E+4	3.07024E+6	1.31036E+6	8.88950E+4	2.43068E+6
5.81000E+1	2.56394E+4	5.28025E+4	2.94162E+6	1.28420E+6	8.85554E+4	2.42779E+6
5.82000E+1	2.60245E+4	5.29802E+4	3.05927E+6	1.36363E+6	8.92071E+4	2.56221E+6
5.83000E+1	2.58733E+4	5.28574E+4	2.95480E+6	1.33907E+6	8.89514E+4	2.47904E+6
5.84000E+1	2.57611E+4	5.28349E+4	2.93805E+6	1.30608E+6	8.88721E+4	2.37597E+6
5.85000E+1	2.55891E+4	5.28876E+4	2.92385E+6	1.29177E+6	8.85016E+4	2.51555E+6
5.86000E+1	2.57753E+4	5.29448E+4	3.10891E+6	1.33687E+6	8.89192E+4	2.58850E+6
5.87000E+1	2.58044E+4	5.29712E+4	3.06894E+6	1.29678E+6	8.90043E+4	2.44959E+6
5.88000E+1	2.57595E+4	5.30361E+4	2.99223E+6	1.29096E+6	8.90020E+4	2.42102E+6
5.89000E+1	2.59432E+4	5.30179E+4	2.97904E+6	1.31654E+6	8.89606E+4	2.49002E+6
5.90000E+1	2.58840E+4	5.30919E+4	2.96596E+6	1.30793E+6	8.88261E+4	2.54949E+6
5.91000E+1	2.61075E+4	5.30919E+4	3.09833E+6	1.33541E+6	8.89732E+4	2.50720E+6
5.92000E+1	2.59427E+4	5.26575E+4	2.87174E+6	1.30799E+6	8.86104E+4	2.45990E+6
5.93000E+1	2.57157E+4	5.30444E+4	3.07218E+6	1.30825E+6	8.88238E+4	2.50808E+6
5.94000E+1	2.59187E+4	5.33491E+4	3.06248E+6	1.33867E+6	8.91218E+4	2.52395E+6
5.95000E+1	2.58488E+4	5.29071E+4	2.93005E+6	1.33143E+6	8.86608E+4	2.38768E+6
5.96000E+1	2.58937E+4	5.30459E+4	3.05253E+6	1.32349E+6	8.89790E+4	2.51621E+6
5.97000E+1	2.56430E+4	5.28936E+4	2.88373E+6	1.28965E+6	8.86127E+4	2.37538E+6
5.98000E+1	2.59172E+4	5.31743E+4	3.10394E+6	1.34570E+6	8.91517E+4	2.59200E+6
5.99000E+1	2.56725E+4	5.29312E+4	2.79146E+6	1.30316E+6	8.86482E+4	2.38788E+6
6.00000E+1	2.59300E+4	5.31773E+4	3.16494E+6	1.29898E+6	8.88020E+4	2.62772E+6
6.01000E+1	2.58998E+4	5.31501E+4	3.08455E+6	1.30570E+6	8.91725E+4	2.49543E+6
6.02000E+1	2.55769E+4	5.29508E+4	2.95961E+6	1.31900E+6	8.88514E+4	2.47690E+6
6.03000E+1	2.61803E+4	5.30308E+4	2.98363E+6	1.29146E+6	8.88882E+4	2.55084E+6
6.04000E+1	2.58217E+4	5.30157E+4	3.11157E+6	1.28321E+6	8.88836E+4	2.52951E+6
6.05000E+1	2.57606E+4	5.29275E+4	2.93657E+6	1.27720E+6	8.90953E+4	2.45800E+6
6.06000E+1	2.58916E+4	5.31886E+4	3.02523E+6	1.29577E+6	8.89295E+4	2.47583E+6
6.07000E+1	2.58503E+4	5.31055E+4	2.97477E+6	1.31907E+6	8.90135E+4	2.60867E+6
6.08000E+1	2.59238E+4	5.32196E+4	3.05959E+6	1.28451E+6	8.89215E+4	2.47135E+6
6.09000E+1	2.60041E+4	5.34089E+4	3.03628E+6	1.29942E+6	8.91126E+4	2.51776E+6
6.10000E+1	2.58952E+4	5.29380E+4	2.86577E+6	1.26773E+6	8.88043E+4	2.45842E+6
6.11000E+1	2.59632E+4	5.32302E+4	3.13770E+6	1.30921E+6	8.90492E+4	2.54317E+6
6.12000E+1	2.58340E+4	5.32075E+4	2.94820E+6	1.26887E+6	8.88020E+4	2.45673E+6
6.13000E+1	2.58978E+4	5.31546E+4	2.98669E+6	1.26948E+6	8.85863E+4	2.46816E+6
6.14000E+1	2.59095E+4	5.33688E+4	3.01332E+6	1.29993E+6	8.92417E+4	2.55788E+6
6.15000E+1	2.58789E+4	5.32340E+4	2.99655E+6	1.29146E+6	8.89307E+4	2.54497E+6
6.16000E+1	2.59601E+4	5.33188E+4	3.07770E+6	1.30208E+6	8.90976E+4	2.51489E+6
6.17000E+1	2.59014E+4	5.31093E+4	2.96778E+6	1.26924E+6	8.89318E+4	2.47199E+6
6.18000E+1	2.59310E+4	5.30685E+4	3.07478E+6	1.29308E+6	8.89042E+4	2.52751E+6
6.19000E+1	2.59898E+4	5.31115E+4	2.93568E+6	1.28655E+6	8.86700E+4	2.48549E+6
6.20000E+1	2.60425E+4	5.31493E+4	3.08553E+6	1.30684E+6	8.91690E+4	2.55062E+6
6.21000E+1	2.58131E+4	5.30730E+4	2.79011E+6	1.27787E+6	8.86138E+4	2.48033E+6
6.22000E+1	2.59673E+4	5.30542E+4	2.96505E+6	1.26930E+6	8.88571E+4	2.43047E+6
6.23000E+1	2.59248E+4	5.34514E+4	3.11823E+6	1.31132E+6	8.88364E+4	2.59784E+6
6.24000E+1	2.60921E+4	5.30957E+4	2.96475E+6	1.27342E+6	8.90849E+4	2.42738E+6
6.25000E+1	2.60291E+4	5.33407E+4	3.02586E+6	1.26887E+6	8.86276E+4	2.51379E+6
6.26000E+1	2.60665E+4	5.34074E+4	3.20915E+6	1.28235E+6	8.90769E+4	2.62031E+6
6.27000E+1	2.58416E+4	5.30700E+4	2.95299E+6	1.27281E+6	8.86918E+4	2.39107E+6
6.28000E+1	2.60112E+4	5.34985E+4	3.16700E+6	1.27677E+6	8.91275E+4	2.61531E+6
6.29000E+1	2.60179E+4	5.36474E+4	3.24589E+6	1.30640E+6	8.89675E+4	2.58966E+6
6.30000E+1	2.60404E+4	5.29931E+4	2.93123E+6	1.24067E+6	8.89491E+4	2.49391E+6
6.31000E+1	2.60614E+4	5.34863E+4	3.14990E+6	1.30481E+6	8.89479E+4	2.48786E+6
6.32000E+1	2.60184E+4	5.35023E+4	3.10991E+6	1.26059E+6	8.92763E+4	2.49738E+6
6.33000E+1	2.60937E+4	5.35395E+4	3.06377E+6	1.26652E+6	8.89376E+4	2.52196E+6
6.34000E+1	2.60809E+4	5.34628E+4	3.12692E+6	1.27488E+6	8.87675E+4	2.51027E+6
6.35000E+1	2.58054E+4	5.30806E+4	2.90919E+6	1.24807E+6	8.85279E+4	2.36086E+6
6.36000E+1	2.61172E+4	5.35584E+4	3.22581E+6	1.28339E+6	8.93410E+4	2.72606E+6
6.37000E+1	2.59019E+4	5.30044E+4	2.86068E+6	1.25661E+6	8.85348E+4	2.38589E+6
6.38000E+1	2.61546E+4	5.36208E+4	3.38370E+6	1.32932E+6	8.90342E+4	2.64242E+6
6.39000E+1	2.57973E+4	5.32998E+4	2.96112E+6	1.24772E+6	8.85783E+4	2.40879E+6
6.40000E+1	2.60865E+4	5.33203E+4	2.99593E+6	1.25934E+6	8.86918E+4	2.49652E+6
6.41000E+1	2.61818E+4	5.35805E+4	3.33436E+6	1.29283E+6	8.91979E+4	2.71071E+6
6.42000E+1	2.59964E+4	5.31758E+4	2.89988E+6	1.22161E+6	8.84707E+4	2.52196E+6
6.43000E+1	2.61377E+4	5.38378E+4	3.11123E+6	1.30500E+6	8.90699E+4	2.60066E+6
6.44000E+1	2.62275E+4	5.33983E+4	3.08913E+6	1.27885E+6	8.87779E+4	2.61317E+6
6.45000E+1	2.61649E+4	5.33294E+4	2.90919E+6	1.26233E+6	8.90895E+4	2.45800E+6
6.46000E+1	2.61208E+4	5.32771E+4	3.02052E+6	1.29741E+6	8.88146E+4	2.60490E+6
6.47000E+1	2.60983E+4	5.35812E+4	3.12357E+6	1.27775E+6	8.90538E+4	2.64169E+6
6.48000E+1	2.61695E+4	5.34173E+4	2.97021E+6	1.27099E+6	8.86356E+4	2.55970E+6
6.49000E+1	2.61244E+4	5.34415E+4	3.03628E+6	1.24497E+6	8.88514E+4	2.48312E+6
6.50000E+1	2.60527E+4	5.40003E+4	3.22902E+6	1.27720E+6	8.90055E+4	2.60137E+6
6.51000E+1	2.60107E+4	5.32121E+4	2.94192E+6	1.21172E+6	8.85428E+4	2.52773E+6
6.52000E+1	2.61875E+4	5.36907E+4	3.19544E+6	1.31641E+6	8.89514E+4	2.70132E+6
6.53000E+1	2.61962E+4	5.36040E+4	3.08063E+6	1.28069E+6	8.85107E+4	2.46667E+6
6.54000E+1	2.61249E+4	5.34218E+4	3.06248E+6	1.26376E+6	8.86070E+4	2.47540E+6
6.55000E+1	2.61552E+4	5.34620E+4	3.05509E+6	1.33474E+6	8.89652E+4	2.56656E+6
6.56000E+1	2.62244E+4	5.36040E+4	3.15126E+6	1.28026E+6	8.87274E+4	2.53375E+6
6.57000E+1	2.62260E+4	5.37935E+4	3.12157E+6	1.26316E+6	8.87251E+4	2.57414E+6
6.58000E+1	2.64043E+4	5.34582E+4	2.99346E+6	1.25012E+6	8.85176E+4	2.57829E+6
6.59000E+1	2.62075E+4	5.33915E+4	3.07770E+6	1.26761E+6	8.90504E+4	2.65850E+6
6.60000E+1	2.61608E+4	5.37791E+4	3.06248E+6	1.23836E+6	8.85886E+4	2.47305E+6
6.61000E+1	2.61695E+4	5.34355E+4	3.07380E+6	1.29628E+6	8.89341E+4	2.68099E+6
6.62000E+1	2.61777E+4	5.38400E+4	3.09110E+6	1.28710E+6	8.95178E+4	2.68474E+6
6.63000E+1	2.63770E+4	5.37684E+4	2.98424E+6	1.30006E+6	8.88077E+4	2.47092E+6
6.64000E+1	2.60824E+4	5.34302E+4	3.02177E+6	1.26364E+6	8.83072E+4	2.50458E+6
6.65000E+1	2.63128E+4	5.36230E+4	3.03850E+6	1.27354E+6	8.91149E+4	2.66514E+6
6.66000E+1	2.64357E+4	5.36938E+4	3.13803E+6	1.27324E+6	8.87308E+4	2.56747E+6
6.67000E+1	2.61793E+4	5.35258E+4	2.95871E+6	1.25247E+6	8.86643E+4	2.49565E+6
6.68000E+1	2.63359E+4	5.36329E+4	2.99562E+6	1.24924E+6	8.87411E+4	2.50217E+6
6.69000E+1	2.63693E+4	5.38774E+4	3.22866E+6	1.27842E+6	8.92313E+4	2.68099E+6
6.70000E+1	2.63868E+4	5.35395E+4	2.92798E+6	1.24701E+6	8.84203E+4	2.58223E+6
6.71000E+1	2.63837E+4	5.36322E+4	3.13062E+6	1.29314E+6	8.88273E+4	2.58408E+6
6.72000E+1	2.66343E+4	5.37151E+4	3.07673E+6	1.30551E+6	8.89445E+4	2.60749E+6
6.73000E+1	2.64126E+4	5.38423E+4	2.99377E+6	1.26526E+6	8.88916E+4	2.47476E+6
6.74000E+1	2.61977E+4	5.33362E+4	2.94550E+6	1.26454E+6	8.83243E+4	2.40616E+6
6.75000E+1	2.66069E+4	5.39766E+4	3.19930E+6	1.28884E+6	8.86287E+4	2.66662E+6
6.76000E+1	2.63575E+4	5.37920E+4	3.10593E+6	1.26628E+6	8.85039E+4	2.67900E+6
6.77000E+1	2.64249E+4	5.35554E+4	3.03343E+6	1.27744E+6	8.84192E+4	2.49196E+6
6.78000E+1	2.63945E+4	5.36847E+4	2.94282E+6	1.26948E+6	8.87354E+4	2.54317E+6
6.79000E+1	2.65466E+4	5.36413E+4	3.10229E+6	1.27202E+6	8.84558E+4	2.61840E+6
6.80000E+1	2.63405E+4	5.39179E+4	3.19509E+6	1.31010E+6	8.87641E+4	2.56977E+6
6.81000E+1	2.65084E+4	5.36139E+4	3.23081E+6	1.30755E+6	8.84432E+4	2.51665E+6
6.82000E+1	2.64507E+4	5.35714E+4	3.27096E+6	1.26280E+6	8.82524E+4	2.48829E+6
6.83000E+1	2.64605E+4	5.35843E+4	3.05830E+6	1.27952E+6	8.85107E+4	2.70664E+6
6.84000E+1	2.64548E+4	5.36139E+4	2.91914E+6	1.26833E+6	8.82409E+4	2.45526E+6
6.85000E+1	2.64054E+4	5.38866E+4	3.24589E+6	1.26376E+6	8.84569E+4	2.73536E+6
6.86000E+1	2.65672E+4	5.37608E+4	3.08585E+6	1.27172E+6	8.87652E+4	2.56747E+6
6.87000E+1	2.63884E+4	5.34643E+4	3.06862E+6	1.25501E+6	8.80642E+4	2.54655E+6
6.88000E+1	2.65569E+4	5.40362E+4	3.18394E+6	1.26725E+6	8.82775E+4	2.64971E+6
6.89000E+1	2.65481E+4	5.38858E+4	2.98087E+6	1.29923E+6	8.83346E+4	2.72787E+6
6.90000E+1	2.63827E+4	5.36694E+4	3.02901E+6	1.31383E+6	8.80528E+4	2.46986E+6
6.91000E+1	2.63632E+4	5.36938E+4	2.87544E+6	1.27897E+6	8.79059E+4	2.50874E+6
6.92000E+1	2.67232E+4	5.40783E+4	3.11756E+6	1.26972E+6	8.81280E+4	2.66243E+6
6.93000E+1	2.65502E+4	5.38050E+4	3.01020E+6	1.28785E+6	8.86723E+4	2.74680E+6
6.94000E+1	2.66188E+4	5.38278E+4	3.14650E+6	1.28928E+6	8.81611E+4	2.57483E+6
6.95000E+1	2.65383E+4	5.37463E+4	3.02460E+6	1.26406E+6	8.78490E+4	2.52196E+6
6.96000E+1	2.67367E+4	5.39782E+4	3.05093E+6	1.27915E+6	8.81462E+4	2.71071E+6
6.97000E+1	2.67698E+4	5.37836E+4	3.03787E+6	1.30246E+6	8.82512E+4	2.65019E+6
6.98000E+1	2.65409E+4	5.38088E+4	2.99284E+6	1.26484E+6	8.84283E+4	2.56931E+6
6.99000E+1	2.65744E+4	5.36527E+4	3.21197E+6	1.28723E+6	8.81576E+4	2.60797E+6
7.00000E+1	2.66095E+4	5.39285E+4	3.16803E+6	1.29033E+6	8.82843E+4	2.58199E+6
7.01000E+1	2.66250E+4	5.39339E+4	3.21020E+6	1.27604E+6	8.76821E+4	2.62772E+6
7.02000E+1	2.67072E+4	5.39973E+4	3.12827E+6	1.25958E+6	8.81223E+4	2.58803E+6
7.03000E+1	2.67264E+4	5.39942E+4	3.08161E+6	1.28549E+6	8.82444E+4	2.53263E+6
7.04000E+1	2.67936E+4	5.39980E+4	3.20457E+6	1.31377E+6	8.81633E+4	2.60513E+6
7.05000E+1	2.66467E+4	5.39996E+4	3.20597E+6	1.25454E+6	8.82364E+4	2.61199E+6
7.06000E+1	2.66271E+4	5.40607E+4	3.37824E+6	1.30895E+6	8.79890E+4	2.57991E+6
7.07000E+1	2.67062E+4	5.38927E+4	3.16151E+6	1.28087E+6	8.79184E+4	2.51137E+6
7.08000E+1	2.66948E+4	5.40844E+4	3.17148E+6	1.29596E+6	8.81075E+4	2.68624E+6
7.09000E+1	2.69279E+4	5.41533E+4	3.19160E+6	1.30062E+6	8.79241E+4	2.59550E+6
7.10000E+1	2.68481E+4	5.41602E+4	3.17251E+6	1.30455E+6	8.80175E+4	2.55856E+6
7.11000E+1	2.67512E+4	5.41288E+4	3.28087E+6	1.29942E+6	8.82033E+4	2.64727E+6
7.12000E+1	2.66591E+4	5.39285E+4	3.08194E+6	1.28112E+6	8.82090E+4	2.54858E+6
7.13000E+1	2.68978E+4	5.41342E+4	3.24228E+6	1.31842E+6	8.78593E+4	2.72632E+6
7.14000E+1	2.68672E+4	5.41456E+4	3.00243E+6	1.28822E+6	8.81976E+4	2.55311E+6
7.15000E+1	2.68807E+4	5.42261E+4	3.13095E+6	1.32206E+6	8.81040E+4	2.63469E+6
7.16000E+1	2.69378E+4	5.40974E+4	2.97599E+6	1.29760E+6	8.77468E+4	2.47626E+6
7.17000E+1	2.68320E+4	5.40057E+4	3.08618E+6	1.29842E+6	8.81873E+4	2.69075E+6
7.18000E+1	2.71114E+4	5.42513E+4	3.22438E+6	1.31293E+6	8.80607E+4	2.67975E+6
7.19000E+1	2.70012E+4	5.41533E+4	3.13095E+6	1.27915E+6	8.82409E+4	2.58315E+6
7.20000E+1	2.69373E+4	5.39056E+4	2.91650E+6	1.24323E+6	8.79002E+4	2.56977E+6
7.21000E+1	2.72198E+4	5.44010E+4	3.37473E+6	1.34436E+6	8.81588E+4	2.76361E+6
7.22000E+1	2.72140E+4	5.41410E+4	3.01676E+6	1.30354E+6	8.78195E+4	2.55902E+6
7.23000E+1	2.68885E+4	5.43012E+4	2.99902E+6	1.30404E+6	8.77195E+4	2.53040E+6
7.24000E+1	2.70719E+4	5.43703E+4	3.21445E+6	1.31822E+6	8.81793E+4	2.74915E+6
7.25000E+1	2.71026E+4	5.45786E+4	3.17631E+6	1.27817E+6	8.80402E+4	2.72993E+6
7.26000E+1	2.70334E+4	5.40760E+4	2.99562E+6	1.28568E+6	8.79378E+4	2.53308E+6
7.27000E+1	2.72255E+4	5.43196E+4	3.15945E+6	1.30812E+6	8.78377E+4	2.61057E+6
7.28000E+1	2.69253E+4	5.42490E+4	3.12391E+6	1.32225E+6	8.80220E+4	2.54362E+6
7.29000E+1	2.71078E+4	5.46456E+4	3.25493E+6	1.33514E+6	8.80972E+4	2.70740E+6
7.30000E+1	2.71140E+4	5.42782E+4	3.14616E+6	1.31493E+6	8.84730E+4	2.67900E+6
7.31000E+1	2.72302E+4	5.43941E+4	3.24769E+6	1.31874E+6	8.77900E+4	2.64971E+6
7.32000E+1	2.70313E+4	5.42475E+4	3.18151E+6	1.31081E+6	8.80049E+4	2.54903E+6
7.33000E+1	2.71984E+4	5.44309E+4	3.23116E+6	1.32926E+6	8.79582E+4	2.60184E+6
7.34000E+1	2.73226E+4	5.44271E+4	3.32300E+6	1.29867E+6	8.79970E+4	2.65899E+6
7.35000E+1	2.71609E+4	5.44809E+4	3.14650E+6	1.30889E+6	8.81303E+4	2.58431E+6
7.36000E+1	2.72766E+4	5.43342E+4	3.37240E+6	1.33527E+6	8.80721E+4	2.66120E+6
7.37000E+1	2.74271E+4	5.46286E+4	3.28382E+6	1.28878E+6	8.79548E+4	2.64266E+6
7.38000E+1	2.73231E+4	5.46071E+4	3.00026E+6	1.28488E+6	8.79503E+4	2.55243E+6
7.39000E+1	2.72636E+4	5.45555E+4	3.19300E+6	1.28562E+6	8.77105E+4	2.51709E+6
7.40000E+1	2.73524E+4	5.46294E+4	3.09110E+6	1.29980E+6	8.79651E+4	2.56221E+6
7.41000E+1	2.74863E+4	5.46356E+4	3.24950E+6	1.31673E+6	8.78365E+4	2.89600E+6
7.42000E+1	2.73497E+4	5.45863E+4	3.22332E+6	1.31699E+6	8.80528E+4	2.65777E+6
7.43000E+1	2.72986E+4	5.46410E+4	3.04837E+6	1.30094E+6	8.76458E+4	2.66785E+6
7.44000E+1	2.74617E+4	5.46533E+4	3.13466E+6	1.30347E+6	8.77888E+4	2.64509E+6
7.45000E+1	2.72839E+4	5.45940E+4	3.09734E+6	1.30303E+6	8.79844E+4	2.70537E+6
7.46000E+1	2.74847E+4	5.47767E+4	3.30610E+6	1.35063E+6	8.82466E+4	2.66022E+6
7.47000E+1	2.73869E+4	5.45617E+4	3.20738E+6	1.29722E+6	8.78138E+4	2.51247E+6
7.48000E+1	2.73215E+4	5.45978E+4	3.17943E+6	1.28810E+6	8.77263E+4	2.61365E+6
7.49000E+1	2.73628E+4	5.46063E+4	3.19335E+6	1.33335E+6	8.77536E+4	2.68674E+6
7.50000E+1	2.75491E+4	5.47296E+4	3.09866E+6	1.27677E+6	8.77093E+4	2.51820E+6
7.51000E+1	2.73937E+4	5.47119E+4	3.10692E+6	1.32670E+6	8.78616E+4	2.58990E+6
7.52000E+1	2.72766E+4	5.46880E+4	3.34389E+6	1.31667E+6	8.80425E+4	2.61602E+6
7.53000E+1	2.74716E+4	5.48825E+4	3.37123E+6	1.30170E+6	8.77922E+4	2.69150E+6
7.54000E+1	2.75035E+4	5.47327E+4	3.31397E+6	1.31177E+6	8.75256E+4	2.63012E+6
7.55000E+1	2.75303E+4	5.50016E+4	3.26767E+6	1.35424E+6	8.79366E+4	2.57506E+6
7.56000E+1	2.74873E+4	5.48802E+4	3.20351E+6	1.32434E+6	8.74894E+4	2.64898E+6
7.57000E+1	2.74533E+4	5.45986E+4	3.24408E+6	1.29121E+6	8.76061E+4	2.58664E+6
7.58000E+1	2.76210E+4	5.49598E+4	3.20421E+6	1.29634E+6	8.80528E+4	2.58176E+6
7.59000E+1	2.74292E+4	5.44778E+4	3.08716E+6	1.28463E+6	8.77411E+4	2.59714E+6
7.60000E+1	2.75675E+4	5.48554E+4	3.19090E+6	1.30563E+6	8.79241E+4	2.62054E+6
7.61000E+1	2.75727E+4	5.47057E+4	3.21020E+6	1.30081E+6	8.77695E+4	2.62054E+6
7.62000E+1	2.76178E+4	5.50163E+4	3.21445E+6	1.33388E+6	8.77570E+4	2.63204E+6
7.63000E+1	2.74093E+4	5.49614E+4	3.16288E+6	1.32441E+6	8.78422E+4	2.53397E+6
7.64000E+1	2.74632E+4	5.50465E+4	3.34618E+6	1.34563E+6	8.80197E+4	2.56885E+6
7.65000E+1	2.76178E+4	5.48292E+4	3.27756E+6	1.28959E+6	8.78479E+4	2.57069E+6
7.66000E+1	2.74392E+4	5.49459E+4	3.15706E+6	1.32834E+6	8.79082E+4	2.68849E+6
7.67000E+1	2.74413E+4	5.49150E+4	3.09504E+6	1.31126E+6	8.76492E+4	2.53442E+6
7.68000E+1	2.75858E+4	5.47366E+4	3.15672E+6	1.30246E+6	8.79105E+4	2.61531E+6
7.69000E+1	2.76215E+4	5.46988E+4	3.10229E+6	1.27342E+6	8.75301E+4	2.65092E+6
7.70000E+1	2.76068E+4	5.51705E+4	3.25928E+6	1.33038E+6	8.82261E+4	2.67082E+6
7.71000E+1	2.76089E+4	5.50124E+4	3.12894E+6	1.29955E+6	8.78832E+4	2.63493E+6
7.72000E+1	2.76042E+4	5.51829E+4	3.34236E+6	1.30819E+6	8.78616E+4	2.64703E+6
7.73000E+1	2.75397E+4	5.50109E+4	3.08226E+6	1.28259E+6	8.78820E+4	2.66071E+6
7.74000E+1	2.77176E+4	5.50581E+4	3.26438E+6	1.31518E+6	8.79127E+4	2.56656E+6
7.75000E+1	2.75109E+4	5.53017E+4	3.17079E+6	1.31473E+6	8.77457E+4	2.63565E+6
7.76000E+1	2.75649E+4	5.50628E+4	3.41845E+6	1.35744E+6	8.78934E+4	2.53576E+6
7.77000E+1	2.76477E+4	5.50039E+4	3.25348E+6	1.30246E+6	8.78763E+4	2.52417E+6
7.78000E+1	2.73623E+4	5.49730E+4	3.23941E+6	1.28636E+6	8.77298E+4	2.67032E+6
7.79000E+1	2.74501E+4	5.51705E+4	3.10991E+6	1.30525E+6	8.77229E+4	2.68349E+6
7.80000E+1	2.75130E+4	5.51054E+4	3.24877E+6	1.29508E+6	8.78309E+4	2.62964E+6
7.81000E+1	2.73827E+4	5.51977E+4	3.13972E+6	1.30614E+6	8.78547E+4	2.65385E+6
7.82000E+1	2.74994E+4	5.51628E+4	3.06927E+6	1.31344E+6	8.77445E+4	2.52929E+6
7.83000E+1	2.75151E+4	5.53491E+4	3.25348E+6	1.30806E+6	8.77831E+4	2.76970E+6
7.84000E+1	2.74292E+4	5.51837E+4	3.16048E+6	1.31267E+6	8.78297E+4	2.64096E+6
7.85000E+1	2.74093E+4	5.51387E+4	3.16254E+6	1.30208E+6	8.76662E+4	2.56564E+6
7.86000E+1	2.73806E+4	5.54620E+4	3.18846E+6	1.30831E+6	8.78252E+4	2.72298E+6
7.87000E+1	2.76189E+4	5.54830E+4	3.17251E+6	1.29753E+6	8.79105E+4	2.75439E+6
7.88000E+1	2.75711E+4	5.52070E+4	3.12625E+6	1.28438E+6	8.80642E+4	2.73510E+6
7.89000E+1	2.75276E+4	5.51310E+4	3.03122E+6	1.28624E+6	8.75811E+4	2.60655E+6
7.90000E+1	2.74784E+4	5.53904E+4	3.15945E+6	1.30462E+6	8.78229E+4	2.66341E+6
7.91000E+1	2.76903E+4	5.55562E+4	3.18776E+6	1.30195E+6	8.81816E+4	2.66834E+6
7.92000E+1	2.75528E+4	5.53149E+4	3.12491E+6	1.30233E+6	8.80824E+4	2.59246E+6
7.93000E+1	2.75916E+4	5.53896E+4	3.20070E+6	1.30031E+6	8.81462E+4	2.65728E+6
7.94000E+1	2.74878E+4	5.54378E+4	3.15672E+6	1.28420E+6	8.77604E+4	2.62940E+6
7.95000E+1	2.74590E+4	5.53585E+4	3.25529E+6	1.33011E+6	8.82763E+4	2.76255E+6
7.96000E+1	2.74439E+4	5.55531E+4	3.07283E+6	1.27805E+6	8.79139E+4	2.62724E+6
7.97000E+1	2.75502E+4	5.53966E+4	3.20386E+6	1.29214E+6	8.79526E+4	2.59153E+6
7.98000E+1	2.73612E+4	5.56967E+4	3.17735E+6	1.29911E+6	8.82661E+4	2.74289E+6
7.99000E+1	2.75528E+4	5.53313E+4	3.04741E+6	1.24736E+6	8.79674E+4	2.55402E+6
8.00000E+1	2.75732E+4	5.56046E+4	3.27316E+6	1.28785E+6	8.82307E+4	2.66317E+6
8.01000E+1	2.75135E+4	5.53616E+4	3.04901E+6	1.29886E+6	8.77661E+4	2.57460E+6
8.02000E+1	2.75774E+4	5.57615E+4	3.21586E+6	1.28112E+6	8.80345E+4	2.57506E+6
8.03000E+1	2.75717E+4	5.54923E+4	3.20210E+6	1.27964E+6	8.81325E+4	2.63806E+6
8.04000E+1	2.75853E+4	5.55710E+4	3.26365E+6	1.28556E+6	8.81451E+4	2.63976E+6
8.05000E+1	2.74130E+4	5.57201E+4	3.22617E+6	1.28605E+6	8.81542E+4	2.55879E+6
8.06000E+1	2.74161E+4	5.55367E+4	3.05061E+6	1.28810E+6	8.82067E+4	2.59761E+6
8.07000E+1	2.74460E+4	5.56826E+4	3.18394E+6	1.29077E+6	8.79787E+4	2.59503E+6
8.08000E+1	2.75659E+4	5.55944E+4	3.17148E+6	1.31712E+6	8.80106E+4	2.65410E+6
8.09000E+1	2.74606E+4	5.55297E+4	3.02743E+6	1.28364E+6	8.80528E+4	2.60254E+6
8.10000E+1	2.73769E+4	5.55570E+4	3.18394E+6	1.29753E+6	8.81782E+4	2.64242E+6
8.11000E+1	2.74601E+4	5.54487E+4	3.09734E+6	1.31816E+6	8.81770E+4	2.59996E+6
8.12000E+1	2.75816E+4	5.58695E+4	3.32981E+6	1.31783E+6	8.80311E+4	2.64776E+6
8.13000E+1	2.76745E+4	5.56982E+4	3.14888E+6	1.27879E+6	8.82021E+4	2.55674E+6
8.14000E+1	2.75386E+4	5.54830E+4	3.12760E+6	1.25869E+6	8.77513E+4	2.50196E+6
8.15000E+1	2.74475E+4	5.57951E+4	3.25094E+6	1.29183E+6	8.78104E+4	2.67428E+6
8.16000E+1	2.77523E+4	5.58311E+4	3.23761E+6	1.29002E+6	8.81006E+4	2.61270E+6
8.17000E+1	2.74978E+4	5.56732E+4	3.14990E+6	1.29772E+6	8.83895E+4	2.69301E+6
8.18000E+1	2.74433E+4	5.54067E+4	3.00958E+6	1.28444E+6	8.78684E+4	2.50961E+6
8.19000E+1	2.77355E+4	5.59439E+4	3.20175E+6	1.27093E+6	8.82432E+4	2.61341E+6
8.20000E+1	2.75208E+4	5.57154E+4	3.31322E+6	1.29760E+6	8.79685E+4	2.52862E+6
8.21000E+1	2.75722E+4	5.60709E+4	3.18324E+6	1.26930E+6	8.78365E+4	2.61959E+6
8.22000E+1	2.76467E+4	5.56615E+4	3.09668E+6	1.28099E+6	8.80459E+4	2.52929E+6
8.23000E+1	2.75407E+4	5.56093E+4	3.09241E+6	1.27081E+6	8.79799E+4	2.57644E+6
8.24000E+1	2.76987E+4	5.60497E+4	3.18185E+6	1.26131E+6	8.80231E+4	2.56472E+6
8.25000E+1	2.75051E+4	5.58804E+4	3.22831E+6	1.28475E+6	8.81371E+4	2.57852E+6
8.26000E+1	2.74821E+4	5.58335E+4	3.09899E+6	1.27604E+6	8.76503E+4	2.62437E+6
8.27000E+1	2.76887E+4	5.57975E+4	3.10031E+6	1.28383E+6	8.81690E+4	2.74732E+6
8.28000E+1	2.75890E+4	5.58828E+4	3.14990E+6	1.28081E+6	8.79867E+4	2.52240E+6
8.29000E+1	2.77407E+4	5.60568E+4	3.35924E+6	1.29252E+6	8.80425E+4	2.59972E+6
8.30000E+1	2.76997E+4	5.59141E+4	3.06539E+6	1.27958E+6	8.78650E+4	2.52728E+6
8.31000E+1	2.74601E+4	5.57607E+4	3.27756E+6	1.30341E+6	8.80607E+4	2.60231E+6
8.32000E+1	2.76966E+4	5.59830E+4	3.13028E+6	1.26000E+6	8.81177E+4	2.49131E+6
8.33000E+1	2.76656E+4	5.60473E+4	3.16803E+6	1.29233E+6	8.78468E+4	2.50830E+6
8.34000E+1	2.77728E+4	5.61651E+4	3.37123E+6	1.30672E+6	8.80061E+4	2.68025E+6
8.35000E+1	2.77150E+4	5.59642E+4	3.21338E+6	1.27390E+6	8.82295E+4	2.60773E+6
8.36000E+1	2.78117E+4	5.60968E+4	3.39350E+6	1.29358E+6	8.81143E+4	2.59550E+6
8.37000E+1	2.76047E+4	5.58202E+4	3.21870E+6	1.25916E+6	8.80869E+4	2.58524E+6
8.38000E+1	2.76052E+4	5.60222E+4	3.13500E+6	1.29508E+6	8.76764E+4	2.56016E+6
8.39000E+1	2.77507E+4	5.60662E+4	3.09110E+6	1.26352E+6	8.81200E+4	2.51754E+6
8.40000E+1	2.78212E+4	5.58898E+4	3.19230E+6	1.29810E+6	8.82341E+4	2.51071E+6
8.41000E+1	2.79361E+4	5.60552E+4	3.20140E+6	1.27677E+6	8.80334E+4	2.54452E+6
8.42000E+1	2.77386E+4	5.60811E+4	3.15843E+6	1.31152E+6	8.84146E+4	2.61864E+6
8.43000E+1	2.79197E+4	5.62209E+4	3.31584E+6	1.28841E+6	8.83117E+4	2.69175E+6
8.44000E+1	2.76572E+4	5.60505E+4	3.10924E+6	1.25000E+6	8.81462E+4	2.48592E+6
8.45000E+1	2.78544E+4	5.59917E+4	3.19754E+6	1.26906E+6	8.82980E+4	2.59013E+6
8.46000E+1	2.78602E+4	5.62697E+4	3.33665E+6	1.31441E+6	8.86115E+4	2.58431E+6
8.47000E+1	2.79055E+4	5.65771E+4	3.32678E+6	1.28673E+6	8.80004E+4	2.55107E+6
8.48000E+1	2.81468E+4	5.66814E+4	3.32867E+6	1.30493E+6	8.82809E+4	2.57230E+6
8.49000E+1	2.77039E+4	5.59188E+4	3.12090E+6	1.24259E+6	8.79776E+4	2.52817E+6
8.50000E+1	2.80247E+4	5.61141E+4	3.24661E+6	1.26954E+6	8.78172E+4	2.51357E+6
8.51000E+1	2.78296E+4	5.62280E+4	3.16494E+6	1.26887E+6	8.79582E+4	2.59176E+6
8.52000E+1	2.80078E+4	5.63539E+4	3.33209E+6	1.33773E+6	8.83860E+4	2.70259E+6
8.53000E+1	2.78086E+4	5.63334E+4	3.32112E+6	1.27634E+6	8.78797E+4	2.57069E+6
8.54000E+1	2.80168E+4	5.63901E+4	3.18324E+6	1.27744E+6	8.78479E+4	2.57184E+6
8.55000E+1	2.79703E+4	5.64154E+4	3.28087E+6	1.30449E+6	8.80972E+4	2.75308E+6
8.56000E+1	2.79308E+4	5.63602E+4	3.33474E+6	1.29672E+6	8.81770E+4	2.68974E+6
8.57000E+1	2.80844E+4	5.66585E+4	3.35770E+6	1.28828E+6	8.82923E+4	2.53912E+6
8.58000E+1	2.80268E+4	5.63878E+4	3.25420E+6	1.30119E+6	8.80345E+4	2.75492E+6
8.59000E+1	2.81066E+4	5.65826E+4	3.41487E+6	1.30538E+6	8.81394E+4	2.61365E+6
8.60000E+1	2.79260E+4	5.66506E+4	3.38918E+6	1.32017E+6	8.84787E+4	2.59925E+6
8.61000E+1	2.80358E+4	5.62886E+4	3.18498E+6	1.28574E+6	8.79685E+4	2.52395E+6
8.62000E+1	2.82056E+4	5.65021E+4	3.33512E+6	1.29077E+6	8.81588E+4	2.59808E+6
8.63000E+1	2.83471E+4	5.66941E+4	3.33360E+6	1.32919E+6	8.84421E+4	2.72118E+6
8.64000E+1	2.80833E+4	5.62941E+4	3.20421E+6	1.27506E+6	8.80767E+4	2.43212E+6
8.65000E+1	2.82697E+4	5.67020E+4	3.48055E+6	1.28878E+6	8.83849E+4	2.58176E+6
8.66000E+1	2.82797E+4	5.68223E+4	3.42965E+6	1.31235E+6	8.79127E+4	2.62413E+6
8.67000E+1	2.83031E+4	5.66055E+4	3.39862E+6	1.28810E+6	8.80015E+4	2.57991E+6
8.68000E+1	2.84491E+4	5.66973E+4	3.41965E+6	1.32030E+6	8.81998E+4	2.74263E+6
8.69000E+1	2.83450E+4	5.66514E+4	3.19230E+6	1.25525E+6	8.77388E+4	2.52728E+6
8.70000E+1	2.83890E+4	5.64445E+4	3.41407E+6	1.31564E+6	8.79048E+4	2.60090E+6
8.71000E+1	2.84454E+4	5.67139E+4	3.83506E+6	1.32036E+6	8.83483E+4	2.64679E+6
8.72000E+1	2.84347E+4	5.63185E+4	3.28493E+6	1.28432E+6	8.78024E+4	2.59714E+6
8.73000E+1	2.85656E+4	5.67796E+4	3.43287E+6	1.32480E+6	8.80892E+4	2.76387E+6
8.74000E+1	2.85677E+4	5.68025E+4	3.37785E+6	1.30576E+6	8.79366E+4	2.64727E+6
8.75000E+1	2.86583E+4	5.66443E+4	3.29938E+6	1.29033E+6	8.84352E+4	2.52440E+6
8.76000E+1	2.85693E+4	5.67075E+4	3.61023E+6	1.32062E+6	8.77922E+4	2.51489E+6
8.77000E+1	2.87950E+4	5.69230E+4	3.62940E+6	1.32992E+6	8.81668E+4	2.71888E+6
8.78000E+1	2.85257E+4	5.64721E+4	3.24553E+6	1.28748E+6	8.80938E+4	2.56130E+6
8.79000E+1	2.86780E+4	5.69000E+4	3.50425E+6	1.35247E+6	8.81337E+4	2.52728E+6
8.80000E+1	2.87031E+4	5.66909E+4	3.49882E+6	1.28921E+6	8.78070E+4	2.65361E+6
8.81000E+1	2.88019E+4	5.69770E+4	3.40336E+6	1.30850E+6	8.78343E+4	2.69552E+6
8.82000E+1	2.89903E+4	5.70811E+4	3.66285E+6	1.31435E+6	8.78695E+4	2.60537E+6
8.83000E+1	2.88196E+4	5.67661E+4	3.23295E+6	1.28953E+6	8.78923E+4	2.57806E+6
8.84000E+1	2.88019E+4	5.67772E+4	3.46656E+6	1.30151E+6	8.76957E+4	2.64606E+6
8.85000E+1	2.89405E+4	5.68445E+4	3.46492E+6	1.29071E+6	8.77661E+4	2.57161E+6
8.86000E+1	2.90005E+4	5.71479E+4	3.53378E+6	1.32043E+6	8.78888E+4	2.70766E+6
8.87000E+1	2.88393E+4	5.68778E+4	3.65875E+6	1.33302E+6	8.77843E+4	2.60066E+6
8.88000E+1	2.90611E+4	5.69286E+4	3.66925E+6	1.31868E+6	8.78070E+4	2.68949E+6
8.89000E+1	2.88987E+4	5.67526E+4	3.37240E+6	1.29277E+6	8.75528E+4	2.73329E+6
8.90000E+1	2.89523E+4	5.69310E+4	3.50844E+6	1.31004E+6	8.75698E+4	2.55538E+6
8.91000E+1	2.90032E+4	5.71861E+4	3.62403E+6	1.31331E+6	8.78763E+4	2.67379E+6
8.92000E+1	2.91454E+4	5.73103E+4	3.65148E+6	1.31783E+6	8.76707E+4	2.55788E+6
8.93000E+1	2.90477E+4	5.69325E+4	3.50844E+6	1.30347E+6	8.74339E+4	2.60962E+6
8.94000E+1	2.91782E+4	5.70811E+4	3.60271E+6	1.35247E+6	8.79787E+4	2.68674E+6
8.95000E+1	2.91266E+4	5.72012E+4	3.43408E+6	1.33461E+6	8.79241E+4	2.67577E+6
8.96000E+1	2.90563E+4	5.69667E+4	3.70576E+6	1.32277E+6	8.75075E+4	2.59996E+6
8.97000E+1	2.90880E+4	5.69714E+4	3.42045E+6	1.29697E+6	8.78866E+4	2.73847E+6
8.98000E+1	2.91411E+4	5.70985E+4	3.70763E+6	1.35950E+6	8.77116E+4	2.63806E+6
8.99000E+1	2.92137E+4	5.71296E+4	3.49840E+6	1.33157E+6	8.79321E+4	2.65166E+6
9.00000E+1	2.92089E+4	5.70596E+4	3.41487E+6	1.32023E+6	8.74644E+4	2.52019E+6
9.01000E+1	2.92073E+4	5.70739E+4	3.59653E+6	1.31312E+6	8.76662E+4	2.70057E+6
9.02000E+1	2.94519E+4	5.70779E+4	3.48386E+6	1.33084E+6	8.76855E+4	2.55720E+6
9.03000E+1	2.92229E+4	5.73981E+4	3.39981E+6	1.31518E+6	8.77071E+4	2.67379E+6
9.04000E+1	2.93343E+4	5.69786E+4	3.35578E+6	1.28903E+6	8.74814E+4	2.58060E+6
9.05000E+1	2.92880E+4	5.74699E+4	3.73397E+6	1.33913E+6	8.77036E+4	2.62556E+6
9.06000E+1	2.99048E+4	5.72386E+4	3.58294E+6	1.29747E+6	8.74554E+4	2.68099E+6
9.07000E+1	2.94314E+4	5.76339E+4	3.67705E+6	1.31428E+6	8.76322E+4	2.63613E+6
9.08000E+1	2.94800E+4	5.72593E+4	3.62180E+6	1.31383E+6	8.76152E+4	2.64898E+6
9.09000E+1	2.93408E+4	5.71948E+4	3.63388E+6	1.31460E+6	8.72790E+4	2.62413E+6
9.10000E+1	2.97848E+4	5.72808E+4	3.71512E+6	1.31589E+6	8.72643E+4	2.58803E+6
9.11000E+1	2.95016E+4	5.73550E+4	3.68626E+6	1.32670E+6	8.77059E+4	2.56472E+6
9.12000E+1	2.98288E+4	5.73111E+4	3.60536E+6	1.32854E+6	8.76514E+4	2.62126E+6
9.13000E+1	2.95448E+4	5.73829E+4	3.42605E+6	1.28741E+6	8.75596E+4	2.52773E+6
9.14000E+1	2.98402E+4	5.75243E+4	3.94744E+6	1.34007E+6	8.77320E+4	2.80135E+6
9.15000E+1	2.97837E+4	5.74540E+4	3.69459E+6	1.33355E+6	8.75199E+4	2.69653E+6
9.16000E+1	2.97647E+4	5.71980E+4	3.45961E+6	1.31738E+6	8.71051E+4	2.61246E+6
9.17000E+1	2.97870E+4	5.72338E+4	3.53123E+6	1.30297E+6	8.73524E+4	2.62221E+6
9.18000E+1	2.97436E+4	5.74548E+4	3.71793E+6	1.34887E+6	8.75188E+4	2.65166E+6
9.19000E+1	2.99930E+4	5.76115E+4	3.58075E+6	1.31635E+6	8.73185E+4	2.66440E+6
9.20000E+1	3.00115E+4	5.76003E+4	3.53932E+6	1.32545E+6	8.72507E+4	2.71632E+6
9.21000E+1	2.98309E+4	5.73024E+4	3.66057E+6	1.31389E+6	8.73762E+4	2.63710E+6
9.22000E+1	2.99369E+4	5.72992E+4	3.66788E+6	1.33960E+6	8.71954E+4	2.70411E+6
9.23000E+1	3.03095E+4	5.74995E+4	3.52699E+6	1.31531E+6	8.73445E+4	2.63734E+6
9.24000E+1	3.00403E+4	5.73478E+4	3.48717E+6	1.28383E+6	8.71028E+4	2.47391E+6
9.25000E+1	3.00300E+4	5.77284E+4	3.82015E+6	1.30398E+6	8.71265E+4	2.62556E+6
9.26000E+1	3.01139E+4	5.74827E+4	3.72122E+6	1.31152E+6	8.74067E+4	2.61128E+6
9.27000E+1	3.02865E+4	5.76939E+4	3.70529E+6	1.33634E+6	8.71299E+4	2.60631E+6
9.28000E+1	3.00343E+4	5.75131E+4	3.67017E+6	1.33707E+6	8.77025E+4	2.69628E+6
9.29000E+1	3.03007E+4	5.75243E+4	3.76451E+6	1.35321E+6	8.75698E+4	2.62820E+6
9.30000E+1	3.03949E+4	5.75579E+4	3.60669E+6	1.31338E+6	8.71965E+4	2.52395E+6
9.31000E+1	3.02685E+4	5.73925E+4	3.66834E+6	1.34074E+6	8.76798E+4	2.72709E+6
9.32000E+1	3.03883E+4	5.78158E+4	3.56900E+6	1.32565E+6	8.70904E+4	2.49283E+6
9.33000E+1	3.04584E+4	5.76395E+4	3.66057E+6	1.32356E+6	8.74418E+4	2.70411E+6
9.34000E+1	3.02832E+4	5.76411E+4	3.76403E+6	1.31338E+6	8.71762E+4	2.55833E+6
9.35000E+1	3.05753E+4	5.74899E+4	3.67383E+6	1.34813E+6	8.73479E+4	2.67875E+6
9.36000E+1	3.06325E+4	5.79781E+4	3.75348E+6	1.31745E+6	8.72462E+4	2.65532E+6
9.37000E+1	3.05830E+4	5.78110E+4	3.97667E+6	1.33084E+6	8.71322E+4	2.56747E+6
9.38000E+1	3.05111E+4	5.74612E+4	3.57770E+6	1.31576E+6	8.72372E+4	2.63396E+6
9.39000E+1	3.06963E+4	5.79700E+4	3.92591E+6	1.36391E+6	8.76424E+4	2.69905E+6
9.40000E+1	3.08528E+4	5.77316E+4	3.76789E+6	1.32965E+6	8.70228E+4	2.55765E+6
9.41000E+1	3.08230E+4	5.77004E+4	3.94006E+6	1.36848E+6	8.71153E+4	2.62700E+6
9.42000E+1	3.10627E+4	5.77950E+4	3.70203E+6	1.32532E+6	8.67224E+4	2.58664E+6
9.43000E+1	3.11785E+4	5.81656E+4	4.17663E+6	1.36129E+6	8.69034E+4	2.75098E+6
9.44000E+1	3.09897E+4	5.82438E+4	3.86523E+6	1.37063E+6	8.71999E+4	2.72170E+6
9.45000E+1	3.11015E+4	5.79974E+4	3.77223E+6	1.31945E+6	8.70014E+4	2.66834E+6
9.46000E+1	3.12284E+4	5.76691E+4	3.85865E+6	1.35485E+6	8.73637E+4	2.56656E+6
9.47000E+1	3.10832E+4	5.79041E+4	3.80045E+6	1.34671E+6	8.67853E+4	2.56290E+6
9.48000E+1	3.14412E+4	5.77725E+4	3.98741E+6	1.37553E+6	8.67921E+4	2.67726E+6
9.49000E+1	3.14579E+4	5.78062E+4	4.02818E+6	1.35765E+6	8.69620E+4	2.59293E+6
9.50000E+1	3.14830E+4	5.78776E+4	3.87182E+6	1.37996E+6	8.69845E+4	2.75124E+6
9.51000E+1	3.14557E+4	5.81576E+4	3.94480E+6	1.36667E+6	8.67516E+4	2.62174E+6
9.52000E+1	3.16352E+4	5.81044E+4	4.16898E+6	1.40231E+6	8.68044E+4	2.71071E+6
9.53000E+1	3.16916E+4	5.82043E+4	4.20212E+6	1.41536E+6	8.66640E+4	2.64072E+6
9.54000E+1	3.18600E+4	5.81124E+4	4.09004E+6	1.40961E+6	8.68123E+4	2.71530E+6
9.55000E+1	3.19564E+4	5.80537E+4	3.94374E+6	1.37378E+6	8.65788E+4	2.61531E+6
9.56000E+1	3.19441E+4	5.81100E+4	4.04527E+6	1.42452E+6	8.71299E+4	2.71045E+6
9.57000E+1	3.20502E+4	5.82019E+4	4.14447E+6	1.40224E+6	8.64353E+4	2.66785E+6
9.58000E+1	3.23463E+4	5.81584E+4	4.24853E+6	1.40027E+6	8.63435E+4	2.65117E+6
9.59000E+1	3.24593E+4	5.80263E+4	3.92122E+6	1.37862E+6	8.66741E+4	2.59503E+6
9.60000E+1	3.24927E+4	5.82471E+4	4.23880E+6	1.40529E+6	8.67292E+4	2.72298E+6
9.61000E+1	3.26359E+4	5.82334E+4	4.45396E+6	1.37203E+6	8.62485E+4	2.64290E+6
9.62000E+1	3.28920E+4	5.86418E+4	4.21468E+6	1.45960E+6	8.68314E+4	2.59644E+6
9.63000E+1	3.27925E+4	5.82253E+4	4.11679E+6	1.41751E+6	8.68247E+4	2.69049E+6
9.64000E+1	3.30412E+4	5.82059E+4	4.19973E+6	1.37932E+6	8.60018E+4	2.59738E+6
9.65000E+1	3.31594E+4	5.83447E+4	4.33996E+6	1.40632E+6	8.63928E+4	2.70158E+6
9.66000E+1	3.31308E+4	5.84458E+4	4.18076E+6	1.41862E+6	8.63849E+4	2.63879E+6
9.67000E+1	3.33854E+4	5.85542E+4	4.25952E+6	1.42265E+6	8.63558E+4	2.66612E+6
9.68000E+1	3.36128E+4	5.86207E+4	4.13751E+6	1.44232E+6	8.64409E+4	2.69855E+6
9.69000E+1	3.36024E+4	5.85243E+4	4.32225E+6	1.45095E+6	8.64734E+4	2.76281E+6
9.70000E+1	3.36174E+4	5.84587E+4	4.06362E+6	1.42272E+6	8.63547E+4	2.68924E+6
9.71000E+1	3.37798E+4	5.83617E+4	3.96599E+6	1.41640E+6	8.61167E+4	2.58547E+6
9.72000E+1	3.40079E+4	5.85299E+4	4.73335E+6	1.47503E+6	8.66573E+4	2.73769E+6
9.73000E+1	3.41469E+4	5.85518E+4	4.28973E+6	1.42123E+6	8.63156E+4	2.63156E+6
9.74000E+1	3.41562E+4	5.86061E+4	4.30468E+6	1.44439E+6	8.59773E+4	2.69451E+6
9.75000E+1	3.45487E+4	5.85761E+4	4.40439E+6	1.47081E+6	8.64275E+4	2.73380E+6
9.76000E+1	3.45989E+4	5.86523E+4	4.31345E+6	1.42489E+6	8.59528E+4	2.69577E+6
9.77000E+1	3.43786E+4	5.83569E+4	4.05526E+6	1.42677E+6	8.59896E+4	2.58664E+6
9.78000E+1	3.48714E+4	5.87269E+4	4.39526E+6	1.49716E+6	8.65866E+4	2.79593E+6
9.79000E+1	3.49899E+4	5.89220E+4	4.55294E+6	1.46684E+6	8.58904E+4	2.59784E+6
9.80000E+1	3.51951E+4	5.87675E+4	4.35015E+6	1.44125E+6	8.58426E+4	2.76361E+6
9.81000E+1	3.53389E+4	5.88585E+4	4.45998E+6	1.42789E+6	8.59216E+4	2.79810E+6
9.82000E+1	3.56020E+4	5.90767E+4	4.92831E+6	1.47073E+6	8.63995E+4	2.84456E+6
9.83000E+1	3.54919E+4	5.87683E+4	4.21588E+6	1.43956E+6	8.57903E+4	2.59176E+6
9.84000E+1	3.59334E+4	5.89195E+4	4.64324E+6	1.53708E+6	8.65373E+4	2.83371E+6
9.85000E+1	3.58989E+4	5.86345E+4	4.22852E+6	1.42026E+6	8.60152E+4	2.54632E+6
9.86000E+1	3.60228E+4	5.87245E+4	4.78431E+6	1.51983E+6	8.62597E+4	2.89138E+6
9.87000E+1	3.61654E+4	5.89505E+4	4.47072E+6	1.45468E+6	8.61000E+4	2.74863E+6
9.88000E+1	3.64821E+4	5.90841E+4	4.47477E+6	1.46582E+6	8.56914E+4	2.72838E+6
9.89000E+1	3.63861E+4	5.91828E+4	4.34569E+6	1.47711E+6	8.61189E+4	2.84652E+6
9.90000E+1	3.65307E+4	5.91991E+4	4.72959E+6	1.47216E+6	8.55327E+4	2.63252E+6
9.91000E+1	3.66275E+4	5.92236E+4	4.70939E+6	1.47767E+6	8.56681E+4	2.72452E+6
9.92000E+1	3.69935E+4	5.91110E+4	4.48422E+6	1.50700E+6	8.58671E+4	2.78651E+6
9.93000E+1	3.70830E+4	5.92326E+4	4.41356E+6	1.48177E+6	8.56192E+4	2.72401E+6
9.94000E+1	3.68986E+4	5.92056E+4	4.83321E+6	1.45827E+6	8.57414E+4	2.81005E+6
9.95000E+1	3.70485E+4	5.92833E+4	5.18337E+6	1.52739E+6	8.61580E+4	2.85803E+6
9.96000E+1	3.74497E+4	5.87927E+4	4.29595E+6	1.48979E+6	8.52735E+4	2.80162E+6
9.97000E+1	3.74643E+4	5.93634E+4	4.85527E+6	1.52407E+6	8.55238E+4	2.77049E+6
9.98000E+1	3.77119E+4	5.90645E+4	5.21321E+6	1.53183E+6	8.55781E+4	2.78893E+6
9.99000E+1	3.78201E+4	5.90588E+4	4.79355E+6	1.50376E+6	8.58181E+4	2.75072E+6
1.00000E+2	3.77969E+4	5.92007E+4	4.79432E+6	1.53786E+6	8.53676E+4	2.72709E+6
1.00100E+2	3.80408E+4	5.91958E+4	4.75604E+6	1.52373E+6	8.51520E+4	2.74523E+6
1.00200E+2	3.81532E+4	5.92530E+4	5.09929E+6	1.53329E+6	8.56670E+4	2.85381E+6
1.00300E+2	3.83262E+4	5.90800E+4	4.67388E+6	1.49371E+6	8.53034E+4	2.66465E+6
1.00400E+2	3.84064E+4	5.90865E+4	4.62519E+6	1.50500E+6	8.51431E+4	2.66859E+6
1.00500E+2	3.86314E+4	5.96240E+4	5.39085E+6	1.57318E+6	8.55138E+4	2.89023E+6
1.00600E+2	3.84910E+4	5.91493E+4	4.97269E+6	1.50750E+6	8.50195E+4	2.76572E+6
1.00700E+2	3.85831E+4	5.95141E+4	5.25169E+6	1.53899E+6	8.54218E+4	2.77581E+6
1.00800E+2	3.86989E+4	5.93429E+4	4.84973E+6	1.51284E+6	8.50438E+4	2.83648E+6
1.00900E+2	3.86754E+4	5.92685E+4	4.98599E+6	1.52901E+6	8.52636E+4	2.82183E+6
1.01000E+2	3.89305E+4	5.94060E+4	5.21594E+6	1.50800E+6	8.52094E+4	2.80026E+6
1.01100E+2	3.91772E+4	5.96503E+4	5.70183E+6	1.53166E+6	8.53244E+4	2.93823E+6
1.01200E+2	3.90382E+4	5.97464E+4	4.89112E+6	1.47791E+6	8.50173E+4	2.79512E+6
1.01300E+2	3.91797E+4	5.94944E+4	4.72509E+6	1.51226E+6	8.50548E+4	2.66909E+6
1.01400E+2	3.92684E+4	5.94870E+4	5.21321E+6	1.54856E+6	8.48785E+4	2.80162E+6
1.01500E+2	3.96990E+4	5.97694E+4	5.00523E+6	1.53398E+6	8.51939E+4	3.00044E+6
1.01600E+2	3.92859E+4	5.94518E+4	4.72734E+6	1.48630E+6	8.44390E+4	2.75098E+6
1.01700E+2	3.93891E+4	5.97259E+4	5.08107E+6	1.57979E+6	8.52249E+4	2.79216E+6
1.01800E+2	3.95514E+4	5.97546E+4	5.00187E+6	1.61800E+6	8.48476E+4	2.91199E+6
1.01900E+2	3.96946E+4	5.97522E+4	4.55225E+6	1.48996E+6	8.47057E+4	2.77235E+6
1.02000E+2	3.92446E+4	5.95764E+4	4.98849E+6	1.53458E+6	8.50272E+4	2.88678E+6
1.02100E+2	3.93540E+4	5.96347E+4	4.80515E+6	1.50600E+6	8.49192E+4	2.84149E+6
1.02200E+2	3.90930E+4	5.99044E+4	5.20323E+6	1.54542E+6	8.48179E+4	2.85016E+6
1.02300E+2	3.92084E+4	5.97505E+4	5.00271E+6	1.52909E+6	8.49346E+4	2.81716E+6
1.02400E+2	3.94222E+4	5.97234E+4	4.94384E+6	1.55577E+6	8.51829E+4	2.96372E+6
1.02500E+2	3.91622E+4	5.97727E+4	4.94220E+6	1.50152E+6	8.46398E+4	2.84540E+6
1.02600E+2	3.93052E+4	5.98995E+4	4.87592E+6	1.57066E+6	8.48421E+4	2.76334E+6
1.02700E+2	3.95407E+4	5.99967E+4	5.70400E+6	1.59307E+6	8.45498E+4	2.94449E+6
1.02800E+2	3.93665E+4	6.01792E+4	4.81369E+6	1.53933E+6	8.48223E+4	2.95317E+6
1.02900E+2	3.92490E+4	6.00405E+4	4.87751E+6	1.50210E+6	8.43328E+4	2.88448E+6
1.03000E+2	3.91273E+4	6.00306E+4	5.16187E+6	1.58380E+6	8.47629E+4	2.80923E+6
1.03100E+2	3.94060E+4	6.01404E+4	4.39331E+6	1.49732E+6	8.45355E+4	2.81169E+6
1.03200E+2	3.91260E+4	6.00933E+4	5.06727E+6	1.54254E+6	8.44533E+4	2.82211E+6
1.03300E+2	3.90288E+4	6.02594E+4	4.95287E+6	1.54211E+6	8.47145E+4	2.86566E+6
1.03400E+2	3.91834E+4	6.04624E+4	4.89433E+6	1.56180E+6	8.47387E+4	2.94598E+6
1.03500E+2	3.93384E+4	6.02032E+4	4.82773E+6	1.54376E+6	8.44544E+4	2.92343E+6
1.03600E+2	3.94655E+4	6.04408E+4	5.04585E+6	1.55339E+6	8.47926E+4	2.85916E+6
1.03700E+2	3.92577E+4	6.01338E+4	4.81291E+6	1.52466E+6	8.44511E+4	2.87904E+6
1.03800E+2	3.90706E+4	6.01371E+4	4.79741E+6	1.51402E+6	8.41589E+4	2.75833E+6
1.03900E+2	3.93615E+4	6.03058E+4	4.90884E+6	1.56278E+6	8.45882E+4	2.93972E+6
1.04000E+2	3.93021E+4	6.02553E+4	4.67976E+6	1.51991E+6	8.42540E+4	2.92993E+6
1.04100E+2	3.93509E+4	6.03298E+4	5.27672E+6	1.56376E+6	8.42245E+4	2.88879E+6
1.04200E+2	3.94993E+4	6.04251E+4	4.82539E+6	1.53536E+6	8.43306E+4	2.96584E+6
1.04300E+2	3.94035E+4	6.04242E+4	5.10016E+6	1.59086E+6	8.44643E+4	2.91961E+6
1.04400E+2	3.90033E+4	6.04948E+4	4.86955E+6	1.54917E+6	8.43197E+4	2.98106E+6
1.04500E+2	3.90182E+4	6.02942E+4	4.93566E+6	1.51974E+6	8.41207E+4	2.83787E+6
1.04600E+2	3.92909E+4	6.01875E+4	4.65196E+6	1.50925E+6	8.41895E+4	2.88649E+6
1.04700E+2	3.92740E+4	6.04458E+4	5.01701E+6	1.61260E+6	8.42693E+4	2.94658E+6
1.04800E+2	3.90438E+4	6.06285E+4	5.00859E+6	1.54699E+6	8.41677E+4	2.84512E+6
1.04900E+2	3.89013E+4	6.05512E+4	4.57185E+6	1.56100E+6	8.42814E+4	2.89803E+6
1.05000E+2	3.89989E+4	6.06360E+4	4.93076E+6	1.51444E+6	8.40781E+4	2.94568E+6
1.05100E+2	3.88882E+4	6.03869E+4	4.58313E+6	1.54559E+6	8.42409E+4	2.86906E+6
1.05200E+2	3.87231E+4	6.06102E+4	4.74089E+6	1.53977E+6	8.42453E+4	2.91521E+6
1.05300E+2	3.89112E+4	6.05246E+4	4.87751E+6	1.49650E+6	8.38306E+4	2.82955E+6
1.05400E+2	3.87957E+4	6.05537E+4	4.59021E+6	1.54769E+6	8.40563E+4	2.89340E+6
1.05500E+2	3.88360E+4	6.08082E+4	4.99183E+6	1.51805E+6	8.42125E+4	2.86424E+6
1.05600E+2	3.88162E+4	6.08941E+4	4.76136E+6	1.52500E+6	8.40748E+4	2.89398E+6
1.05700E+2	3.87417E+4	6.07924E+4	5.09668E+6	1.57725E+6	8.41950E+4	3.00945E+6
1.05800E+2	3.86605E+4	6.08891E+4	4.96028E+6	1.54176E+6	8.39472E+4	2.85184E+6
1.05900E+2	3.86073E+4	6.07616E+4	4.72734E+6	1.53329E+6	8.42978E+4	2.90180E+6
1.06000E+2	3.83675E+4	6.07483E+4	4.69009E+6	1.55313E+6	8.42092E+4	2.83982E+6
1.06100E+2	3.86203E+4	6.10811E+4	4.84737E+6	1.52764E+6	8.41928E+4	2.93348E+6
1.06200E+2	3.84496E+4	6.08774E+4	4.77357E+6	1.54900E+6	8.42092E+4	2.92520E+6
1.06300E+2	3.85201E+4	6.09567E+4	4.62016E+6	1.51326E+6	8.38960E+4	2.87789E+6
1.06400E+2	3.85108E+4	6.07916E+4	4.80515E+6	1.58325E+6	8.43700E+4	2.91141E+6
1.06500E+2	3.84354E+4	6.07882E+4	4.64252E+6	1.50417E+6	8.43821E+4	2.88276E+6
1.06600E+2	3.84577E+4	6.08599E+4	5.00019E+6	1.54699E+6	8.42147E+4	2.90151E+6
1.06700E+2	3.84194E+4	6.08649E+4	4.59233E+6	1.50078E+6	8.40628E+4	2.94987E+6
1.06800E+2	3.86159E+4	6.10335E+4	4.90561E+6	1.55613E+6	8.42157E+4	3.02071E+6
1.06900E+2	3.84873E+4	6.08632E+4	4.49576E+6	1.53804E+6	8.42092E+4	2.91141E+6
1.07000E+2	3.87033E+4	6.09124E+4	4.98099E+6	1.52449E+6	8.41021E+4	2.88994E+6
1.07100E+2	3.88112E+4	6.10126E+4	4.39917E+6	1.51570E+6	8.38480E+4	2.91112E+6
1.07200E+2	3.88106E+4	6.11221E+4	4.79047E+6	1.58645E+6	8.43854E+4	3.11077E+6
1.07300E+2	3.85701E+4	6.10143E+4	4.54320E+6	1.51696E+6	8.40333E+4	2.85662E+6
1.07400E+2	3.88149E+4	6.09825E+4	4.59944E+6	1.52025E+6	8.39167E+4	2.92845E+6
1.07500E+2	3.86556E+4	6.10686E+4	4.70492E+6	1.52177E+6	8.38938E+4	2.82707E+6
1.07600E+2	3.89156E+4	6.09692E+4	4.93321E+6	1.52935E+6	8.39134E+4	2.93734E+6
1.07700E+2	3.89958E+4	6.10819E+4	4.56133E+6	1.51025E+6	8.39199E+4	2.96161E+6
1.07800E+2	3.88093E+4	6.14321E+4	5.25723E+6	1.57075E+6	8.40104E+4	3.10447E+6
1.07900E+2	3.89504E+4	6.12912E+4	4.87193E+6	1.52798E+6	8.38894E+4	2.93052E+6
1.08000E+2	3.86543E+4	6.10268E+4	4.71835E+6	1.52076E+6	8.37153E+4	2.86850E+6
1.08100E+2	3.88311E+4	6.13029E+4	4.66948E+6	1.54690E+6	8.37980E+4	2.93081E+6
1.08200E+2	3.88665E+4	6.10485E+4	4.53488E+6	1.53925E+6	8.40999E+4	3.02636E+6
1.08300E+2	3.90768E+4	6.15380E+4	4.68713E+6	1.52017E+6	8.41130E+4	3.07757E+6
1.08400E+2	3.89417E+4	6.12887E+4	4.86955E+6	1.51159E+6	8.37719E+4	2.90064E+6
1.08500E+2	3.87051E+4	6.11723E+4	4.81914E+6	1.59501E+6	8.40999E+4	2.89571E+6
1.08600E+2	3.89628E+4	6.15657E+4	4.60585E+6	1.51209E+6	8.39058E+4	2.98872E+6
1.08700E+2	3.85869E+4	6.09249E+4	4.37969E+6	1.52909E+6	8.37283E+4	2.91550E+6
1.08800E+2	3.89672E+4	6.12837E+4	4.60086E+6	1.54707E+6	8.41076E+4	3.10944E+6
1.08900E+2	3.89554E+4	6.11899E+4	4.57960E+6	1.51343E+6	8.37175E+4	2.94329E+6
1.09000E+2	3.91341E+4	6.14355E+4	4.80205E+6	1.55401E+6	8.41753E+4	3.15966E+6
1.09100E+2	3.91373E+4	6.14355E+4	4.86795E+6	1.49642E+6	8.37164E+4	3.03236E+6
1.09200E+2	3.90730E+4	6.12518E+4	4.98765E+6	1.55269E+6	8.37751E+4	3.05625E+6
1.09300E+2	3.90787E+4	6.15153E+4	4.69749E+6	1.53055E+6	8.38981E+4	2.86764E+6
1.09400E+2	3.90693E+4	6.12728E+4	4.72509E+6	1.50392E+6	8.35198E+4	2.92402E+6
1.09500E+2	3.91410E+4	6.16002E+4	4.77204E+6	1.57670E+6	8.36914E+4	2.99057E+6
1.09600E+2	3.92621E+4	6.15153E+4	5.04244E+6	1.55357E+6	8.35523E+4	2.91492E+6
1.09700E+2	3.90930E+4	6.12418E+4	4.92669E+6	1.56555E+6	8.37653E+4	2.97039E+6
1.09800E+2	3.92765E+4	6.15262E+4	4.88151E+6	1.55905E+6	8.37414E+4	2.99982E+6
1.09900E+2	3.94855E+4	6.18015E+4	4.85210E+6	1.52186E+6	8.37621E+4	3.11376E+6
1.10000E+2	3.93609E+4	6.16878E+4	4.79973E+6	1.54917E+6	8.36273E+4	2.93496E+6
1.10100E+2	3.96173E+4	6.17392E+4	4.82851E+6	1.53881E+6	8.36729E+4	3.13250E+6
1.10200E+2	3.96323E+4	6.14330E+4	4.92831E+6	1.53089E+6	8.38197E+4	2.92993E+6
1.10300E+2	3.97870E+4	6.17004E+4	4.79586E+6	1.52254E+6	8.37958E+4	2.89687E+6
1.10400E+2	3.95890E+4	6.17105E+4	4.89273E+6	1.59455E+6	8.36131E+4	2.99642E+6
1.10500E+2	3.97021E+4	6.16204E+4	5.01701E+6	1.51075E+6	8.33842E+4	3.11110E+6
1.10600E+2	3.96367E+4	6.15371E+4	4.42343E+6	1.54594E+6	8.35534E+4	2.90820E+6
1.10700E+2	3.98941E+4	6.16869E+4	5.07675E+6	1.54909E+6	8.35502E+4	3.05914E+6
1.10800E+2	3.96927E+4	6.17004E+4	4.79818E+6	1.53570E+6	8.35621E+4	2.88850E+6
1.10900E+2	3.97373E+4	6.15346E+4	4.95123E+6	1.58792E+6	8.35154E+4	2.98197E+6
1.11000E+2	3.97128E+4	6.16558E+4	4.65924E+6	1.52901E+6	8.33095E+4	2.98289E+6
1.11100E+2	3.97178E+4	6.16953E+4	4.70120E+6	1.53743E+6	8.35078E+4	2.98197E+6
1.11200E+2	3.95445E+4	6.16852E+4	5.08540E+6	1.56358E+6	8.37033E+4	2.96433E+6
1.11300E+2	3.97040E+4	6.22676E+4	5.08713E+6	1.55172E+6	8.32760E+4	3.06752E+6
1.11400E+2	3.94511E+4	6.17248E+4	4.68640E+6	1.53942E+6	8.31884E+4	3.03964E+6
1.11500E+2	3.93759E+4	6.19679E+4	4.95123E+6	1.56760E+6	8.33572E+4	3.04092E+6
1.11600E+2	3.92902E+4	6.18066E+4	4.75756E+6	1.55657E+6	8.33312E+4	3.09260E+6
1.11700E+2	3.92165E+4	6.22116E+4	4.90158E+6	1.58088E+6	8.34189E+4	2.89571E+6
1.11800E+2	3.93065E+4	6.21989E+4	5.15653E+6	1.56189E+6	8.33604E+4	3.12880E+6
1.11900E+2	3.90917E+4	6.18750E+4	4.77664E+6	1.59427E+6	8.35751E+4	3.00945E+6
1.12000E+2	3.90220E+4	6.18657E+4	4.81680E+6	1.56653E+6	8.35219E+4	3.02353E+6
1.12100E+2	3.91734E+4	6.19501E+4	4.71162E+6	1.57489E+6	8.32046E+4	3.03647E+6
1.12200E+2	3.92777E+4	6.20186E+4	4.96937E+6	1.53717E+6	8.35263E+4	2.86085E+6
1.12300E+2	3.91079E+4	6.20499E+4	4.76288E+6	1.54402E+6	8.34287E+4	3.03426E+6
1.12400E+2	3.94078E+4	6.19839E+4	4.54181E+6	1.56011E+6	8.31548E+4	2.99180E+6
1.12500E+2	3.91684E+4	6.19155E+4	4.76746E+6	1.58462E+6	8.35936E+4	3.17929E+6
1.12600E+2	3.93603E+4	6.18640E+4	4.22249E+6	1.53106E+6	8.34211E+4	3.01788E+6
1.12700E+2	3.94222E+4	6.20685E+4	4.94138E+6	1.57408E+6	8.34775E+4	3.25950E+6
1.12800E+2	3.94861E+4	6.24391E+4	4.51010E+6	1.54463E+6	8.30512E+4	2.99581E+6
1.12900E+2	3.94310E+4	6.21049E+4	4.94876E+6	1.57743E+6	8.35219E+4	3.08769E+6
1.13000E+2	3.93897E+4	6.18648E+4	4.40570E+6	1.52909E+6	8.32349E+4	3.01413E+6
1.13100E+2	3.96003E+4	6.23296E+4	5.00859E+6	1.55604E+6	8.33983E+4	3.15863E+6
1.13200E+2	3.93359E+4	6.21972E+4	4.59446E+6	1.56251E+6	8.32359E+4	3.04984E+6
1.13300E+2	3.90556E+4	6.22227E+4	4.86716E+6	1.57571E+6	8.36066E+4	3.01820E+6
1.13400E+2	3.93496E+4	6.22812E+4	4.69453E+6	1.57553E+6	8.34916E+4	3.13351E+6
1.13500E+2	3.92040E+4	6.22600E+4	4.70566E+6	1.52169E+6	8.35567E+4	3.00137E+6
1.13600E+2	3.91959E+4	6.20516E+4	4.69009E+6	1.58434E+6	8.37479E+4	3.04028E+6
