0.00000E+0	7.48110E+4	3.20106E+4	5.88715E+6	1.74730E+6	7.60450E+4	3.05074E+6
1.00000E-1	6.78470E+4	2.68354E+4	5.83677E+6	1.67018E+6	7.03140E+4	3.06132E+6
2.00000E-1	6.80306E+4	2.67323E+4	5.49638E+6	1.74829E+6	7.02402E+4	3.00131E+6
3.00000E-1	6.82747E+4	2.68105E+4	6.25488E+6	1.66927E+6	6.99708E+4	2.96578E+6
4.00000E-1	6.83459E+4	2.67463E+4	6.19304E+6	1.72086E+6	7.03767E+4	3.13648E+6
5.00000E-1	6.83304E+4	2.67090E+4	5.45134E+6	1.70750E+6	6.99066E+4	2.93996E+6
6.00000E-1	6.86147E+4	2.67333E+4	6.05210E+6	1.71055E+6	7.00099E+4	3.02221E+6
7.00000E-1	6.84144E+4	2.67680E+4	5.73520E+6	1.74171E+6	6.99485E+4	3.02190E+6
8.00000E-1	6.86899E+4	2.67478E+4	5.54627E+6	1.70214E+6	6.97635E+4	2.97306E+6
9.00000E-1	6.84573E+4	2.67013E+4	5.75060E+6	1.69350E+6	6.98192E+4	3.04403E+6
1.00000E+0	6.87559E+4	2.67282E+4	5.77608E+6	1.72075E+6	6.97858E+4	3.09945E+6
1.10000E+0	6.86303E+4	2.68183E+4	5.50244E+6	1.68371E+6	6.95363E+4	2.96275E+6
1.20000E+0	6.88725E+4	2.67483E+4	5.58453E+6	1.71894E+6	6.96893E+4	3.06423E+6
1.30000E+0	6.91541E+4	2.68260E+4	5.93957E+6	1.72460E+6	6.97774E+4	3.09057E+6
1.40000E+0	6.91772E+4	2.68126E+4	5.80177E+6	1.68474E+6	6.98332E+4	3.05972E+6
1.50000E+0	6.93461E+4	2.67856E+4	5.84814E+6	1.69174E+6	6.95678E+4	3.01376E+6
1.60000E+0	6.94876E+4	2.70300E+4	5.78387E+6	1.73680E+6	6.97106E+4	3.14731E+6
1.70000E+0	6.95274E+4	2.68618E+4	5.95371E+6	1.69797E+6	6.97125E+4	3.00348E+6
1.80000E+0	6.93008E+4	2.68146E+4	5.65621E+6	1.69630E+6	6.95086E+4	2.96729E+6
1.90000E+0	6.95616E+4	2.68794E+4	5.80514E+6	1.68587E+6	6.95827E+4	2.99605E+6
2.00000E+0	6.97239E+4	2.69578E+4	5.91849E+6	1.73031E+6	6.97236E+4	3.16508E+6
2.10000E+0	6.96061E+4	2.68043E+4	5.64555E+6	1.71926E+6	6.93319E+4	3.01344E+6
2.20000E+0	6.95672E+4	2.68929E+4	6.11741E+6	1.69475E+6	6.94604E+4	3.10540E+6
2.30000E+0	6.99441E+4	2.69692E+4	5.79617E+6	1.72836E+6	6.95993E+4	3.11436E+6
2.40000E+0	7.00028E+4	2.70144E+4	5.80851E+6	1.69205E+6	6.95326E+4	3.00007E+6
2.50000E+0	7.01528E+4	2.69500E+4	5.60962E+6	1.68689E+6	6.96457E+4	2.96699E+6
2.60000E+0	7.01873E+4	2.70035E+4	6.10250E+6	1.71458E+6	6.94984E+4	3.16920E+6
2.70000E+0	7.03237E+4	2.69858E+4	5.69490E+6	1.69464E+6	6.94059E+4	3.01657E+6
2.80000E+0	7.02293E+4	2.69266E+4	6.03871E+6	1.70918E+6	6.92978E+4	3.04181E+6
2.90000E+0	7.03620E+4	2.70316E+4	5.87677E+6	1.70403E+6	6.94799E+4	3.11936E+6
3.00000E+0	7.02470E+4	2.70118E+4	5.70248E+6	1.66998E+6	6.91363E+4	3.05137E+6
3.10000E+0	7.04612E+4	2.70727E+4	5.93019E+6	1.68947E+6	6.92350E+4	3.02284E+6
3.20000E+0	7.06983E+4	2.70773E+4	6.43002E+6	1.74215E+6	6.94706E+4	3.23059E+6
3.30000E+0	7.08082E+4	2.70628E+4	5.90336E+6	1.68978E+6	6.93495E+4	2.97733E+6
3.40000E+0	7.09032E+4	2.71591E+4	5.74289E+6	1.71129E+6	6.92756E+4	2.98130E+6
3.50000E+0	7.09861E+4	2.71356E+4	6.02901E+6	1.72664E+6	6.90893E+4	3.06778E+6
3.60000E+0	7.11926E+4	2.70883E+4	6.10002E+6	1.72353E+6	6.92350E+4	3.16817E+6
3.70000E+0	7.11964E+4	2.71950E+4	5.67549E+6	1.71151E+6	6.92433E+4	3.08370E+6
3.80000E+0	7.13854E+4	2.71695E+4	5.97503E+6	1.72310E+6	6.89191E+4	3.09188E+6
3.90000E+0	7.14744E+4	2.71888E+4	6.11243E+6	1.68823E+6	6.90857E+4	3.09813E+6
4.00000E+0	7.14356E+4	2.72430E+4	5.81752E+6	1.70361E+6	6.89430E+4	3.03261E+6
4.10000E+0	7.18408E+4	2.72070E+4	6.16636E+6	1.73757E+6	6.90138E+4	3.05618E+6
4.20000E+0	7.16802E+4	2.72962E+4	5.94781E+6	1.73985E+6	6.91170E+4	3.03261E+6
4.30000E+0	7.18884E+4	2.72774E+4	6.03023E+6	1.71288E+6	6.88181E+4	2.98743E+6
4.40000E+0	7.21601E+4	2.73683E+4	6.09383E+6	1.71246E+6	6.88833E+4	3.09385E+6
4.50000E+0	7.15066E+4	2.73108E+4	5.57206E+6	1.69974E+6	6.88621E+4	3.06132E+6
4.60000E+0	7.19541E+4	2.74253E+4	6.07289E+6	1.74576E+6	6.88153E+4	3.09747E+6
4.70000E+0	7.20895E+4	2.74635E+4	6.97637E+6	1.71034E+6	6.89734E+4	3.15481E+6
4.80000E+0	7.20008E+4	2.72618E+4	5.93488E+6	1.69537E+6	6.90019E+4	3.06261E+6
4.90000E+0	7.21153E+4	2.74787E+4	6.23413E+6	1.71755E+6	6.86649E+4	3.16508E+6
5.00000E+0	7.22777E+4	2.73882E+4	5.87562E+6	1.68177E+6	6.87538E+4	3.01188E+6
5.10000E+0	7.21993E+4	2.75373E+4	6.18794E+6	1.72385E+6	6.87960E+4	3.07263E+6
5.20000E+0	7.21296E+4	2.75835E+4	6.00611E+6	1.73074E+6	6.86474E+4	3.15583E+6
5.30000E+0	7.22222E+4	2.75515E+4	6.12614E+6	1.70834E+6	6.85119E+4	3.10639E+6
5.40000E+0	7.23867E+4	2.77142E+4	6.19687E+6	1.74477E+6	6.87511E+4	3.13311E+6
5.50000E+0	7.19646E+4	2.75206E+4	5.63494E+6	1.71926E+6	6.84068E+4	3.08795E+6
5.60000E+0	7.22461E+4	2.77031E+4	5.99053E+6	1.73691E+6	6.83867E+4	3.15208E+6
5.70000E+0	7.22748E+4	2.76370E+4	6.03023E+6	1.75403E+6	6.85174E+4	3.09747E+6
5.80000E+0	7.22260E+4	2.76191E+4	5.74069E+6	1.69071E+6	6.83611E+4	3.06455E+6
5.90000E+0	7.24940E+4	2.76800E+4	5.82883E+6	1.71373E+6	6.79748E+4	3.11869E+6
6.00000E+0	7.24097E+4	2.77073E+4	5.88831E+6	1.72514E+6	6.76011E+4	3.12003E+6
6.10000E+0	7.25017E+4	2.76711E+4	5.81076E+6	1.68474E+6	6.75288E+4	3.09484E+6
6.20000E+0	7.29159E+4	2.78562E+4	5.89409E+6	1.70655E+6	6.78213E+4	3.07458E+6
6.30000E+0	7.26591E+4	2.79126E+4	5.73850E+6	1.72289E+6	6.82845E+4	3.15106E+6
6.40000E+0	7.24892E+4	2.77883E+4	5.83109E+6	1.67038E+6	6.75704E+4	3.18999E+6
6.50000E+0	7.28071E+4	2.77100E+4	6.41357E+6	1.74433E+6	6.82845E+4	3.11569E+6
6.60000E+0	7.27532E+4	2.78994E+4	5.84814E+6	1.70194E+6	6.75830E+4	3.03482E+6
6.70000E+0	7.31223E+4	2.78510E+4	6.32592E+6	1.73517E+6	6.78558E+4	3.20788E+6
6.80000E+0	7.30219E+4	2.78841E+4	5.77830E+6	1.72880E+6	6.80539E+4	3.07101E+6
6.90000E+0	7.28985E+4	2.79021E+4	6.12614E+6	1.73344E+6	6.81486E+4	3.09385E+6
7.00000E+0	7.30431E+4	2.80070E+4	6.10870E+6	1.72772E+6	6.77923E+4	3.14596E+6
7.10000E+0	7.35035E+4	2.80361E+4	5.88138E+6	1.72171E+6	6.78622E+4	3.05972E+6
7.20000E+0	7.37726E+4	2.80144E+4	6.36878E+6	1.76137E+6	6.77162E+4	3.18651E+6
7.30000E+0	7.33582E+4	2.80382E+4	5.83563E+6	1.68597E+6	6.77134E+4	3.01001E+6
7.40000E+0	7.35530E+4	2.81719E+4	5.88484E+6	1.73985E+6	6.76745E+4	3.16370E+6
7.50000E+0	7.36550E+4	2.80863E+4	6.30339E+6	1.75182E+6	6.74899E+4	3.20154E+6
7.60000E+0	7.37424E+4	2.81455E+4	6.00011E+6	1.75193E+6	6.77017E+4	3.08207E+6
7.70000E+0	7.38884E+4	2.81460E+4	6.05942E+6	1.72772E+6	6.78940E+4	3.07718E+6
7.80000E+0	7.33669E+4	2.81608E+4	5.86185E+6	1.72944E+6	6.81304E+4	3.18130E+6
7.90000E+0	7.38602E+4	2.81693E+4	5.66905E+6	1.71713E+6	6.81368E+4	3.11736E+6
8.00000E+0	7.39167E+4	2.82063E+4	6.06431E+6	1.74719E+6	6.85769E+4	3.14528E+6
8.10000E+0	7.35928E+4	2.82493E+4	6.19176E+6	1.77011E+6	6.82516E+4	3.01594E+6
8.20000E+0	7.35724E+4	2.82328E+4	5.98575E+6	1.67891E+6	6.74782E+4	3.12070E+6
8.30000E+0	7.39703E+4	2.83139E+4	6.05454E+6	1.72847E+6	6.75044E+4	3.20014E+6
8.40000E+0	7.39479E+4	2.83065E+4	6.39857E+6	1.72182E+6	6.77225E+4	3.07718E+6
8.50000E+0	7.39011E+4	2.83532E+4	5.68087E+6	1.72075E+6	6.75731E+4	3.20611E+6
8.60000E+0	7.39313E+4	2.83298E+4	6.01694E+6	1.67789E+6	6.77715E+4	3.08729E+6
8.70000E+0	7.40191E+4	2.84169E+4	6.53470E+6	1.72600E+6	6.81213E+4	3.21565E+6
8.80000E+0	7.36482E+4	2.83421E+4	6.16130E+6	1.74928E+6	6.82161E+4	3.13614E+6
8.90000E+0	7.41343E+4	2.84935E+4	5.91966E+6	1.72086E+6	6.82224E+4	3.18616E+6
9.00000E+0	7.41958E+4	2.84334E+4	6.38771E+6	1.78993E+6	6.83849E+4	3.21070E+6
9.10000E+0	7.39147E+4	2.83697E+4	6.07658E+6	1.73409E+6	6.81732E+4	3.10904E+6
9.20000E+0	7.43798E+4	2.85792E+4	6.25098E+6	1.76159E+6	6.81331E+4	3.24495E+6
9.30000E+0	7.40298E+4	2.86522E+4	6.36878E+6	1.79605E+6	6.84342E+4	3.14833E+6
9.40000E+0	7.39703E+4	2.85669E+4	6.08273E+6	1.71034E+6	6.77869E+4	3.10374E+6
9.50000E+0	7.43455E+4	2.85861E+4	6.14493E+6	1.71426E+6	6.81586E+4	3.15993E+6
9.60000E+0	7.42105E+4	2.85408E+4	6.01332E+6	1.72826E+6	6.81204E+4	3.08044E+6
9.70000E+0	7.41890E+4	2.86692E+4	5.65514E+6	1.73876E+6	6.82161E+4	3.15788E+6
9.80000E+0	7.46221E+4	2.87215E+4	6.36608E+6	1.75958E+6	6.81259E+4	3.20400E+6
9.90000E+0	7.45210E+4	2.87237E+4	6.10002E+6	1.74840E+6	6.80594E+4	3.13884E+6
1.00000E+1	7.45151E+4	2.87862E+4	6.56605E+6	1.79443E+6	6.82553E+4	3.21353E+6
1.01000E+1	7.45583E+4	2.88118E+4	5.99053E+6	1.72826E+6	6.81031E+4	3.11203E+6
1.02000E+1	7.49380E+4	2.88519E+4	6.23931E+6	1.75702E+6	6.80367E+4	3.20752E+6
1.03000E+1	7.46457E+4	2.86516E+4	5.80626E+6	1.70434E+6	6.75197E+4	3.07101E+6
1.04000E+1	7.51513E+4	2.89119E+4	6.23672E+6	1.74994E+6	6.80212E+4	3.23166E+6
1.05000E+1	7.47942E+4	2.88482E+4	6.27315E+6	1.77124E+6	6.80503E+4	3.11903E+6
1.06000E+1	7.50653E+4	2.89938E+4	6.14367E+6	1.73247E+6	6.83045E+4	3.11669E+6
1.07000E+1	7.49193E+4	2.89927E+4	6.59480E+6	1.75791E+6	6.84525E+4	3.23955E+6
1.08000E+1	7.52363E+4	2.89220E+4	6.49803E+6	1.72826E+6	6.79430E+4	3.21317E+6
1.09000E+1	7.53739E+4	2.90110E+4	6.39313E+6	1.77894E+6	6.80194E+4	3.19628E+6
1.10000E+1	7.51958E+4	2.89252E+4	5.82204E+6	1.73236E+6	6.74718E+4	3.03799E+6
1.11000E+1	7.51058E+4	2.89504E+4	6.29152E+6	1.75503E+6	6.79994E+4	3.16645E+6
1.12000E+1	7.52254E+4	2.90609E+4	5.91150E+6	1.72022E+6	6.75849E+4	3.18930E+6
1.13000E+1	7.53036E+4	2.91000E+4	6.53470E+6	1.77815E+6	6.78105E+4	3.19523E+6
1.14000E+1	7.50574E+4	2.90389E+4	6.15121E+6	1.73615E+6	6.77035E+4	3.13952E+6
1.15000E+1	7.47982E+4	2.91011E+4	5.87217E+6	1.73203E+6	6.74321E+4	3.07718E+6
1.16000E+1	7.52818E+4	2.90974E+4	6.51209E+6	1.76798E+6	6.81623E+4	3.19244E+6
1.17000E+1	7.50643E+4	2.91317E+4	6.10994E+6	1.76450E+6	6.81049E+4	3.10705E+6
1.18000E+1	7.53026E+4	2.91409E+4	6.06554E+6	1.75992E+6	6.80157E+4	3.33072E+6
1.19000E+1	7.49755E+4	2.90721E+4	5.95017E+6	1.78809E+6	6.79276E+4	3.15378E+6
1.20000E+1	7.50643E+4	2.92188E+4	6.09136E+6	1.76360E+6	6.80758E+4	3.09385E+6
1.21000E+1	7.51770E+4	2.91710E+4	6.33258E+6	1.80244E+6	6.78894E+4	3.16233E+6
1.22000E+1	7.48799E+4	2.91516E+4	5.88715E+6	1.72407E+6	6.73310E+4	3.12974E+6
1.23000E+1	7.50466E+4	2.92662E+4	6.33125E+6	1.74236E+6	6.72904E+4	3.08926E+6
1.24000E+1	7.49499E+4	2.94203E+4	6.22252E+6	1.78476E+6	6.76844E+4	3.17853E+6
1.25000E+1	7.49430E+4	2.92775E+4	6.39721E+6	1.71851E+6	6.74231E+4	3.14969E+6
1.26000E+1	7.50505E+4	2.94495E+4	6.34193E+6	1.77305E+6	6.75523E+4	3.15106E+6
1.27000E+1	7.48050E+4	2.92177E+4	6.17523E+6	1.73052E+6	6.75776E+4	3.10044E+6
1.28000E+1	7.51809E+4	2.92780E+4	6.61944E+6	1.76114E+6	6.70383E+4	3.16267E+6
1.29000E+1	7.45740E+4	2.93378E+4	6.14116E+6	1.70687E+6	6.69862E+4	3.22204E+6
1.30000E+1	7.48769E+4	2.95273E+4	6.31928E+6	1.77815E+6	6.75830E+4	3.22631E+6
1.31000E+1	7.52017E+4	2.93588E+4	6.16004E+6	1.74455E+6	6.75613E+4	3.07881E+6
1.32000E+1	7.49055E+4	2.93437E+4	6.37417E+6	1.73528E+6	6.70554E+4	3.17196E+6
1.33000E+1	7.47135E+4	2.94171E+4	6.44516E+6	1.74719E+6	6.72417E+4	3.19104E+6
1.34000E+1	7.48306E+4	2.94597E+4	6.34460E+6	1.76260E+6	6.75541E+4	3.16199E+6
1.35000E+1	7.47706E+4	2.95056E+4	6.18158E+6	1.76416E+6	6.76636E+4	3.15378E+6
1.36000E+1	7.46388E+4	2.95073E+4	6.19304E+6	1.71415E+6	6.68946E+4	3.09616E+6
1.37000E+1	7.49883E+4	2.95159E+4	6.27315E+6	1.77169E+6	6.69440E+4	3.28139E+6
1.38000E+1	7.47135E+4	2.94965E+4	6.03265E+6	1.74818E+6	6.73211E+4	3.11303E+6
1.39000E+1	7.49311E+4	2.95738E+4	5.90104E+6	1.76193E+6	6.72985E+4	3.15344E+6
1.40000E+1	7.52551E+4	2.96414E+4	5.99412E+6	1.75869E+6	6.72625E+4	3.14290E+6
1.41000E+1	7.50959E+4	2.96679E+4	5.98695E+6	1.70434E+6	6.63330E+4	3.13513E+6
1.42000E+1	7.51374E+4	2.96354E+4	6.05332E+6	1.74895E+6	6.70132E+4	3.33490E+6
1.43000E+1	7.49548E+4	2.96663E+4	5.95607E+6	1.75680E+6	6.71148E+4	3.25907E+6
1.44000E+1	7.52492E+4	2.96609E+4	6.26792E+6	1.76966E+6	6.72787E+4	3.21707E+6
1.45000E+1	7.48582E+4	2.96544E+4	5.95253E+6	1.71596E+6	6.72976E+4	3.15003E+6
1.46000E+1	7.52670E+4	2.97216E+4	6.25748E+6	1.74455E+6	6.67207E+4	3.21035E+6
1.47000E+1	7.49706E+4	2.98144E+4	6.11367E+6	1.72064E+6	6.64730E+4	3.11503E+6
1.48000E+1	7.52234E+4	2.98089E+4	6.18285E+6	1.72535E+6	6.72832E+4	3.27734E+6
1.49000E+1	7.53541E+4	2.99018E+4	6.08396E+6	1.75569E+6	6.69629E+4	3.22524E+6
1.50000E+1	7.54999E+4	2.98209E+4	6.35935E+6	1.73420E+6	6.71769E+4	3.26489E+6
1.51000E+1	7.54701E+4	2.99557E+4	6.37823E+6	1.73225E+6	6.71085E+4	3.14392E+6
1.52000E+1	7.53601E+4	2.98861E+4	5.82770E+6	1.74631E+6	6.68614E+4	3.17024E+6
1.53000E+1	7.54959E+4	3.00166E+4	6.30207E+6	1.73085E+6	6.66160E+4	3.17334E+6
1.54000E+1	7.58429E+4	2.98116E+4	6.07167E+6	1.76483E+6	6.74366E+4	3.30962E+6
1.55000E+1	7.56518E+4	2.99475E+4	5.87677E+6	1.71214E+6	6.71742E+4	3.04563E+6
1.56000E+1	7.59126E+4	3.00450E+4	6.12364E+6	1.79315E+6	6.75414E+4	3.21813E+6
1.57000E+1	7.59296E+4	2.99627E+4	5.94545E+6	1.71309E+6	6.66294E+4	3.19034E+6
1.58000E+1	7.60353E+4	3.00493E+4	6.68406E+6	1.73074E+6	6.66303E+4	3.26562E+6
1.59000E+1	7.59615E+4	3.00259E+4	6.18667E+6	1.70992E+6	6.72408E+4	3.05875E+6
1.60000E+1	7.60733E+4	3.00390E+4	6.91718E+6	1.76652E+6	6.73409E+4	3.31149E+6
1.61000E+1	7.59146E+4	3.00935E+4	6.09754E+6	1.74160E+6	6.72318E+4	3.04563E+6
1.62000E+1	7.64727E+4	3.02747E+4	6.03265E+6	1.73203E+6	6.69790E+4	3.17714E+6
1.63000E+1	7.61532E+4	3.02354E+4	6.64573E+6	1.72225E+6	6.72255E+4	3.16886E+6
1.64000E+1	7.65510E+4	3.02463E+4	6.26923E+6	1.78419E+6	6.75812E+4	3.18895E+6
1.65000E+1	7.63384E+4	3.02157E+4	5.84017E+6	1.74708E+6	6.74330E+4	3.16473E+6
1.66000E+1	7.65691E+4	3.03125E+4	6.33658E+6	1.79396E+6	6.74908E+4	3.30102E+6
1.67000E+1	7.64938E+4	3.02605E+4	5.83677E+6	1.75292E+6	6.73707E+4	3.10573E+6
1.68000E+1	7.67199E+4	3.02622E+4	6.66926E+6	1.78740E+6	6.72553E+4	3.20682E+6
1.69000E+1	7.64436E+4	3.02665E+4	5.81865E+6	1.75725E+6	6.69943E+4	3.18825E+6
1.70000E+1	7.70515E+4	3.05256E+4	6.28101E+6	1.78625E+6	6.70015E+4	3.22631E+6
1.71000E+1	7.68346E+4	3.03535E+4	6.29943E+6	1.72150E+6	6.72174E+4	3.16920E+6
1.72000E+1	7.73489E+4	3.03513E+4	6.81556E+6	1.82187E+6	6.74556E+4	3.22382E+6
1.73000E+1	7.70303E+4	3.03650E+4	6.25358E+6	1.74401E+6	6.70186E+4	3.08762E+6
1.74000E+1	7.70828E+4	3.04615E+4	6.32061E+6	1.80209E+6	6.73130E+4	3.30774E+6
1.75000E+1	7.73905E+4	3.03710E+4	6.01935E+6	1.77045E+6	6.74899E+4	3.10971E+6
1.76000E+1	7.71273E+4	3.04724E+4	6.03023E+6	1.79744E+6	6.73364E+4	3.29842E+6
1.77000E+1	7.70293E+4	3.05059E+4	6.20839E+6	1.74477E+6	6.69305E+4	3.02284E+6
1.78000E+1	7.72476E+4	3.04779E+4	6.15373E+6	1.78717E+6	6.73698E+4	3.21070E+6
1.79000E+1	7.72173E+4	3.04406E+4	6.05820E+6	1.73366E+6	6.69180E+4	3.21105E+6
1.80000E+1	7.74767E+4	3.05366E+4	6.55747E+6	1.76618E+6	6.72246E+4	3.27661E+6
1.81000E+1	7.71252E+4	3.06278E+4	6.30868E+6	1.73106E+6	6.70446E+4	3.11602E+6
1.82000E+1	7.76544E+4	3.06399E+4	6.31928E+6	1.76775E+6	6.68336E+4	3.16473E+6
1.83000E+1	7.77490E+4	3.06790E+4	6.10622E+6	1.77633E+6	6.72372E+4	3.14426E+6
1.84000E+1	7.73367E+4	3.06927E+4	6.56176E+6	1.77724E+6	6.72345E+4	3.11236E+6
1.85000E+1	7.76138E+4	3.07219E+4	6.45207E+6	1.75825E+6	6.69431E+4	3.25616E+6
1.86000E+1	7.78458E+4	3.07131E+4	6.58039E+6	1.76349E+6	6.67530E+4	3.28286E+6
1.87000E+1	7.78000E+4	3.07450E+4	6.27184E+6	1.76193E+6	6.69422E+4	3.24027E+6
1.88000E+1	7.75975E+4	3.05399E+4	6.03023E+6	1.73322E+6	6.65329E+4	3.25109E+6
1.89000E+1	7.79478E+4	3.07847E+4	6.36878E+6	1.77418E+6	6.67243E+4	3.24279E+6
1.90000E+1	7.77348E+4	3.07670E+4	6.67517E+6	1.71990E+6	6.69081E+4	3.09813E+6
1.91000E+1	7.80703E+4	3.09060E+4	6.39857E+6	1.76439E+6	6.65847E+4	3.30401E+6
1.92000E+1	7.78876E+4	3.07952E+4	6.10126E+6	1.69766E+6	6.65946E+4	3.13986E+6
1.93000E+1	7.82809E+4	3.08238E+4	6.51491E+6	1.77906E+6	6.71328E+4	3.33034E+6
1.94000E+1	7.80907E+4	3.08867E+4	6.25488E+6	1.72535E+6	6.67207E+4	3.17403E+6
1.95000E+1	7.79182E+4	3.08542E+4	6.66926E+6	1.78591E+6	6.70851E+4	3.30587E+6
1.96000E+1	7.80396E+4	3.09657E+4	6.44378E+6	1.73822E+6	6.65633E+4	3.23991E+6
1.97000E+1	7.82830E+4	3.10232E+4	6.42864E+6	1.81973E+6	6.66867E+4	3.29099E+6
1.98000E+1	7.80978E+4	3.10470E+4	6.65600E+6	1.76584E+6	6.70761E+4	3.28323E+6
1.99000E+1	7.79824E+4	3.09861E+4	5.84472E+6	1.75525E+6	6.67924E+4	3.22631E+6
2.00000E+1	7.84388E+4	3.11998E+4	7.09279E+6	1.78947E+6	6.68471E+4	3.25290E+6
2.01000E+1	7.85753E+4	3.10625E+4	6.23413E+6	1.74247E+6	6.64588E+4	3.20858E+6
2.02000E+1	7.87028E+4	3.12021E+4	6.34996E+6	1.80267E+6	6.67395E+4	3.35901E+6
2.03000E+1	7.81663E+4	3.10486E+4	6.55604E+6	1.76472E+6	6.67843E+4	3.15549E+6
2.04000E+1	7.88099E+4	3.10741E+4	6.75447E+6	1.77997E+6	6.68014E+4	3.24639E+6
2.05000E+1	7.82410E+4	3.10918E+4	5.76941E+6	1.75149E+6	6.66303E+4	3.26088E+6
2.06000E+1	7.85342E+4	3.11411E+4	6.79865E+6	1.80150E+6	6.68525E+4	3.17783E+6
2.07000E+1	7.83660E+4	3.12625E+4	6.84806E+6	1.78179E+6	6.65758E+4	3.26964E+6
2.08000E+1	7.84788E+4	3.12653E+4	6.17523E+6	1.76663E+6	6.62653E+4	3.25145E+6
2.09000E+1	7.85096E+4	3.13592E+4	6.55319E+6	1.73953E+6	6.64222E+4	3.33414E+6
2.10000E+1	7.86000E+4	3.12803E+4	6.53896E+6	1.76719E+6	6.66178E+4	3.22560E+6
2.11000E+1	7.84008E+4	3.14104E+4	6.85897E+6	1.78809E+6	6.65695E+4	3.22809E+6
2.12000E+1	7.84213E+4	3.14655E+4	6.76964E+6	1.81216E+6	6.65436E+4	3.27220E+6
2.13000E+1	7.84254E+4	3.13926E+4	6.21737E+6	1.74401E+6	6.66214E+4	3.10971E+6
2.14000E+1	7.85979E+4	3.15490E+4	6.32194E+6	1.78671E+6	6.62172E+4	3.28655E+6
2.15000E+1	7.86555E+4	3.13342E+4	6.24968E+6	1.73182E+6	6.61193E+4	3.24135E+6
2.16000E+1	7.90048E+4	3.15317E+4	6.63256E+6	1.76618E+6	6.66778E+4	3.33984E+6
2.17000E+1	7.86905E+4	3.14460E+4	5.98934E+6	1.77576E+6	6.65955E+4	3.10705E+6
2.18000E+1	7.89511E+4	3.14404E+4	6.00971E+6	1.74642E+6	6.62653E+4	3.15583E+6
2.19000E+1	7.87790E+4	3.16098E+4	6.34460E+6	1.77418E+6	6.54314E+4	3.27184E+6
2.20000E+1	7.86863E+4	3.15825E+4	6.49803E+6	1.77147E+6	6.51585E+4	3.25254E+6
2.21000E+1	7.87069E+4	3.16858E+4	6.45899E+6	1.71330E+6	6.52614E+4	3.11403E+6
2.22000E+1	7.86452E+4	3.16584E+4	6.21352E+6	1.73117E+6	6.52949E+4	3.30550E+6
2.23000E+1	7.88408E+4	3.16439E+4	6.15373E+6	1.70939E+6	6.54579E+4	3.18026E+6
2.24000E+1	7.90120E+4	3.17517E+4	6.75901E+6	1.74510E+6	6.57335E+4	3.32996E+6
2.25000E+1	7.88799E+4	3.17780E+4	6.72433E+6	1.71521E+6	6.55161E+4	3.15412E+6
2.26000E+1	7.91287E+4	3.17333E+4	6.51209E+6	1.76360E+6	6.54958E+4	3.27110E+6
2.27000E+1	7.87769E+4	3.15501E+4	6.76205E+6	1.72525E+6	6.57362E+4	3.23381E+6
2.28000E+1	7.90750E+4	3.17668E+4	6.53896E+6	1.76114E+6	6.53574E+4	3.33832E+6
2.29000E+1	7.85959E+4	3.16880E+4	5.90801E+6	1.71649E+6	6.54535E+4	3.07426E+6
2.30000E+1	7.92280E+4	3.18441E+4	6.37823E+6	1.73865E+6	6.55461E+4	3.25036E+6
2.31000E+1	7.92239E+4	3.18558E+4	6.76053E+6	1.75713E+6	6.57698E+4	3.40036E+6
2.32000E+1	7.87378E+4	3.18474E+4	6.16383E+6	1.73724E+6	6.54605E+4	3.25870E+6
2.33000E+1	7.89181E+4	3.19253E+4	7.13302E+6	1.78740E+6	6.61069E+4	3.32883E+6
2.34000E+1	7.87532E+4	3.19556E+4	5.85727E+6	1.72342E+6	6.55920E+4	3.27734E+6
2.35000E+1	7.89532E+4	3.18435E+4	6.48823E+6	1.79709E+6	6.59754E+4	3.27661E+6
2.36000E+1	7.89769E+4	3.19320E+4	6.06799E+6	1.73854E+6	6.60154E+4	3.09780E+6
2.37000E+1	7.91815E+4	3.21714E+4	6.45207E+6	1.78774E+6	6.57813E+4	3.34404E+6
2.38000E+1	7.89676E+4	3.21123E+4	6.36608E+6	1.76371E+6	6.60163E+4	3.21282E+6
2.39000E+1	7.88263E+4	3.24132E+4	6.42727E+6	1.76775E+6	6.65257E+4	3.36287E+6
2.40000E+1	7.60723E+4	3.23511E+4	6.00491E+6	1.76708E+6	6.64498E+4	3.16989E+6
2.41000E+1	7.43808E+4	3.24760E+4	5.86988E+6	1.75880E+6	6.66992E+4	3.30401E+6
2.42000E+1	7.25391E+4	3.25467E+4	5.98456E+6	1.83795E+6	6.71040E+4	3.27037E+6
2.43000E+1	7.15711E+4	3.25071E+4	5.67441E+6	1.76539E+6	6.67369E+4	3.33756E+6
2.44000E+1	6.90730E+4	3.26345E+4	5.36629E+6	1.75825E+6	6.69090E+4	3.26818E+6
2.45000E+1	6.59873E+4	3.27246E+4	5.54524E+6	1.76349E+6	6.67270E+4	3.31675E+6
2.46000E+1	6.26056E+4	3.26878E+4	4.63789E+6	1.71958E+6	6.66983E+4	3.25000E+6
2.47000E+1	5.91661E+4	3.26418E+4	4.50230E+6	1.70058E+6	6.70986E+4	3.38973E+6
2.48000E+1	5.65199E+4	3.25914E+4	4.13612E+6	1.66314E+6	6.68507E+4	3.21035E+6
2.49000E+1	5.40260E+4	3.27065E+4	3.93512E+6	1.64530E+6	6.70995E+4	3.41981E+6
2.50000E+1	5.16747E+4	3.26526E+4	3.70978E+6	1.62177E+6	6.69889E+4	3.24351E+6
2.51000E+1	4.96016E+4	3.26719E+4	3.67457E+6	1.62235E+6	6.72399E+4	3.36790E+6
2.52000E+1	4.78916E+4	3.27195E+4	3.41829E+6	1.59813E+6	6.73445E+4	3.25725E+6
2.53000E+1	4.63692E+4	3.27530E+4	3.39610E+6	1.57026E+6	6.79548E+4	3.24747E+6
2.54000E+1	4.49211E+4	3.27701E+4	3.35408E+6	1.53662E+6	6.74727E+4	3.18061E+6
2.55000E+1	4.37446E+4	3.27025E+4	3.21218E+6	1.54800E+6	6.77678E+4	3.29136E+6
2.56000E+1	4.27320E+4	3.27854E+4	3.21998E+6	1.51541E+6	6.79566E+4	3.35094E+6
2.57000E+1	4.14158E+4	3.27428E+4	3.15727E+6	1.45356E+6	6.82279E+4	3.17714E+6
2.58000E+1	4.06265E+4	3.28274E+4	3.19810E+6	1.47668E+6	6.85074E+4	3.26964E+6
2.59000E+1	3.96333E+4	3.27576E+4	3.02920E+6	1.43118E+6	6.84562E+4	3.19593E+6
2.60000E+1	3.90154E+4	3.28468E+4	3.06720E+6	1.43717E+6	6.87364E+4	3.17818E+6
2.61000E+1	3.81252E+4	3.27462E+4	2.99334E+6	1.38248E+6	6.86768E+4	3.12237E+6
2.62000E+1	3.73460E+4	3.27911E+4	2.99395E+6	1.36568E+6	6.88245E+4	3.11137E+6
2.63000E+1	3.69044E+4	3.28627E+4	2.91170E+6	1.37697E+6	6.93005E+4	3.11070E+6
2.64000E+1	3.62063E+4	3.27201E+4	2.80026E+6	1.33062E+6	6.91151E+4	3.03419E+6
2.65000E+1	3.54727E+4	3.27945E+4	2.87904E+6	1.34346E+6	6.93052E+4	3.04181E+6
2.66000E+1	3.50384E+4	3.27826E+4	2.76070E+6	1.29306E+6	6.93809E+4	2.88327E+6
2.67000E+1	3.45700E+4	3.28166E+4	2.79783E+6	1.30262E+6	6.97867E+4	3.03577E+6
2.68000E+1	3.37997E+4	3.26685E+4	2.69880E+6	1.27297E+6	6.97245E+4	2.85066E+6
2.69000E+1	3.33639E+4	3.26464E+4	2.66612E+6	1.27072E+6	6.96735E+4	2.90960E+6
2.70000E+1	3.29424E+4	3.26129E+4	2.67057E+6	1.26338E+6	7.02486E+4	2.94145E+6
2.71000E+1	3.23974E+4	3.27258E+4	2.65997E+6	1.23471E+6	6.99960E+4	2.77150E+6
2.72000E+1	3.19225E+4	3.26747E+4	2.63252E+6	1.20547E+6	7.01320E+4	2.86901E+6
2.73000E+1	3.14671E+4	3.27610E+4	2.52085E+6	1.21253E+6	7.06408E+4	2.70127E+6
2.74000E+1	3.11311E+4	3.27655E+4	2.52528E+6	1.19269E+6	7.08399E+4	2.78458E+6
2.75000E+1	3.05850E+4	3.25297E+4	2.47007E+6	1.17953E+6	7.06549E+4	2.58962E+6
2.76000E+1	3.02605E+4	3.25416E+4	2.58037E+6	1.18349E+6	7.10517E+4	2.65063E+6
2.77000E+1	2.98361E+4	3.25846E+4	2.49131E+6	1.16611E+6	7.10225E+4	2.63512E+6
2.78000E+1	2.92726E+4	3.24556E+4	2.54723E+6	1.16333E+6	7.13785E+4	2.61455E+6
2.79000E+1	2.91076E+4	3.24929E+4	2.40192E+6	1.13145E+6	7.11781E+4	2.46663E+6
2.80000E+1	2.88995E+4	3.24782E+4	2.39027E+6	1.11383E+6	7.10923E+4	2.46430E+6
2.81000E+1	2.84430E+4	3.24567E+4	2.41123E+6	1.11279E+6	7.13359E+4	2.45396E+6
2.82000E+1	2.83511E+4	3.23861E+4	2.45990E+6	1.11297E+6	7.17008E+4	2.42734E+6
2.83000E+1	2.78431E+4	3.23116E+4	2.37183E+6	1.09486E+6	7.19091E+4	2.40369E+6
2.84000E+1	2.75725E+4	3.23167E+4	2.33901E+6	1.07839E+6	7.19548E+4	2.34917E+6
2.85000E+1	2.75085E+4	3.23540E+4	2.37459E+6	1.08041E+6	7.19719E+4	2.39263E+6
2.86000E+1	2.72294E+4	3.22530E+4	2.28760E+6	1.05817E+6	7.18777E+4	2.28262E+6
2.87000E+1	2.70659E+4	3.22908E+4	2.33327E+6	1.07114E+6	7.21417E+4	2.28097E+6
2.88000E+1	2.67385E+4	3.21421E+4	2.28999E+6	1.05912E+6	7.21045E+4	2.20717E+6
2.89000E+1	2.65675E+4	3.23517E+4	2.32169E+6	1.06237E+6	7.26088E+4	2.20306E+6
2.90000E+1	2.63228E+4	3.21888E+4	2.25929E+6	1.04700E+6	7.27943E+4	2.22445E+6
2.91000E+1	2.62072E+4	3.22384E+4	2.32718E+6	1.04151E+6	7.29108E+4	2.17421E+6
2.92000E+1	2.61503E+4	3.22761E+4	2.31266E+6	1.04886E+6	7.32553E+4	2.18931E+6
2.93000E+1	2.59547E+4	3.20595E+4	2.26396E+6	1.03363E+6	7.31896E+4	2.12227E+6
2.94000E+1	2.57634E+4	3.21590E+4	2.26252E+6	1.03921E+6	7.31906E+4	2.12849E+6
2.95000E+1	2.56366E+4	3.20156E+4	2.24326E+6	1.02623E+6	7.33318E+4	2.08827E+6
2.96000E+1	2.55533E+4	3.21393E+4	2.28412E+6	1.02143E+6	7.36877E+4	2.07219E+6
2.97000E+1	2.54427E+4	3.21775E+4	2.27864E+6	1.02750E+6	7.36654E+4	2.05321E+6
2.98000E+1	2.53813E+4	3.20696E+4	2.23410E+6	1.01977E+6	7.34674E+4	2.01132E+6
2.99000E+1	2.51952E+4	3.20112E+4	2.28339E+6	1.01438E+6	7.37957E+4	2.07432E+6
3.00000E+1	2.51367E+4	3.20668E+4	2.22675E+6	1.00671E+6	7.34935E+4	1.94605E+6
3.01000E+1	2.50651E+4	3.18861E+4	2.28797E+6	1.01163E+6	7.41682E+4	1.98719E+6
3.02000E+1	2.49025E+4	3.19253E+4	2.28357E+6	1.01707E+6	7.37966E+4	1.94416E+6
3.03000E+1	2.49025E+4	3.18782E+4	2.20738E+6	1.01723E+6	7.40363E+4	1.93505E+6
3.04000E+1	2.47735E+4	3.19590E+4	2.27028E+6	1.02513E+6	7.44060E+4	1.91588E+6
3.05000E+1	2.46017E+4	3.18547E+4	2.20310E+6	1.01868E+6	7.45511E+4	1.90624E+6
3.06000E+1	2.45512E+4	3.17478E+4	2.22396E+6	1.00514E+6	7.44070E+4	1.90326E+6
3.07000E+1	2.46583E+4	3.17937E+4	2.30257E+6	1.01282E+6	7.45374E+4	1.90352E+6
3.08000E+1	2.43616E+4	3.16941E+4	2.21962E+6	1.00652E+6	7.43981E+4	1.83979E+6
3.09000E+1	2.45372E+4	3.16863E+4	2.25625E+6	1.02346E+6	7.46091E+4	1.90081E+6
3.10000E+1	2.42178E+4	3.17226E+4	2.26073E+6	1.02281E+6	7.43795E+4	1.83014E+6
3.11000E+1	2.43965E+4	3.16701E+4	2.22762E+6	1.01912E+6	7.44677E+4	1.81301E+6
3.12000E+1	2.42376E+4	3.16143E+4	2.26288E+6	1.03021E+6	7.46277E+4	1.86013E+6
3.13000E+1	2.41889E+4	3.15200E+4	2.18395E+6	1.01590E+6	7.46130E+4	1.77692E+6
3.14000E+1	2.40386E+4	3.16082E+4	2.25303E+6	1.02281E+6	7.46936E+4	1.80118E+6
3.15000E+1	2.40237E+4	3.14888E+4	2.24379E+6	1.01852E+6	7.45462E+4	1.76935E+6
3.16000E+1	2.40777E+4	3.15390E+4	2.20686E+6	1.01799E+6	7.45001E+4	1.79202E+6
3.17000E+1	2.38559E+4	3.13475E+4	2.20464E+6	1.02603E+6	7.46641E+4	1.79711E+6
3.18000E+1	2.38599E+4	3.14855E+4	2.25339E+6	1.02873E+6	7.44658E+4	1.77002E+6
3.19000E+1	2.37996E+4	3.13381E+4	2.19357E+6	1.01731E+6	7.47752E+4	1.72871E+6
3.20000E+1	2.37690E+4	3.14092E+4	2.23498E+6	1.04522E+6	7.50038E+4	1.75527E+6
3.21000E+1	2.36054E+4	3.12509E+4	2.22049E+6	1.03343E+6	7.49397E+4	1.76441E+6
3.22000E+1	2.36492E+4	3.12104E+4	2.16578E+6	1.01490E+6	7.48688E+4	1.72452E+6
3.23000E+1	2.36320E+4	3.12870E+4	2.23164E+6	1.03542E+6	7.48156E+4	1.74140E+6
3.24000E+1	2.35921E+4	3.11145E+4	2.24610E+6	1.04256E+6	7.48205E+4	1.73270E+6
3.25000E+1	2.35031E+4	3.12137E+4	2.19713E+6	1.04290E+6	7.45875E+4	1.69862E+6
3.26000E+1	2.35832E+4	3.10685E+4	2.18513E+6	1.03029E+6	7.44619E+4	1.71301E+6
3.27000E+1	2.35409E+4	3.10293E+4	2.15655E+6	1.03471E+6	7.47408E+4	1.71439E+6
3.28000E+1	2.36231E+4	3.10846E+4	2.24308E+6	1.04704E+6	7.46238E+4	1.72291E+6
3.29000E+1	2.35252E+4	3.10674E+4	2.21962E+6	1.03887E+6	7.47437E+4	1.65747E+6
3.30000E+1	2.35773E+4	3.09690E+4	2.24840E+6	1.03725E+6	7.46150E+4	1.72291E+6
3.31000E+1	2.35149E+4	3.09585E+4	2.23761E+6	1.03862E+6	7.45786E+4	1.66336E+6
3.32000E+1	2.35370E+4	3.10138E+4	2.32699E+6	1.03087E+6	7.42259E+4	1.69176E+6
3.33000E+1	2.35257E+4	3.09353E+4	2.21013E+6	1.02717E+6	7.37033E+4	1.66808E+6
3.34000E+1	2.36704E+4	3.10420E+4	2.27463E+6	1.04823E+6	7.43139E+4	1.72302E+6
3.35000E+1	2.34628E+4	3.08409E+4	2.24769E+6	1.04072E+6	7.41662E+4	1.66668E+6
3.36000E+1	2.35631E+4	3.09530E+4	2.24947E+6	1.03625E+6	7.45384E+4	1.68342E+6
3.37000E+1	2.35503E+4	3.08067E+4	2.17374E+6	1.03120E+6	7.39057E+4	1.67893E+6
3.38000E+1	2.35060E+4	3.07858E+4	2.28870E+6	1.06203E+6	7.43443E+4	1.66970E+6
3.39000E+1	2.35444E+4	3.08696E+4	2.22553E+6	1.04101E+6	7.42415E+4	1.67516E+6
3.40000E+1	2.36507E+4	3.08641E+4	2.27282E+6	1.05027E+6	7.41037E+4	1.67010E+6
3.41000E+1	2.35631E+4	3.07390E+4	2.30947E+6	1.04780E+6	7.43227E+4	1.66206E+6
3.42000E+1	2.34633E+4	3.07428E+4	2.25571E+6	1.04920E+6	7.43335E+4	1.67253E+6
3.43000E+1	2.35985E+4	3.07081E+4	2.27101E+6	1.06591E+6	7.44864E+4	1.67283E+6
3.44000E+1	2.36231E+4	3.07158E+4	2.26992E+6	1.06412E+6	7.41623E+4	1.66306E+6
3.45000E+1	2.36768E+4	3.06768E+4	2.24503E+6	1.05795E+6	7.44619E+4	1.66326E+6
3.46000E+1	2.35882E+4	3.05866E+4	2.28302E+6	1.07826E+6	7.46061E+4	1.67740E+6
3.47000E+1	2.35695E+4	3.06069E+4	2.22032E+6	1.05185E+6	7.42484E+4	1.65212E+6
3.48000E+1	2.36172E+4	3.06608E+4	2.33346E+6	1.06237E+6	7.45217E+4	1.68825E+6
3.49000E+1	2.38189E+4	3.06223E+4	2.24645E+6	1.07079E+6	7.43403E+4	1.65420E+6
3.50000E+1	2.37024E+4	3.05108E+4	2.27754E+6	1.06229E+6	7.45335E+4	1.64728E+6
3.51000E+1	2.37468E+4	3.06344E+4	2.37854E+6	1.08932E+6	7.45914E+4	1.70689E+6
3.52000E+1	2.37453E+4	3.05086E+4	2.27482E+6	1.06714E+6	7.43913E+4	1.68291E+6
3.53000E+1	2.37715E+4	3.05070E+4	2.26865E+6	1.07425E+6	7.44491E+4	1.65499E+6
3.54000E+1	2.38515E+4	3.05828E+4	2.33977E+6	1.10520E+6	7.46926E+4	1.68281E+6
3.55000E+1	2.37967E+4	3.05053E+4	2.29645E+6	1.09064E+6	7.46317E+4	1.65113E+6
3.56000E+1	2.37843E+4	3.05026E+4	2.30201E+6	1.09124E+6	7.46140E+4	1.67000E+6
3.57000E+1	2.38643E+4	3.05021E+4	2.34901E+6	1.09215E+6	7.46562E+4	1.66216E+6
3.58000E+1	2.39643E+4	3.05328E+4	2.33805E+6	1.08946E+6	7.44628E+4	1.67232E+6
3.59000E+1	2.39652E+4	3.04412E+4	2.35638E+6	1.10222E+6	7.44746E+4	1.64738E+6
3.60000E+1	2.38802E+4	3.04949E+4	2.36125E+6	1.10544E+6	7.42875E+4	1.64758E+6
3.61000E+1	2.38307E+4	3.02103E+4	2.28284E+6	1.08577E+6	7.38531E+4	1.64620E+6
3.62000E+1	2.38273E+4	3.05015E+4	2.35153E+6	1.09055E+6	7.42542E+4	1.67577E+6
3.63000E+1	2.39697E+4	3.04554E+4	2.39067E+6	1.11511E+6	7.45943E+4	1.66597E+6
3.64000E+1	2.39672E+4	3.03141E+4	2.30947E+6	1.11137E+6	7.43923E+4	1.65044E+6
3.65000E+1	2.39925E+4	3.03207E+4	2.35056E+6	1.10338E+6	7.43678E+4	1.65142E+6
3.66000E+1	2.39707E+4	3.02917E+4	2.39829E+6	1.12210E+6	7.44883E+4	1.67091E+6
3.67000E+1	2.39558E+4	3.02786E+4	2.33461E+6	1.09776E+6	7.45197E+4	1.63828E+6
3.68000E+1	2.41661E+4	3.02578E+4	2.37282E+6	1.12693E+6	7.44471E+4	1.68260E+6
3.69000E+1	2.38806E+4	3.03037E+4	2.33423E+6	1.10995E+6	7.43355E+4	1.66006E+6
3.70000E+1	2.38544E+4	3.02671E+4	2.37104E+6	1.11113E+6	7.41389E+4	1.67415E+6
3.71000E+1	2.39415E+4	3.01557E+4	2.37164E+6	1.11483E+6	7.43746E+4	1.67750E+6
3.72000E+1	2.39643E+4	3.00744E+4	2.37499E+6	1.10138E+6	7.41750E+4	1.65618E+6
3.73000E+1	2.40207E+4	3.00717E+4	2.39187E+6	1.13106E+6	7.42112E+4	1.66688E+6
3.74000E+1	2.39865E+4	3.00946E+4	2.37439E+6	1.11606E+6	7.41164E+4	1.64483E+6
3.75000E+1	2.38757E+4	3.01295E+4	2.44541E+6	1.12567E+6	7.43129E+4	1.65867E+6
3.76000E+1	2.39771E+4	3.00112E+4	2.39127E+6	1.12162E+6	7.39876E+4	1.66577E+6
3.77000E+1	2.39153E+4	3.01366E+4	2.36398E+6	1.12451E+6	7.35935E+4	1.65897E+6
3.78000E+1	2.38895E+4	2.99753E+4	2.33442E+6	1.09096E+6	7.32834E+4	1.65578E+6
3.79000E+1	2.40802E+4	3.00194E+4	2.45211E+6	1.14389E+6	7.34722E+4	1.67658E+6
3.80000E+1	2.39400E+4	2.99932E+4	2.40192E+6	1.13336E+6	7.38735E+4	1.65757E+6
3.81000E+1	2.39727E+4	3.00962E+4	2.42697E+6	1.15177E+6	7.39320E+4	1.68640E+6
3.82000E+1	2.39657E+4	2.99530E+4	2.45526E+6	1.13058E+6	7.38560E+4	1.65608E+6
3.83000E+1	2.38856E+4	2.98078E+4	2.36947E+6	1.12819E+6	7.39827E+4	1.68127E+6
3.84000E+1	2.40510E+4	2.99127E+4	2.38072E+6	1.14334E+6	7.41135E+4	1.67669E+6
3.85000E+1	2.39153E+4	2.99617E+4	2.37262E+6	1.14130E+6	7.37422E+4	1.70112E+6
3.86000E+1	2.38703E+4	2.98182E+4	2.39508E+6	1.15166E+6	7.41125E+4	1.68650E+6
3.87000E+1	2.39539E+4	2.98160E+4	2.36908E+6	1.14284E+6	7.38989E+4	1.67679E+6
3.88000E+1	2.39059E+4	2.98116E+4	2.43460E+6	1.15862E+6	7.41008E+4	1.67964E+6
3.89000E+1	2.39499E+4	2.97270E+4	2.38152E+6	1.13400E+6	7.40149E+4	1.69414E+6
3.90000E+1	2.39499E+4	2.98708E+4	2.46625E+6	1.13794E+6	7.39905E+4	1.68558E+6
3.91000E+1	2.40098E+4	2.97379E+4	2.41611E+6	1.13072E+6	7.38852E+4	1.67466E+6
3.92000E+1	2.40490E+4	2.98274E+4	2.41489E+6	1.13004E+6	7.39768E+4	1.67760E+6
3.93000E+1	2.39955E+4	2.98285E+4	2.50523E+6	1.16777E+6	7.42493E+4	1.68825E+6
3.94000E+1	2.40460E+4	2.97796E+4	2.42471E+6	1.15030E+6	7.37742E+4	1.66970E+6
3.95000E+1	2.41025E+4	2.96322E+4	2.44687E+6	1.15091E+6	7.40227E+4	1.65757E+6
3.96000E+1	2.40425E+4	2.97623E+4	2.46816E+6	1.15379E+6	7.40168E+4	1.69166E+6
3.97000E+1	2.39999E+4	2.96187E+4	2.46476E+6	1.15795E+6	7.37587E+4	1.67547E+6
3.98000E+1	2.41780E+4	2.96165E+4	2.53867E+6	1.16524E+6	7.38433E+4	1.70122E+6
3.99000E+1	2.42118E+4	2.96874E+4	2.46837E+6	1.15541E+6	7.37490E+4	1.68036E+6
4.00000E+1	2.42282E+4	2.97091E+4	2.46180E+6	1.16379E+6	7.37772E+4	1.65459E+6
4.01000E+1	2.43143E+4	2.97308E+4	2.52528E+6	1.17198E+6	7.35896E+4	1.70994E+6
4.02000E+1	2.43965E+4	2.95759E+4	2.45463E+6	1.16230E+6	7.36683E+4	1.69945E+6
4.03000E+1	2.43556E+4	2.95943E+4	2.46476E+6	1.16179E+6	7.36197E+4	1.70143E+6
4.04000E+1	2.42774E+4	2.94646E+4	2.49326E+6	1.16896E+6	7.37762E+4	1.68260E+6
4.05000E+1	2.43287E+4	2.95370E+4	2.50000E+6	1.16746E+6	7.35974E+4	1.67770E+6
4.06000E+1	2.43432E+4	2.95716E+4	2.45106E+6	1.17732E+6	7.37616E+4	1.65658E+6
4.07000E+1	2.44439E+4	2.95830E+4	2.56954E+6	1.19994E+6	7.40139E+4	1.70689E+6
4.08000E+1	2.44394E+4	2.94619E+4	2.53085E+6	1.17412E+6	7.38210E+4	1.64827E+6
4.09000E+1	2.43437E+4	2.95116E+4	2.51776E+6	1.19360E+6	7.38862E+4	1.70920E+6
4.10000E+1	2.45972E+4	2.94759E+4	2.57575E+6	1.18339E+6	7.35440E+4	1.73054E+6
4.11000E+1	2.44908E+4	2.94425E+4	2.52107E+6	1.18781E+6	7.35459E+4	1.68908E+6
4.12000E+1	2.45112E+4	2.94549E+4	2.53980E+6	1.18872E+6	7.36420E+4	1.68609E+6
4.13000E+1	2.47379E+4	2.96095E+4	2.58478E+6	1.22012E+6	7.40412E+4	1.71704E+6
4.14000E+1	2.46017E+4	2.94884E+4	2.58246E+6	1.18882E+6	7.35498E+4	1.68846E+6
4.15000E+1	2.46447E+4	2.94716E+4	2.53643E+6	1.18781E+6	7.34238E+4	1.69363E+6
4.16000E+1	2.47570E+4	2.95046E+4	2.61531E+6	1.20888E+6	7.39291E+4	1.74655E+6
4.17000E+1	2.47449E+4	2.94851E+4	2.45716E+6	1.20103E+6	7.35615E+4	1.70689E+6
4.18000E+1	2.47986E+4	2.95705E+4	2.61864E+6	1.20514E+6	7.36770E+4	1.73087E+6
4.19000E+1	2.48980E+4	2.95683E+4	2.56427E+6	1.21081E+6	7.35896E+4	1.69924E+6
4.20000E+1	2.46713E+4	2.94128E+4	2.54971E+6	1.20382E+6	7.34790E+4	1.70279E+6
4.21000E+1	2.48277E+4	2.94640E+4	2.64121E+6	1.22672E+6	7.36731E+4	1.73119E+6
4.22000E+1	2.49005E+4	2.94387E+4	2.61555E+6	1.21721E+6	7.38112E+4	1.72077E+6
4.23000E+1	2.48664E+4	2.94808E+4	2.54137E+6	1.21342E+6	7.36343E+4	1.70028E+6
4.24000E+1	2.50288E+4	2.94592E+4	2.62341E+6	1.22951E+6	7.37198E+4	1.76474E+6
4.25000E+1	2.49051E+4	2.94840E+4	2.58687E+6	1.22786E+6	7.34994E+4	1.71842E+6
4.26000E+1	2.50349E+4	2.93621E+4	2.66071E+6	1.23920E+6	7.36236E+4	1.70479E+6
4.27000E+1	2.50198E+4	2.95008E+4	2.63782E+6	1.22854E+6	7.34005E+4	1.75682E+6
4.28000E+1	2.49242E+4	2.95116E+4	2.64484E+6	1.23093E+6	7.37859E+4	1.71864E+6
4.29000E+1	2.52200E+4	2.94603E+4	2.67701E+6	1.25451E+6	7.38843E+4	1.74754E+6
4.30000E+1	2.51629E+4	2.93583E+4	2.59878E+6	1.22616E+6	7.38482E+4	1.71736E+6
4.31000E+1	2.51347E+4	2.95424E+4	2.73225E+6	1.23082E+6	7.34509E+4	1.77036E+6
4.32000E+1	2.50832E+4	2.93475E+4	2.57806E+6	1.22367E+6	7.29830E+4	1.70741E+6
4.33000E+1	2.52144E+4	2.92996E+4	2.64946E+6	1.23385E+6	7.31104E+4	1.75871E+6
4.34000E+1	2.51266E+4	2.93858E+4	2.62988E+6	1.22894E+6	7.30805E+4	1.74721E+6
4.35000E+1	2.52165E+4	2.93588E+4	2.65752E+6	1.21883E+6	7.29137E+4	1.74392E+6
4.36000E+1	2.52882E+4	2.93346E+4	2.59433E+6	1.25357E+6	7.29667E+4	1.73411E+6
4.37000E+1	2.52235E+4	2.92893E+4	2.65092E+6	1.23202E+6	7.34645E+4	1.72634E+6
4.38000E+1	2.53246E+4	2.93378E+4	2.75308E+6	1.27212E+6	7.35294E+4	1.78011E+6
4.39000E+1	2.52938E+4	2.93836E+4	2.61436E+6	1.24163E+6	7.31790E+4	1.72828E+6
4.40000E+1	2.53267E+4	2.94014E+4	2.77581E+6	1.26051E+6	7.29387E+4	1.76710E+6
4.41000E+1	2.52629E+4	2.93481E+4	2.63060E+6	1.21889E+6	7.31674E+4	1.73585E+6
4.42000E+1	2.54655E+4	2.93319E+4	2.77342E+6	1.26578E+6	7.31886E+4	1.75638E+6
4.43000E+1	2.53950E+4	2.94462E+4	2.71965E+6	1.24646E+6	7.30100E+4	1.72581E+6
4.44000E+1	2.53905E+4	2.93680E+4	2.64679E+6	1.24722E+6	7.28703E+4	1.75040E+6
4.45000E+1	2.54102E+4	2.93179E+4	2.74994E+6	1.24402E+6	7.34606E+4	1.79410E+6
4.46000E+1	2.54543E+4	2.92554E+4	2.67354E+6	1.24105E+6	7.33105E+4	1.73857E+6
4.47000E+1	2.54984E+4	2.92576E+4	2.75151E+6	1.29143E+6	7.35828E+4	1.79653E+6
4.48000E+1	2.54320E+4	2.92565E+4	2.68924E+6	1.27066E+6	7.33995E+4	1.73672E+6
4.49000E+1	2.53793E+4	2.92662E+4	2.65483E+6	1.28448E+6	7.35605E+4	1.78868E+6
4.50000E+1	2.54873E+4	2.94176E+4	2.72606E+6	1.27540E+6	7.32360E+4	1.76217E+6
4.51000E+1	2.55634E+4	2.92204E+4	2.69779E+6	1.26964E+6	7.35275E+4	1.75449E+6
4.52000E+1	2.54787E+4	2.93491E+4	2.82266E+6	1.26921E+6	7.31770E+4	1.79630E+6
4.53000E+1	2.55843E+4	2.93513E+4	2.75518E+6	1.26903E+6	7.28328E+4	1.76061E+6
4.54000E+1	2.54984E+4	2.92953E+4	2.76705E+6	1.29356E+6	7.32921E+4	1.79653E+6
4.55000E+1	2.55492E+4	2.93858E+4	2.74810E+6	1.26111E+6	7.28135E+4	1.77432E+6
4.56000E+1	2.55609E+4	2.92350E+4	2.76018E+6	1.26272E+6	7.28357E+4	1.76822E+6
4.57000E+1	2.56580E+4	2.93815E+4	2.75465E+6	1.29889E+6	7.32708E+4	1.77115E+6
4.58000E+1	2.55218E+4	2.93869E+4	2.71249E+6	1.28380E+6	7.32505E+4	1.74458E+6
4.59000E+1	2.56076E+4	2.93481E+4	2.76123E+6	1.28844E+6	7.30235E+4	1.83689E+6
4.60000E+1	2.57985E+4	2.93545E+4	2.81908E+6	1.29212E+6	7.29454E+4	1.77942E+6
4.61000E+1	2.56737E+4	2.92683E+4	2.76625E+6	1.25121E+6	7.26636E+4	1.79329E+6
4.62000E+1	2.58225E+4	2.93658E+4	2.84568E+6	1.30104E+6	7.30004E+4	1.82691E+6
4.63000E+1	2.57557E+4	2.93766E+4	2.78597E+6	1.27418E+6	7.28819E+4	1.77499E+6
4.64000E+1	2.56905E+4	2.93648E+4	2.76837E+6	1.29745E+6	7.29522E+4	1.74666E+6
4.65000E+1	2.58291E+4	2.94149E+4	2.80189E+6	1.28789E+6	7.31258E+4	1.81667E+6
4.66000E+1	2.58225E+4	2.93977E+4	2.82900E+6	1.29587E+6	7.33453E+4	1.78102E+6
4.67000E+1	2.57868E+4	2.93179E+4	2.80515E+6	1.28739E+6	7.31413E+4	1.79792E+6
4.68000E+1	2.58587E+4	2.92796E+4	2.83177E+6	1.31187E+6	7.31258E+4	1.80351E+6
4.69000E+1	2.59645E+4	2.94074E+4	2.81169E+6	1.30262E+6	7.31674E+4	1.81407E+6
4.70000E+1	2.58832E+4	2.92651E+4	2.74445E+6	1.28097E+6	7.30168E+4	1.78536E+6
4.71000E+1	2.58603E+4	2.93481E+4	2.89254E+6	1.29889E+6	7.31394E+4	1.81337E+6
4.72000E+1	2.60555E+4	2.94095E+4	2.85296E+6	1.31194E+6	7.31036E+4	1.78627E+6
4.73000E+1	2.58541E+4	2.92619E+4	2.79350E+6	1.28938E+6	7.28222E+4	1.74644E+6
4.74000E+1	2.60079E+4	2.92764E+4	2.91462E+6	1.30893E+6	7.29435E+4	1.79676E+6
4.75000E+1	2.60550E+4	2.93588E+4	2.87704E+6	1.30714E+6	7.31973E+4	1.81160E+6
4.76000E+1	2.60755E+4	2.92850E+4	2.78463E+6	1.32040E+6	7.30284E+4	1.78719E+6
4.77000E+1	2.60437E+4	2.93540E+4	2.83232E+6	1.33372E+6	7.26530E+4	1.82488E+6
4.78000E+1	2.61083E+4	2.93157E+4	2.86963E+6	1.28826E+6	7.20730E+4	1.78937E+6
4.79000E+1	2.61047E+4	2.92791E+4	2.86481E+6	1.34581E+6	7.25762E+4	1.78433E+6
4.80000E+1	2.62853E+4	2.94165E+4	2.80842E+6	1.32516E+6	7.27751E+4	1.81656E+6
4.81000E+1	2.60601E+4	2.92915E+4	2.88706E+6	1.31136E+6	7.31403E+4	1.80702E+6
4.82000E+1	2.61611E+4	2.93960E+4	2.81497E+6	1.32667E+6	7.27674E+4	1.81125E+6
4.83000E+1	2.63063E+4	2.93497E+4	2.83398E+6	1.31503E+6	7.23769E+4	1.79526E+6
4.84000E+1	2.62103E+4	2.93098E+4	2.80379E+6	1.32151E+6	7.26991E+4	1.80515E+6
4.85000E+1	2.63007E+4	2.93788E+4	2.92697E+6	1.33121E+6	7.26367E+4	1.83447E+6
4.86000E+1	2.62842E+4	2.94025E+4	2.87162E+6	1.32549E+6	7.21723E+4	1.81066E+6
4.87000E+1	2.61821E+4	2.94414E+4	2.84233E+6	1.32373E+6	7.23319E+4	1.79746E+6
4.88000E+1	2.62236E+4	2.94246E+4	2.84764E+6	1.31969E+6	7.27529E+4	1.82142E+6
4.89000E+1	2.62550E+4	2.93977E+4	2.94868E+6	1.35899E+6	7.27953E+4	1.82607E+6
4.90000E+1	2.62118E+4	2.94516E+4	2.90383E+6	1.32523E+6	7.23252E+4	1.85408E+6
4.91000E+1	2.63104E+4	2.94246E+4	2.91082E+6	1.33571E+6	7.24391E+4	1.84186E+6
4.92000E+1	2.62016E+4	2.94403E+4	2.85831E+6	1.32943E+6	7.26396E+4	1.79827E+6
4.93000E+1	2.63125E+4	2.94171E+4	2.94300E+6	1.33657E+6	7.29233E+4	1.83423E+6
4.94000E+1	2.63948E+4	2.95705E+4	2.94509E+6	1.35006E+6	7.25801E+4	1.82667E+6
4.95000E+1	2.63804E+4	2.94813E+4	2.87732E+6	1.32936E+6	7.23520E+4	1.79260E+6
4.96000E+1	2.63763E+4	2.94748E+4	2.98596E+6	1.34682E+6	7.26674E+4	1.82966E+6
4.97000E+1	2.65556E+4	2.95321E+4	2.96251E+6	1.35176E+6	7.23951E+4	1.87058E+6
4.98000E+1	2.64834E+4	2.96685E+4	2.83620E+6	1.30396E+6	7.23539E+4	1.84624E+6
4.99000E+1	2.67142E+4	2.97118E+4	2.97221E+6	1.35040E+6	7.26943E+4	1.87008E+6
5.00000E+1	2.68100E+4	2.98171E+4	2.92461E+6	1.36658E+6	7.25954E+4	1.86721E+6
5.01000E+1	2.69604E+4	2.98013E+4	2.87447E+6	1.32982E+6	7.29512E+4	1.85162E+6
5.02000E+1	2.69085E+4	2.97525E+4	3.10018E+6	1.36105E+6	7.31712E+4	1.88914E+6
5.03000E+1	2.70248E+4	2.98225E+4	2.99057E+6	1.37648E+6	7.30824E+4	1.86137E+6
5.04000E+1	2.70508E+4	2.99214E+4	2.97953E+6	1.38510E+6	7.35391E+4	1.86149E+6
5.05000E+1	2.70674E+4	2.98019E+4	2.92609E+6	1.37012E+6	7.31142E+4	1.84807E+6
5.06000E+1	2.72639E+4	2.98866E+4	2.92491E+6	1.33764E+6	7.25167E+4	1.88254E+6
5.07000E+1	2.72962E+4	3.00161E+4	3.04505E+6	1.37747E+6	7.27866E+4	1.89631E+6
5.08000E+1	2.73850E+4	3.00346E+4	3.05464E+6	1.37040E+6	7.27828E+4	1.90171E+6
5.09000E+1	2.75049E+4	2.99475E+4	3.02762E+6	1.35892E+6	7.29079E+4	1.88825E+6
5.10000E+1	2.76086E+4	3.00150E+4	2.94329E+6	1.35762E+6	7.28463E+4	1.82822E+6
5.11000E+1	2.76354E+4	3.00150E+4	3.07108E+6	1.39181E+6	7.28790E+4	1.91562E+6
5.12000E+1	2.77363E+4	3.01218E+4	3.16583E+6	1.37979E+6	7.27097E+4	1.89195E+6
5.13000E+1	2.76869E+4	3.01573E+4	3.01820E+6	1.35217E+6	7.27328E+4	1.87384E+6
5.14000E+1	2.77242E+4	3.00406E+4	3.07660E+6	1.36887E+6	7.27260E+4	1.87988E+6
5.15000E+1	2.79242E+4	3.01218E+4	3.20056E+6	1.40439E+6	7.25618E+4	1.93052E+6
5.16000E+1	2.79880E+4	3.02124E+4	3.12076E+6	1.37979E+6	7.26837E+4	1.87698E+6
5.17000E+1	2.79917E+4	3.02059E+4	3.04601E+6	1.38134E+6	7.29493E+4	1.91236E+6
5.18000E+1	2.81042E+4	3.01791E+4	3.11843E+6	1.37909E+6	7.28838E+4	1.88787E+6
5.19000E+1	2.81926E+4	3.02021E+4	3.13082E+6	1.41696E+6	7.34150E+4	1.90081E+6
5.20000E+1	2.83495E+4	3.02633E+4	3.23567E+6	1.44244E+6	7.34063E+4	1.91053E+6
5.21000E+1	2.83994E+4	3.02665E+4	3.16652E+6	1.38966E+6	7.30235E+4	1.89567E+6
5.22000E+1	2.84685E+4	3.02955E+4	3.20056E+6	1.43284E+6	7.31422E+4	1.91001E+6
5.23000E+1	2.85941E+4	3.02622E+4	3.25478E+6	1.43527E+6	7.27270E+4	1.92774E+6
5.24000E+1	2.88139E+4	3.01360E+4	3.21466E+6	1.39289E+6	7.27674E+4	1.95730E+6
5.25000E+1	2.88300E+4	3.02720E+4	3.20302E+6	1.38631E+6	7.24727E+4	1.87849E+6
5.26000E+1	2.88567E+4	3.02185E+4	3.32247E+6	1.41260E+6	7.25839E+4	1.94767E+6
5.27000E+1	2.90523E+4	3.03169E+4	3.34795E+6	1.43088E+6	7.27433E+4	1.93785E+6
5.28000E+1	2.89933E+4	3.03147E+4	3.48204E+6	1.45061E+6	7.29348E+4	1.91706E+6
5.29000E+1	2.92533E+4	3.02294E+4	3.18937E+6	1.38574E+6	7.23281E+4	1.90715E+6
5.30000E+1	2.92936E+4	3.02966E+4	3.41113E+6	1.44267E+6	7.21598E+4	1.96607E+6
5.31000E+1	2.95062E+4	3.02611E+4	3.24935E+6	1.44076E+6	7.22105E+4	1.96140E+6
5.32000E+1	2.94684E+4	3.04160E+4	3.23066E+6	1.45457E+6	7.27164E+4	1.88152E+6
5.33000E+1	2.96154E+4	3.04319E+4	3.42990E+6	1.45301E+6	7.30592E+4	1.96483E+6
5.34000E+1	2.98888E+4	3.04269E+4	3.38042E+6	1.47149E+6	7.29252E+4	1.97062E+6
5.35000E+1	2.98556E+4	3.04620E+4	3.25877E+6	1.44390E+6	7.28530E+4	1.95499E+6
5.36000E+1	3.00880E+4	3.04280E+4	3.49948E+6	1.48619E+6	7.28597E+4	1.94821E+6
5.37000E+1	3.03218E+4	3.04554E+4	3.33042E+6	1.43504E+6	7.26693E+4	1.96305E+6
5.38000E+1	3.03398E+4	3.04373E+4	3.32436E+6	1.45675E+6	7.20921E+4	1.91811E+6
5.39000E+1	3.04017E+4	3.03847E+4	3.46312E+6	1.44421E+6	7.24679E+4	1.95758E+6
5.40000E+1	3.06702E+4	3.05328E+4	3.48245E+6	1.48239E+6	7.25407E+4	1.96758E+6
5.41000E+1	3.06641E+4	3.04006E+4	3.40360E+6	1.45224E+6	7.25781E+4	1.93372E+6
5.42000E+1	3.09729E+4	3.05493E+4	3.71634E+6	1.46012E+6	7.27001E+4	2.01520E+6
5.43000E+1	3.10558E+4	3.05388E+4	3.63550E+6	1.46800E+6	7.22210E+4	1.93919E+6
5.44000E+1	3.10995E+4	3.05751E+4	3.45700E+6	1.43961E+6	7.15670E+4	1.93745E+6
5.45000E+1	3.12470E+4	3.04807E+4	3.49781E+6	1.50240E+6	7.18282E+4	2.01146E+6
5.46000E+1	3.14749E+4	3.06432E+4	3.65176E+6	1.48724E+6	7.24937E+4	1.95010E+6
5.47000E+1	3.14994E+4	3.05751E+4	3.61405E+6	1.48327E+6	7.26693E+4	1.95921E+6
5.48000E+1	3.17154E+4	3.06927E+4	3.67411E+6	1.47580E+6	7.25052E+4	2.03867E+6
5.49000E+1	3.19438E+4	3.06047E+4	3.50450E+6	1.50281E+6	7.20768E+4	1.96566E+6
5.50000E+1	3.20628E+4	3.06157E+4	3.58933E+6	1.46247E+6	7.19834E+4	1.99423E+6
5.51000E+1	3.22615E+4	3.07500E+4	3.91425E+6	1.48344E+6	7.18310E+4	2.00288E+6
5.52000E+1	3.23771E+4	3.06828E+4	3.59548E+6	1.46927E+6	7.13085E+4	1.97991E+6
5.53000E+1	3.24539E+4	3.06185E+4	3.73236E+6	1.49180E+6	7.12433E+4	2.01954E+6
5.54000E+1	3.27627E+4	3.07406E+4	3.80271E+6	1.48846E+6	7.10395E+4	1.99380E+6
5.55000E+1	3.28718E+4	3.06597E+4	3.57753E+6	1.46768E+6	7.10404E+4	2.01954E+6
5.56000E+1	3.28843E+4	3.07081E+4	3.63012E+6	1.50034E+6	7.11168E+4	2.01492E+6
5.57000E+1	3.32877E+4	3.07461E+4	3.95834E+6	1.52412E+6	7.12008E+4	2.09322E+6
5.58000E+1	3.33622E+4	3.07472E+4	3.62340E+6	1.47141E+6	7.07215E+4	2.00217E+6
5.59000E+1	3.34711E+4	3.07197E+4	3.79292E+6	1.49992E+6	7.07769E+4	2.05920E+6
5.60000E+1	3.37870E+4	3.08740E+4	4.10684E+6	1.56150E+6	7.08568E+4	2.04547E+6
5.61000E+1	3.39654E+4	3.08095E+4	3.83786E+6	1.48005E+6	7.07581E+4	2.02972E+6
5.62000E+1	3.41820E+4	3.07246E+4	4.03291E+6	1.50373E+6	7.07046E+4	2.03911E+6
5.63000E+1	3.44936E+4	3.09182E+4	4.06284E+6	1.51718E+6	7.06764E+4	2.08612E+6
5.64000E+1	3.46214E+4	3.08988E+4	3.93827E+6	1.51634E+6	7.06718E+4	2.11640E+6
5.65000E+1	3.46979E+4	3.09055E+4	3.85391E+6	1.50597E+6	7.03215E+4	1.99296E+6
5.66000E+1	3.50736E+4	3.08382E+4	3.95304E+6	1.53266E+6	7.12320E+4	2.07265E+6
5.67000E+1	3.51477E+4	3.09613E+4	4.25560E+6	1.54888E+6	7.13397E+4	2.06643E+6
5.68000E+1	3.55863E+4	3.08834E+4	4.04228E+6	1.51743E+6	7.03795E+4	2.07707E+6
5.69000E+1	3.56592E+4	3.09756E+4	4.20665E+6	1.51013E+6	7.03767E+4	2.02113E+6
5.70000E+1	3.59736E+4	3.08200E+4	3.98719E+6	1.51507E+6	7.02244E+4	2.08458E+6
5.71000E+1	3.63265E+4	3.10182E+4	4.27895E+6	1.55777E+6	7.02626E+4	2.09928E+6
5.72000E+1	3.66482E+4	3.09839E+4	4.23069E+6	1.53817E+6	6.98601E+4	2.10381E+6
5.73000E+1	3.67518E+4	3.10293E+4	4.09151E+6	1.51415E+6	6.97774E+4	2.04502E+6
5.74000E+1	3.71791E+4	3.09414E+4	4.32894E+6	1.55706E+6	7.04693E+4	2.10538E+6
5.75000E+1	3.75566E+4	3.10187E+4	4.28948E+6	1.55046E+6	7.05133E+4	2.11292E+6
5.76000E+1	3.79957E+4	3.09856E+4	4.23129E+6	1.54468E+6	6.99466E+4	2.12338E+6
5.77000E+1	3.85086E+4	3.11084E+4	4.43904E+6	1.57386E+6	6.99941E+4	2.12721E+6
5.78000E+1	3.89513E+4	3.12054E+4	4.45236E+6	1.56355E+6	7.00695E+4	2.11893E+6
5.79000E+1	3.95429E+4	3.10553E+4	4.46776E+6	1.58239E+6	6.99289E+4	2.09710E+6
5.80000E+1	4.03029E+4	3.11361E+4	4.92636E+6	1.61578E+6	7.04721E+4	2.20529E+6
5.81000E+1	4.09887E+4	3.11300E+4	4.61271E+6	1.58339E+6	6.96744E+4	2.10178E+6
5.82000E+1	4.15771E+4	3.12087E+4	4.88599E+6	1.61265E+6	6.99420E+4	2.17504E+6
5.83000E+1	4.23889E+4	3.12975E+4	4.95666E+6	1.60036E+6	6.98871E+4	2.14477E+6
5.84000E+1	4.30589E+4	3.12870E+4	4.80251E+6	1.58266E+6	6.96939E+4	2.11814E+6
5.85000E+1	4.37759E+4	3.12514E+4	4.94515E+6	1.59276E+6	6.97134E+4	2.19506E+6
5.86000E+1	4.45634E+4	3.13781E+4	5.35860E+6	1.60129E+6	6.95456E+4	2.18678E+6
5.87000E+1	4.53425E+4	3.13131E+4	4.91013E+6	1.62800E+6	6.95141E+4	2.12769E+6
5.88000E+1	4.63057E+4	3.13314E+4	5.12696E+6	1.66595E+6	7.01320E+4	2.12084E+6
5.89000E+1	4.70599E+4	3.14003E+4	5.35476E+6	1.64874E+6	6.97709E+4	2.18829E+6
5.90000E+1	4.76278E+4	3.13709E+4	5.23293E+6	1.62964E+6	6.93033E+4	2.15128E+6
5.91000E+1	4.86523E+4	3.13903E+4	5.68410E+6	1.67626E+6	6.91714E+4	2.19167E+6
5.92000E+1	4.96283E+4	3.14521E+4	5.60333E+6	1.70110E+6	6.97023E+4	2.22532E+6
5.93000E+1	5.01051E+4	3.15496E+4	5.67871E+6	1.67687E+6	6.88594E+4	2.18914E+6
5.94000E+1	5.10599E+4	3.15267E+4	5.53499E+6	1.67180E+6	6.91695E+4	2.20769E+6
5.95000E+1	5.19316E+4	3.15646E+4	5.94192E+6	1.68617E+6	6.90350E+4	2.19931E+6
5.96000E+1	5.29505E+4	3.15836E+4	5.83790E+6	1.68720E+6	6.89632E+4	2.26105E+6
5.97000E+1	5.37026E+4	3.16361E+4	5.90452E+6	1.67392E+6	6.89541E+4	2.21924E+6
5.98000E+1	5.43984E+4	3.15875E+4	5.95253E+6	1.70037E+6	6.92562E+4	2.22410E+6
5.99000E+1	5.51640E+4	3.17914E+4	6.04844E+6	1.68299E+6	6.89807E+4	2.22323E+6
6.00000E+1	5.58378E+4	3.16841E+4	5.94545E+6	1.74565E+6	6.92507E+4	2.27169E+6
6.01000E+1	5.68942E+4	3.18194E+4	6.23543E+6	1.70445E+6	6.86621E+4	2.26916E+6
6.02000E+1	5.76696E+4	3.18116E+4	6.55319E+6	1.75093E+6	6.88952E+4	2.28665E+6
6.03000E+1	5.83008E+4	3.17232E+4	6.49383E+6	1.74774E+6	6.86245E+4	2.22567E+6
6.04000E+1	5.91514E+4	3.18648E+4	6.61363E+6	1.77395E+6	6.87667E+4	2.31431E+6
6.05000E+1	6.00649E+4	3.20291E+4	6.79252E+6	1.76910E+6	6.87593E+4	2.31468E+6
6.06000E+1	6.06099E+4	3.18334E+4	6.60637E+6	1.73572E+6	6.86850E+4	2.27133E+6
6.07000E+1	6.12917E+4	3.19803E+4	6.50786E+6	1.77781E+6	6.87245E+4	2.35207E+6
6.08000E+1	6.22936E+4	3.21050E+4	7.58235E+6	1.80852E+6	6.88961E+4	2.32392E+6
6.09000E+1	6.28393E+4	3.20651E+4	6.71833E+6	1.76405E+6	6.83593E+4	2.36786E+6
6.10000E+1	6.35894E+4	3.21241E+4	7.29500E+6	1.79431E+6	6.84242E+4	2.30272E+6
6.11000E+1	6.43778E+4	3.21100E+4	7.03001E+6	1.81016E+6	6.83611E+4	2.34801E+6
6.12000E+1	6.51825E+4	3.20426E+4	7.37514E+6	1.78168E+6	6.79230E+4	2.36629E+6
6.13000E+1	6.58516E+4	3.21387E+4	6.98444E+6	1.75093E+6	6.77252E+4	2.35401E+6
6.14000E+1	6.64581E+4	3.20780E+4	6.99092E+6	1.81334E+6	6.83529E+4	2.40167E+6
6.15000E+1	6.73583E+4	3.22863E+4	7.42407E+6	1.87381E+6	6.84918E+4	2.43002E+6
6.16000E+1	6.80433E+4	3.23043E+4	7.01530E+6	1.86270E+6	6.84964E+4	2.44955E+6
6.17000E+1	6.83158E+4	3.22643E+4	6.98768E+6	1.84988E+6	6.82553E+4	2.36277E+6
6.18000E+1	6.91984E+4	3.22496E+4	7.41314E+6	1.85578E+6	6.77134E+4	2.43726E+6
6.19000E+1	6.97304E+4	3.24087E+4	8.17419E+6	1.90156E+6	6.79994E+4	2.47131E+6
6.20000E+1	7.03610E+4	3.23850E+4	7.02510E+6	1.87369E+6	6.79757E+4	2.49084E+6
6.21000E+1	7.07603E+4	3.24432E+4	7.42954E+6	1.83397E+6	6.77008E+4	2.34358E+6
6.22000E+1	7.14555E+4	3.25371E+4	7.47918E+6	1.87595E+6	6.74782E+4	2.45564E+6
6.23000E+1	7.17524E+4	3.26407E+4	8.67474E+6	1.88200E+6	6.73093E+4	2.53684E+6
6.24000E+1	7.24873E+4	3.25348E+4	7.45888E+6	1.90208E+6	6.76156E+4	2.53863E+6
6.25000E+1	7.26235E+4	3.25433E+4	7.61865E+6	1.85800E+6	6.75469E+4	2.48673E+6
6.26000E+1	7.30373E+4	3.26277E+4	7.46256E+6	1.85430E+6	6.76111E+4	2.57894E+6
6.27000E+1	7.38242E+4	3.27644E+4	7.83369E+6	1.94953E+6	6.73499E+4	2.63681E+6
6.28000E+1	7.40025E+4	3.28496E+4	7.62826E+6	1.88657E+6	6.74077E+4	2.49756E+6
6.29000E+1	7.43837E+4	3.27388E+4	7.61481E+6	1.84025E+6	6.68363E+4	2.54560E+6
6.30000E+1	7.45082E+4	3.27939E+4	7.59187E+6	1.84670E+6	6.66133E+4	2.55624E+6
6.31000E+1	7.52472E+4	3.27530E+4	7.94473E+6	1.86010E+6	6.70311E+4	2.59172E+6
6.32000E+1	7.53452E+4	3.29281E+4	7.66305E+6	1.87457E+6	6.72012E+4	2.58962E+6
6.33000E+1	7.58020E+4	3.29646E+4	7.50332E+6	1.87369E+6	6.69799E+4	2.62432E+6
6.34000E+1	7.63834E+4	3.30079E+4	8.00777E+6	1.89860E+6	6.71517E+4	2.67995E+6
6.35000E+1	7.64286E+4	3.31797E+4	8.05892E+6	1.89320E+6	6.74041E+4	2.63850E+6
6.36000E+1	7.67199E+4	3.29851E+4	7.31620E+6	1.93903E+6	6.71355E+4	2.58403E+6
6.37000E+1	7.72112E+4	3.31557E+4	7.39862E+6	1.92851E+6	6.72949E+4	2.63464E+6
6.38000E+1	7.75995E+4	3.31185E+4	8.53319E+6	1.94158E+6	6.71742E+4	2.67027E+6
6.39000E+1	7.78336E+4	3.32277E+4	8.77510E+6	1.91324E+6	6.67646E+4	2.70659E+6
6.40000E+1	7.78376E+4	3.32328E+4	8.34069E+6	1.85553E+6	6.69243E+4	2.65454E+6
6.41000E+1	7.83045E+4	3.33605E+4	8.09121E+6	1.90842E+6	6.61843E+4	2.64917E+6
6.42000E+1	7.86174E+4	3.32122E+4	7.80742E+6	1.88530E+6	6.58026E+4	2.70178E+6
6.43000E+1	7.89047E+4	3.33885E+4	1.00292E+7	1.90570E+6	6.57636E+4	2.70786E+6
6.44000E+1	7.91049E+4	3.33639E+4	7.41132E+6	1.90350E+6	6.57964E+4	2.68469E+6
6.45000E+1	7.91939E+4	3.33828E+4	7.80943E+6	1.90363E+6	6.59524E+4	2.70127E+6
6.46000E+1	7.94954E+4	3.34000E+4	8.03966E+6	1.90583E+6	6.59045E+4	2.71959E+6
6.47000E+1	7.99888E+4	3.35619E+4	8.30412E+6	1.87696E+6	6.58885E+4	2.78083E+6
6.48000E+1	8.02365E+4	3.34953E+4	7.97613E+6	1.91311E+6	6.56557E+4	2.69597E+6
6.49000E+1	8.03653E+4	3.35159E+4	8.02687E+6	1.87356E+6	6.59054E+4	2.77256E+6
6.50000E+1	8.06182E+4	3.38147E+4	7.86832E+6	1.93329E+6	6.58557E+4	2.87784E+6
6.51000E+1	8.06834E+4	3.38602E+4	8.11506E+6	1.88670E+6	6.58575E+4	2.79399E+6
6.52000E+1	8.08824E+4	3.37218E+4	7.44969E+6	1.83880E+6	6.56583E+4	2.81355E+6
6.53000E+1	8.11643E+4	3.38805E+4	8.31323E+6	1.91861E+6	6.58300E+4	2.84702E+6
6.54000E+1	8.15999E+4	3.38735E+4	8.37526E+6	1.91272E+6	6.52315E+4	2.86816E+6
6.55000E+1	8.13506E+4	3.39654E+4	7.49030E+6	1.88011E+6	6.57680E+4	2.84255E+6
6.56000E+1	8.19245E+4	3.38989E+4	7.86832E+6	1.88251E+6	6.60820E+4	2.93046E+6
6.57000E+1	8.21519E+4	3.41744E+4	8.55486E+6	1.97322E+6	6.57919E+4	2.97763E+6
6.58000E+1	8.21808E+4	3.39943E+4	8.83385E+6	1.89692E+6	6.56362E+4	2.87071E+6
6.59000E+1	8.25161E+4	3.40649E+4	7.38957E+6	1.91246E+6	6.50681E+4	2.95371E+6
6.60000E+1	8.25290E+4	3.41663E+4	9.59569E+6	1.90414E+6	6.57052E+4	2.97977E+6
6.61000E+1	8.30338E+4	3.42319E+4	7.95726E+6	1.87545E+6	6.54949E+4	2.91457E+6
6.62000E+1	8.29087E+4	3.42145E+4	8.00354E+6	1.89525E+6	6.53935E+4	2.87527E+6
6.63000E+1	8.30176E+4	3.42452E+4	8.07611E+6	1.92665E+6	6.55426E+4	2.91750E+6
6.64000E+1	8.36011E+4	3.44657E+4	8.24313E+6	1.92639E+6	6.51533E+4	3.03356E+6
6.65000E+1	8.32131E+4	3.43324E+4	8.98021E+6	1.87268E+6	6.50655E+4	2.98774E+6
6.66000E+1	8.37358E+4	3.43347E+4	7.72568E+6	1.83965E+6	6.44411E+4	2.98651E+6
6.67000E+1	8.41370E+4	3.43853E+4	8.40312E+6	1.94724E+6	6.49865E+4	2.96911E+6
6.68000E+1	8.43633E+4	3.45618E+4	9.02559E+6	1.91011E+6	6.54253E+4	3.00908E+6
6.69000E+1	8.47078E+4	3.45210E+4	7.91151E+6	1.89834E+6	6.50198E+4	2.94234E+6
6.70000E+1	8.44948E+4	3.45613E+4	7.69033E+6	1.88823E+6	6.50461E+4	2.93342E+6
6.71000E+1	8.47606E+4	3.46593E+4	8.20963E+6	1.93143E+6	6.49847E+4	3.09813E+6
6.72000E+1	8.49246E+4	3.45362E+4	8.05463E+6	1.88378E+6	6.50488E+4	3.10275E+6
6.73000E+1	8.51132E+4	3.47219E+4	8.16757E+6	1.86943E+6	6.52509E+4	3.04308E+6
6.74000E+1	8.51883E+4	3.47985E+4	8.20296E+6	1.90311E+6	6.51111E+4	3.09352E+6
6.75000E+1	8.49070E+4	3.48290E+4	7.37334E+6	1.86072E+6	6.50014E+4	3.08370E+6
6.76000E+1	8.54151E+4	3.48260E+4	8.57663E+6	1.94400E+6	6.53671E+4	3.16233E+6
6.77000E+1	8.53143E+4	3.48881E+4	8.15658E+6	1.90027E+6	6.50400E+4	2.91985E+6
6.78000E+1	8.56158E+4	3.49128E+4	7.83167E+6	1.89769E+6	6.50418E+4	3.04626E+6
6.79000E+1	8.54095E+4	3.49532E+4	8.48306E+6	1.89205E+6	6.51454E+4	3.00970E+6
6.80000E+1	8.58458E+4	3.50113E+4	8.21185E+6	1.94589E+6	6.49365E+4	3.17507E+6
6.81000E+1	8.58414E+4	3.49937E+4	7.69816E+6	1.92996E+6	6.46836E+4	3.01501E+6
6.82000E+1	8.56580E+4	3.50730E+4	7.76933E+6	1.88441E+6	6.44184E+4	3.01845E+6
6.83000E+1	8.58948E+4	3.51418E+4	8.37294E+6	1.92361E+6	6.50233E+4	3.15378E+6
6.84000E+1	8.62752E+4	3.53268E+4	8.70961E+6	1.94037E+6	6.46146E+4	3.12036E+6
6.85000E+1	8.60218E+4	3.52119E+4	7.58997E+6	1.87545E+6	6.44498E+4	3.02756E+6
6.86000E+1	8.65304E+4	3.53440E+4	8.55969E+6	1.92467E+6	6.47745E+4	3.15925E+6
6.87000E+1	8.64822E+4	3.52154E+4	7.64175E+6	1.88746E+6	6.43914E+4	3.05907E+6
6.88000E+1	8.63020E+4	3.52885E+4	8.27690E+6	1.91730E+6	6.47649E+4	3.19034E+6
6.89000E+1	8.67234E+4	3.53711E+4	8.69713E+6	1.95048E+6	6.47693E+4	3.19698E+6
6.90000E+1	8.69168E+4	3.54432E+4	7.85810E+6	1.92758E+6	6.47369E+4	3.12404E+6
6.91000E+1	8.66213E+4	3.53989E+4	9.01220E+6	1.93516E+6	6.46068E+4	3.26562E+6
6.92000E+1	8.67931E+4	3.54911E+4	8.70461E+6	1.94683E+6	6.46819E+4	3.16473E+6
6.93000E+1	8.71039E+4	3.54999E+4	8.36370E+6	1.89847E+6	6.46461E+4	3.15038E+6
6.94000E+1	8.74485E+4	3.56847E+4	9.57454E+6	1.95673E+6	6.47500E+4	3.20611E+6
6.95000E+1	8.72404E+4	3.55609E+4	7.42954E+6	1.88314E+6	6.44977E+4	3.16920E+6
6.96000E+1	8.68527E+4	3.56960E+4	8.08689E+6	1.89834E+6	6.43183E+4	3.11536E+6
6.97000E+1	8.72890E+4	3.56770E+4	8.44996E+6	1.93169E+6	6.39417E+4	3.26818E+6
6.98000E+1	8.78444E+4	3.57649E+4	8.63523E+6	1.89602E+6	6.36185E+4	3.20929E+6
6.99000E+1	8.73987E+4	3.56919E+4	7.90944E+6	1.87922E+6	6.38551E+4	3.16886E+6
7.00000E+1	8.79103E+4	3.58409E+4	7.92393E+6	1.92335E+6	6.38499E+4	3.25543E+6
7.01000E+1	8.76525E+4	3.59992E+4	9.20338E+6	1.89129E+6	6.38845E+4	3.27367E+6
7.02000E+1	8.76218E+4	3.58659E+4	8.14342E+6	1.86943E+6	6.33722E+4	3.21035E+6
7.03000E+1	8.81165E+4	3.60737E+4	8.46175E+6	1.87986E+6	6.37782E+4	3.35439E+6
7.04000E+1	8.76729E+4	3.59164E+4	8.48544E+6	1.88340E+6	6.42053E+4	3.33984E+6
7.05000E+1	8.77921E+4	3.60618E+4	7.60907E+6	1.92177E+6	6.41645E+4	3.22168E+6
7.06000E+1	8.79752E+4	3.61914E+4	8.31323E+6	1.91927E+6	6.44350E+4	3.21600E+6
7.07000E+1	8.78649E+4	3.61042E+4	8.16978E+6	1.93930E+6	6.43967E+4	3.21035E+6
7.08000E+1	8.78353E+4	3.61734E+4	7.84995E+6	1.89834E+6	6.43157E+4	3.12639E+6
7.09000E+1	8.82328E+4	3.62153E+4	8.95108E+6	1.92665E+6	6.47807E+4	3.37450E+6
7.10000E+1	8.80435E+4	3.63194E+4	8.24537E+6	1.91599E+6	6.41662E+4	3.33832E+6
7.11000E+1	8.77410E+4	3.62715E+4	8.10854E+6	1.87482E+6	6.38742E+4	3.29507E+6
7.12000E+1	8.79900E+4	3.62039E+4	8.20740E+6	1.88886E+6	6.42670E+4	3.23238E+6
7.13000E+1	8.79946E+4	3.64524E+4	8.43585E+6	1.93890E+6	6.44951E+4	3.28618E+6
7.14000E+1	8.78069E+4	3.64782E+4	7.85606E+6	1.93409E+6	6.42731E+4	3.26270E+6
7.15000E+1	8.76672E+4	3.63673E+4	7.46441E+6	1.87872E+6	6.42879E+4	3.26854E+6
7.16000E+1	8.81188E+4	3.63960E+4	9.12047E+6	1.94104E+6	6.44881E+4	3.24243E+6
7.17000E+1	8.83265E+4	3.65719E+4	8.42179E+6	1.93356E+6	6.47780E+4	3.33794E+6
7.18000E+1	8.82100E+4	3.64848E+4	7.36436E+6	1.85849E+6	6.47081E+4	3.15515E+6
7.19000E+1	8.84042E+4	3.65551E+4	7.63982E+6	1.90156E+6	6.45117E+4	3.31788E+6
7.20000E+1	8.85965E+4	3.67114E+4	8.74475E+6	1.97045E+6	6.45186E+4	3.57744E+6
7.21000E+1	8.84442E+4	3.66723E+4	7.76933E+6	1.89590E+6	6.43888E+4	3.24351E+6
7.22000E+1	8.87628E+4	3.67295E+4	8.51403E+6	1.91599E+6	6.45806E+4	3.34137E+6
7.23000E+1	8.86183E+4	3.68072E+4	8.27690E+6	1.94387E+6	6.46391E+4	3.31976E+6
7.24000E+1	8.83962E+4	3.66970E+4	7.62057E+6	1.87746E+6	6.45858E+4	3.30289E+6
7.25000E+1	8.82808E+4	3.69406E+4	8.31551E+6	1.97766E+6	6.47614E+4	3.34137E+6
7.26000E+1	8.90042E+4	3.68561E+4	8.32694E+6	1.96838E+6	6.48857E+4	3.42340E+6
7.27000E+1	8.88202E+4	3.70567E+4	8.42179E+6	1.89924E+6	6.45326E+4	3.28544E+6
7.28000E+1	8.86676E+4	3.68621E+4	8.35448E+6	1.98282E+6	6.47247E+4	3.31600E+6
7.29000E+1	8.86814E+4	3.70864E+4	8.02900E+6	1.92203E+6	6.47850E+4	3.33832E+6
7.30000E+1	8.85828E+4	3.70549E+4	7.84385E+6	1.94051E+6	6.43636E+4	3.35209E+6
7.31000E+1	8.88811E+4	3.71427E+4	8.30185E+6	1.96467E+6	6.42835E+4	3.39799E+6
7.32000E+1	8.90456E+4	3.70416E+4	8.00565E+6	1.88492E+6	6.35779E+4	3.35901E+6
7.33000E+1	8.93559E+4	3.72658E+4	8.61317E+6	1.86097E+6	6.32880E+4	3.33376E+6
7.34000E+1	8.90744E+4	3.73029E+4	9.33057E+6	1.91481E+6	6.34789E+4	3.22881E+6
7.35000E+1	8.95733E+4	3.71682E+4	8.51164E+6	1.92401E+6	6.38681E+4	3.49523E+6
7.36000E+1	8.92208E+4	3.73442E+4	8.25436E+6	1.91246E+6	6.37583E+4	3.22774E+6
7.37000E+1	8.97831E+4	3.72215E+4	7.27743E+6	1.92414E+6	6.37333E+4	3.43263E+6
7.38000E+1	8.95073E+4	3.74646E+4	7.93016E+6	1.89269E+6	6.35702E+4	3.38269E+6
7.39000E+1	8.97866E+4	3.73229E+4	7.65723E+6	1.88188E+6	6.36564E+4	3.38621E+6
7.40000E+1	8.99957E+4	3.75383E+4	9.55648E+6	1.93529E+6	6.36823E+4	3.43786E+6
7.41000E+1	8.97506E+4	3.75164E+4	7.64755E+6	1.87960E+6	6.34892E+4	3.27881E+6
7.42000E+1	8.98957E+4	3.73776E+4	8.80055E+6	1.94872E+6	6.33447E+4	3.56052E+6
7.43000E+1	9.03242E+4	3.75999E+4	8.66236E+6	1.89078E+6	6.27998E+4	3.42021E+6
7.44000E+1	8.99468E+4	3.75950E+4	8.15219E+6	1.89963E+6	6.28433E+4	3.35362E+6
7.45000E+1	9.01505E+4	3.75895E+4	7.47363E+6	1.93422E+6	6.31026E+4	3.50986E+6
7.46000E+1	9.05427E+4	3.78009E+4	7.75738E+6	1.88925E+6	6.36495E+4	3.45447E+6
7.47000E+1	9.02589E+4	3.77941E+4	9.12595E+6	1.92361E+6	6.34952E+4	3.47371E+6
7.48000E+1	9.02216E+4	3.77507E+4	7.75937E+6	1.89757E+6	6.36029E+4	3.30662E+6
7.49000E+1	9.01982E+4	3.77721E+4	7.77932E+6	1.93276E+6	6.33963E+4	3.34328E+6
7.50000E+1	9.03207E+4	3.78823E+4	8.96960E+6	1.89359E+6	6.27563E+4	3.47700E+6
7.51000E+1	8.99096E+4	3.78315E+4	8.21408E+6	1.87206E+6	6.34169E+4	3.43867E+6
7.52000E+1	9.01598E+4	3.79607E+4	8.10420E+6	1.91533E+6	6.28263E+4	3.50903E+6
7.53000E+1	9.07534E+4	3.80988E+4	7.68251E+6	1.87809E+6	6.27358E+4	3.48775E+6
7.54000E+1	9.01481E+4	3.79987E+4	7.28620E+6	1.84707E+6	6.26437E+4	3.23166E+6
7.55000E+1	9.06457E+4	3.81203E+4	8.33610E+6	1.88391E+6	6.31326E+4	3.42982E+6
7.56000E+1	9.04164E+4	3.80485E+4	9.25384E+6	1.91090E+6	6.30683E+4	3.46960E+6
7.57000E+1	9.03685E+4	3.80626E+4	7.83369E+6	1.89180E+6	6.34023E+4	3.50191E+6
7.58000E+1	9.05146E+4	3.81929E+4	8.12159E+6	1.93249E+6	6.41914E+4	3.54248E+6
7.59000E+1	9.07171E+4	3.82951E+4	8.04393E+6	1.95523E+6	6.41966E+4	3.43706E+6
7.60000E+1	9.04573E+4	3.80810E+4	7.89500E+6	1.91835E+6	6.40942E+4	3.35170E+6
7.61000E+1	9.07874E+4	3.83222E+4	8.74224E+6	1.92996E+6	6.40812E+4	3.51828E+6
7.62000E+1	9.04083E+4	3.83025E+4	7.41132E+6	1.90401E+6	6.39781E+4	3.45284E+6
7.63000E+1	9.08062E+4	3.83345E+4	8.11289E+6	1.96700E+6	6.41715E+4	3.42380E+6
7.64000E+1	9.07933E+4	3.84123E+4	8.95108E+6	1.91848E+6	6.40682E+4	3.55191E+6
7.65000E+1	9.09518E+4	3.84549E+4	7.91564E+6	1.88835E+6	6.41246E+4	3.50567E+6
7.66000E+1	9.06105E+4	3.85810E+4	7.89500E+6	1.94697E+6	6.43523E+4	3.54848E+6
7.67000E+1	9.05450E+4	3.86101E+4	8.42882E+6	1.95089E+6	6.40344E+4	3.52335E+6
7.68000E+1	9.00492E+4	3.83938E+4	7.63018E+6	1.92006E+6	6.38759E+4	3.41542E+6
7.69000E+1	8.97204E+4	3.85735E+4	8.87778E+6	1.94845E+6	6.37341E+4	3.64714E+6
7.70000E+1	8.97320E+4	3.88090E+4	8.90905E+6	1.90518E+6	6.32459E+4	3.51323E+6
7.71000E+1	8.97367E+4	3.86646E+4	7.63982E+6	1.90972E+6	6.37194E+4	3.51112E+6
7.72000E+1	8.93235E+4	3.86051E+4	7.88061E+6	1.89615E+6	6.35082E+4	3.52674E+6
7.73000E+1	8.95501E+4	3.86602E+4	7.35360E+6	1.91796E+6	6.31901E+4	3.47001E+6
7.74000E+1	8.94321E+4	3.88544E+4	8.21185E+6	1.91874E+6	6.33515E+4	3.53310E+6
7.75000E+1	8.92589E+4	3.86534E+4	8.20074E+6	1.91717E+6	6.34634E+4	3.49273E+6
7.76000E+1	8.93917E+4	3.88413E+4	7.94473E+6	1.87620E+6	6.32270E+4	3.43988E+6
7.77000E+1	8.96973E+4	3.88662E+4	7.98033E+6	1.89564E+6	6.30778E+4	3.49648E+6
7.78000E+1	9.00690E+4	3.88618E+4	8.19187E+6	1.89808E+6	6.27281E+4	3.62913E+6
7.79000E+1	8.98167E+4	3.89837E+4	8.00989E+6	1.92904E+6	6.32888E+4	3.50651E+6
7.80000E+1	8.96833E+4	3.89289E+4	7.25819E+6	1.91612E+6	6.26991E+4	3.65484E+6
7.81000E+1	8.98864E+4	3.89594E+4	7.88883E+6	1.92533E+6	6.28340E+4	3.53736E+6
7.82000E+1	8.98272E+4	3.90908E+4	7.93432E+6	1.88467E+6	6.31378E+4	3.64127E+6
7.83000E+1	8.96810E+4	3.91139E+4	7.59950E+6	1.88049E+6	6.31266E+4	3.49024E+6
7.84000E+1	8.98597E+4	3.90815E+4	8.18081E+6	1.86544E+6	6.29169E+4	3.58093E+6
7.85000E+1	8.98899E+4	3.93299E+4	7.94473E+6	1.89282E+6	6.27417E+4	3.53651E+6
7.86000E+1	8.96926E+4	3.91307E+4	7.63018E+6	1.90907E+6	6.29921E+4	3.28988E+6
7.87000E+1	8.98144E+4	3.91962E+4	7.82357E+6	1.84854E+6	6.23426E+4	3.49940E+6
7.88000E+1	8.98841E+4	3.94620E+4	8.61072E+6	1.91573E+6	6.27887E+4	3.50735E+6
7.89000E+1	9.01563E+4	3.93437E+4	7.79535E+6	1.87545E+6	6.30855E+4	3.59847E+6
7.90000E+1	8.99364E+4	3.93143E+4	7.77132E+6	1.86345E+6	6.23672E+4	3.40787E+6
7.91000E+1	9.00469E+4	3.92662E+4	7.88883E+6	1.89090E+6	6.26232E+4	3.54462E+6
7.92000E+1	9.03219E+4	3.93762E+4	7.83572E+6	1.84353E+6	6.24131E+4	3.52293E+6
7.93000E+1	9.06761E+4	3.96301E+4	8.44996E+6	1.88772E+6	6.23451E+4	3.61263E+6
7.94000E+1	9.02740E+4	3.95442E+4	7.72371E+6	1.88810E+6	6.29263E+4	3.47247E+6
7.95000E+1	9.04141E+4	3.95498E+4	7.75738E+6	1.87231E+6	6.28844E+4	3.58442E+6
7.96000E+1	9.06539E+4	3.95266E+4	7.94473E+6	1.85714E+6	6.27528E+4	3.39918E+6
7.97000E+1	9.10881E+4	3.96553E+4	8.38684E+6	1.89513E+6	6.20535E+4	3.50400E+6
7.98000E+1	9.08919E+4	3.96672E+4	8.20740E+6	1.86656E+6	6.26829E+4	3.46550E+6
7.99000E+1	9.08226E+4	3.96905E+4	8.32923E+6	1.91024E+6	6.26548E+4	3.54591E+6
8.00000E+1	9.05169E+4	3.95134E+4	8.09554E+6	1.83312E+6	6.20222E+4	3.55966E+6
8.01000E+1	9.08461E+4	3.96597E+4	7.61673E+6	1.87030E+6	6.20011E+4	3.47206E+6
8.02000E+1	9.05438E+4	3.97829E+4	7.43137E+6	1.87557E+6	6.23442E+4	3.66212E+6
8.03000E+1	9.10329E+4	3.97666E+4	8.15219E+6	1.90985E+6	6.26812E+4	3.41105E+6
8.04000E+1	9.11222E+4	3.98169E+4	8.18081E+6	1.85603E+6	6.22764E+4	3.51786E+6
8.05000E+1	9.11199E+4	3.99310E+4	8.64015E+6	1.87118E+6	6.21627E+4	3.56398E+6
8.06000E+1	9.14157E+4	3.98938E+4	9.34205E+6	1.91181E+6	6.31352E+4	3.58355E+6
8.07000E+1	9.10740E+4	3.99916E+4	7.76534E+6	1.85013E+6	6.30872E+4	3.39563E+6
8.08000E+1	9.10152E+4	4.00554E+4	8.22523E+6	1.92308E+6	6.31506E+4	3.44433E+6
8.09000E+1	9.12871E+4	4.00049E+4	7.98454E+6	1.89821E+6	6.28024E+4	3.49232E+6
8.10000E+1	9.14110E+4	4.00908E+4	8.22746E+6	1.94508E+6	6.26633E+4	3.62108E+6
8.11000E+1	9.12695E+4	4.01066E+4	7.54640E+6	1.90764E+6	6.26974E+4	3.58180E+6
8.12000E+1	9.18902E+4	4.00188E+4	7.51451E+6	1.87696E+6	6.26573E+4	3.53949E+6
8.13000E+1	9.13284E+4	4.01990E+4	8.80055E+6	1.93276E+6	6.26991E+4	3.54891E+6
8.14000E+1	9.14641E+4	4.00921E+4	7.46625E+6	1.88505E+6	6.28382E+4	3.50944E+6
8.15000E+1	9.16095E+4	4.01800E+4	7.65142E+6	1.89474E+6	6.28869E+4	3.59407E+6
8.16000E+1	9.15870E+4	4.02225E+4	9.09316E+6	1.91966E+6	6.27307E+4	3.57396E+6
8.17000E+1	9.16533E+4	4.03835E+4	9.30485E+6	1.91220E+6	6.30101E+4	3.56225E+6
8.18000E+1	9.18037E+4	4.03315E+4	8.40778E+6	1.91416E+6	6.27878E+4	3.69942E+6
8.19000E+1	9.20672E+4	4.03232E+4	7.91564E+6	1.89129E+6	6.25389E+4	3.47700E+6
8.20000E+1	9.17670E+4	4.04846E+4	7.79535E+6	1.87708E+6	6.27298E+4	3.60200E+6
8.21000E+1	9.16261E+4	4.04941E+4	8.00989E+6	1.90298E+6	6.28707E+4	3.55535E+6
8.22000E+1	9.17634E+4	4.04763E+4	8.59608E+6	1.88061E+6	6.27110E+4	3.57962E+6
8.23000E+1	9.14677E+4	4.04623E+4	8.32694E+6	1.88874E+6	6.31875E+4	3.66852E+6
8.24000E+1	9.14122E+4	4.05526E+4	7.55017E+6	1.90596E+6	6.29553E+4	3.44959E+6
8.25000E+1	9.19508E+4	4.05641E+4	8.23865E+6	1.93436E+6	6.27682E+4	3.76326E+6
8.26000E+1	9.20707E+4	4.05889E+4	8.33381E+6	1.90492E+6	6.33026E+4	3.57135E+6
8.27000E+1	9.21742E+4	4.06450E+4	8.14780E+6	1.93316E+6	6.31652E+4	3.58049E+6
8.28000E+1	9.19021E+4	4.07068E+4	9.15897E+6	1.90829E+6	6.34229E+4	3.55449E+6
8.29000E+1	9.20030E+4	4.07815E+4	8.17198E+6	1.93382E+6	6.32261E+4	3.64397E+6
8.30000E+1	9.20874E+4	4.08856E+4	8.78526E+6	1.89847E+6	6.32536E+4	3.78357E+6
8.31000E+1	9.19365E+4	4.07451E+4	7.99086E+6	1.90933E+6	6.33344E+4	3.54334E+6
8.32000E+1	9.18238E+4	4.07579E+4	8.29730E+6	1.93850E+6	6.32407E+4	3.55578E+6
8.33000E+1	9.18440E+4	4.08569E+4	7.61098E+6	1.91181E+6	6.32416E+4	3.66943E+6
8.34000E+1	9.21885E+4	4.10181E+4	8.22300E+6	1.90091E+6	6.31575E+4	3.54976E+6
8.35000E+1	9.21766E+4	4.08997E+4	8.47595E+6	1.93436E+6	6.31018E+4	3.72141E+6
8.36000E+1	9.24268E+4	4.09311E+4	8.00565E+6	1.95129E+6	6.30495E+4	3.96674E+6
8.37000E+1	9.24458E+4	4.11284E+4	8.20963E+6	1.93169E+6	6.31163E+4	3.52547E+6
8.38000E+1	9.18819E+4	4.09893E+4	7.71780E+6	1.85025E+6	6.28733E+4	3.57613E+6
8.39000E+1	9.23385E+4	4.10002E+4	8.51881E+6	1.88899E+6	6.26701E+4	3.56831E+6
