0.00000E+0	5.09045E+4	8.72033E+4	5.57196E+6	1.50126E+6	8.16215E+4	3.60970E+6
1.00000E-1	4.50806E+4	7.97648E+4	5.54206E+6	1.39233E+6	7.60057E+4	3.53668E+6
2.00000E-1	4.48855E+4	7.99388E+4	6.27826E+6	1.44568E+6	7.59787E+4	3.84396E+6
3.00000E-1	4.52822E+4	7.99889E+4	6.53456E+6	1.44753E+6	7.61115E+4	3.97978E+6
4.00000E-1	4.50819E+4	7.94831E+4	5.01912E+6	1.37847E+6	7.54694E+4	3.44125E+6
5.00000E-1	4.47146E+4	7.92612E+4	5.06254E+6	1.39990E+6	7.54585E+4	3.44206E+6
6.00000E-1	4.50507E+4	7.97887E+4	6.21724E+6	1.41468E+6	7.58701E+4	3.78619E+6
7.00000E-1	4.51830E+4	7.92819E+4	5.83211E+6	1.43780E+6	7.58970E+4	3.68479E+6
8.00000E-1	4.48585E+4	7.90431E+4	5.01490E+6	1.38882E+6	7.54992E+4	3.58241E+6
9.00000E-1	4.46593E+4	7.89801E+4	5.56988E+6	1.38654E+6	7.55816E+4	3.63964E+6
1.00000E+0	4.51403E+4	7.93959E+4	5.95241E+6	1.40645E+6	7.53376E+4	3.58460E+6
1.10000E+0	4.47376E+4	7.87986E+4	5.29119E+6	1.41587E+6	7.54922E+4	3.61681E+6
1.20000E+0	4.50155E+4	7.90534E+4	6.52748E+6	1.43810E+6	7.53722E+4	3.77455E+6
1.30000E+0	4.51151E+4	7.95963E+4	5.72633E+6	1.43256E+6	7.54773E+4	4.01548E+6
1.40000E+0	4.52048E+4	7.95869E+4	6.39436E+6	1.48466E+6	7.58332E+4	3.97015E+6
1.50000E+0	4.50982E+4	7.90617E+4	5.39425E+6	1.40302E+6	7.51427E+4	3.54651E+6
1.60000E+0	4.49911E+4	7.87904E+4	4.75414E+6	1.38519E+6	7.50360E+4	3.54951E+6
1.70000E+0	4.54061E+4	7.89233E+4	5.55748E+6	1.40821E+6	7.55826E+4	4.03192E+6
1.80000E+0	4.51233E+4	7.92374E+4	6.03010E+6	1.41794E+6	7.52960E+4	3.79253E+6
1.90000E+0	4.51790E+4	7.85200E+4	4.88511E+6	1.36763E+6	7.51219E+4	3.43560E+6
2.00000E+0	4.51029E+4	7.91019E+4	5.90673E+6	1.44507E+6	7.56362E+4	3.90969E+6
2.10000E+0	4.51966E+4	7.85734E+4	5.15875E+6	1.36610E+6	7.50271E+4	3.48502E+6
2.20000E+0	4.52231E+4	7.87749E+4	5.98206E+6	1.41876E+6	7.50311E+4	3.79692E+6
2.30000E+0	4.49647E+4	7.84912E+4	5.06083E+6	1.38270E+6	7.47581E+4	3.77697E+6
2.40000E+0	4.49437E+4	7.86875E+4	5.77596E+6	1.42803E+6	7.50459E+4	3.91332E+6
2.50000E+0	4.55213E+4	7.90327E+4	6.40661E+6	1.42129E+6	7.52148E+4	3.88038E+6
2.60000E+0	4.54163E+4	7.86124E+4	5.61162E+6	1.40879E+6	7.55041E+4	3.88447E+6
2.70000E+0	4.51308E+4	7.79866E+4	4.87472E+6	1.36148E+6	7.44673E+4	3.36612E+6
2.80000E+0	4.50277E+4	7.82452E+4	5.73729E+6	1.41527E+6	7.47492E+4	3.78279E+6
2.90000E+0	4.57023E+4	7.87863E+4	5.89745E+6	1.42961E+6	7.49324E+4	4.08653E+6
3.00000E+0	4.55848E+4	7.85477E+4	5.45422E+6	1.44138E+6	7.51111E+4	3.85099E+6
3.10000E+0	4.54770E+4	7.82104E+4	5.20459E+6	1.37987E+6	7.46863E+4	3.55725E+6
3.20000E+0	4.49065E+4	7.81613E+4	5.30151E+6	1.38761E+6	7.44928E+4	3.49290E+6
3.30000E+0	4.52979E+4	7.86186E+4	5.92773E+6	1.44507E+6	7.50814E+4	4.03963E+6
3.40000E+0	4.55459E+4	7.84235E+4	5.34988E+6	1.39903E+6	7.46205E+4	3.65003E+6
3.50000E+0	4.50568E+4	7.79111E+4	4.81097E+6	1.36107E+6	7.42147E+4	3.59161E+6
3.60000E+0	4.52156E+4	7.79632E+4	5.11546E+6	1.37790E+6	7.42489E+4	3.34152E+6
3.70000E+0	4.55083E+4	7.78989E+4	4.96731E+6	1.38249E+6	7.43125E+4	3.40724E+6
3.80000E+0	4.52000E+4	7.79315E+4	5.33556E+6	1.33999E+6	7.44909E+4	3.52183E+6
3.90000E+0	4.54136E+4	7.79111E+4	5.60008E+6	1.38058E+6	7.42979E+4	3.60704E+6
4.00000E+0	4.55827E+4	7.82094E+4	5.76265E+6	1.45951E+6	7.45939E+4	3.69311E+6
4.10000E+0	4.59352E+4	7.85395E+4	6.61639E+6	1.42999E+6	7.47601E+4	4.08936E+6
4.20000E+0	4.58598E+4	7.83497E+4	5.66358E+6	1.40872E+6	7.43782E+4	3.74289E+6
4.30000E+0	4.58680E+4	7.76983E+4	5.39134E+6	1.40048E+6	7.42646E+4	3.64506E+6
4.40000E+0	4.55807E+4	7.78724E+4	4.73147E+6	1.37271E+6	7.40272E+4	3.33923E+6
4.50000E+0	4.55691E+4	7.75417E+4	4.74127E+6	1.37938E+6	7.42128E+4	3.49706E+6
4.60000E+0	4.60870E+4	7.79968E+4	5.77819E+6	1.41357E+6	7.41248E+4	3.68156E+6
4.70000E+0	4.63039E+4	7.88604E+4	6.27302E+6	1.43902E+6	7.44860E+4	3.93313E+6
4.80000E+0	4.60843E+4	7.82053E+4	6.23271E+6	1.43703E+6	7.44360E+4	4.00351E+6
4.90000E+0	4.55663E+4	7.79295E+4	5.45820E+6	1.40149E+6	7.40516E+4	3.83098E+6
5.00000E+0	4.61317E+4	7.78826E+4	6.05808E+6	1.46312E+6	7.42773E+4	3.77600E+6
5.10000E+0	4.63067E+4	7.81623E+4	6.45747E+6	1.46691E+6	7.41629E+4	3.78814E+6
5.20000E+0	4.61028E+4	7.75631E+4	4.79780E+6	1.37292E+6	7.39608E+4	3.47675E+6
5.30000E+0	4.61386E+4	7.79407E+4	5.94063E+6	1.43521E+6	7.38498E+4	3.74479E+6
5.40000E+0	4.65222E+4	7.82370E+4	6.13853E+6	1.43787E+6	7.46588E+4	3.69311E+6
5.50000E+0	4.62577E+4	7.74362E+4	5.23834E+6	1.34751E+6	7.38293E+4	3.44894E+6
5.60000E+0	4.59702E+4	7.72406E+4	5.20096E+6	1.32393E+6	7.41277E+4	3.43762E+6
5.70000E+0	4.62998E+4	7.75529E+4	5.53796E+6	1.40506E+6	7.39287E+4	3.48460E+6
5.80000E+0	4.63936E+4	7.82002E+4	6.07154E+6	1.43029E+6	7.40545E+4	3.87426E+6
5.90000E+0	4.61675E+4	7.81041E+4	5.74168E+6	1.41779E+6	7.42714E+4	3.86563E+6
6.00000E+0	4.67535E+4	7.81583E+4	6.05075E+6	1.50118E+6	7.44595E+4	3.92111E+6
6.10000E+0	4.67785E+4	7.80857E+4	6.78931E+6	1.44284E+6	7.42519E+4	3.96429E+6
6.20000E+0	4.67633E+4	7.81266E+4	5.80054E+6	1.39686E+6	7.41385E+4	3.94680E+6
6.30000E+0	4.69564E+4	7.77919E+4	5.39328E+6	1.40843E+6	7.41434E+4	3.68525E+6
6.40000E+0	4.66315E+4	7.79825E+4	5.13216E+6	1.36805E+6	7.35863E+4	3.50375E+6
6.50000E+0	4.65768E+4	7.79315E+4	5.45820E+6	1.37783E+6	7.38245E+4	3.68432E+6
6.60000E+0	4.68646E+4	7.85395E+4	6.19674E+6	1.46320E+6	7.40887E+4	3.95209E+6
6.70000E+0	4.67667E+4	7.75153E+4	5.12599E+6	1.39046E+6	7.36737E+4	3.44773E+6
6.80000E+0	4.66052E+4	7.78805E+4	5.46418E+6	1.43582E+6	7.38566E+4	3.65775E+6
6.90000E+0	4.67459E+4	7.83282E+4	6.10734E+6	1.46857E+6	7.43870E+4	3.87732E+6
7.00000E+0	4.68028E+4	7.80928E+4	6.16118E+6	1.44715E+6	7.40613E+4	3.69682E+6
7.10000E+0	4.66246E+4	7.75549E+4	5.01322E+6	1.36141E+6	7.35737E+4	3.58197E+6
7.20000E+0	4.63343E+4	7.77675E+4	5.40888E+6	1.40375E+6	7.36980E+4	3.52140E+6
7.30000E+0	4.69592E+4	7.81501E+4	6.23659E+6	1.46651E+6	7.38615E+4	3.94522E+6
7.40000E+0	4.66551E+4	7.76718E+4	5.47417E+6	1.41764E+6	7.37058E+4	3.76153E+6
7.50000E+0	4.66218E+4	7.76179E+4	5.23651E+6	1.38939E+6	7.34389E+4	3.40328E+6
7.60000E+0	4.63439E+4	7.77787E+4	5.31281E+6	1.38718E+6	7.37437E+4	3.75913E+6
7.70000E+0	4.66371E+4	7.75824E+4	6.00599E+6	1.42032E+6	7.35620E+4	3.71502E+6
7.80000E+0	4.68118E+4	7.82473E+4	6.24047E+6	1.45529E+6	7.39267E+4	3.94522E+6
7.90000E+0	4.68250E+4	7.76281E+4	5.07545E+6	1.38504E+6	7.37048E+4	3.49665E+6
8.00000E+0	4.66981E+4	7.78225E+4	4.89956E+6	1.41572E+6	7.35096E+4	3.51550E+6
8.10000E+0	4.69001E+4	7.80469E+4	5.96779E+6	1.46241E+6	7.36854E+4	3.69868E+6
8.20000E+0	4.64904E+4	7.77044E+4	5.36427E+6	1.37924E+6	7.32810E+4	3.47923E+6
8.30000E+0	4.67882E+4	7.78612E+4	5.32416E+6	1.39369E+6	7.35902E+4	3.54951E+6
8.40000E+0	4.71654E+4	7.81470E+4	5.90208E+6	1.46391E+6	7.37233E+4	4.25817E+6
8.50000E+0	4.68070E+4	7.81347E+4	5.39231E+6	1.43430E+6	7.37855E+4	3.69357E+6
8.60000E+0	4.64599E+4	7.77176E+4	4.99225E+6	1.38825E+6	7.34650E+4	3.51129E+6
8.70000E+0	4.69237E+4	7.78459E+4	5.87896E+6	1.44192E+6	7.36475E+4	3.83247E+6
8.80000E+0	4.67168E+4	7.76647E+4	5.04372E+6	1.41624E+6	7.32433E+4	3.38989E+6
8.90000E+0	4.68494E+4	7.76555E+4	5.18562E+6	1.42548E+6	7.34350E+4	3.63200E+6
9.00000E+0	4.70295E+4	7.82319E+4	6.21982E+6	1.43810E+6	7.35397E+4	3.58766E+6
9.10000E+0	4.65097E+4	7.76993E+4	5.24386E+6	1.37959E+6	7.33740E+4	3.43520E+6
9.20000E+0	4.67161E+4	7.81255E+4	6.25996E+6	1.44138E+6	7.34495E+4	3.90813E+6
9.30000E+0	4.68626E+4	7.85641E+4	6.04102E+6	1.47342E+6	7.35863E+4	3.82700E+6
9.40000E+0	4.66184E+4	7.76972E+4	5.06340E+6	1.38839E+6	7.33536E+4	3.49415E+6
9.50000E+0	4.64061E+4	7.81951E+4	4.97310E+6	1.39003E+6	7.31390E+4	3.40566E+6
9.60000E+0	4.66634E+4	7.79091E+4	5.00481E+6	1.37034E+6	7.31206E+4	3.41479E+6
9.70000E+0	4.66031E+4	7.75488E+4	4.92791E+6	1.36541E+6	7.31216E+4	3.32633E+6
9.80000E+0	4.65083E+4	7.79662E+4	4.95164E+6	1.38214E+6	7.32820E+4	3.37777E+6
9.90000E+0	4.65478E+4	7.80520E+4	6.83394E+6	1.45357E+6	7.37097E+4	3.72442E+6
1.00000E+1	4.70609E+4	7.85580E+4	6.34848E+6	1.42151E+6	7.38186E+4	3.87834E+6
1.01000E+1	4.66967E+4	7.80275E+4	5.35563E+6	1.42174E+6	7.30588E+4	3.62126E+6
1.02000E+1	4.69564E+4	7.83374E+4	5.62215E+6	1.42286E+6	7.35058E+4	3.90451E+6
1.03000E+1	4.68820E+4	7.80990E+4	5.27160E+6	1.39132E+6	7.33459E+4	3.74099E+6
1.04000E+1	4.66877E+4	7.77736E+4	5.25954E+6	1.41868E+6	7.31506E+4	3.39461E+6
1.05000E+1	4.70434E+4	7.81133E+4	5.24018E+6	1.41995E+6	7.35824E+4	3.77310E+6
1.06000E+1	4.71124E+4	7.86638E+4	6.31782E+6	1.44192E+6	7.33788E+4	3.78376E+6
1.07000E+1	4.68348E+4	7.83312E+4	6.06297E+6	1.46288E+6	7.36630E+4	3.62573E+6
1.08000E+1	4.70295E+4	7.87255E+4	6.70175E+6	1.41891E+6	7.35407E+4	4.14784E+6
1.09000E+1	4.70135E+4	7.85816E+4	6.39980E+6	1.47270E+6	7.35407E+4	3.96163E+6
1.10000E+1	4.67771E+4	7.82903E+4	5.74168E+6	1.39700E+6	7.36067E+4	3.57936E+6
1.11000E+1	4.64986E+4	7.79346E+4	5.49628E+6	1.37903E+6	7.32250E+4	3.65139E+6
1.12000E+1	4.67112E+4	7.81920E+4	5.29025E+6	1.39347E+6	7.37126E+4	3.65775E+6
1.13000E+1	4.66343E+4	7.79744E+4	5.22187E+6	1.38775E+6	7.31873E+4	3.60438E+6
1.14000E+1	4.65561E+4	7.77298E+4	4.82734E+6	1.37125E+6	7.31177E+4	3.31577E+6
1.15000E+1	4.66821E+4	7.83036E+4	5.12863E+6	1.38775E+6	7.33604E+4	3.48999E+6
1.16000E+1	4.68605E+4	7.83948E+4	5.56988E+6	1.38597E+6	7.32288E+4	3.79595E+6
1.17000E+1	4.69669E+4	7.80734E+4	5.72743E+6	1.41011E+6	7.31515E+4	3.54994E+6
1.18000E+1	4.68445E+4	7.82851E+4	5.08670E+6	1.36465E+6	7.29528E+4	3.45993E+6
1.19000E+1	4.70657E+4	7.81031E+4	5.49729E+6	1.38023E+6	7.31187E+4	3.48253E+6
1.20000E+1	4.68250E+4	7.82534E+4	5.61057E+6	1.38327E+6	7.30222E+4	3.54223E+6
1.21000E+1	4.66759E+4	7.79652E+4	4.89876E+6	1.37481E+6	7.29740E+4	3.44287E+6
1.22000E+1	4.73394E+4	7.83968E+4	6.11479E+6	1.42826E+6	7.34098E+4	3.63964E+6
1.23000E+1	4.71306E+4	7.86926E+4	6.25475E+6	1.46849E+6	7.35989E+4	3.77213E+6
1.24000E+1	4.68028E+4	7.81726E+4	5.80503E+6	1.43559E+6	7.31940E+4	3.73671E+6
1.25000E+1	4.69989E+4	7.84317E+4	5.34510E+6	1.43483E+6	7.34932E+4	3.82055E+6
1.26000E+1	4.69676E+4	7.88646E+4	6.70026E+6	1.45295E+6	7.37116E+4	3.72301E+6
1.27000E+1	4.68431E+4	7.83917E+4	6.35788E+6	1.43248E+6	7.33207E+4	3.76105E+6
1.28000E+1	4.71361E+4	7.86134E+4	5.91255E+6	1.42316E+6	7.35708E+4	3.62483E+6
1.29000E+1	4.70581E+4	7.84676E+4	5.83779E+6	1.42084E+6	7.34185E+4	3.65094E+6
1.30000E+1	4.70497E+4	7.85333E+4	6.31517E+6	1.45225E+6	7.34137E+4	3.95579E+6
1.31000E+1	4.72842E+4	7.85600E+4	6.15235E+6	1.46897E+6	7.36164E+4	3.94469E+6
1.32000E+1	4.71215E+4	7.85569E+4	6.15991E+6	1.43460E+6	7.35329E+4	3.77697E+6
1.33000E+1	4.74010E+4	7.91805E+4	6.88701E+6	1.48823E+6	7.37992E+4	3.92685E+6
1.34000E+1	4.73632E+4	7.89791E+4	6.68243E+6	1.46178E+6	7.35941E+4	3.78230E+6
1.35000E+1	4.72883E+4	7.89007E+4	5.97848E+6	1.45086E+6	7.38157E+4	3.80084E+6
1.36000E+1	4.74311E+4	7.88604E+4	5.93124E+6	1.43029E+6	7.32907E+4	3.79301E+6
1.37000E+1	4.75748E+4	7.91340E+4	6.78320E+6	1.45062E+6	7.34108E+4	4.00297E+6
1.38000E+1	4.76302E+4	7.91971E+4	6.49229E+6	1.46881E+6	7.34757E+4	3.94101E+6
1.39000E+1	4.76113E+4	7.89419E+4	6.70175E+6	1.46580E+6	7.35223E+4	3.89626E+6
1.40000E+1	4.78559E+4	7.87945E+4	6.45332E+6	1.47095E+6	7.35077E+4	3.76972E+6
1.41000E+1	4.77293E+4	7.89141E+4	6.03374E+6	1.42795E+6	7.34573E+4	3.70287E+6
1.42000E+1	4.71055E+4	7.85467E+4	5.29588E+6	1.41188E+6	7.32143E+4	3.59688E+6
1.43000E+1	4.71096E+4	7.82145E+4	5.17394E+6	1.38718E+6	7.33517E+4	3.54908E+6
1.44000E+1	4.70407E+4	7.83692E+4	5.79494E+6	1.41335E+6	7.34214E+4	3.60262E+6
1.45000E+1	4.73394E+4	7.91143E+4	6.31517E+6	1.47462E+6	7.37126E+4	4.07864E+6
1.46000E+1	4.77462E+4	7.88244E+4	6.59610E+6	1.48848E+6	7.36174E+4	3.83048E+6
1.47000E+1	4.73345E+4	7.90234E+4	5.83325E+6	1.43582E+6	7.37029E+4	3.61103E+6
1.48000E+1	4.71299E+4	7.82810E+4	5.27439E+6	1.39896E+6	7.27247E+4	3.46935E+6
1.49000E+1	4.70434E+4	7.85138E+4	5.73290E+6	1.43331E+6	7.35543E+4	3.65321E+6
1.50000E+1	4.75011E+4	7.91474E+4	6.07400E+6	1.44253E+6	7.33972E+4	4.03742E+6
1.51000E+1	4.67515E+4	7.85312E+4	5.05483E+6	1.39376E+6	7.31699E+4	3.26212E+6
1.52000E+1	4.67910E+4	7.89295E+4	6.21596E+6	1.40440E+6	7.32269E+4	3.67374E+6
1.53000E+1	4.71543E+4	7.93949E+4	6.48809E+6	1.45459E+6	7.34301E+4	3.97442E+6
1.54000E+1	4.68765E+4	7.94053E+4	7.15992E+6	1.46849E+6	7.35038E+4	3.89164E+6
1.55000E+1	4.64592E+4	7.87554E+4	5.28932E+6	1.41527E+6	7.30685E+4	3.47017E+6
1.56000E+1	4.64447E+4	7.88615E+4	5.06598E+6	1.42218E+6	7.32840E+4	3.51550E+6
1.57000E+1	4.66017E+4	7.91464E+4	6.25605E+6	1.44630E+6	7.35756E+4	3.72820E+6
1.58000E+1	4.60121E+4	7.86576E+4	4.94097E+6	1.35791E+6	7.30492E+4	3.45219E+6
1.59000E+1	4.61324E+4	7.88120E+4	5.53080E+6	1.41203E+6	7.33711E+4	3.52140E+6
1.60000E+1	4.62826E+4	7.93607E+4	6.08015E+6	1.45194E+6	7.36883E+4	4.01712E+6
1.61000E+1	4.60870E+4	7.91950E+4	5.74388E+6	1.40711E+6	7.34011E+4	3.65957E+6
1.62000E+1	4.59847E+4	7.85826E+4	5.69587E+6	1.40843E+6	7.34883E+4	3.44894E+6
1.63000E+1	4.60238E+4	7.90276E+4	5.58650E+6	1.38725E+6	7.34864E+4	3.61325E+6
1.64000E+1	4.54688E+4	7.84697E+4	4.75262E+6	1.36860E+6	7.31795E+4	3.34687E+6
1.65000E+1	4.55575E+4	7.87204E+4	4.99141E+6	1.34737E+6	7.29547E+4	3.42597E+6
1.66000E+1	4.55964E+4	7.89151E+4	5.18022E+6	1.37987E+6	7.33517E+4	3.36302E+6
1.67000E+1	4.55964E+4	7.94229E+4	5.89976E+6	1.43029E+6	7.34679E+4	3.89781E+6
1.68000E+1	4.60032E+4	7.95547E+4	6.23013E+6	1.42092E+6	7.35873E+4	3.88959E+6
1.69000E+1	4.54184E+4	7.94758E+4	6.06909E+6	1.41085E+6	7.32830E+4	3.71174E+6
1.70000E+1	4.52238E+4	7.92498E+4	5.25399E+6	1.36458E+6	7.35135E+4	3.53412E+6
1.71000E+1	4.50426E+4	7.86124E+4	5.10147E+6	1.34132E+6	7.30849E+4	3.42557E+6
1.72000E+1	4.50650E+4	7.86978E+4	5.13040E+6	1.35422E+6	7.31564E+4	3.39933E+6
1.73000E+1	4.52088E+4	7.88831E+4	4.95493E+6	1.38511E+6	7.36077E+4	3.60350E+6
1.74000E+1	4.53993E+4	7.96004E+4	5.79606E+6	1.40331E+6	7.37894E+4	3.85401E+6
1.75000E+1	4.50121E+4	7.90183E+4	4.88111E+6	1.33805E+6	7.32723E+4	3.29894E+6
1.76000E+1	4.50670E+4	7.89429E+4	5.18202E+6	1.35709E+6	7.33023E+4	3.48088E+6
1.77000E+1	4.50839E+4	7.96493E+4	5.56058E+6	1.39614E+6	7.35562E+4	3.77406E+6
1.78000E+1	4.54565E+4	7.93472E+4	5.54411E+6	1.39816E+6	7.34069E+4	3.65957E+6
1.79000E+1	4.50765E+4	7.93783E+4	5.08150E+6	1.35238E+6	7.32607E+4	3.51003E+6
1.80000E+1	4.50148E+4	7.94903E+4	4.90117E+6	1.33162E+6	7.32762E+4	3.37816E+6
1.81000E+1	4.49309E+4	7.86906E+4	5.08496E+6	1.33745E+6	7.31177E+4	3.25123E+6
1.82000E+1	4.50175E+4	7.91412E+4	5.77374E+6	1.39147E+6	7.32472E+4	3.74194E+6
1.83000E+1	4.51477E+4	7.98095E+4	5.80953E+6	1.44630E+6	7.34631E+4	3.75769E+6
1.84000E+1	4.48889E+4	7.91516E+4	5.17125E+6	1.32832E+6	7.32076E+4	3.56242E+6
1.85000E+1	4.49539E+4	7.92250E+4	5.31565E+6	1.38150E+6	7.34670E+4	3.48750E+6
1.86000E+1	4.51355E+4	7.96399E+4	6.15361E+6	1.40477E+6	7.36077E+4	3.82501E+6
1.87000E+1	4.49782E+4	7.92913E+4	5.06512E+6	1.35538E+6	7.35426E+4	3.50249E+6
1.88000E+1	4.45071E+4	7.90926E+4	4.79239E+6	1.33050E+6	7.30608E+4	3.32104E+6
1.89000E+1	4.49214E+4	7.88264E+4	4.80476E+6	1.34005E+6	7.28478E+4	3.39421E+6
1.90000E+1	4.49112E+4	7.92592E+4	5.29682E+6	1.36114E+6	7.32230E+4	3.56070E+6
1.91000E+1	4.52265E+4	7.97575E+4	5.77930E+6	1.42099E+6	7.36679E+4	3.59381E+6
1.92000E+1	4.50514E+4	7.94405E+4	5.38454E+6	1.37931E+6	7.37953E+4	3.46689E+6
1.93000E+1	4.50087E+4	7.91733E+4	5.03946E+6	1.38100E+6	7.32356E+4	3.50124E+6
1.94000E+1	4.48774E+4	7.91557E+4	4.72546E+6	1.33215E+6	7.31477E+4	3.49998E+6
1.95000E+1	4.53721E+4	7.96285E+4	5.87551E+6	1.42241E+6	7.35679E+4	3.67145E+6
1.96000E+1	4.49484E+4	7.92188E+4	5.12423E+6	1.33122E+6	7.34088E+4	3.37310E+6
1.97000E+1	4.52061E+4	7.97377E+4	5.95832E+6	1.41772E+6	7.37175E+4	3.73103E+6
1.98000E+1	4.52082E+4	7.94727E+4	5.92422E+6	1.40397E+6	7.35882E+4	3.58722E+6
1.99000E+1	4.51280E+4	7.92623E+4	4.80476E+6	1.33552E+6	7.31457E+4	3.23862E+6
2.00000E+1	4.48274E+4	7.92830E+4	5.66680E+6	1.39765E+6	7.36290E+4	3.53711E+6
2.01000E+1	4.54368E+4	7.95900E+4	6.28613E+6	1.43082E+6	7.36825E+4	3.64687E+6
2.02000E+1	4.53435E+4	7.99513E+4	5.39523E+6	1.40740E+6	7.35727E+4	3.59293E+6
2.03000E+1	4.52958E+4	7.93337E+4	4.94179E+6	1.33945E+6	7.32530E+4	3.34381E+6
2.04000E+1	4.55821E+4	7.95973E+4	5.89976E+6	1.41306E+6	7.37087E+4	3.75578E+6
2.05000E+1	4.57270E+4	7.99649E+4	5.60217E+6	1.37264E+6	7.36319E+4	3.53881E+6
2.06000E+1	4.56360E+4	7.92312E+4	5.29775E+6	1.37118E+6	7.33256E+4	3.46976E+6
2.07000E+1	4.55240E+4	7.90348E+4	4.97808E+6	1.35211E+6	7.32723E+4	3.31427E+6
2.08000E+1	4.57940E+4	7.95329E+4	5.62637E+6	1.38122E+6	7.35921E+4	3.49415E+6
2.09000E+1	4.58344E+4	7.99680E+4	5.93593E+6	1.40120E+6	7.36154E+4	3.93523E+6
2.10000E+1	4.57755E+4	7.98220E+4	5.83098E+6	1.35969E+6	7.33807E+4	3.54994E+6
2.11000E+1	4.55288E+4	7.94426E+4	5.13481E+6	1.33665E+6	7.30463E+4	3.32029E+6
2.12000E+1	4.54395E+4	7.93192E+4	4.90682E+6	1.34374E+6	7.29692E+4	3.37232E+6
2.13000E+1	4.56456E+4	7.94416E+4	4.79548E+6	1.34173E+6	7.31786E+4	3.35339E+6
2.14000E+1	4.58187E+4	7.95848E+4	5.52060E+6	1.40084E+6	7.31612E+4	3.36573E+6
2.15000E+1	4.58872E+4	7.98460E+4	5.62637E+6	1.41284E+6	7.33536E+4	3.68294E+6
2.16000E+1	4.59009E+4	7.98981E+4	6.49929E+6	1.47390E+6	7.37252E+4	3.79839E+6
2.17000E+1	4.62860E+4	8.00202E+4	6.53456E+6	1.40128E+6	7.35679E+4	3.65912E+6
2.18000E+1	4.59332E+4	7.93037E+4	4.98141E+6	1.38192E+6	7.31554E+4	3.30080E+6
2.19000E+1	4.59400E+4	7.91836E+4	4.77932E+6	1.35096E+6	7.31100E+4	3.30229E+6
2.20000E+1	4.60588E+4	7.96919E+4	4.99308E+6	1.34468E+6	7.30810E+4	3.14169E+6
2.21000E+1	4.62550E+4	7.96202E+4	4.78854E+6	1.38746E+6	7.29258E+4	3.38558E+6
2.22000E+1	4.61544E+4	7.95807E+4	4.91653E+6	1.38696E+6	7.32598E+4	3.27822E+6
2.23000E+1	4.61537E+4	7.95298E+4	4.79162E+6	1.36134E+6	7.31699E+4	3.28080E+6
2.24000E+1	4.63736E+4	7.98960E+4	5.43244E+6	1.37699E+6	7.29942E+4	3.40526E+6
2.25000E+1	4.64434E+4	7.93690E+4	5.06426E+6	1.38334E+6	7.27843E+4	3.31164E+6
2.26000E+1	4.61613E+4	7.94125E+4	5.15341E+6	1.35832E+6	7.31419E+4	3.27418E+6
2.27000E+1	4.64385E+4	7.96888E+4	5.01828E+6	1.36444E+6	7.29692E+4	3.40883E+6
2.28000E+1	4.66211E+4	7.97158E+4	5.45124E+6	1.40433E+6	7.32201E+4	3.40526E+6
2.29000E+1	4.66731E+4	7.98606E+4	5.93593E+6	1.42713E+6	7.36465E+4	3.58722E+6
2.30000E+1	4.62908E+4	8.04566E+4	5.96779E+6	1.44246E+6	7.36047E+4	3.82601E+6
2.31000E+1	4.51491E+4	8.02418E+4	6.38486E+6	1.41891E+6	7.39404E+4	3.85855E+6
2.32000E+1	4.47133E+4	8.02962E+4	5.85145E+6	1.40638E+6	7.35223E+4	3.47387E+6
2.33000E+1	4.36478E+4	7.98564E+4	4.94753E+6	1.38263E+6	7.32898E+4	3.41479E+6
2.34000E+1	4.30414E+4	8.02606E+4	5.00733E+6	1.41505E+6	7.33333E+4	3.67466E+6
2.35000E+1	4.22560E+4	8.04535E+4	5.26788E+6	1.38284E+6	7.35281E+4	3.80870E+6
2.36000E+1	4.10107E+4	7.99450E+4	4.63637E+6	1.34893E+6	7.33846E+4	3.57892E+6
2.37000E+1	3.96499E+4	8.00714E+4	4.49883E+6	1.33354E+6	7.31805E+4	3.40052E+6
2.38000E+1	3.87578E+4	7.98741E+4	4.04887E+6	1.33639E+6	7.30917E+4	3.58197E+6
2.39000E+1	3.77192E+4	7.99200E+4	4.28942E+6	1.31620E+6	7.33217E+4	3.37038E+6
2.40000E+1	3.68443E+4	8.00338E+4	3.84131E+6	1.31912E+6	7.36698E+4	3.40486E+6
2.41000E+1	3.63687E+4	8.02753E+4	3.82784E+6	1.29840E+6	7.33962E+4	3.45953E+6
2.42000E+1	3.57520E+4	8.04021E+4	4.12684E+6	1.34710E+6	7.36708E+4	3.50207E+6
2.43000E+1	3.55280E+4	8.01843E+4	3.76716E+6	1.29834E+6	7.34806E+4	3.43440E+6
2.44000E+1	3.46432E+4	8.04335E+4	3.71067E+6	1.31821E+6	7.40184E+4	3.63469E+6
2.45000E+1	3.43088E+4	8.08014E+4	3.71488E+6	1.30569E+6	7.44575E+4	3.43359E+6
2.46000E+1	3.41005E+4	8.04325E+4	3.59060E+6	1.28771E+6	7.42763E+4	3.42797E+6
2.47000E+1	3.36933E+4	8.08351E+4	3.64266E+6	1.28523E+6	7.47630E+4	3.47758E+6
2.48000E+1	3.33492E+4	8.10028E+4	3.59455E+6	1.26874E+6	7.47020E+4	3.58110E+6
2.49000E+1	3.29210E+4	8.13157E+4	3.57574E+6	1.26953E+6	7.47355E+4	3.65094E+6
2.50000E+1	3.30754E+4	8.13793E+4	3.36214E+6	1.27761E+6	7.49423E+4	3.24906E+6
2.51000E+1	3.28959E+4	8.17287E+4	3.66902E+6	1.30295E+6	7.51753E+4	3.42396E+6
2.52000E+1	3.28567E+4	8.21830E+4	3.61667E+6	1.30753E+6	7.55538E+4	3.66048E+6
2.53000E+1	3.29141E+4	8.26806E+4	3.67406E+6	1.29758E+6	7.61315E+4	3.81215E+6
2.54000E+1	3.26160E+4	8.27139E+4	3.61001E+6	1.30143E+6	7.62105E+4	3.81709E+6
2.55000E+1	3.24513E+4	8.27924E+4	3.65126E+6	1.33499E+6	7.64780E+4	3.99918E+6
2.56000E+1	3.24457E+4	8.30177E+4	3.83881E+6	1.30219E+6	7.67654E+4	3.88907E+6
2.57000E+1	3.23706E+4	8.30080E+4	4.04887E+6	1.32590E+6	7.68349E+4	4.22900E+6
2.58000E+1	3.24756E+4	8.30663E+4	3.63726E+6	1.31614E+6	7.68450E+4	3.80182E+6
2.59000E+1	3.21862E+4	8.28118E+4	3.51874E+6	1.30257E+6	7.66206E+4	3.68756E+6
2.60000E+1	3.19025E+4	8.31819E+4	3.43750E+6	1.29088E+6	7.69710E+4	3.71034E+6
2.61000E+1	3.22465E+4	8.32208E+4	3.80364E+6	1.30213E+6	7.74486E+4	3.76538E+6
2.62000E+1	3.20361E+4	8.33615E+4	3.49361E+6	1.28431E+6	7.74131E+4	3.75626E+6
2.63000E+1	3.16586E+4	8.32554E+4	3.45981E+6	1.29101E+6	7.71175E+4	3.30304E+6
2.64000E+1	3.17022E+4	8.33344E+4	3.34408E+6	1.27584E+6	7.73046E+4	3.46976E+6
2.65000E+1	3.16480E+4	8.30004E+4	3.25257E+6	1.25933E+6	7.70346E+4	3.37972E+6
2.66000E+1	3.14022E+4	8.29659E+4	3.30255E+6	1.25117E+6	7.72783E+4	3.28559E+6
2.67000E+1	3.14529E+4	8.35295E+4	3.43468E+6	1.28610E+6	7.77086E+4	3.57413E+6
2.68000E+1	3.16251E+4	8.38764E+4	3.62738E+6	1.30990E+6	7.78298E+4	3.68432E+6
2.69000E+1	3.18437E+4	8.39167E+4	3.58053E+6	1.31189E+6	7.81881E+4	3.51382E+6
2.70000E+1	3.14545E+4	8.38578E+4	3.53442E+6	1.28006E+6	7.81861E+4	3.47346E+6
2.71000E+1	3.15331E+4	8.40421E+4	3.56619E+6	1.29683E+6	7.84586E+4	3.73909E+6
2.72000E+1	3.15989E+4	8.40443E+4	3.62381E+6	1.33149E+6	7.84853E+4	3.54951E+6
2.73000E+1	3.12411E+4	8.41578E+4	3.58272E+6	1.27596E+6	7.87010E+4	3.62662E+6
2.74000E+1	3.10688E+4	8.37969E+4	3.64086E+6	1.29520E+6	7.88339E+4	3.48584E+6
2.75000E+1	3.12894E+4	8.40017E+4	3.46595E+6	1.29746E+6	7.88431E+4	3.42917E+6
2.76000E+1	3.12411E+4	8.44204E+4	3.63321E+6	1.28802E+6	7.89803E+4	3.51466E+6
2.77000E+1	3.10151E+4	8.33388E+4	3.15621E+6	1.23369E+6	7.81718E+4	3.15153E+6
2.78000E+1	3.09339E+4	8.41742E+4	3.57443E+6	1.25999E+6	7.84842E+4	3.38519E+6
2.79000E+1	3.12467E+4	8.40868E+4	3.65035E+6	1.28468E+6	7.90247E+4	3.51382E+6
2.80000E+1	3.12051E+4	8.41513E+4	3.60956E+6	1.27841E+6	7.91756E+4	3.57109E+6
2.81000E+1	3.11352E+4	8.43580E+4	3.49652E+6	1.30030E+6	7.88802E+4	3.70847E+6
2.82000E+1	3.11203E+4	8.41392E+4	3.36136E+6	1.25761E+6	7.90371E+4	3.34955E+6
2.83000E+1	3.09140E+4	8.34092E+4	3.31415E+6	1.23140E+6	7.87453E+4	3.07666E+6
2.84000E+1	3.06753E+4	8.37120E+4	3.12911E+6	1.23169E+6	7.88503E+4	3.09431E+6
2.85000E+1	3.10566E+4	8.37370E+4	3.53442E+6	1.27896E+6	7.91942E+4	3.21544E+6
2.86000E+1	3.08637E+4	8.43164E+4	3.73042E+6	1.29884E+6	7.93640E+4	3.30602E+6
2.87000E+1	3.09571E+4	8.43076E+4	3.62515E+6	1.29784E+6	7.95300E+4	3.45708E+6
2.88000E+1	3.06561E+4	8.37109E+4	3.26128E+6	1.22300E+6	7.86938E+4	3.16076E+6
2.89000E+1	3.05594E+4	8.34861E+4	3.21109E+6	1.22736E+6	7.87206E+4	3.01826E+6
2.90000E+1	3.06940E+4	8.36403E+4	3.59763E+6	1.27438E+6	7.92677E+4	3.25594E+6
2.91000E+1	3.09018E+4	8.39069E+4	3.75228E+6	1.30276E+6	7.92314E+4	3.21615E+6
2.92000E+1	3.08748E+4	8.37871E+4	3.83382E+6	1.30868E+6	7.95830E+4	3.30640E+6
2.93000E+1	3.06858E+4	8.39374E+4	3.45900E+6	1.24066E+6	7.90185E+4	3.21084E+6
2.94000E+1	3.06473E+4	8.31408E+4	3.17787E+6	1.22199E+6	7.88380E+4	2.98357E+6
2.95000E+1	3.06770E+4	8.31873E+4	3.15313E+6	1.26225E+6	7.88586E+4	2.91381E+6
2.96000E+1	3.04809E+4	8.29810E+4	3.24030E+6	1.22640E+6	7.92004E+4	3.03495E+6
2.97000E+1	3.04282E+4	8.30555E+4	3.23564E+6	1.21288E+6	7.88071E+4	3.01732E+6
2.98000E+1	3.05390E+4	8.34016E+4	3.36833E+6	1.24101E+6	7.90619E+4	2.99648E+6
2.99000E+1	3.08527E+4	8.34992E+4	3.58972E+6	1.26609E+6	7.95321E+4	3.14135E+6
3.00000E+1	3.04282E+4	8.30015E+4	3.20721E+6	1.21360E+6	7.88637E+4	2.87396E+6
3.01000E+1	3.02105E+4	8.29055E+4	3.19212E+6	1.20498E+6	7.89442E+4	2.90622E+6
3.02000E+1	3.05648E+4	8.30641E+4	3.58797E+6	1.25642E+6	7.91849E+4	2.96287E+6
3.03000E+1	3.07656E+4	8.33647E+4	3.82934E+6	1.27645E+6	7.94926E+4	3.19502E+6
3.04000E+1	3.07563E+4	8.39254E+4	3.60691E+6	1.29809E+6	7.96318E+4	3.28264E+6
3.05000E+1	3.09328E+4	8.35947E+4	3.70506E+6	1.26321E+6	7.95373E+4	3.14372E+6
3.06000E+1	3.09085E+4	8.33723E+4	3.61756E+6	1.24263E+6	7.94521E+4	3.20625E+6
3.07000E+1	3.08025E+4	8.33290E+4	3.35443E+6	1.23829E+6	7.93868E+4	3.00578E+6
3.08000E+1	3.09941E+4	8.30781E+4	3.35982E+6	1.26273E+6	7.93474E+4	3.02832E+6
3.09000E+1	3.06566E+4	8.26634E+4	3.38116E+6	1.20839E+6	7.91332E+4	2.81256E+6
3.10000E+1	3.05621E+4	8.26408E+4	3.26420E+6	1.23220E+6	7.93371E+4	2.95955E+6
3.11000E+1	3.09598E+4	8.32749E+4	3.47169E+6	1.27523E+6	7.95705E+4	3.30752E+6
3.12000E+1	3.09521E+4	8.32900E+4	3.49777E+6	1.25933E+6	7.97285E+4	3.07244E+6
3.13000E+1	3.07199E+4	8.29886E+4	3.49444E+6	1.23875E+6	7.92294E+4	2.90592E+6
3.14000E+1	3.07287E+4	8.26225E+4	3.30591E+6	1.20509E+6	7.89741E+4	2.82024E+6
3.15000E+1	3.06077E+4	8.32327E+4	3.51748E+6	1.24788E+6	7.94127E+4	3.02265E+6
3.16000E+1	3.07183E+4	8.33377E+4	3.62917E+6	1.28049E+6	7.95726E+4	3.11150E+6
3.17000E+1	3.08516E+4	8.31278E+4	3.62604E+6	1.29526E+6	7.99933E+4	3.15426E+6
3.18000E+1	3.08814E+4	8.33171E+4	3.78848E+6	1.26160E+6	7.99912E+4	3.17037E+6
3.19000E+1	3.08152E+4	8.30619E+4	3.66994E+6	1.25945E+6	7.95746E+4	3.22609E+6
3.20000E+1	3.10018E+4	8.28193E+4	3.52339E+6	1.24170E+6	7.95456E+4	2.92762E+6
3.21000E+1	3.07596E+4	8.26472E+4	3.30965E+6	1.20197E+6	7.95923E+4	2.99247E+6
3.22000E+1	3.06808E+4	8.25624E+4	3.34599E+6	1.22086E+6	7.92677E+4	2.79167E+6
3.23000E+1	3.06121E+4	8.23286E+4	3.15552E+6	1.20465E+6	7.89906E+4	2.72611E+6
3.24000E+1	3.05627E+4	8.22986E+4	3.66263E+6	1.21082E+6	7.91859E+4	2.92438E+6
3.25000E+1	3.05632E+4	8.25355E+4	3.31980E+6	1.22030E+6	7.90846E+4	2.92999E+6
3.26000E+1	3.06143E+4	8.20730E+4	3.19562E+6	1.20762E+6	7.90061E+4	2.77613E+6
3.27000E+1	3.05616E+4	8.22472E+4	3.32130E+6	1.19794E+6	7.90371E+4	2.84155E+6
3.28000E+1	3.08147E+4	8.21381E+4	3.39331E+6	1.18889E+6	7.91662E+4	2.74034E+6
3.29000E+1	3.05484E+4	8.23607E+4	3.39843E+6	1.20334E+6	7.93920E+4	2.79572E+6
3.30000E+1	3.06880E+4	8.24872E+4	3.43026E+6	1.23421E+6	7.94916E+4	2.95413E+6
3.31000E+1	3.09830E+4	8.27655E+4	3.68326E+6	1.24765E+6	7.99776E+4	3.05631E+6
3.32000E+1	3.08180E+4	8.30727E+4	3.66994E+6	1.27316E+6	7.98420E+4	3.00640E+6
3.33000E+1	3.07386E+4	8.24036E+4	3.35789E+6	1.22668E+6	7.96474E+4	2.81147E+6
3.34000E+1	3.06313E+4	8.24390E+4	3.27041E+6	1.20279E+6	7.94179E+4	2.78576E+6
3.35000E+1	3.05116E+4	8.25033E+4	3.37843E+6	1.18600E+6	7.91911E+4	2.79383E+6
3.36000E+1	3.05061E+4	8.23832E+4	3.25221E+6	1.20208E+6	7.95134E+4	2.70898E+6
3.37000E+1	3.03806E+4	8.25871E+4	3.37298E+6	1.21840E+6	7.94138E+4	2.86600E+6
3.38000E+1	3.04041E+4	8.23307E+4	3.42304E+6	1.21182E+6	7.96724E+4	2.77933E+6
3.39000E+1	3.04716E+4	8.23714E+4	3.50195E+6	1.22895E+6	7.93920E+4	2.85386E+6
3.40000E+1	3.05670E+4	8.20473E+4	3.30479E+6	1.20542E+6	7.94044E+4	2.85921E+6
3.41000E+1	3.04781E+4	8.18543E+4	3.20897E+6	1.20268E+6	7.92687E+4	2.73748E+6
3.42000E+1	3.06632E+4	8.20570E+4	3.42705E+6	1.22126E+6	7.93754E+4	2.66667E+6
3.43000E+1	3.06610E+4	8.20666E+4	3.41109E+6	1.20691E+6	7.91435E+4	2.71305E+6
3.44000E+1	3.05753E+4	8.24100E+4	3.26274E+6	1.20724E+6	7.94179E+4	2.70441E+6
3.45000E+1	3.07392E+4	8.21980E+4	3.41706E+6	1.20520E+6	7.96828E+4	2.77933E+6
3.46000E+1	3.08114E+4	8.21852E+4	3.31566E+6	1.21332E+6	7.93681E+4	2.81969E+6
3.47000E+1	3.07095E+4	8.25098E+4	3.62559E+6	1.23864E+6	7.95985E+4	2.83099E+6
3.48000E+1	3.08842E+4	8.25355E+4	3.56532E+6	1.24741E+6	7.98983E+4	3.01857E+6
3.49000E+1	3.09758E+4	8.27591E+4	3.94770E+6	1.28468E+6	8.00319E+4	3.03780E+6
3.50000E+1	3.09648E+4	8.28344E+4	3.78507E+6	1.27663E+6	7.99995E+4	3.07926E+6
3.51000E+1	3.08737E+4	8.21414E+4	3.67728E+6	1.26742E+6	8.01311E+4	2.87481E+6
3.52000E+1	3.08207E+4	8.20324E+4	3.35289E+6	1.22008E+6	7.96297E+4	2.86458E+6
3.53000E+1	3.09504E+4	8.24486E+4	3.79776E+6	1.23916E+6	7.97525E+4	3.04958E+6
3.54000E+1	3.09957E+4	8.28032E+4	3.91316E+6	1.25826E+6	8.02336E+4	3.11050E+6
3.55000E+1	3.10239E+4	8.25269E+4	3.87716E+6	1.29740E+6	8.00611E+4	3.06500E+6
3.56000E+1	3.07001E+4	8.24379E+4	3.74084E+6	1.26651E+6	7.98723E+4	2.98081E+6
3.57000E+1	3.07860E+4	8.20570E+4	3.47046E+6	1.23129E+6	7.96412E+4	2.83016E+6
3.58000E+1	3.07205E+4	8.21168E+4	3.61134E+6	1.24653E+6	7.97264E+4	2.72149E+6
3.59000E+1	3.08715E+4	8.24164E+4	3.74132E+6	1.23593E+6	7.98243E+4	2.85780E+6
3.60000E+1	3.06148E+4	8.17595E+4	3.66354E+6	1.25246E+6	7.98400E+4	2.89490E+6
3.61000E+1	3.07056E+4	8.17702E+4	3.43790E+6	1.22572E+6	7.97816E+4	2.85471E+6
3.62000E+1	3.05648E+4	8.17521E+4	3.25838E+6	1.22379E+6	7.95705E+4	2.82988E+6
3.63000E+1	3.06132E+4	8.20452E+4	3.29994E+6	1.21722E+6	7.96703E+4	2.80575E+6
3.64000E+1	3.08654E+4	8.25441E+4	3.79433E+6	1.25565E+6	7.99567E+4	2.89953E+6
3.65000E+1	3.07260E+4	8.20078E+4	3.74513E+6	1.28933E+6	8.01395E+4	3.00982E+6
3.66000E+1	3.07899E+4	8.21863E+4	3.82586E+6	1.28883E+6	7.97493E+4	2.90098E+6
3.67000E+1	3.04935E+4	8.20783E+4	3.74132E+6	1.25317E+6	7.95913E+4	2.91732E+6
3.68000E+1	3.04924E+4	8.17680E+4	3.53868E+6	1.24753E+6	7.98910E+4	2.92999E+6
3.69000E+1	3.06676E+4	8.21798E+4	3.89457E+6	1.24677E+6	7.99150E+4	2.89433E+6
3.70000E+1	3.05835E+4	8.23297E+4	3.89920E+6	1.27292E+6	7.99933E+4	3.02611E+6
3.71000E+1	3.08742E+4	8.24164E+4	4.02626E+6	1.27890E+6	8.04768E+4	3.05824E+6
3.72000E+1	3.07392E+4	8.23072E+4	3.81496E+6	1.24223E+6	8.03163E+4	3.26030E+6
3.73000E+1	3.06517E+4	8.18692E+4	3.70413E+6	1.27116E+6	8.02619E+4	2.91938E+6
3.74000E+1	3.05423E+4	8.13994E+4	3.36330E+6	1.19534E+6	7.97858E+4	2.77294E+6
3.75000E+1	3.05984E+4	8.19310E+4	3.40198E+6	1.22255E+6	7.96713E+4	2.83654E+6
3.76000E+1	3.07794E+4	8.21670E+4	4.13780E+6	1.26303E+6	8.00277E+4	2.99432E+6
3.77000E+1	3.03494E+4	8.12469E+4	3.48034E+6	1.23026E+6	7.98149E+4	2.83099E+6
3.78000E+1	3.03598E+4	8.14344E+4	3.53655E+6	1.20961E+6	7.96609E+4	2.78415E+6
3.79000E+1	3.03866E+4	8.23040E+4	3.76476E+6	1.25737E+6	7.99630E+4	2.90563E+6
3.80000E+1	3.04518E+4	8.18596E+4	3.77150E+6	1.26459E+6	8.01071E+4	3.01920E+6
3.81000E+1	3.03269E+4	8.19300E+4	3.65762E+6	1.23112E+6	7.99651E+4	2.82767E+6
3.82000E+1	3.03182E+4	8.21328E+4	3.75468E+6	1.25064E+6	7.99870E+4	2.83543E+6
3.83000E+1	3.02804E+4	8.17872E+4	3.56402E+6	1.22323E+6	7.99244E+4	2.83071E+6
3.84000E+1	3.02974E+4	8.15575E+4	3.53272E+6	1.23055E+6	8.01855E+4	2.79680E+6
3.85000E+1	3.03767E+4	8.14132E+4	3.41467E+6	1.21271E+6	7.98149E+4	2.76498E+6
3.86000E+1	3.03149E+4	8.16521E+4	3.44518E+6	1.21728E+6	7.96526E+4	2.77347E+6
3.87000E+1	3.05423E+4	8.21018E+4	3.98983E+6	1.25281E+6	8.04778E+4	3.02077E+6
3.88000E+1	3.04798E+4	8.20943E+4	3.79189E+6	1.25541E+6	8.04956E+4	2.92173E+6
3.89000E+1	3.02843E+4	8.14949E+4	3.75803E+6	1.24976E+6	8.02682E+4	2.91088E+6
3.90000E+1	3.02296E+4	8.14991E+4	3.21038E+6	1.18948E+6	7.99181E+4	2.83432E+6
3.91000E+1	3.03756E+4	8.12691E+4	3.34714E+6	1.19843E+6	7.99901E+4	2.83432E+6
3.92000E+1	3.04288E+4	8.20698E+4	3.70599E+6	1.23725E+6	8.04768E+4	2.85162E+6
3.93000E+1	3.05061E+4	8.23082E+4	3.75468E+6	1.24490E+6	8.03321E+4	2.97197E+6
3.94000E+1	3.03663E+4	8.21649E+4	3.57617E+6	1.25346E+6	8.00851E+4	2.99865E+6
3.95000E+1	3.00833E+4	8.14471E+4	3.28696E+6	1.20520E+6	7.99515E+4	2.66297E+6
3.96000E+1	3.00539E+4	8.12014E+4	3.27444E+6	1.19254E+6	8.00434E+4	2.66667E+6
3.97000E+1	3.01422E+4	8.17404E+4	3.56662E+6	1.21188E+6	8.02504E+4	2.84545E+6
3.98000E+1	3.02547E+4	8.19321E+4	3.84532E+6	1.21354E+6	8.03803E+4	2.93206E+6
3.99000E+1	3.02553E+4	8.19097E+4	3.46882E+6	1.20306E+6	8.01207E+4	2.89029E+6
4.00000E+1	3.03543E+4	8.17170E+4	3.64809E+6	1.21260E+6	8.03310E+4	2.83404E+6
4.01000E+1	3.03040E+4	8.16595E+4	3.72570E+6	1.21661E+6	8.07153E+4	2.87824E+6
4.02000E+1	3.01925E+4	8.19534E+4	3.65443E+6	1.21571E+6	8.05271E+4	2.98448E+6
4.03000E+1	3.01526E+4	8.17840E+4	3.71958E+6	1.22662E+6	8.07258E+4	2.91908E+6
4.04000E+1	3.01297E+4	8.19140E+4	3.68004E+6	1.24888E+6	8.07468E+4	2.93295E+6
4.05000E+1	3.01471E+4	8.21403E+4	3.65625E+6	1.24473E+6	8.06648E+4	3.08448E+6
4.06000E+1	3.01466E+4	8.18042E+4	3.63276E+6	1.23806E+6	8.05502E+4	3.06178E+6
4.07000E+1	2.99173E+4	8.15480E+4	3.56792E+6	1.21582E+6	8.04579E+4	2.94186E+6
4.08000E+1	2.99760E+4	8.14493E+4	3.61001E+6	1.19152E+6	8.01353E+4	2.66839E+6
4.09000E+1	2.97793E+4	8.11464E+4	3.40950E+6	1.18049E+6	8.00643E+4	2.68404E+6
4.10000E+1	2.99842E+4	8.14885E+4	3.39488E+6	1.17381E+6	8.00308E+4	2.72175E+6
4.11000E+1	2.99804E+4	8.13348E+4	3.34599E+6	1.19205E+6	8.01238E+4	2.81311E+6
4.12000E+1	2.99564E+4	8.16617E+4	3.49652E+6	1.20680E+6	8.05429E+4	2.82271E+6
4.13000E+1	2.99292E+4	8.16617E+4	3.54124E+6	1.21929E+6	8.02923E+4	2.85190E+6
4.14000E+1	2.99184E+4	8.14970E+4	3.73562E+6	1.21879E+6	8.04233E+4	2.87253E+6
4.15000E+1	2.96562E+4	8.12744E+4	3.67544E+6	1.23512E+6	8.03216E+4	2.95895E+6
4.16000E+1	2.98265E+4	8.15034E+4	3.61400E+6	1.25695E+6	8.02305E+4	3.00702E+6
4.17000E+1	2.96108E+4	8.14259E+4	3.62873E+6	1.21817E+6	8.02608E+4	2.99803E+6
4.18000E+1	2.97310E+4	8.15565E+4	3.56619E+6	1.20900E+6	8.05523E+4	3.02706E+6
4.19000E+1	2.98048E+4	8.15257E+4	3.54638E+6	1.18712E+6	8.02399E+4	2.86289E+6
4.20000E+1	2.97256E+4	8.12406E+4	3.31829E+6	1.17293E+6	8.00277E+4	2.76630E+6
4.21000E+1	2.98347E+4	8.13305E+4	3.58753E+6	1.24478E+6	8.01332E+4	2.87253E+6
4.22000E+1	2.97771E+4	8.12660E+4	3.44153E+6	1.19849E+6	8.03415E+4	2.91176E+6
4.23000E+1	2.96969E+4	8.09363E+4	3.69112E+6	1.22115E+6	8.04400E+4	2.76975E+6
4.24000E+1	2.97809E+4	8.10545E+4	3.36098E+6	1.20416E+6	8.03991E+4	2.77240E+6
4.25000E+1	2.96189E+4	8.08656E+4	3.30404E+6	1.17664E+6	8.02410E+4	2.73800E+6
4.26000E+1	2.95967E+4	8.07172E+4	3.29103E+6	1.16334E+6	7.97879E+4	2.65929E+6
4.27000E+1	2.94616E+4	8.07919E+4	3.25656E+6	1.18462E+6	7.98035E+4	2.60165E+6
4.28000E+1	2.98885E+4	8.07772E+4	3.71394E+6	1.20372E+6	8.04579E+4	2.93265E+6
4.29000E+1	2.96638E+4	8.11179E+4	3.78653E+6	1.21594E+6	8.03331E+4	2.88368E+6
4.30000E+1	2.96584E+4	8.10101E+4	3.58010E+6	1.22952E+6	8.02169E+4	2.95594E+6
4.31000E+1	2.95962E+4	8.10334E+4	3.66765E+6	1.21588E+6	8.01855E+4	2.94276E+6
4.32000E+1	2.95967E+4	8.09099E+4	3.55238E+6	1.22481E+6	8.03635E+4	2.95805E+6
4.33000E+1	2.96308E+4	8.12173E+4	3.65398E+6	1.20955E+6	7.99807E+4	2.82216E+6
4.34000E+1	2.95399E+4	8.10577E+4	3.65944E+6	1.19778E+6	8.02546E+4	2.78201E+6
4.35000E+1	2.93251E+4	8.07645E+4	3.43146E+6	1.17948E+6	7.99703E+4	2.80520E+6
4.36000E+1	2.95377E+4	8.05511E+4	3.33152E+6	1.16504E+6	7.96900E+4	2.64927E+6
4.37000E+1	2.95751E+4	8.07014E+4	3.77199E+6	1.22430E+6	8.03226E+4	2.87681E+6
4.38000E+1	2.97961E+4	8.08267E+4	3.68419E+6	1.22764E+6	8.02033E+4	2.88626E+6
4.39000E+1	2.96779E+4	8.10260E+4	3.66354E+6	1.20520E+6	8.05061E+4	2.85837E+6
4.40000E+1	2.94972E+4	8.03130E+4	3.21568E+6	1.15269E+6	8.01468E+4	2.65464E+6
4.41000E+1	2.92755E+4	7.98939E+4	3.23421E+6	1.16809E+6	7.97993E+4	2.67086E+6
4.42000E+1	2.93963E+4	8.09215E+4	3.70973E+6	1.20961E+6	8.02692E+4	2.77960E+6
4.43000E+1	2.93159E+4	8.03780E+4	3.31265E+6	1.19930E+6	7.99505E+4	2.81120E+6
4.44000E+1	2.94610E+4	8.01592E+4	3.35213E+6	1.16933E+6	7.97941E+4	2.56844E+6
4.45000E+1	2.93779E+4	8.05815E+4	3.61623E+6	1.20421E+6	8.04893E+4	2.77773E+6
4.46000E+1	2.94373E+4	8.07256E+4	3.55453E+6	1.21099E+6	8.00977E+4	2.84015E+6
4.47000E+1	2.92260E+4	8.02271E+4	3.38351E+6	1.21005E+6	8.01113E+4	2.69004E+6
4.48000E+1	2.92982E+4	8.00546E+4	3.19982E+6	1.18686E+6	8.00235E+4	2.59041E+6
4.49000E+1	2.93973E+4	7.97023E+4	3.32659E+6	1.16835E+6	8.00643E+4	2.67235E+6
4.50000E+1	2.95340E+4	8.06719E+4	3.50028E+6	1.18975E+6	8.02797E+4	2.67161E+6
4.51000E+1	2.95788E+4	8.08783E+4	3.77102E+6	1.23318E+6	8.06753E+4	2.80847E+6
4.52000E+1	2.93591E+4	8.05143E+4	3.81694E+6	1.20636E+6	8.03918E+4	2.81667E+6
4.53000E+1	2.94276E+4	8.00588E+4	3.46104E+6	1.22064E+6	8.03195E+4	2.77907E+6
4.54000E+1	2.92137E+4	8.00818E+4	3.53954E+6	1.18107E+6	8.02410E+4	2.66494E+6
4.55000E+1	2.93817E+4	8.03675E+4	3.59323E+6	1.20586E+6	8.06332E+4	2.80684E+6
4.56000E+1	2.93127E+4	8.06488E+4	3.86548E+6	1.20203E+6	8.05828E+4	2.90156E+6
4.57000E+1	2.96497E+4	8.10323E+4	3.76861E+6	1.23135E+6	8.07027E+4	2.87282E+6
4.58000E+1	2.96470E+4	8.05857E+4	3.66126E+6	1.24101E+6	8.04421E+4	2.85330E+6
4.59000E+1	2.95594E+4	8.03947E+4	3.57574E+6	1.20696E+6	8.04306E+4	2.72637E+6
4.60000E+1	2.94761E+4	8.03308E+4	3.54895E+6	1.20148E+6	8.05187E+4	2.78603E+6
4.61000E+1	2.94799E+4	8.07119E+4	3.60956E+6	1.22611E+6	8.05912E+4	2.91585E+6
4.62000E+1	2.96032E+4	8.06110E+4	3.58315E+6	1.24502E+6	8.07416E+4	2.81777E+6
4.63000E+1	2.93208E+4	8.01466E+4	3.47416E+6	1.19345E+6	8.05712E+4	2.65831E+6
4.64000E+1	2.92842E+4	8.04000E+4	3.51874E+6	1.21633E+6	8.07553E+4	2.77666E+6
4.65000E+1	2.92395E+4	8.05196E+4	3.72240E+6	1.21254E+6	8.05765E+4	2.79896E+6
4.66000E+1	2.93235E+4	8.03884E+4	3.57356E+6	1.21066E+6	8.06122E+4	2.86345E+6
4.67000E+1	2.95491E+4	8.05889E+4	3.57139E+6	1.23055E+6	8.05839E+4	2.74816E+6
4.68000E+1	2.93709E+4	8.04021E+4	3.56057E+6	1.22662E+6	8.07721E+4	2.83432E+6
4.69000E+1	2.94805E+4	8.07024E+4	3.76909E+6	1.21823E+6	8.07626E+4	2.73075E+6
4.70000E+1	2.96514E+4	8.08709E+4	3.69390E+6	1.21388E+6	8.10948E+4	2.92114E+6
4.71000E+1	2.92912E+4	8.02669E+4	3.69251E+6	1.21806E+6	8.05818E+4	2.71280E+6
4.72000E+1	2.91916E+4	7.99158E+4	3.20650E+6	1.17748E+6	7.99619E+4	2.50593E+6
4.73000E+1	2.92228E+4	7.97689E+4	3.29437E+6	1.19486E+6	8.02389E+4	2.55952E+6
4.74000E+1	2.91089E+4	8.00724E+4	3.22207E+6	1.17806E+6	8.03174E+4	2.57764E+6
4.75000E+1	2.92212E+4	8.00923E+4	3.34370E+6	1.18028E+6	8.04138E+4	2.58134E+6
4.76000E+1	2.93639E+4	8.03601E+4	3.58490E+6	1.21582E+6	8.09344E+4	2.65390E+6
4.77000E+1	2.93138E+4	8.08793E+4	3.74227E+6	1.25205E+6	8.08016E+4	2.77746E+6
4.78000E+1	2.94815E+4	8.07245E+4	3.71160E+6	1.24899E+6	8.09344E+4	2.84182E+6
4.79000E+1	2.94616E+4	8.06541E+4	3.66994E+6	1.24333E+6	8.09006E+4	2.77826E+6
4.80000E+1	2.91690E+4	8.01456E+4	3.44073E+6	1.21644E+6	8.05712E+4	2.67657E+6
4.81000E+1	2.93628E+4	7.98689E+4	3.33038E+6	1.18457E+6	8.03006E+4	2.57349E+6
4.82000E+1	2.90960E+4	7.96909E+4	3.18342E+6	1.19821E+6	8.03918E+4	2.56935E+6
4.83000E+1	2.92912E+4	7.97585E+4	3.27444E+6	1.19881E+6	8.06269E+4	2.60730E+6
4.84000E+1	2.93531E+4	8.01267E+4	3.44720E+6	1.22543E+6	8.08300E+4	2.70163E+6
4.85000E+1	2.93052E+4	8.05017E+4	3.83781E+6	1.23587E+6	8.08290E+4	2.78281E+6
4.86000E+1	2.92615E+4	8.04619E+4	3.91524E+6	1.21404E+6	8.08332E+4	2.72200E+6
4.87000E+1	2.91852E+4	8.01184E+4	3.23887E+6	1.21543E+6	8.04673E+4	2.63522E+6
4.88000E+1	2.93337E+4	7.96836E+4	3.36021E+6	1.17554E+6	8.00998E+4	2.49265E+6
4.89000E+1	2.94249E+4	8.00902E+4	3.59279E+6	1.21204E+6	8.04390E+4	2.67210E+6
4.90000E+1	2.92572E+4	8.02449E+4	3.75755E+6	1.25993E+6	8.08701E+4	2.82299E+6
4.91000E+1	2.94022E+4	8.02554E+4	3.75276E+6	1.25175E+6	8.07784E+4	2.84573E+6
4.92000E+1	2.91212E+4	7.98564E+4	3.56966E+6	1.22901E+6	8.04873E+4	2.67706E+6
4.93000E+1	2.90772E+4	7.95796E+4	3.35828E+6	1.19146E+6	8.03782E+4	2.55293E+6
4.94000E+1	2.92583E+4	7.95651E+4	3.34982E+6	1.19178E+6	8.03352E+4	2.64053E+6
4.95000E+1	2.95442E+4	8.02627E+4	3.94243E+6	1.26381E+6	8.07753E+4	2.87054E+6
4.96000E+1	2.92852E+4	7.99367E+4	3.51243E+6	1.23444E+6	8.06322E+4	2.74476E+6
4.97000E+1	2.89533E+4	7.96545E+4	3.37065E+6	1.19697E+6	8.02692E+4	2.52978E+6
4.98000E+1	2.89930E+4	7.93348E+4	3.31415E+6	1.17533E+6	8.02755E+4	2.56546E+6
4.99000E+1	2.90171E+4	7.94364E+4	3.43911E+6	1.21149E+6	7.99286E+4	2.57395E+6
5.00000E+1	2.91986E+4	7.98470E+4	3.48324E+6	1.22374E+6	8.04516E+4	2.63666E+6
5.01000E+1	2.91954E+4	7.99211E+4	3.89662E+6	1.25005E+6	8.05324E+4	2.66568E+6
5.02000E+1	2.92072E+4	7.97346E+4	3.67774E+6	1.22402E+6	8.04810E+4	2.75786E+6
5.03000E+1	2.91336E+4	7.97814E+4	3.57443E+6	1.22566E+6	8.01719E+4	2.61773E+6
5.04000E+1	2.89603E+4	7.91288E+4	3.21533E+6	1.17428E+6	7.98347E+4	2.54976E+6
5.05000E+1	2.90997E+4	7.90782E+4	3.12508E+6	1.18531E+6	7.99087E+4	2.53067E+6
5.06000E+1	2.90595E+4	7.89780E+4	3.34141E+6	1.18038E+6	7.99265E+4	2.52911E+6
5.07000E+1	2.92793E+4	7.95547E+4	3.57661E+6	1.21566E+6	7.99880E+4	2.75418E+6
5.08000E+1	2.91121E+4	7.94623E+4	3.57617E+6	1.22025E+6	8.02022E+4	2.70873E+6
5.09000E+1	2.89903E+4	7.90802E+4	3.36368E+6	1.17654E+6	7.96453E+4	2.58204E+6
5.10000E+1	2.92180E+4	7.92519E+4	3.56619E+6	1.23055E+6	8.01562E+4	2.69306E+6
5.11000E+1	2.90745E+4	7.90183E+4	3.29697E+6	1.19691E+6	7.96308E+4	2.48359E+6
5.12000E+1	2.89678E+4	7.91371E+4	3.63097E+6	1.21171E+6	8.01196E+4	2.61702E+6
5.13000E+1	2.90069E+4	7.88563E+4	3.36252E+6	1.19184E+6	7.96276E+4	2.54727E+6
5.14000E+1	2.91938E+4	7.90730E+4	3.70553E+6	1.22781E+6	8.02525E+4	2.73230E+6
5.15000E+1	2.87816E+4	7.85806E+4	3.39409E+6	1.17706E+6	7.96204E+4	2.54456E+6
5.16000E+1	2.88013E+4	7.81930E+4	3.15997E+6	1.16489E+6	7.95861E+4	2.48855E+6
5.17000E+1	2.91309E+4	7.84604E+4	3.46718E+6	1.19740E+6	7.97056E+4	2.50922E+6
5.18000E+1	2.93493E+4	7.88883E+4	3.61267E+6	1.22929E+6	7.99619E+4	2.65415E+6
5.19000E+1	2.91072E+4	7.84933E+4	3.35597E+6	1.20465E+6	7.94252E+4	2.57672E+6
5.20000E+1	2.90418E+4	7.82329E+4	3.27334E+6	1.18542E+6	7.96276E+4	2.53827E+6
5.21000E+1	2.91475E+4	7.81664E+4	3.22278E+6	1.18276E+6	7.92438E+4	2.44943E+6
5.22000E+1	2.92799E+4	7.86247E+4	3.49902E+6	1.19821E+6	7.93112E+4	2.57926E+6
5.23000E+1	2.92750E+4	7.83763E+4	3.60691E+6	1.24601E+6	7.96630E+4	2.64635E+6
5.24000E+1	2.92594E+4	7.78591E+4	3.26092E+6	1.18473E+6	7.91290E+4	2.45006E+6
5.25000E+1	2.91432E+4	7.77858E+4	3.37065E+6	1.17502E+6	7.92449E+4	2.57142E+6
5.26000E+1	2.94551E+4	7.82882E+4	3.50446E+6	1.20110E+6	7.94304E+4	2.65415E+6
5.27000E+1	2.92556E+4	7.81981E+4	3.68603E+6	1.21460E+6	7.97056E+4	2.56935E+6
5.28000E+1	2.96357E+4	7.82657E+4	3.71629E+6	1.22810E+6	7.96006E+4	2.69532E+6
5.29000E+1	2.96281E+4	7.82288E+4	3.90126E+6	1.23467E+6	7.95352E+4	2.74920E+6
5.30000E+1	2.95194E+4	7.78490E+4	3.66674E+6	1.22070E+6	7.91011E+4	2.49786E+6
5.31000E+1	2.93919E+4	7.73460E+4	3.53783E+6	1.15847E+6	7.89370E+4	2.53067E+6
5.32000E+1	2.93229E+4	7.76515E+4	3.35405E+6	1.16149E+6	7.85109E+4	2.41942E+6
5.33000E+1	2.94788E+4	7.71142E+4	3.28733E+6	1.18117E+6	7.87700E+4	2.45194E+6
5.34000E+1	2.96026E+4	7.74159E+4	3.38742E+6	1.17121E+6	7.84955E+4	2.49114E+6
5.35000E+1	2.96449E+4	7.80009E+4	3.74370E+6	1.21243E+6	7.91001E+4	2.54186E+6
5.36000E+1	2.98640E+4	7.75011E+4	3.76091E+6	1.21143E+6	7.90195E+4	2.58158E+6
5.37000E+1	2.98032E+4	7.77471E+4	3.88278E+6	1.21293E+6	7.90980E+4	2.69910E+6
5.38000E+1	2.96189E+4	7.73743E+4	3.44842E+6	1.18170E+6	7.85325E+4	2.53268E+6
5.39000E+1	2.99777E+4	7.74869E+4	3.55970E+6	1.20104E+6	7.86815E+4	2.67235E+6
5.40000E+1	2.99798E+4	7.74352E+4	3.66811E+6	1.20394E+6	7.88380E+4	2.62083E+6
5.41000E+1	2.99700E+4	7.72123E+4	3.59675E+6	1.18276E+6	7.85736E+4	2.57672E+6
5.42000E+1	2.99412E+4	7.71294E+4	3.76427E+6	1.20421E+6	7.86157E+4	2.57880E+6
5.43000E+1	3.01259E+4	7.74392E+4	3.75420E+6	1.22238E+6	7.86527E+4	2.63690E+6
5.44000E+1	3.01084E+4	7.77665E+4	4.12972E+6	1.23725E+6	7.86866E+4	2.79572E+6
5.45000E+1	3.01859E+4	7.71102E+4	3.59896E+6	1.20192E+6	7.85448E+4	2.52822E+6
5.46000E+1	2.98787E+4	7.70051E+4	3.45859E+6	1.17570E+6	7.80736E+4	2.40924E+6
5.47000E+1	3.02159E+4	7.71648E+4	3.72475E+6	1.20296E+6	7.85294E+4	2.68629E+6
5.48000E+1	3.01564E+4	7.73439E+4	4.04002E+6	1.23725E+6	7.83755E+4	2.70492E+6
5.49000E+1	3.00588E+4	7.67501E+4	3.83881E+6	1.18675E+6	7.81861E+4	2.53917E+6
5.50000E+1	2.99722E+4	7.65170E+4	3.43790E+6	1.18494E+6	7.78461E+4	2.46969E+6
5.51000E+1	3.03926E+4	7.69214E+4	3.66126E+6	1.18707E+6	7.82301E+4	2.56592E+6
5.52000E+1	3.05050E+4	7.73186E+4	3.98338E+6	1.21873E+6	7.79623E+4	2.68104E+6
5.53000E+1	3.05281E+4	7.71152E+4	4.15932E+6	1.24345E+6	7.84422E+4	2.77560E+6
5.54000E+1	3.04463E+4	7.69275E+4	3.83332E+6	1.21038E+6	7.80603E+4	2.63281E+6
5.55000E+1	3.01777E+4	7.66506E+4	3.58097E+6	1.18366E+6	7.76120E+4	2.54007E+6
5.56000E+1	3.03997E+4	7.68902E+4	3.63816E+6	1.19060E+6	7.79022E+4	2.55474E+6
5.57000E+1	3.07915E+4	7.67391E+4	3.85537E+6	1.22804E+6	7.80226E+4	2.76763E+6
5.58000E+1	3.04677E+4	7.73997E+4	4.01205E+6	1.22918E+6	7.78685E+4	2.70720E+6
5.59000E+1	3.02438E+4	7.65581E+4	3.65716E+6	1.18910E+6	7.74587E+4	2.57303E+6
5.60000E+1	3.04206E+4	7.69537E+4	3.54938E+6	1.19254E+6	7.76619E+4	2.66076E+6
5.61000E+1	3.05835E+4	7.69618E+4	3.94717E+6	1.22345E+6	7.79919E+4	2.77853E+6
5.62000E+1	3.04491E+4	7.68116E+4	3.68326E+6	1.22210E+6	7.77402E+4	2.87424E+6
5.63000E+1	3.02187E+4	7.59756E+4	3.35712E+6	1.18308E+6	7.72672E+4	2.54209E+6
5.64000E+1	3.08042E+4	7.67743E+4	3.60116E+6	1.20707E+6	7.75034E+4	2.70771E+6
5.65000E+1	3.06429E+4	7.65943E+4	3.66126E+6	1.21744E+6	7.73421E+4	2.62107E+6
5.66000E+1	3.06055E+4	7.67662E+4	3.62291E+6	1.21232E+6	7.76608E+4	2.69532E+6
5.67000E+1	3.04644E+4	7.63605E+4	3.44396E+6	1.19724E+6	7.75775E+4	2.65635E+6
5.68000E+1	3.07282E+4	7.64196E+4	3.49569E+6	1.18926E+6	7.73370E+4	2.60000E+6
5.69000E+1	3.05648E+4	7.70092E+4	3.99847E+6	1.22267E+6	7.74009E+4	2.82712E+6
5.70000E+1	3.05929E+4	7.63264E+4	3.53400E+6	1.18292E+6	7.73148E+4	2.55588E+6
5.71000E+1	3.07480E+4	7.69083E+4	3.85890E+6	1.21088E+6	7.74506E+4	2.80140E+6
5.72000E+1	3.07381E+4	7.64818E+4	3.66994E+6	1.19827E+6	7.74618E+4	2.66716E+6
5.73000E+1	3.05907E+4	7.62203E+4	3.56922E+6	1.16154E+6	7.72813E+4	2.59111E+6
5.74000E+1	3.08626E+4	7.71982E+4	3.95510E+6	1.24182E+6	7.76436E+4	2.90215E+6
5.75000E+1	3.05967E+4	7.65943E+4	3.56966E+6	1.18553E+6	7.74749E+4	2.70898E+6
5.76000E+1	3.04425E+4	7.64226E+4	3.69390E+6	1.17272E+6	7.69852E+4	2.61797E+6
5.77000E+1	3.06869E+4	7.65310E+4	3.60558E+6	1.21997E+6	7.72338E+4	2.64708E+6
5.78000E+1	3.09173E+4	7.69708E+4	4.00498E+6	1.20028E+6	7.72338E+4	2.81557E+6
5.79000E+1	3.09913E+4	7.68599E+4	3.87360E+6	1.23829E+6	7.75105E+4	2.78254E+6
5.80000E+1	3.09714E+4	7.70991E+4	4.04610E+6	1.21044E+6	7.76415E+4	2.99124E+6
5.81000E+1	3.06605E+4	7.61193E+4	3.47663E+6	1.18670E+6	7.70437E+4	2.59018E+6
5.82000E+1	3.08958E+4	7.68942E+4	3.78119E+6	1.20017E+6	7.73624E+4	2.71790E+6
5.83000E+1	3.07452E+4	7.65210E+4	3.89714E+6	1.20900E+6	7.74618E+4	2.83515E+6
5.84000E+1	3.06676E+4	7.66717E+4	3.66994E+6	1.20230E+6	7.70568E+4	2.71637E+6
5.85000E+1	3.08709E+4	7.64507E+4	3.62559E+6	1.19130E+6	7.68138E+4	2.57188E+6
5.86000E+1	3.08820E+4	7.64297E+4	3.45411E+6	1.17141E+6	7.68188E+4	2.66642E+6
5.87000E+1	3.09234E+4	7.67743E+4	3.70040E+6	1.21410E+6	7.72075E+4	2.87139E+6
5.88000E+1	3.07447E+4	7.66496E+4	3.94928E+6	1.22171E+6	7.70740E+4	2.80276E+6
5.89000E+1	3.05956E+4	7.61473E+4	3.55669E+6	1.17785E+6	7.68823E+4	2.63064E+6
5.90000E+1	3.09151E+4	7.70274E+4	3.72805E+6	1.18154E+6	7.71953E+4	2.83404E+6
5.91000E+1	3.09283E+4	7.68952E+4	4.45898E+6	1.21817E+6	7.70417E+4	2.89780E+6
5.92000E+1	3.06984E+4	7.64146E+4	3.68880E+6	1.16458E+6	7.68339E+4	2.60330E+6
5.93000E+1	3.08323E+4	7.65451E+4	3.50529E+6	1.16716E+6	7.67715E+4	2.63185E+6
5.94000E+1	3.07910E+4	7.66757E+4	3.85436E+6	1.18600E+6	7.70902E+4	2.63257E+6
5.95000E+1	3.09223E+4	7.69698E+4	4.17869E+6	1.21482E+6	7.71984E+4	2.88396E+6
5.96000E+1	3.07717E+4	7.68942E+4	3.77731E+6	1.19200E+6	7.72156E+4	2.78013E+6
5.97000E+1	3.08047E+4	7.64929E+4	3.52932E+6	1.16422E+6	7.67544E+4	2.58042E+6
5.98000E+1	3.10118E+4	7.66616E+4	3.93140E+6	1.20263E+6	7.70144E+4	2.77187E+6
5.99000E+1	3.10920E+4	7.70062E+4	3.96786E+6	1.21438E+6	7.72125E+4	2.83543E+6
6.00000E+1	3.09786E+4	7.69850E+4	3.81941E+6	1.23072E+6	7.70932E+4	2.90738E+6
6.01000E+1	3.08880E+4	7.72589E+4	4.03395E+6	1.21772E+6	7.71640E+4	3.04034E+6
6.02000E+1	3.10262E+4	7.69396E+4	3.92879E+6	1.21449E+6	7.72267E+4	2.94008E+6
6.03000E+1	3.08886E+4	7.69295E+4	4.09825E+6	1.22617E+6	7.74070E+4	2.83681E+6
6.04000E+1	3.08147E+4	7.69012E+4	3.62024E+6	1.18531E+6	7.69135E+4	2.80548E+6
6.05000E+1	3.08963E+4	7.69688E+4	3.70739E+6	1.20520E+6	7.67705E+4	2.80167E+6
6.06000E+1	3.07607E+4	7.67210E+4	3.55755E+6	1.21293E+6	7.64178E+4	2.78415E+6
6.07000E+1	3.09267E+4	7.72741E+4	3.86194E+6	1.16711E+6	7.68238E+4	2.86997E+6
6.08000E+1	3.11640E+4	7.73733E+4	3.97106E+6	1.23604E+6	7.70912E+4	2.76155E+6
6.09000E+1	3.12450E+4	7.74494E+4	4.35366E+6	1.20121E+6	7.72328E+4	2.86855E+6
6.10000E+1	3.10998E+4	7.70829E+4	4.33711E+6	1.22385E+6	7.73766E+4	2.92438E+6
6.11000E+1	3.11446E+4	7.73429E+4	4.07791E+6	1.21349E+6	7.71923E+4	2.91585E+6
6.12000E+1	3.09891E+4	7.77807E+4	4.08185E+6	1.21365E+6	7.70690E+4	2.94306E+6
6.13000E+1	3.09582E+4	7.71901E+4	3.91679E+6	1.18921E+6	7.70154E+4	2.71178E+6
6.14000E+1	3.07948E+4	7.68398E+4	3.74608E+6	1.16618E+6	7.65814E+4	2.58994E+6
6.15000E+1	3.11480E+4	7.70637E+4	3.75899E+6	1.18149E+6	7.69267E+4	2.68954E+6
6.16000E+1	3.13555E+4	7.75397E+4	4.30749E+6	1.21560E+6	7.71994E+4	2.82988E+6
6.17000E+1	3.11845E+4	7.72771E+4	4.33141E+6	1.21510E+6	7.65061E+4	2.94097E+6
6.18000E+1	3.09101E+4	7.70253E+4	3.88022E+6	1.20121E+6	7.67332E+4	2.71842E+6
6.19000E+1	3.10328E+4	7.69436E+4	3.84632E+6	1.19805E+6	7.66116E+4	2.71051E+6
6.20000E+1	3.09897E+4	7.70051E+4	3.69158E+6	1.18707E+6	7.64248E+4	2.65806E+6
6.21000E+1	3.09074E+4	7.67824E+4	3.63142E+6	1.17943E+6	7.62595E+4	2.62776E+6
6.22000E+1	3.11762E+4	7.70213E+4	4.11078E+6	1.16247E+6	7.64309E+4	2.65439E+6
6.23000E+1	3.14267E+4	7.74189E+4	4.16986E+6	1.21465E+6	7.64690E+4	2.99556E+6
6.24000E+1	3.12089E+4	7.72690E+4	4.03175E+6	1.20515E+6	7.65754E+4	2.83543E+6
6.25000E+1	3.08737E+4	7.67773E+4	3.70646E+6	1.18878E+6	7.66015E+4	2.70213E+6
6.26000E+1	3.13483E+4	7.70617E+4	3.65580E+6	1.16247E+6	7.63006E+4	2.70720E+6
6.27000E+1	3.11585E+4	7.69103E+4	3.75995E+6	1.16447E+6	7.62505E+4	2.63811E+6
6.28000E+1	3.14646E+4	7.70960E+4	4.10394E+6	1.17848E+6	7.65915E+4	2.88167E+6
6.29000E+1	3.14907E+4	7.72649E+4	4.10565E+6	1.18398E+6	7.65674E+4	2.85414E+6
6.30000E+1	3.13678E+4	7.77125E+4	4.25493E+6	1.22233E+6	7.70791E+4	2.84434E+6
6.31000E+1	3.12467E+4	7.74940E+4	4.22460E+6	1.21060E+6	7.65633E+4	2.87396E+6
6.32000E+1	3.10273E+4	7.71425E+4	4.07173E+6	1.19702E+6	7.65081E+4	2.79815E+6
6.33000E+1	3.12550E+4	7.72174E+4	3.64673E+6	1.19518E+6	7.60077E+4	2.69683E+6
6.34000E+1	3.12594E+4	7.71173E+4	3.62202E+6	1.18809E+6	7.61775E+4	2.64029E+6
6.35000E+1	3.14300E+4	7.72022E+4	3.81398E+6	1.19087E+6	7.64088E+4	2.73541E+6
6.36000E+1	3.14506E+4	7.75458E+4	3.75707E+6	1.19243E+6	7.64549E+4	2.81832E+6
6.37000E+1	3.14278E+4	7.75001E+4	4.33457E+6	1.21293E+6	7.65262E+4	2.82106E+6
6.38000E+1	3.15153E+4	7.78082E+4	4.14302E+6	1.22719E+6	7.66849E+4	3.03274E+6
6.39000E+1	3.14017E+4	7.75824E+4	4.28508E+6	1.22345E+6	7.64188E+4	2.84825E+6
6.40000E+1	3.16642E+4	7.74798E+4	3.93088E+6	1.18276E+6	7.62836E+4	2.82740E+6
6.41000E+1	3.13800E+4	7.72710E+4	3.70366E+6	1.19227E+6	7.62565E+4	2.69986E+6
6.42000E+1	3.13705E+4	7.71830E+4	3.78897E+6	1.19302E+6	7.58750E+4	2.76419E+6
6.43000E+1	3.15069E+4	7.72214E+4	3.75133E+6	1.19318E+6	7.62646E+4	2.79275E+6
6.44000E+1	3.14289E+4	7.78143E+4	4.07342E+6	1.22816E+6	7.64630E+4	2.88683E+6
6.45000E+1	3.14312E+4	7.72538E+4	3.88585E+6	1.18197E+6	7.63196E+4	2.73101E+6
6.46000E+1	3.17503E+4	7.75113E+4	3.82685E+6	1.19119E+6	7.63537E+4	2.76498E+6
6.47000E+1	3.16313E+4	7.78867E+4	4.08862E+6	1.22182E+6	7.66116E+4	2.90476E+6
6.48000E+1	3.17542E+4	7.81296E+4	4.34600E+6	1.23175E+6	7.65362E+4	3.04480E+6
6.49000E+1	3.15370E+4	7.73875E+4	3.87411E+6	1.21504E+6	7.63747E+4	2.79896E+6
6.50000E+1	3.14506E+4	7.76667E+4	3.83182E+6	1.19686E+6	7.62335E+4	2.89809E+6
6.51000E+1	3.16463E+4	7.74656E+4	3.60824E+6	1.19469E+6	7.61115E+4	2.69809E+6
6.52000E+1	3.15994E+4	7.73247E+4	3.56835E+6	1.19551E+6	7.58800E+4	2.66027E+6
6.53000E+1	3.16441E+4	7.72892E+4	3.75611E+6	1.17901E+6	7.61835E+4	2.80738E+6
6.54000E+1	3.17301E+4	7.74879E+4	3.86295E+6	1.20203E+6	7.61755E+4	2.82189E+6
6.55000E+1	3.17491E+4	7.80101E+4	3.88227E+6	1.22657E+6	7.60916E+4	2.85443E+6
6.56000E+1	3.18381E+4	7.82309E+4	4.82500E+6	1.24426E+6	7.67443E+4	3.10586E+6
6.57000E+1	3.16754E+4	7.81153E+4	4.18993E+6	1.23570E+6	7.65151E+4	3.01357E+6
6.58000E+1	3.17670E+4	7.79581E+4	4.09485E+6	1.22340E+6	7.65121E+4	2.89288E+6
6.59000E+1	3.17268E+4	7.77644E+4	3.75372E+6	1.20028E+6	7.59229E+4	2.80466E+6
6.60000E+1	3.19227E+4	7.80816E+4	4.26965E+6	1.23169E+6	7.63647E+4	3.06306E+6
6.61000E+1	3.17083E+4	7.78907E+4	3.75420E+6	1.21527E+6	7.55806E+4	2.81174E+6
6.62000E+1	3.19917E+4	7.81603E+4	4.13838E+6	1.21935E+6	7.65322E+4	2.91791E+6
6.63000E+1	3.17217E+4	7.81071E+4	3.92983E+6	1.22267E+6	7.62085E+4	2.91059E+6
6.64000E+1	3.16017E+4	7.82350E+4	3.72570E+6	1.17712E+6	7.60386E+4	2.79383E+6
6.65000E+1	3.21727E+4	7.84881E+4	4.37743E+6	1.23558E+6	7.62215E+4	3.07114E+6
6.66000E+1	3.18975E+4	7.81460E+4	4.12972E+6	1.22674E+6	7.62055E+4	2.96802E+6
6.67000E+1	3.15359E+4	7.81214E+4	4.02681E+6	1.21254E+6	7.57506E+4	2.92143E+6
6.68000E+1	3.18521E+4	7.83630E+4	3.89920E+6	1.22019E+6	7.56114E+4	2.71816E+6
6.69000E+1	3.19468E+4	7.83343E+4	4.26166E+6	1.23135E+6	7.62125E+4	3.00144E+6
6.70000E+1	3.17732E+4	7.80142E+4	3.75659E+6	1.23089E+6	7.59458E+4	2.69205E+6
6.71000E+1	3.16335E+4	7.77807E+4	3.85084E+6	1.18595E+6	7.57197E+4	2.69935E+6
6.72000E+1	3.19962E+4	7.78979E+4	3.91472E+6	1.19697E+6	7.59608E+4	2.79033E+6
6.73000E+1	3.20170E+4	7.82841E+4	3.92148E+6	1.18483E+6	7.61855E+4	2.88626E+6
6.74000E+1	3.20136E+4	7.85826E+4	4.46568E+6	1.23570E+6	7.61175E+4	3.00236E+6
6.75000E+1	3.19973E+4	7.84102E+4	3.87055E+6	1.21354E+6	7.60586E+4	2.80357E+6
6.76000E+1	3.21361E+4	7.87430E+4	4.14070E+6	1.23277E+6	7.62435E+4	2.85837E+6
6.77000E+1	3.20619E+4	7.87008E+4	4.34664E+6	1.24234E+6	7.64600E+4	3.05374E+6
6.78000E+1	3.17984E+4	7.85744E+4	4.46501E+6	1.26202E+6	7.62485E+4	3.13358E+6
6.79000E+1	3.21620E+4	7.88543E+4	4.22640E+6	1.25654E+6	7.61815E+4	2.98510E+6
6.80000E+1	3.20277E+4	7.88656E+4	4.35878E+6	1.25678E+6	7.61485E+4	3.00827E+6
6.81000E+1	3.20080E+4	7.89440E+4	4.14882E+6	1.25689E+6	7.63166E+4	3.07050E+6
6.82000E+1	3.20883E+4	7.86875E+4	4.47039E+6	1.25660E+6	7.63527E+4	3.10553E+6
6.83000E+1	3.19665E+4	7.88337E+4	4.39429E+6	1.24618E+6	7.61475E+4	3.01201E+6
6.84000E+1	3.21468E+4	7.90389E+4	4.30249E+6	1.25122E+6	7.63276E+4	2.95564E+6
6.85000E+1	3.22639E+4	7.87297E+4	4.26534E+6	1.23581E+6	7.61225E+4	3.05471E+6
6.86000E+1	3.19721E+4	7.85713E+4	4.08580E+6	1.21784E+6	7.60336E+4	2.85809E+6
6.87000E+1	3.20934E+4	7.82514E+4	3.70926E+6	1.21371E+6	7.56521E+4	2.69004E+6
6.88000E+1	3.21013E+4	7.86864E+4	3.85941E+6	1.19475E+6	7.58113E+4	2.89404E+6
6.89000E+1	3.22623E+4	7.89646E+4	4.67278E+6	1.24060E+6	7.63417E+4	3.09892E+6
6.90000E+1	3.23215E+4	7.91950E+4	4.66911E+6	1.26754E+6	7.61515E+4	2.97501E+6
6.91000E+1	3.21159E+4	7.87348E+4	4.10736E+6	1.25388E+6	7.60766E+4	3.03400E+6
6.92000E+1	3.20192E+4	7.86011E+4	3.84632E+6	1.20345E+6	7.55925E+4	2.74502E+6
6.93000E+1	3.20322E+4	7.86289E+4	3.89611E+6	1.18319E+6	7.55885E+4	2.78737E+6
6.94000E+1	3.21598E+4	7.84081E+4	3.96626E+6	1.18622E+6	7.54823E+4	2.75392E+6
6.95000E+1	3.21086E+4	7.85179E+4	3.97426E+6	1.19707E+6	7.56581E+4	2.79033E+6
6.96000E+1	3.20732E+4	7.85785E+4	3.84281E+6	1.19135E+6	7.59738E+4	2.76313E+6
6.97000E+1	3.22549E+4	7.84615E+4	3.82735E+6	1.20950E+6	7.56968E+4	2.87567E+6
6.98000E+1	3.23852E+4	7.91206E+4	4.17104E+6	1.25713E+6	7.58810E+4	2.99278E+6
6.99000E+1	3.23209E+4	7.92333E+4	4.42244E+6	1.25394E+6	7.58601E+4	3.07406E+6
7.00000E+1	3.24344E+4	7.91102E+4	4.11879E+6	1.24829E+6	7.59548E+4	2.92821E+6
7.01000E+1	3.24519E+4	7.91299E+4	4.24822E+6	1.22193E+6	7.59758E+4	3.05952E+6
7.02000E+1	3.24722E+4	7.93037E+4	4.48050E+6	1.28031E+6	7.60197E+4	3.12284E+6
7.03000E+1	3.22223E+4	7.93130E+4	4.33647E+6	1.24776E+6	7.60716E+4	3.02297E+6
7.04000E+1	3.21783E+4	7.88007E+4	4.10679E+6	1.20724E+6	7.55051E+4	2.87168E+6
7.05000E+1	3.20647E+4	7.87039E+4	3.83382E+6	1.21127E+6	7.54634E+4	2.84545E+6
7.06000E+1	3.23344E+4	7.86340E+4	3.74942E+6	1.21566E+6	7.55240E+4	2.81777E+6
7.07000E+1	3.21406E+4	7.89863E+4	3.87818E+6	1.18404E+6	7.53554E+4	2.77427E+6
7.08000E+1	3.22989E+4	7.87945E+4	3.79482E+6	1.20476E+6	7.53237E+4	2.77214E+6
7.09000E+1	3.25514E+4	7.91712E+4	4.12052E+6	1.20181E+6	7.55627E+4	2.96106E+6
7.10000E+1	3.21254E+4	7.84851E+4	3.71394E+6	1.18329E+6	7.52980E+4	2.77613E+6
7.11000E+1	3.22735E+4	7.86618E+4	3.97587E+6	1.18361E+6	7.51792E+4	2.76604E+6
7.12000E+1	3.22110E+4	7.85456E+4	3.91835E+6	1.18611E+6	7.52010E+4	2.79302E+6
7.13000E+1	3.22538E+4	7.90059E+4	4.07117E+6	1.22171E+6	7.55111E+4	2.85668E+6
7.14000E+1	3.24044E+4	7.93244E+4	4.56378E+6	1.25276E+6	7.57983E+4	3.09859E+6
7.15000E+1	3.26245E+4	7.95848E+4	4.55539E+6	1.24987E+6	7.59239E+4	3.08677E+6
7.16000E+1	3.26568E+4	7.98637E+4	4.49610E+6	1.23835E+6	7.57864E+4	3.07504E+6
7.17000E+1	3.27305E+4	7.98668E+4	4.64288E+6	1.30283E+6	7.56978E+4	3.12619E+6
7.18000E+1	3.25022E+4	7.96971E+4	4.23668E+6	1.24712E+6	7.57257E+4	3.05727E+6
7.19000E+1	3.25797E+4	7.90524E+4	4.11536E+6	1.22312E+6	7.55925E+4	2.91381E+6
7.20000E+1	3.26642E+4	7.94924E+4	4.01696E+6	1.22498E+6	7.52712E+4	2.79275E+6
7.21000E+1	3.27050E+4	7.99920E+4	4.44962E+6	1.25684E+6	7.57625E+4	3.03527E+6
7.22000E+1	3.26971E+4	7.97346E+4	4.18993E+6	1.25364E+6	7.55250E+4	3.03907E+6
7.23000E+1	3.27260E+4	7.92530E+4	4.23789E+6	1.22148E+6	7.54456E+4	3.13055E+6
7.24000E+1	3.24688E+4	7.93514E+4	4.26842E+6	1.24368E+6	7.53019E+4	2.88712E+6
7.25000E+1	3.27555E+4	7.92312E+4	4.20839E+6	1.20685E+6	7.54277E+4	2.84881E+6
7.26000E+1	3.26449E+4	7.93431E+4	3.88892E+6	1.21393E+6	7.51358E+4	2.81147E+6
7.27000E+1	3.26086E+4	7.90575E+4	4.07061E+6	1.18584E+6	7.50005E+4	2.74607E+6
7.28000E+1	3.29665E+4	7.95080E+4	4.28632E+6	1.22787E+6	7.50054E+4	2.84462E+6
7.29000E+1	3.26024E+4	7.93493E+4	4.20003E+6	1.21806E+6	7.52317E+4	2.82216E+6
7.30000E+1	3.29756E+4	7.98095E+4	3.99145E+6	1.23449E+6	7.51229E+4	2.99556E+6
7.31000E+1	3.26523E+4	7.95277E+4	4.06893E+6	1.23186E+6	7.50103E+4	2.87824E+6
7.32000E+1	3.28305E+4	7.93244E+4	3.69854E+6	1.19778E+6	7.51101E+4	2.77800E+6
7.33000E+1	3.28959E+4	7.93814E+4	3.83981E+6	1.21633E+6	7.48782E+4	2.80874E+6
7.34000E+1	3.29916E+4	7.91743E+4	4.12569E+6	1.18905E+6	7.49314E+4	2.75208E+6
7.35000E+1	3.28504E+4	7.94457E+4	4.14766E+6	1.19632E+6	7.51516E+4	2.90476E+6
7.36000E+1	3.29198E+4	7.97356E+4	4.10166E+6	1.20504E+6	7.50952E+4	2.84462E+6
7.37000E+1	3.31376E+4	7.92695E+4	4.15581E+6	1.19200E+6	7.48014E+4	2.81694E+6
7.38000E+1	3.33819E+4	7.94903E+4	4.20242E+6	1.21060E+6	7.49167E+4	2.78013E+6
7.39000E+1	3.31308E+4	7.98314E+4	4.04721E+6	1.22657E+6	7.52742E+4	2.91585E+6
7.40000E+1	3.32554E+4	8.01780E+4	4.38714E+6	1.26267E+6	7.52594E+4	3.09136E+6
7.41000E+1	3.35587E+4	7.99430E+4	4.92221E+6	1.28381E+6	7.52505E+4	3.13797E+6
7.42000E+1	3.34645E+4	8.01937E+4	4.75946E+6	1.26868E+6	7.55021E+4	2.99618E+6
7.43000E+1	3.35759E+4	8.02125E+4	4.54146E+6	1.27945E+6	7.51180E+4	3.10057E+6
7.44000E+1	3.32925E+4	8.01309E+4	4.39103E+6	1.27098E+6	7.52119E+4	3.04289E+6
7.45000E+1	3.34152E+4	7.99211E+4	4.29937E+6	1.23060E+6	7.49502E+4	3.00299E+6
7.46000E+1	3.32496E+4	7.95173E+4	4.03395E+6	1.20367E+6	7.50528E+4	2.84406E+6
7.47000E+1	3.36898E+4	8.02701E+4	4.44097E+6	1.23673E+6	7.48250E+4	2.98786E+6
7.48000E+1	3.35661E+4	8.01874E+4	4.61335E+6	1.26808E+6	7.52742E+4	3.11449E+6
7.49000E+1	3.34961E+4	7.96888E+4	4.24275E+6	1.24339E+6	7.47896E+4	2.84545E+6
7.50000E+1	3.35374E+4	7.96243E+4	4.16341E+6	1.21873E+6	7.47109E+4	2.74842E+6
7.51000E+1	3.37618E+4	8.02638E+4	4.21498E+6	1.24118E+6	7.50982E+4	3.01920E+6
7.52000E+1	3.37907E+4	8.02680E+4	4.37808E+6	1.23731E+6	7.47857E+4	2.93978E+6
7.53000E+1	3.41155E+4	8.05164E+4	4.78009E+6	1.28908E+6	7.55230E+4	3.28080E+6
7.54000E+1	3.37595E+4	8.03099E+4	4.42640E+6	1.25028E+6	7.48743E+4	3.15494E+6
7.55000E+1	3.35121E+4	7.98314E+4	4.13029E+6	1.22041E+6	7.46431E+4	2.85134E+6
7.56000E+1	3.38097E+4	8.01215E+4	4.08975E+6	1.23289E+6	7.45252E+4	2.93532E+6
7.57000E+1	3.41341E+4	8.04839E+4	4.85962E+6	1.28598E+6	7.53267E+4	3.09267E+6
7.58000E+1	3.41074E+4	8.06951E+4	4.98307E+6	1.29251E+6	7.53009E+4	3.06629E+6
7.59000E+1	3.42176E+4	8.07477E+4	4.65378E+6	1.28080E+6	7.53316E+4	3.11749E+6
7.60000E+1	3.40814E+4	8.05721E+4	5.08756E+6	1.28215E+6	7.50508E+4	3.21756E+6
7.61000E+1	3.39512E+4	8.04692E+4	4.41389E+6	1.26435E+6	7.50034E+4	2.92143E+6
7.62000E+1	3.40576E+4	8.03067E+4	4.05387E+6	1.25122E+6	7.43517E+4	2.90855E+6
7.63000E+1	3.43274E+4	8.06751E+4	4.84934E+6	1.28802E+6	7.48201E+4	3.15973E+6
7.64000E+1	3.41132E+4	8.06993E+4	5.03776E+6	1.28616E+6	7.52356E+4	3.03971E+6
7.65000E+1	3.43861E+4	8.05658E+4	4.60906E+6	1.26922E+6	7.51259E+4	3.16144E+6
7.66000E+1	3.42373E+4	8.02135E+4	4.12454E+6	1.25346E+6	7.46401E+4	2.90302E+6
7.67000E+1	3.42879E+4	8.09943E+4	4.50975E+6	1.29683E+6	7.52544E+4	3.04034E+6
7.68000E+1	3.41840E+4	8.04944E+4	4.55469E+6	1.23910E+6	7.42206E+4	3.05214E+6
7.69000E+1	3.44583E+4	8.05164E+4	4.37937E+6	1.25169E+6	7.46568E+4	3.02895E+6
7.70000E+1	3.46216E+4	8.09120E+4	5.10758E+6	1.28684E+6	7.46381E+4	3.14372E+6
7.71000E+1	3.42141E+4	8.05815E+4	4.30249E+6	1.25093E+6	7.42597E+4	2.79113E+6
7.72000E+1	3.45819E+4	8.07172E+4	4.90844E+6	1.29276E+6	7.46490E+4	3.06726E+6
7.73000E+1	3.46041E+4	8.07582E+4	4.69861E+6	1.28270E+6	7.44173E+4	3.01795E+6
7.74000E+1	3.44502E+4	8.06909E+4	4.29004E+6	1.25099E+6	7.44997E+4	2.90244E+6
7.75000E+1	3.48356E+4	8.08288E+4	4.79548E+6	1.30454E+6	7.49226E+4	3.17382E+6
7.76000E+1	3.46292E+4	8.10460E+4	4.66253E+6	1.30137E+6	7.50587E+4	3.09991E+6
7.77000E+1	3.44781E+4	8.06299E+4	4.52280E+6	1.25684E+6	7.44350E+4	2.96106E+6
7.78000E+1	3.44705E+4	8.02533E+4	4.27704E+6	1.25222E+6	7.41326E+4	2.97288E+6
7.79000E+1	3.46724E+4	8.06719E+4	4.47375E+6	1.27517E+6	7.44772E+4	3.00051E+6
7.80000E+1	3.49517E+4	8.13094E+4	5.02758E+6	1.33188E+6	7.46932E+4	3.09300E+6
7.81000E+1	3.47613E+4	8.07540E+4	4.90440E+6	1.28746E+6	7.47365E+4	2.99803E+6
7.82000E+1	3.45265E+4	8.07793E+4	4.17634E+6	1.25317E+6	7.43615E+4	2.89953E+6
7.83000E+1	3.45907E+4	8.05259E+4	4.07342E+6	1.25093E+6	7.40613E+4	2.93473E+6
7.84000E+1	3.47777E+4	8.08435E+4	4.87472E+6	1.28277E+6	7.45125E+4	3.06306E+6
7.85000E+1	3.50615E+4	8.12511E+4	5.09886E+6	1.30651E+6	7.45645E+4	3.20872E+6
7.86000E+1	3.46274E+4	8.05847E+4	4.32068E+6	1.25933E+6	7.42754E+4	2.94933E+6
7.87000E+1	3.49341E+4	8.09489E+4	4.43169E+6	1.28678E+6	7.42431E+4	3.10421E+6
7.88000E+1	3.49288E+4	8.07814E+4	4.53522E+6	1.26369E+6	7.40760E+4	2.91967E+6
7.89000E+1	3.48649E+4	8.13401E+4	4.49406E+6	1.30080E+6	7.44497E+4	3.06791E+6
7.90000E+1	3.53708E+4	8.16500E+4	4.90198E+6	1.32413E+6	7.45645E+4	3.19083E+6
7.91000E+1	3.50451E+4	8.08593E+4	4.31502E+6	1.28839E+6	7.40750E+4	3.07147E+6
7.92000E+1	3.49458E+4	8.06236E+4	4.48050E+6	1.25240E+6	7.40691E+4	2.80412E+6
7.93000E+1	3.51903E+4	8.13380E+4	4.76174E+6	1.30900E+6	7.43174E+4	3.03369E+6
7.94000E+1	3.50509E+4	8.09405E+4	4.34028E+6	1.25993E+6	7.40721E+4	2.89000E+6
7.95000E+1	3.52646E+4	8.13284E+4	4.37743E+6	1.24350E+6	7.40321E+4	2.91117E+6
7.96000E+1	3.53165E+4	8.18383E+4	4.90521E+6	1.33486E+6	7.44605E+4	3.18874E+6
7.97000E+1	3.52988E+4	8.12850E+4	4.23184E+6	1.27049E+6	7.40740E+4	2.91351E+6
7.98000E+1	3.55333E+4	8.12924E+4	4.60549E+6	1.28536E+6	7.40291E+4	3.02485E+6
7.99000E+1	3.54842E+4	8.16648E+4	5.00145E+6	1.32035E+6	7.44428E+4	3.16796E+6
8.00000E+1	3.54499E+4	8.20303E+4	4.90037E+6	1.29601E+6	7.44693E+4	3.13257E+6
8.01000E+1	3.56826E+4	8.14800E+4	4.89152E+6	1.31317E+6	7.44360E+4	3.21685E+6
8.02000E+1	3.55593E+4	8.13062E+4	4.60906E+6	1.30378E+6	7.43008E+4	3.13527E+6
8.03000E+1	3.54186E+4	8.13178E+4	4.82969E+6	1.28338E+6	7.43478E+4	3.10321E+6
8.04000E+1	3.54322E+4	8.19193E+4	4.72022E+6	1.31860E+6	7.42167E+4	3.04926E+6
8.05000E+1	3.55244E+4	8.12035E+4	4.22520E+6	1.27213E+6	7.38897E+4	2.94664E+6
8.06000E+1	3.55605E+4	8.17499E+4	4.96152E+6	1.30371E+6	7.43047E+4	3.18874E+6
8.07000E+1	3.55232E+4	8.13242E+4	4.58419E+6	1.29878E+6	7.39219E+4	3.02202E+6
8.08000E+1	3.56044E+4	8.17744E+4	4.66472E+6	1.30721E+6	7.38527E+4	3.09398E+6
8.09000E+1	3.56180E+4	8.15565E+4	4.62699E+6	1.29338E+6	7.39472E+4	2.98571E+6
8.10000E+1	3.58031E+4	8.17659E+4	4.68455E+6	1.28012E+6	7.37515E+4	3.08775E+6
8.11000E+1	3.57449E+4	8.20666E+4	4.93606E+6	1.34663E+6	7.42245E+4	3.17486E+6
8.12000E+1	3.58067E+4	8.15841E+4	4.43367E+6	1.28920E+6	7.37923E+4	2.94544E+6
8.13000E+1	3.58851E+4	8.18596E+4	4.57713E+6	1.30613E+6	7.38371E+4	3.12585E+6
8.14000E+1	3.58780E+4	8.22376E+4	4.83517E+6	1.31073E+6	7.43272E+4	3.11782E+6
8.15000E+1	3.57568E+4	8.19396E+4	4.26719E+6	1.29828E+6	7.38069E+4	3.10917E+6
8.16000E+1	3.60334E+4	8.17489E+4	4.77472E+6	1.32009E+6	7.40311E+4	3.11816E+6
8.17000E+1	3.61516E+4	8.20196E+4	5.12423E+6	1.32348E+6	7.40769E+4	3.10586E+6
8.18000E+1	3.59411E+4	8.18777E+4	4.57643E+6	1.33925E+6	7.38371E+4	3.04321E+6
8.19000E+1	3.60811E+4	8.18159E+4	4.46233E+6	1.27639E+6	7.35582E+4	2.94874E+6
8.20000E+1	3.58631E+4	8.17840E+4	4.91572E+6	1.29859E+6	7.38206E+4	3.12485E+6
8.21000E+1	3.59095E+4	8.17947E+4	4.26412E+6	1.28746E+6	7.38790E+4	2.88942E+6
8.22000E+1	3.65217E+4	8.23854E+4	4.58773E+6	1.32185E+6	7.37943E+4	3.05631E+6
8.23000E+1	3.64436E+4	8.25334E+4	5.13481E+6	1.34495E+6	7.40291E+4	3.20309E+6
8.24000E+1	3.61629E+4	8.26085E+4	5.86403E+6	1.36784E+6	7.43556E+4	3.40843E+6
8.25000E+1	3.62018E+4	8.24701E+4	4.72246E+6	1.33985E+6	7.39102E+4	3.14643E+6
8.26000E+1	3.62137E+4	8.16819E+4	4.38844E+6	1.29082E+6	7.39608E+4	2.87852E+6
8.27000E+1	3.59893E+4	8.15618E+4	4.57854E+6	1.28394E+6	7.36115E+4	3.04512E+6
8.28000E+1	3.62771E+4	8.19470E+4	4.61478E+6	1.29276E+6	7.35785E+4	3.04703E+6
8.29000E+1	3.63412E+4	8.22868E+4	4.86597E+6	1.32074E+6	7.38449E+4	3.15324E+6
8.30000E+1	3.63094E+4	8.21392E+4	4.56799E+6	1.29007E+6	7.33178E+4	3.00982E+6
8.31000E+1	3.66400E+4	8.24947E+4	5.07891E+6	1.37790E+6	7.38332E+4	3.15358E+6
8.32000E+1	3.63609E+4	8.24465E+4	5.06598E+6	1.28970E+6	7.36145E+4	3.04799E+6
8.33000E+1	3.63573E+4	8.22333E+4	4.38844E+6	1.30569E+6	7.35417E+4	3.09530E+6
8.34000E+1	3.64406E+4	8.23414E+4	4.84934E+6	1.32741E+6	7.37807E+4	3.17210E+6
8.35000E+1	3.64029E+4	8.22355E+4	4.22339E+6	1.29526E+6	7.34844E+4	2.94335E+6
8.36000E+1	3.65090E+4	8.24872E+4	4.86517E+6	1.33705E+6	7.35611E+4	3.30192E+6
8.37000E+1	3.66136E+4	8.29390E+4	5.43146E+6	1.35361E+6	7.40369E+4	3.24185E+6
8.38000E+1	3.65391E+4	8.24926E+4	5.33556E+6	1.36652E+6	7.38157E+4	3.37855E+6
8.39000E+1	3.63885E+4	8.25183E+4	4.48389E+6	1.28357E+6	7.34912E+4	3.03274E+6
8.40000E+1	3.63855E+4	8.25452E+4	4.43500E+6	1.29257E+6	7.36174E+4	3.16969E+6
8.41000E+1	3.68250E+4	8.27010E+4	5.28464E+6	1.35538E+6	7.36417E+4	3.08481E+6
8.42000E+1	3.66539E+4	8.27236E+4	5.66573E+6	1.35956E+6	7.37953E+4	3.21190E+6
8.43000E+1	3.62484E+4	8.21873E+4	4.84697E+6	1.32544E+6	7.34612E+4	3.04990E+6
8.44000E+1	3.62927E+4	8.25538E+4	4.54494E+6	1.30581E+6	7.35572E+4	3.02706E+6
8.45000E+1	3.64322E+4	8.30360E+4	5.34701E+6	1.34683E+6	7.39443E+4	3.28522E+6
8.46000E+1	3.65679E+4	8.27731E+4	4.65523E+6	1.29821E+6	7.34117E+4	2.99679E+6
8.47000E+1	3.63867E+4	8.29627E+4	4.70752E+6	1.33759E+6	7.37038E+4	3.19817E+6
8.48000E+1	3.63184E+4	8.27731E+4	4.60407E+6	1.31944E+6	7.34214E+4	3.09760E+6
8.49000E+1	3.63352E+4	8.29756E+4	5.01743E+6	1.37383E+6	7.36368E+4	3.47964E+6
8.50000E+1	3.63909E+4	8.34384E+4	5.06512E+6	1.33420E+6	7.37087E+4	3.30229E+6
8.51000E+1	3.62831E+4	8.30134E+4	4.69861E+6	1.31866E+6	7.35688E+4	3.13594E+6
8.52000E+1	3.62376E+4	8.25817E+4	4.46568E+6	1.28332E+6	7.32898E+4	3.08972E+6
8.53000E+1	3.64880E+4	8.34699E+4	5.03181E+6	1.34159E+6	7.39628E+4	3.27565E+6
8.54000E+1	3.63495E+4	8.25495E+4	4.55539E+6	1.30741E+6	7.32221E+4	3.00578E+6
8.55000E+1	3.66124E+4	8.31905E+4	4.82265E+6	1.32898E+6	7.35077E+4	3.16007E+6
8.56000E+1	3.65547E+4	8.33561E+4	5.16321E+6	1.33825E+6	7.36650E+4	3.24401E+6
8.57000E+1	3.60805E+4	8.28021E+4	4.40472E+6	1.28777E+6	7.33982E+4	3.08089E+6
8.58000E+1	3.63477E+4	8.35350E+4	5.50032E+6	1.35702E+6	7.37787E+4	3.24185E+6
8.59000E+1	3.59560E+4	8.30339E+4	4.59624E+6	1.28338E+6	7.35630E+4	3.05022E+6
8.60000E+1	3.63639E+4	8.28614E+4	4.29564E+6	1.29444E+6	7.32047E+4	2.93443E+6
8.61000E+1	3.64922E+4	8.29131E+4	4.58348E+6	1.30958E+6	7.37632E+4	3.30266E+6
8.62000E+1	3.64316E+4	8.28991E+4	4.53315E+6	1.28920E+6	7.34524E+4	3.00268E+6
8.63000E+1	3.62502E+4	8.32230E+4	4.62339E+6	1.29444E+6	7.33149E+4	2.98050E+6
8.64000E+1	3.65937E+4	8.37490E+4	4.73900E+6	1.34260E+6	7.35184E+4	3.25268E+6
8.65000E+1	3.63771E+4	8.27515E+4	4.85329E+6	1.29985E+6	7.33846E+4	3.04639E+6
8.66000E+1	3.61205E+4	8.27257E+4	4.49067E+6	1.28672E+6	7.31708E+4	2.96802E+6
8.67000E+1	3.63963E+4	8.31646E+4	4.68750E+6	1.27914E+6	7.32985E+4	2.97136E+6
8.68000E+1	3.66539E+4	8.36707E+4	4.90117E+6	1.33466E+6	7.36718E+4	3.19958E+6
8.69000E+1	3.62574E+4	8.30922E+4	4.35238E+6	1.29144E+6	7.32143E+4	2.94993E+6
8.70000E+1	3.67418E+4	8.35871E+4	5.56161E+6	1.35015E+6	7.39696E+4	3.21756E+6
8.71000E+1	3.65757E+4	8.35436E+4	5.11020E+6	1.33812E+6	7.37398E+4	3.26285E+6
8.72000E+1	3.66310E+4	8.31732E+4	4.49270E+6	1.31951E+6	7.35814E+4	3.06210E+6
8.73000E+1	3.62496E+4	8.29400E+4	4.27211E+6	1.29426E+6	7.32588E+4	2.97197E+6
8.74000E+1	3.64874E+4	8.34330E+4	4.49678E+6	1.29144E+6	7.33459E+4	2.91293E+6
8.75000E+1	3.63382E+4	8.30825E+4	4.42508E+6	1.27462E+6	7.31283E+4	2.88626E+6
8.76000E+1	3.62741E+4	8.31613E+4	4.43301E+6	1.28796E+6	7.33178E+4	2.87139E+6
8.77000E+1	3.66034E+4	8.31343E+4	4.59056E+6	1.29771E+6	7.33866E+4	3.13594E+6
8.78000E+1	3.64125E+4	8.31192E+4	4.55818E+6	1.26321E+6	7.31564E+4	2.96046E+6
8.79000E+1	3.65439E+4	8.36251E+4	4.18578E+6	1.27122E+6	7.34021E+4	2.94395E+6
8.80000E+1	3.65817E+4	8.31786E+4	4.50839E+6	1.27865E+6	7.33081E+4	2.92615E+6
8.81000E+1	3.68376E+4	8.37751E+4	4.52211E+6	1.29182E+6	7.32375E+4	3.02769E+6
8.82000E+1	3.67309E+4	8.41174E+4	4.97145E+6	1.28425E+6	7.32956E+4	3.08775E+6
8.83000E+1	3.68165E+4	8.39276E+4	4.66107E+6	1.27939E+6	7.36028E+4	3.09169E+6
8.84000E+1	3.71914E+4	8.36990E+4	4.58843E+6	1.31266E+6	7.33672E+4	3.03305E+6
8.85000E+1	3.70424E+4	8.39690E+4	5.01574E+6	1.32971E+6	7.33352E+4	3.15460E+6
8.86000E+1	3.71781E+4	8.39472E+4	4.96070E+6	1.32263E+6	7.33943E+4	3.22538E+6
8.87000E+1	3.71623E+4	8.40203E+4	5.45323E+6	1.32609E+6	7.35737E+4	3.24906E+6
8.88000E+1	3.71175E+4	8.42595E+4	5.30339E+6	1.33559E+6	7.36951E+4	3.34458E+6
8.89000E+1	3.67846E+4	8.35024E+4	4.28137E+6	1.29119E+6	7.32346E+4	3.12552E+6
8.90000E+1	3.68111E+4	8.35306E+4	4.54841E+6	1.31311E+6	7.35038E+4	3.19817E+6
8.91000E+1	3.68738E+4	8.36675E+4	5.27625E+6	1.31279E+6	7.34893E+4	3.12150E+6
8.92000E+1	3.66942E+4	8.36653E+4	4.70380E+6	1.32957E+6	7.33391E+4	3.18005E+6
8.93000E+1	3.68268E+4	8.36479E+4	4.97310E+6	1.31427E+6	7.32027E+4	3.23145E+6
8.94000E+1	3.68262E+4	8.40945E+4	4.44296E+6	1.29501E+6	7.32124E+4	2.88942E+6
8.95000E+1	3.66190E+4	8.33799E+4	4.35174E+6	1.27110E+6	7.31892E+4	3.05984E+6
8.96000E+1	3.68606E+4	8.34753E+4	4.39624E+6	1.27633E+6	7.30299E+4	2.95383E+6
8.97000E+1	3.70703E+4	8.39308E+4	4.72096E+6	1.29438E+6	7.32172E+4	3.12016E+6
8.98000E+1	3.73584E+4	8.42507E+4	4.83832E+6	1.33354E+6	7.33672E+4	3.16556E+6
8.99000E+1	3.73304E+4	8.42836E+4	5.34988E+6	1.34960E+6	7.35232E+4	3.31840E+6
9.00000E+1	3.71617E+4	8.45663E+4	5.37874E+6	1.35497E+6	7.36222E+4	3.32142E+6
9.01000E+1	3.72618E+4	8.46047E+4	5.25954E+6	1.33712E+6	7.34980E+4	3.20943E+6
9.02000E+1	3.73973E+4	8.46607E+4	5.28464E+6	1.37572E+6	7.37602E+4	3.34879E+6
9.03000E+1	3.73438E+4	8.41447E+4	5.22552E+6	1.37111E+6	7.35155E+4	3.35724E+6
9.04000E+1	3.72727E+4	8.44621E+4	5.38164E+6	1.33772E+6	7.36630E+4	3.45382E+6
9.05000E+1	3.73778E+4	8.43273E+4	5.40986E+6	1.35497E+6	7.34825E+4	3.27052E+6
9.06000E+1	3.75160E+4	8.46871E+4	5.22735E+6	1.31717E+6	7.33188E+4	3.39618E+6
9.07000E+1	3.73171E+4	8.47772E+4	5.09625E+6	1.32407E+6	7.36213E+4	3.25739E+6
9.08000E+1	3.74028E+4	8.45783E+4	5.15964E+6	1.36362E+6	7.33594E+4	3.42276E+6
9.09000E+1	3.74393E+4	8.44182E+4	5.18472E+6	1.33572E+6	7.32414E+4	3.37155E+6
9.10000E+1	3.71763E+4	8.39396E+4	4.61837E+6	1.29564E+6	7.29046E+4	3.04895E+6
9.11000E+1	3.70781E+4	8.39995E+4	4.41718E+6	1.31795E+6	7.29653E+4	2.97471E+6
9.12000E+1	3.73511E+4	8.43098E+4	4.96235E+6	1.32681E+6	7.30068E+4	3.06339E+6
9.13000E+1	3.71690E+4	8.42376E+4	4.52142E+6	1.27195E+6	7.30270E+4	3.13459E+6
9.14000E+1	3.73323E+4	8.41567E+4	5.01490E+6	1.30429E+6	7.31892E+4	3.13089E+6
9.15000E+1	3.75136E+4	8.46420E+4	5.55130E+6	1.31918E+6	7.32366E+4	3.24834E+6
9.16000E+1	3.74910E+4	8.45454E+4	5.31470E+6	1.35463E+6	7.35261E+4	3.31690E+6
9.17000E+1	3.73250E+4	8.46772E+4	5.24938E+6	1.32426E+6	7.35863E+4	3.19888E+6
9.18000E+1	3.70491E+4	8.44577E+4	5.02334E+6	1.29828E+6	7.32433E+4	3.11349E+6
9.19000E+1	3.71193E+4	8.49501E+4	5.03691E+6	1.31717E+6	7.35067E+4	3.18630E+6
9.20000E+1	3.69681E+4	8.41644E+4	4.76708E+6	1.30556E+6	7.30212E+4	3.07406E+6
9.21000E+1	3.68962E+4	8.42234E+4	4.45831E+6	1.27328E+6	7.29277E+4	3.00454E+6
9.22000E+1	3.71508E+4	8.44237E+4	5.13481E+6	1.31840E+6	7.32946E+4	3.10189E+6
9.23000E+1	3.70412E+4	8.42212E+4	4.21798E+6	1.24718E+6	7.30048E+4	3.01076E+6
9.24000E+1	3.71448E+4	8.42529E+4	4.27642E+6	1.26645E+6	7.30087E+4	2.99896E+6
9.25000E+1	3.74131E+4	8.49093E+4	4.84618E+6	1.30817E+6	7.31621E+4	3.14473E+6
9.26000E+1	3.74326E+4	8.52028E+4	4.88431E+6	1.31459E+6	7.33749E+4	3.19188E+6
9.27000E+1	3.71060E+4	8.47475E+4	5.02334E+6	1.34832E+6	7.33062E+4	3.25667E+6
9.28000E+1	3.70406E+4	8.43711E+4	4.94261E+6	1.27804E+6	7.33701E+4	3.06564E+6
9.29000E+1	3.71599E+4	8.46706E+4	4.96565E+6	1.31362E+6	7.34718E+4	3.23395E+6
9.30000E+1	3.69282E+4	8.47497E+4	5.01322E+6	1.31607E+6	7.31264E+4	3.13257E+6
9.31000E+1	3.69481E+4	8.45202E+4	4.60122E+6	1.27572E+6	7.31776E+4	3.12351E+6
9.32000E+1	3.68889E+4	8.46827E+4	4.62987E+6	1.27037E+6	7.30946E+4	3.11283E+6
9.33000E+1	3.70933E+4	8.48840E+4	4.77319E+6	1.32649E+6	7.36368E+4	3.21049E+6
9.34000E+1	3.72594E+4	8.50824E+4	5.36042E+6	1.30175E+6	7.32646E+4	3.18839E+6
9.35000E+1	3.73876E+4	8.51111E+4	5.12248E+6	1.30868E+6	7.35552E+4	3.30266E+6
9.36000E+1	3.72218E+4	8.50471E+4	4.79316E+6	1.33679E+6	7.32936E+4	3.18422E+6
9.37000E+1	3.71757E+4	8.50151E+4	4.75794E+6	1.28926E+6	7.33459E+4	3.12619E+6
9.38000E+1	3.71739E+4	8.43613E+4	4.52969E+6	1.27165E+6	7.30781E+4	2.90244E+6
9.39000E+1	3.74411E+4	8.51486E+4	4.92546E+6	1.26886E+6	7.29345E+4	3.14507E+6
9.40000E+1	3.76398E+4	8.50019E+4	5.32701E+6	1.31802E+6	7.33730E+4	3.19607E+6
9.41000E+1	3.75751E+4	8.53100E+4	5.22735E+6	1.30945E+6	7.33052E+4	3.23467E+6
9.42000E+1	3.73450E+4	8.49920E+4	4.52142E+6	1.25601E+6	7.28998E+4	2.90505E+6
9.43000E+1	3.73870E+4	8.48190E+4	4.40276E+6	1.25874E+6	7.27670E+4	3.03400E+6
9.44000E+1	3.78042E+4	8.53643E+4	4.99894E+6	1.30042E+6	7.30926E+4	3.32671E+6
9.45000E+1	3.78201E+4	8.53731E+4	5.53591E+6	1.32074E+6	7.34583E+4	3.32898E+6
9.46000E+1	3.74855E+4	8.53465E+4	4.89474E+6	1.29765E+6	7.35533E+4	3.20802E+6
9.47000E+1	3.77448E+4	8.57625E+4	4.95905E+6	1.31028E+6	7.33227E+4	3.13864E+6
9.48000E+1	3.74435E+4	8.50339E+4	4.66180E+6	1.27189E+6	7.28988E+4	2.98357E+6
9.49000E+1	3.75806E+4	8.47156E+4	4.39559E+6	1.25838E+6	7.29913E+4	2.90592E+6
9.50000E+1	3.77730E+4	8.51829E+4	4.41192E+6	1.29796E+6	7.29470E+4	3.12250E+6
9.51000E+1	3.79787E+4	8.54850E+4	4.99141E+6	1.30658E+6	7.34553E+4	3.27933E+6
9.52000E+1	3.78709E+4	8.56858E+4	5.15875E+6	1.31912E+6	7.35164E+4	3.51887E+6
9.53000E+1	3.78029E+4	8.49545E+4	4.54355E+6	1.28160E+6	7.29007E+4	2.94455E+6
9.54000E+1	3.79978E+4	8.55027E+4	5.05311E+6	1.30798E+6	7.32288E+4	3.17590E+6
9.55000E+1	3.78690E+4	8.57114E+4	4.66545E+6	1.29076E+6	7.29296E+4	2.99865E+6
9.56000E+1	3.79138E+4	8.57403E+4	5.06340E+6	1.31704E+6	7.32975E+4	3.27638E+6
9.57000E+1	3.77724E+4	8.50692E+4	4.62339E+6	1.27456E+6	7.30222E+4	3.23826E+6
9.58000E+1	3.78501E+4	8.55349E+4	4.72621E+6	1.29107E+6	7.32404E+4	3.15460E+6
9.59000E+1	3.75666E+4	8.51166E+4	4.66985E+6	1.27304E+6	7.30000E+4	3.11516E+6
9.60000E+1	3.78366E+4	8.56325E+4	5.03097E+6	1.29973E+6	7.33198E+4	3.26103E+6
9.61000E+1	3.76612E+4	8.56014E+4	4.77778E+6	1.29063E+6	7.28805E+4	3.08285E+6
9.62000E+1	3.77277E+4	8.56125E+4	4.78854E+6	1.30664E+6	7.31187E+4	3.15051E+6
9.63000E+1	3.76850E+4	8.52381E+4	4.76098E+6	1.28827E+6	7.31225E+4	3.02611E+6
9.64000E+1	3.78678E+4	8.58782E+4	5.12248E+6	1.29758E+6	7.33962E+4	3.24185E+6
9.65000E+1	3.76837E+4	8.54872E+4	4.48456E+6	1.24782E+6	7.31940E+4	3.03749E+6
9.66000E+1	3.79548E+4	8.57592E+4	4.95328E+6	1.31054E+6	7.32414E+4	3.15836E+6
9.67000E+1	3.78703E+4	8.57970E+4	4.93606E+6	1.28883E+6	7.30241E+4	3.01482E+6
9.68000E+1	3.80616E+4	8.54772E+4	4.68087E+6	1.29658E+6	7.34040E+4	2.99371E+6
9.69000E+1	3.80045E+4	8.59461E+4	4.61837E+6	1.32029E+6	7.33323E+4	3.18040E+6
9.70000E+1	3.79040E+4	8.59573E+4	4.71872E+6	1.29307E+6	7.31283E+4	3.12250E+6
9.71000E+1	3.80757E+4	8.60565E+4	4.84934E+6	1.32511E+6	7.30145E+4	3.07959E+6
9.72000E+1	3.81808E+4	8.52968E+4	4.71349E+6	1.29351E+6	7.33333E+4	3.07926E+6
9.73000E+1	3.80334E+4	8.56425E+4	5.14631E+6	1.29088E+6	7.32927E+4	3.07212E+6
9.74000E+1	3.81612E+4	8.56881E+4	4.91491E+6	1.32668E+6	7.34030E+4	3.16384E+6
9.75000E+1	3.77228E+4	8.57303E+4	4.70604E+6	1.29038E+6	7.29133E+4	3.02989E+6
9.76000E+1	3.81200E+4	8.57847E+4	5.06083E+6	1.28043E+6	7.33604E+4	3.16007E+6
9.77000E+1	3.80770E+4	8.55582E+4	4.68898E+6	1.27487E+6	7.29229E+4	2.96499E+6
9.78000E+1	3.84638E+4	8.61937E+4	5.35084E+6	1.32250E+6	7.33362E+4	3.30229E+6
9.79000E+1	3.80432E+4	8.54141E+4	4.72246E+6	1.31176E+6	7.28796E+4	3.00454E+6
9.80000E+1	3.84360E+4	8.62250E+4	4.91248E+6	1.27231E+6	7.31370E+4	3.17521E+6
9.81000E+1	3.81421E+4	8.57948E+4	4.91248E+6	1.29482E+6	7.31003E+4	3.13055E+6
9.82000E+1	3.84286E+4	8.61435E+4	4.60335E+6	1.28061E+6	7.30087E+4	3.01732E+6
9.83000E+1	3.85590E+4	8.67359E+4	5.23009E+6	1.31964E+6	7.37816E+4	3.35762E+6
9.84000E+1	3.83083E+4	8.59428E+4	4.74505E+6	1.30137E+6	7.30781E+4	3.20203E+6
9.85000E+1	3.84539E+4	8.57125E+4	4.53453E+6	1.26363E+6	7.29017E+4	2.99278E+6
9.86000E+1	3.88111E+4	8.62396E+4	5.35658E+6	1.30397E+6	7.31815E+4	3.16625E+6
9.87000E+1	3.84557E+4	8.59417E+4	4.74278E+6	1.30162E+6	7.33023E+4	2.98295E+6
9.88000E+1	3.87671E+4	8.57803E+4	4.49134E+6	1.27810E+6	7.28449E+4	2.92408E+6
9.89000E+1	3.89267E+4	8.65945E+4	5.22918E+6	1.31724E+6	7.31322E+4	3.21331E+6
9.90000E+1	3.90705E+4	8.62451E+4	5.02334E+6	1.31420E+6	7.34088E+4	3.03622E+6
9.91000E+1	3.87615E+4	8.57625E+4	4.48389E+6	1.23237E+6	7.31148E+4	2.97440E+6
9.92000E+1	3.88658E+4	8.61915E+4	4.76708E+6	1.29288E+6	7.35484E+4	3.15085E+6
9.93000E+1	3.88577E+4	8.63894E+4	5.23559E+6	1.31388E+6	7.32946E+4	3.12351E+6
9.94000E+1	3.87776E+4	8.62027E+4	4.69490E+6	1.25512E+6	7.31911E+4	2.97898E+6
9.95000E+1	3.91372E+4	8.58715E+4	4.53938E+6	1.24484E+6	7.30762E+4	2.87367E+6
9.96000E+1	3.93477E+4	8.67134E+4	4.64796E+6	1.31337E+6	7.33827E+4	3.10685E+6
9.97000E+1	3.86914E+4	8.62340E+4	4.71648E+6	1.25790E+6	7.27670E+4	2.94067E+6
9.98000E+1	3.88851E+4	8.58237E+4	4.55958E+6	1.22855E+6	7.28122E+4	2.92851E+6
9.99000E+1	3.93389E+4	8.66528E+4	4.82109E+6	1.28517E+6	7.34612E+4	3.19328E+6
1.00000E+2	3.91116E+4	8.67067E+4	5.27067E+6	1.30971E+6	7.33159E+4	3.28264E+6
1.00100E+2	3.89168E+4	8.65238E+4	4.72396E+6	1.28234E+6	7.29470E+4	2.98295E+6
1.00200E+2	3.90711E+4	8.61535E+4	4.85013E+6	1.28277E+6	7.29210E+4	2.87595E+6
1.00300E+2	3.88496E+4	8.60085E+4	4.40799E+6	1.26076E+6	7.30839E+4	2.81011E+6
1.00400E+2	3.89846E+4	8.61703E+4	4.54633E+6	1.23806E+6	7.30174E+4	2.84993E+6
1.00500E+2	3.91734E+4	8.61971E+4	4.48186E+6	1.25175E+6	7.31187E+4	2.88741E+6
1.00600E+2	3.94673E+4	8.62016E+4	4.80166E+6	1.27255E+6	7.31312E+4	2.98725E+6
1.00700E+2	3.96078E+4	8.70476E+4	4.99810E+6	1.30257E+6	7.35116E+4	3.14745E+6
1.00800E+2	3.93177E+4	8.68258E+4	5.22095E+6	1.32042E+6	7.32665E+4	3.19188E+6
1.00900E+2	3.94974E+4	8.65395E+4	5.06168E+6	1.29979E+6	7.35126E+4	3.10222E+6
1.01000E+2	3.94441E+4	8.67168E+4	4.77702E+6	1.27957E+6	7.32153E+4	3.10388E+6
1.01100E+2	3.93045E+4	8.66472E+4	4.93770E+6	1.27657E+6	7.34137E+4	3.28448E+6
1.01200E+2	3.93133E+4	8.65608E+4	5.10845E+6	1.30505E+6	7.32849E+4	3.07276E+6
1.01300E+2	3.92802E+4	8.63782E+4	4.39168E+6	1.25246E+6	7.35640E+4	3.01889E+6
1.01400E+2	3.93690E+4	8.64219E+4	4.61049E+6	1.23272E+6	7.30550E+4	2.95986E+6
1.01500E+2	3.93539E+4	8.65160E+4	4.56028E+6	1.26471E+6	7.32047E+4	2.99032E+6
1.01600E+2	3.95375E+4	8.71107E+4	4.95905E+6	1.26711E+6	7.33101E+4	3.11183E+6
1.01700E+2	3.96524E+4	8.67786E+4	5.62848E+6	1.30881E+6	7.34544E+4	3.28264E+6
1.01800E+2	3.93921E+4	8.64880E+4	4.65669E+6	1.24829E+6	7.34505E+4	2.98357E+6
1.01900E+2	3.94197E+4	8.64084E+4	4.53315E+6	1.24141E+6	7.35727E+4	2.91938E+6
1.02000E+2	3.93302E+4	8.64152E+4	4.70455E+6	1.24613E+6	7.33536E+4	2.94425E+6
1.02100E+2	3.92364E+4	8.65451E+4	4.45095E+6	1.22708E+6	7.31824E+4	2.97318E+6
1.02200E+2	3.92358E+4	8.67303E+4	4.56378E+6	1.25802E+6	7.32250E+4	2.85809E+6
1.02300E+2	3.97448E+4	8.69316E+4	4.96565E+6	1.26501E+6	7.34069E+4	3.05022E+6
1.02400E+2	3.96417E+4	8.71683E+4	5.32986E+6	1.28759E+6	7.38663E+4	3.11549E+6
1.02500E+2	3.96335E+4	8.70160E+4	5.33747E+6	1.29132E+6	7.35844E+4	3.29225E+6
1.02600E+2	3.97039E+4	8.72315E+4	5.62004E+6	1.31182E+6	7.37369E+4	3.21863E+6
1.02700E+2	3.95413E+4	8.72180E+4	5.07545E+6	1.31009E+6	7.38186E+4	3.22574E+6
1.02800E+2	3.96587E+4	8.69935E+4	4.88831E+6	1.29809E+6	7.36203E+4	3.07341E+6
1.02900E+2	3.90948E+4	8.66483E+4	4.93443E+6	1.23289E+6	7.34398E+4	2.96499E+6
1.03000E+2	3.91179E+4	8.63861E+4	4.30624E+6	1.26585E+6	7.31535E+4	2.78308E+6
1.03100E+2	3.91840E+4	8.62552E+4	4.35878E+6	1.24002E+6	7.32163E+4	2.83321E+6
1.03200E+2	3.94222E+4	8.69079E+4	5.18202E+6	1.29026E+6	7.35737E+4	3.19993E+6
1.03300E+2	3.90886E+4	8.66854E+4	4.54216E+6	1.26399E+6	7.33401E+4	2.95534E+6
1.03400E+2	3.93677E+4	8.65675E+4	4.37549E+6	1.23501E+6	7.32037E+4	2.79410E+6
1.03500E+2	3.94905E+4	8.67719E+4	4.21798E+6	1.23203E+6	7.31235E+4	2.96106E+6
1.03600E+2	3.93396E+4	8.72891E+4	5.10322E+6	1.27627E+6	7.35106E+4	3.05824E+6
1.03700E+2	3.91378E+4	8.66158E+4	4.39103E+6	1.24548E+6	7.32714E+4	2.88798E+6
1.03800E+2	3.92283E+4	8.73140E+4	5.00397E+6	1.28864E+6	7.37029E+4	3.12854E+6
1.03900E+2	3.90767E+4	8.71739E+4	4.62699E+6	1.24847E+6	7.32385E+4	2.99001E+6
1.04000E+2	3.89447E+4	8.66651E+4	4.90924E+6	1.26483E+6	7.32656E+4	2.90592E+6
1.04100E+2	3.91908E+4	8.68663E+4	4.77242E+6	1.28722E+6	7.34369E+4	3.05471E+6
1.04200E+2	3.92177E+4	8.67640E+4	4.42178E+6	1.25264E+6	7.34476E+4	2.97593E+6
1.04300E+2	3.89248E+4	8.72010E+4	5.01659E+6	1.26579E+6	7.33691E+4	3.16728E+6
1.04400E+2	3.88813E+4	8.62083E+4	4.30125E+6	1.25270E+6	7.30347E+4	2.87681E+6
1.04500E+2	3.87944E+4	8.62396E+4	3.98016E+6	1.21299E+6	7.26910E+4	2.83071E+6
1.04600E+2	3.90742E+4	8.64319E+4	4.57854E+6	1.25040E+6	7.29865E+4	2.84769E+6
1.04700E+2	3.89230E+4	8.65552E+4	4.61049E+6	1.23858E+6	7.33275E+4	2.84909E+6
1.04800E+2	3.91422E+4	8.70634E+4	4.72471E+6	1.27474E+6	7.34699E+4	3.00268E+6
1.04900E+2	3.87665E+4	8.64711E+4	4.51044E+6	1.23835E+6	7.30550E+4	2.85414E+6
1.05000E+2	3.91366E+4	8.70397E+4	5.09190E+6	1.27377E+6	7.34486E+4	3.01263E+6
1.05100E+2	3.89081E+4	8.69800E+4	4.99726E+6	1.27608E+6	7.34176E+4	3.23324E+6
1.05200E+2	3.87689E+4	8.64129E+4	4.26412E+6	1.24519E+6	7.30203E+4	2.86515E+6
1.05300E+2	3.89541E+4	8.66068E+4	4.38584E+6	1.23823E+6	7.34117E+4	2.91908E+6
1.05400E+2	3.89821E+4	8.73456E+4	4.82969E+6	1.30295E+6	7.37369E+4	3.10884E+6
1.05500E+2	3.85559E+4	8.65664E+4	4.48186E+6	1.24083E+6	7.31612E+4	2.94008E+6
1.05600E+2	3.86902E+4	8.64398E+4	4.26289E+6	1.22137E+6	7.29431E+4	2.97593E+6
1.05700E+2	3.92577E+4	8.69890E+4	4.96731E+6	1.27712E+6	7.34757E+4	3.16110E+6
1.05800E+2	3.86413E+4	8.68539E+4	4.41192E+6	1.24438E+6	7.30203E+4	2.90186E+6
1.05900E+2	3.88360E+4	8.70296E+4	4.40799E+6	1.23777E+6	7.30106E+4	2.86091E+6
1.06000E+2	3.91578E+4	8.69980E+4	4.73900E+6	1.27493E+6	7.36349E+4	3.02580E+6
1.06100E+2	3.89951E+4	8.67258E+4	4.95822E+6	1.28135E+6	7.31322E+4	3.33657E+6
1.06200E+2	3.86115E+4	8.63558E+4	4.10622E+6	1.25005E+6	7.32569E+4	2.79734E+6
1.06300E+2	3.88639E+4	8.69496E+4	4.60835E+6	1.25915E+6	7.34360E+4	3.03812E+6
1.06400E+2	3.85590E+4	8.62641E+4	4.60193E+6	1.22283E+6	7.31119E+4	3.01419E+6
1.06500E+2	3.87882E+4	8.71389E+4	4.91329E+6	1.27062E+6	7.35543E+4	3.03749E+6
1.06600E+2	3.84681E+4	8.61390E+4	4.06222E+6	1.20625E+6	7.28247E+4	2.84043E+6
1.06700E+2	3.88621E+4	8.69136E+4	4.88992E+6	1.27177E+6	7.32656E+4	3.07244E+6
1.06800E+2	3.86345E+4	8.68776E+4	4.52418E+6	1.28117E+6	7.33575E+4	3.10785E+6
1.06900E+2	3.82467E+4	8.65205E+4	4.33330E+6	1.24876E+6	7.29277E+4	2.89288E+6
1.07000E+2	3.84984E+4	8.61290E+4	4.19825E+6	1.22861E+6	7.30463E+4	2.77586E+6
1.07100E+2	3.88453E+4	8.67247E+4	4.38390E+6	1.24286E+6	7.33314E+4	2.98357E+6
1.07200E+2	3.87559E+4	8.67348E+4	4.87632E+6	1.26778E+6	7.32830E+4	3.06564E+6
1.07300E+2	3.87088E+4	8.71954E+4	5.05740E+6	1.25897E+6	7.35756E+4	3.03084E+6
1.07400E+2	3.85212E+4	8.70544E+4	5.09451E+6	1.27602E+6	7.33652E+4	3.19782E+6
1.07500E+2	3.86499E+4	8.68011E+4	4.78162E+6	1.23507E+6	7.33401E+4	3.09398E+6
1.07600E+2	3.81280E+4	8.61669E+4	4.09372E+6	1.19827E+6	7.28151E+4	2.84350E+6
1.07700E+2	3.81200E+4	8.59751E+4	4.14012E+6	1.21582E+6	7.29017E+4	2.93117E+6
1.07800E+2	3.81821E+4	8.60576E+4	4.06725E+6	1.21935E+6	7.28382E+4	2.80086E+6
1.07900E+2	3.81064E+4	8.63290E+4	4.01368E+6	1.22334E+6	7.27247E+4	2.90738E+6
1.08000E+2	3.83860E+4	8.66348E+4	4.41849E+6	1.22492E+6	7.32491E+4	2.87767E+6
1.08100E+2	3.84934E+4	8.69169E+4	4.81252E+6	1.27584E+6	7.31699E+4	3.13055E+6
1.08200E+2	3.84002E+4	8.71570E+4	4.76250E+6	1.27122E+6	7.33033E+4	3.09793E+6
1.08300E+2	3.81489E+4	8.62686E+4	4.33267E+6	1.21555E+6	7.29749E+4	2.89664E+6
1.08400E+2	3.85243E+4	8.68697E+4	4.23547E+6	1.25725E+6	7.32317E+4	3.06758E+6
1.08500E+2	3.82707E+4	8.66214E+4	4.60906E+6	1.24940E+6	7.33033E+4	3.22111E+6
1.08600E+2	3.86004E+4	8.71344E+4	4.59624E+6	1.28018E+6	7.32153E+4	3.19888E+6
1.08700E+2	3.84792E+4	8.69316E+4	4.77702E+6	1.27590E+6	7.35290E+4	3.06758E+6
1.08800E+2	3.82535E+4	8.64252E+4	4.38196E+6	1.26267E+6	7.31737E+4	3.02800E+6
1.08900E+2	3.81427E+4	8.63167E+4	3.99901E+6	1.21438E+6	7.31525E+4	2.88052E+6
1.09000E+2	3.85101E+4	8.65866E+4	4.22821E+6	1.25081E+6	7.31728E+4	2.80765E+6
1.09100E+2	3.86543E+4	8.68787E+4	4.90198E+6	1.28883E+6	7.33895E+4	3.16556E+6
1.09200E+2	3.85045E+4	8.64577E+4	4.53869E+6	1.24659E+6	7.33004E+4	3.09234E+6
1.09300E+2	3.83644E+4	8.61870E+4	4.17222E+6	1.21421E+6	7.30540E+4	2.94276E+6
1.09400E+2	3.84255E+4	8.61301E+4	4.25432E+6	1.22998E+6	7.31747E+4	2.88597E+6
1.09500E+2	3.90088E+4	8.66607E+4	4.30187E+6	1.26130E+6	7.29961E+4	2.84238E+6
1.09600E+2	3.86828E+4	8.68899E+4	4.46031E+6	1.31298E+6	7.33711E+4	3.03812E+6
1.09700E+2	3.84724E+4	8.65328E+4	4.43102E+6	1.25672E+6	7.30280E+4	2.85780E+6
1.09800E+2	3.85392E+4	8.58615E+4	4.23607E+6	1.23898E+6	7.26738E+4	2.88339E+6
1.09900E+2	3.86115E+4	8.69316E+4	4.56098E+6	1.28933E+6	7.31979E+4	2.95835E+6
1.10000E+2	3.88956E+4	8.67977E+4	4.58773E+6	1.28864E+6	7.34030E+4	2.98632E+6
1.10100E+2	3.88627E+4	8.65720E+4	5.01828E+6	1.28660E+6	7.34718E+4	3.12854E+6
1.10200E+2	3.86555E+4	8.61803E+4	4.18046E+6	1.26369E+6	7.30955E+4	3.05406E+6
1.10300E+2	3.88403E+4	8.61826E+4	4.68087E+6	1.23283E+6	7.28815E+4	2.93978E+6
1.10400E+2	3.88602E+4	8.67258E+4	4.58773E+6	1.28684E+6	7.33827E+4	3.07796E+6
1.10500E+2	3.88385E+4	8.67359E+4	4.83989E+6	1.25565E+6	7.32201E+4	2.87424E+6
1.10600E+2	3.87770E+4	8.56881E+4	4.19646E+6	1.23066E+6	7.28305E+4	2.86091E+6
1.10700E+2	3.91054E+4	8.62261E+4	4.45964E+6	1.28765E+6	7.31660E+4	3.23718E+6
1.10800E+2	3.89286E+4	8.65193E+4	4.47915E+6	1.27877E+6	7.30550E+4	3.04512E+6
1.10900E+2	3.90904E+4	8.55870E+4	4.14999E+6	1.25447E+6	7.28728E+4	2.91322E+6
1.11000E+2	3.92021E+4	8.63379E+4	4.32888E+6	1.23329E+6	7.29306E+4	2.91410E+6
1.11100E+2	3.94259E+4	8.65182E+4	4.75642E+6	1.32944E+6	7.32221E+4	3.15836E+6
1.11200E+2	3.91472E+4	8.63100E+4	4.55259E+6	1.29282E+6	7.30733E+4	3.02832E+6
1.11300E+2	3.97152E+4	8.59996E+4	4.65232E+6	1.25535E+6	7.28199E+4	2.98940E+6
1.11400E+2	3.94817E+4	8.66461E+4	4.66472E+6	1.29973E+6	7.30077E+4	3.16659E+6
1.11500E+2	3.92452E+4	8.63156E+4	4.54563E+6	1.29733E+6	7.30183E+4	2.99556E+6
1.11600E+2	3.95751E+4	8.55915E+4	4.15815E+6	1.25276E+6	7.28199E+4	2.92232E+6
1.11700E+2	3.96530E+4	8.65956E+4	4.60264E+6	1.32055E+6	7.28728E+4	3.02769E+6
1.11800E+2	3.99565E+4	8.63458E+4	4.99978E+6	1.31427E+6	7.31873E+4	3.09267E+6
1.11900E+2	4.00626E+4	8.65048E+4	5.04457E+6	1.33579E+6	7.32472E+4	3.03274E+6
1.12000E+2	4.00203E+4	8.64096E+4	5.02081E+6	1.32695E+6	7.30347E+4	3.15426E+6
1.12100E+2	4.01904E+4	8.59294E+4	4.66545E+6	1.27377E+6	7.30395E+4	2.98479E+6
1.12200E+2	3.99023E+4	8.57136E+4	4.26534E+6	1.26856E+6	7.27381E+4	2.78147E+6
1.12300E+2	4.02595E+4	8.65653E+4	4.73749E+6	1.30086E+6	7.28362E+4	3.10487E+6
1.12400E+2	4.03229E+4	8.61212E+4	4.84697E+6	1.34920E+6	7.31535E+4	3.16453E+6
1.12500E+2	4.02088E+4	8.58159E+4	4.23365E+6	1.27426E+6	7.26488E+4	2.93740E+6
1.12600E+2	4.00841E+4	8.58782E+4	4.48050E+6	1.25731E+6	7.26440E+4	2.91088E+6
1.12700E+2	4.06159E+4	8.61468E+4	4.58843E+6	1.28678E+6	7.29325E+4	3.08939E+6
1.12800E+2	4.05650E+4	8.64163E+4	4.97559E+6	1.34401E+6	7.30540E+4	3.13999E+6
1.12900E+2	4.01739E+4	8.57892E+4	4.44030E+6	1.27037E+6	7.27987E+4	3.11316E+6
1.13000E+2	4.03178E+4	8.59049E+4	5.09886E+6	1.29282E+6	7.27506E+4	3.02014E+6
1.13100E+2	4.00411E+4	8.58860E+4	4.78854E+6	1.28777E+6	7.23344E+4	3.09201E+6
1.13200E+2	4.05179E+4	8.62518E+4	4.49474E+6	1.28505E+6	7.27228E+4	2.94604E+6
1.13300E+2	4.03457E+4	8.64342E+4	5.08410E+6	1.31763E+6	7.28516E+4	3.16076E+6
1.13400E+2	4.02373E+4	8.64409E+4	4.94097E+6	1.29954E+6	7.29393E+4	3.17037E+6
1.13500E+2	3.99338E+4	8.56858E+4	4.27149E+6	1.27517E+6	7.25777E+4	3.04225E+6
1.13600E+2	3.99515E+4	8.59751E+4	4.22520E+6	1.28425E+6	7.26978E+4	3.06855E+6
1.13700E+2	4.01157E+4	8.55083E+4	4.15406E+6	1.29101E+6	7.28459E+4	2.86119E+6
1.13800E+2	3.99862E+4	8.55360E+4	4.32383E+6	1.25524E+6	7.23956E+4	2.89519E+6
1.13900E+2	4.01315E+4	8.58559E+4	4.06781E+6	1.27596E+6	7.24167E+4	2.91938E+6
1.14000E+2	3.98682E+4	8.57525E+4	4.33647E+6	1.28258E+6	7.23085E+4	2.87139E+6
1.14100E+2	3.97561E+4	8.58459E+4	3.91109E+6	1.25464E+6	7.25231E+4	2.98203E+6
1.14200E+2	3.99818E+4	8.57847E+4	4.12339E+6	1.28554E+6	7.24397E+4	3.02580E+6
1.14300E+2	4.00689E+4	8.57581E+4	4.36198E+6	1.29332E+6	7.25049E+4	2.92202E+6
1.14400E+2	4.03832E+4	8.66955E+4	4.92791E+6	1.30549E+6	7.29393E+4	3.19223E+6
1.14500E+2	4.00323E+4	8.64958E+4	5.34701E+6	1.31330E+6	7.29730E+4	3.18909E+6
1.14600E+2	4.02931E+4	8.66304E+4	4.85329E+6	1.34609E+6	7.29142E+4	3.31239E+6
1.14700E+2	4.00639E+4	8.59383E+4	4.59056E+6	1.30594E+6	7.29740E+4	3.21756E+6
1.14800E+2	4.00108E+4	8.64700E+4	4.47241E+6	1.29451E+6	7.26920E+4	3.08841E+6
1.14900E+2	4.00475E+4	8.57736E+4	4.28075E+6	1.29545E+6	7.27285E+4	2.98755E+6
1.15000E+2	3.98903E+4	8.57736E+4	4.53177E+6	1.27025E+6	7.28844E+4	3.01170E+6
1.15100E+2	3.98840E+4	8.53167E+4	4.28756E+6	1.26172E+6	7.25566E+4	2.84015E+6
1.15200E+2	4.00494E+4	8.57247E+4	4.15990E+6	1.25376E+6	7.24502E+4	2.82051E+6
1.15300E+2	4.00051E+4	8.55227E+4	4.19765E+6	1.26375E+6	7.25001E+4	2.80956E+6
1.15400E+2	4.00633E+4	8.53421E+4	4.18460E+6	1.26615E+6	7.23688E+4	2.96590E+6
1.15500E+2	4.04035E+4	8.57547E+4	4.45764E+6	1.27401E+6	7.24646E+4	2.86147E+6
1.15600E+2	4.04454E+4	8.61714E+4	4.55888E+6	1.29922E+6	7.25787E+4	3.18352E+6
1.15700E+2	4.03914E+4	8.64667E+4	4.93117E+6	1.34112E+6	7.27554E+4	3.10917E+6
1.15800E+2	4.06994E+4	8.65474E+4	5.01069E+6	1.34086E+6	7.27929E+4	3.28043E+6
1.15900E+2	4.05198E+4	8.64980E+4	4.97975E+6	1.32727E+6	7.27324E+4	3.21296E+6
1.16000E+2	4.03432E+4	8.61803E+4	4.89554E+6	1.34199E+6	7.27631E+4	3.27455E+6
1.16100E+2	4.02804E+4	8.59094E+4	4.40472E+6	1.30518E+6	7.24521E+4	3.09234E+6
1.16200E+2	3.99862E+4	8.54506E+4	4.66765E+6	1.30422E+6	7.22875E+4	2.97928E+6
1.16300E+2	4.01512E+4	8.55471E+4	3.98660E+6	1.26351E+6	7.22636E+4	2.87424E+6
1.16400E+2	4.01695E+4	8.62507E+4	4.71648E+6	1.30734E+6	7.30116E+4	3.04575E+6
1.16500E+2	4.04263E+4	8.63961E+4	5.22460E+6	1.33307E+6	7.29855E+4	3.07309E+6
1.16600E+2	4.03007E+4	8.63335E+4	4.71274E+6	1.31860E+6	7.30395E+4	3.32519E+6
1.16700E+2	3.99048E+4	8.57081E+4	4.29128E+6	1.28722E+6	7.25979E+4	2.91703E+6
1.16800E+2	3.99957E+4	8.54994E+4	4.49951E+6	1.27213E+6	7.25279E+4	3.11117E+6
1.16900E+2	3.99193E+4	8.60754E+4	4.71274E+6	1.29407E+6	7.27131E+4	3.17555E+6
1.17000E+2	3.97146E+4	8.60464E+4	4.66985E+6	1.27334E+6	7.30994E+4	3.13358E+6
1.17100E+2	3.94065E+4	8.57803E+4	4.53730E+6	1.31491E+6	7.26709E+4	3.09070E+6
1.17200E+2	3.92121E+4	8.59807E+4	4.59908E+6	1.29457E+6	7.28257E+4	3.02108E+6
1.17300E+2	3.89727E+4	8.54617E+4	3.98983E+6	1.24234E+6	7.24694E+4	3.02077E+6
1.17400E+2	3.89460E+4	8.54750E+4	3.90075E+6	1.26399E+6	7.23612E+4	2.91967E+6
1.17500E+2	3.89895E+4	8.53720E+4	4.05276E+6	1.26489E+6	7.23066E+4	3.00578E+6
1.17600E+2	3.89653E+4	8.57314E+4	4.16459E+6	1.26947E+6	7.26017E+4	2.88712E+6
1.17700E+2	3.91653E+4	8.53775E+4	4.37937E+6	1.26989E+6	7.27228E+4	3.04767E+6
1.17800E+2	3.91777E+4	8.58214E+4	4.56308E+6	1.30499E+6	7.26728E+4	3.14745E+6
1.17900E+2	3.90381E+4	8.59127E+4	4.62124E+6	1.31776E+6	7.26545E+4	3.21473E+6
1.18000E+2	3.91403E+4	8.57447E+4	4.56729E+6	1.30403E+6	7.26065E+4	3.16796E+6
1.18100E+2	3.88385E+4	8.60643E+4	4.76937E+6	1.32550E+6	7.29990E+4	3.22111E+6
1.18200E+2	3.90070E+4	8.56836E+4	4.42178E+6	1.29702E+6	7.31158E+4	3.16178E+6
1.18300E+2	3.89478E+4	8.53643E+4	4.22640E+6	1.26106E+6	7.26622E+4	3.03463E+6
1.18400E+2	3.86035E+4	8.52459E+4	3.99361E+6	1.25234E+6	7.25365E+4	3.00392E+6
1.18500E+2	3.87032E+4	8.56847E+4	4.08072E+6	1.27195E+6	7.25106E+4	2.99402E+6
1.18600E+2	3.89466E+4	8.59361E+4	4.47039E+6	1.30562E+6	7.28940E+4	3.14541E+6
1.18700E+2	3.87845E+4	8.60676E+4	4.60835E+6	1.33685E+6	7.30646E+4	3.19923E+6
1.18800E+2	3.88857E+4	8.57658E+4	4.39168E+6	1.28092E+6	7.31544E+4	3.20766E+6
1.18900E+2	3.85447E+4	8.59383E+4	4.36006E+6	1.30632E+6	7.27449E+4	3.03463E+6
1.19000E+2	3.85886E+4	8.62664E+4	4.60835E+6	1.33208E+6	7.28825E+4	3.43520E+6
1.19100E+2	3.84576E+4	8.60264E+4	4.22158E+6	1.27292E+6	7.27160E+4	3.14575E+6
1.19200E+2	3.81667E+4	8.51078E+4	4.16107E+6	1.22515E+6	7.26373E+4	2.92939E+6
1.19300E+2	3.82504E+4	8.51895E+4	4.24640E+6	1.24234E+6	7.26017E+4	2.76260E+6
1.19400E+2	3.84125E+4	8.57258E+4	4.28075E+6	1.26417E+6	7.25720E+4	3.15324E+6
1.19500E+2	3.82270E+4	8.60554E+4	4.46568E+6	1.31646E+6	7.30830E+4	3.25667E+6
1.19600E+2	3.81353E+4	8.57125E+4	4.57150E+6	1.29878E+6	7.28555E+4	3.13797E+6
1.19700E+2	3.78623E+4	8.56070E+4	4.30312E+6	1.28258E+6	7.29913E+4	3.09103E+6
1.19800E+2	3.76557E+4	8.52315E+4	3.96094E+6	1.23766E+6	7.25835E+4	3.00578E+6
1.19900E+2	3.76111E+4	8.54008E+4	3.94876E+6	1.23495E+6	7.26747E+4	3.03116E+6
1.20000E+2	3.78666E+4	8.58938E+4	4.31627E+6	1.26441E+6	7.28786E+4	3.15870E+6
1.20100E+2	3.78409E+4	8.54872E+4	4.29004E+6	1.26711E+6	7.28401E+4	3.07504E+6
1.20200E+2	3.74740E+4	8.52569E+4	3.75181E+6	1.21532E+6	7.27997E+4	2.83404E+6
1.20300E+2	3.73608E+4	8.52017E+4	3.92513E+6	1.25317E+6	7.24732E+4	2.90156E+6
1.20400E+2	3.75367E+4	8.53122E+4	4.05609E+6	1.21493E+6	7.28690E+4	2.85077E+6
1.20500E+2	3.73250E+4	8.52426E+4	3.85739E+6	1.23512E+6	7.26305E+4	3.02737E+6
1.20600E+2	3.73292E+4	8.57770E+4	4.11708E+6	1.22464E+6	7.29778E+4	3.04098E+6
1.20700E+2	3.71557E+4	8.56170E+4	4.35622E+6	1.26315E+6	7.31940E+4	3.16247E+6
1.20800E+2	3.70201E+4	8.54628E+4	4.01532E+6	1.24882E+6	7.30926E+4	3.08187E+6
1.20900E+2	3.70328E+4	8.53953E+4	4.16341E+6	1.25011E+6	7.28555E+4	3.12016E+6
1.21000E+2	3.69596E+4	8.58003E+4	4.58066E+6	1.28641E+6	7.32820E+4	3.09234E+6
1.21100E+2	3.69566E+4	8.57181E+4	4.32005E+6	1.27584E+6	7.32037E+4	3.14813E+6
1.21200E+2	3.66376E+4	8.56558E+4	4.46166E+6	1.27529E+6	7.32230E+4	3.14406E+6
1.21300E+2	3.67966E+4	8.57925E+4	4.63203E+6	1.27761E+6	7.32482E+4	3.20239E+6
1.21400E+2	3.64784E+4	8.56292E+4	4.42047E+6	1.24642E+6	7.32646E+4	3.12485E+6
1.21500E+2	3.63244E+4	8.51597E+4	3.80168E+6	1.27080E+6	7.31052E+4	2.92939E+6
1.21600E+2	3.61671E+4	8.50250E+4	3.84431E+6	1.21622E+6	7.26670E+4	2.96499E+6
1.21700E+2	3.60656E+4	8.52426E+4	4.14941E+6	1.21622E+6	7.27708E+4	2.97106E+6
1.21800E+2	3.61581E+4	8.56414E+4	4.31502E+6	1.24735E+6	7.32743E+4	3.05471E+6
1.21900E+2	3.62334E+4	8.59294E+4	4.32824E+6	1.28197E+6	7.31747E+4	3.09366E+6
1.22000E+2	3.63310E+4	8.55537E+4	4.48253E+6	1.24964E+6	7.31525E+4	3.24293E+6
1.22100E+2	3.60060E+4	8.50648E+4	4.07679E+6	1.21823E+6	7.29730E+4	2.95594E+6
1.22200E+2	3.61988E+4	8.51984E+4	3.77537E+6	1.20427E+6	7.30010E+4	2.99309E+6
1.22300E+2	3.61647E+4	8.55249E+4	4.38390E+6	1.24741E+6	7.34728E+4	3.17037E+6
1.22400E+2	3.61169E+4	8.55027E+4	4.21918E+6	1.25802E+6	7.32627E+4	3.11316E+6
1.22500E+2	3.61361E+4	8.50228E+4	3.90798E+6	1.22058E+6	7.30994E+4	2.95986E+6
