0.00000E+0	4.79692E+4	7.54898E+4	4.95164E+6	1.52594E+6	8.36271E+4	3.51588E+6
1.00000E-1	4.20007E+4	6.83084E+4	4.86041E+6	1.42339E+6	7.77348E+4	3.34378E+6
2.00000E-1	4.20670E+4	6.82463E+4	4.88431E+6	1.49273E+6	7.75762E+4	3.55204E+6
3.00000E-1	4.22011E+4	6.85853E+4	4.85092E+6	1.44593E+6	7.74158E+4	3.64546E+6
4.00000E-1	4.22193E+4	6.81807E+4	4.89152E+6	1.44801E+6	7.74280E+4	3.40483E+6
5.00000E-1	4.21731E+4	6.83403E+4	4.86359E+6	1.46023E+6	7.74503E+4	3.51251E+6
6.00000E-1	4.19695E+4	6.82026E+4	4.72696E+6	1.45546E+6	7.76432E+4	3.48705E+6
7.00000E-1	4.17854E+4	6.79059E+4	4.91815E+6	1.43720E+6	7.75843E+4	3.48208E+6
8.00000E-1	4.18729E+4	6.82482E+4	4.76860E+6	1.41433E+6	7.74401E+4	3.46398E+6
9.00000E-1	4.18307E+4	6.82856E+4	5.18022E+6	1.47128E+6	7.77165E+4	3.63960E+6
1.00000E+0	4.16611E+4	6.81260E+4	4.73448E+6	1.45165E+6	7.75254E+4	3.56887E+6
1.10000E+0	4.13425E+4	6.81005E+4	4.95493E+6	1.46219E+6	7.77124E+4	3.52856E+6
1.20000E+0	4.16133E+4	6.82062E+4	4.68824E+6	1.44470E+6	7.76148E+4	3.52348E+6
1.30000E+0	4.14281E+4	6.83093E+4	4.66765E+6	1.43477E+6	7.76941E+4	3.40443E+6
1.40000E+0	4.14217E+4	6.82773E+4	4.69268E+6	1.43129E+6	7.78132E+4	3.45745E+6
1.50000E+0	4.15610E+4	6.84472E+4	4.99726E+6	1.44755E+6	7.79131E+4	3.55333E+6
1.60000E+0	4.16799E+4	6.84399E+4	4.78239E+6	1.45118E+6	7.79080E+4	3.56022E+6
1.70000E+0	4.15642E+4	6.81616E+4	4.85329E+6	1.42579E+6	7.79794E+4	3.37345E+6
1.80000E+0	4.11400E+4	6.85579E+4	4.56588E+6	1.42654E+6	7.78427E+4	3.52052E+6
1.90000E+0	4.10707E+4	6.82007E+4	4.59837E+6	1.44041E+6	7.77898E+4	3.40839E+6
2.00000E+0	4.15416E+4	6.84417E+4	4.69638E+6	1.43295E+6	7.80427E+4	3.45989E+6
2.10000E+0	4.14275E+4	6.83367E+4	4.72096E+6	1.46093E+6	7.78703E+4	3.60037E+6
2.20000E+0	4.13283E+4	6.88586E+4	4.50428E+6	1.42078E+6	7.79386E+4	3.55591E+6
2.30000E+0	4.13052E+4	6.85872E+4	4.57220E+6	1.43000E+6	7.79019E+4	3.53877E+6
2.40000E+0	4.11702E+4	6.83787E+4	4.50975E+6	1.44678E+6	7.80437E+4	3.54304E+6
2.50000E+0	4.13888E+4	6.84161E+4	4.92384E+6	1.43219E+6	7.80508E+4	3.64366E+6
2.60000E+0	4.11773E+4	6.84490E+4	4.84303E+6	1.44817E+6	7.81265E+4	3.51083E+6
2.70000E+0	4.12531E+4	6.84701E+4	4.59979E+6	1.45049E+6	7.80754E+4	3.59376E+6
2.80000E+0	4.11882E+4	6.84563E+4	5.00397E+6	1.42902E+6	7.79121E+4	3.40522E+6
2.90000E+0	4.12396E+4	6.84673E+4	4.63854E+6	1.44063E+6	7.78631E+4	3.34530E+6
3.00000E+0	4.14784E+4	6.85231E+4	4.80942E+6	1.45343E+6	7.79355E+4	3.52856E+6
3.10000E+0	4.11734E+4	6.83303E+4	4.64216E+6	1.45235E+6	7.77043E+4	3.26975E+6
3.20000E+0	4.12344E+4	6.86046E+4	4.70232E+6	1.44647E+6	7.80304E+4	3.57800E+6
3.30000E+0	4.14720E+4	6.83677E+4	4.86041E+6	1.43796E+6	7.79712E+4	3.47424E+6
3.40000E+0	4.13431E+4	6.86907E+4	4.95081E+6	1.43995E+6	7.80365E+4	3.43677E+6
3.50000E+0	4.13940E+4	6.82007E+4	4.64433E+6	1.43758E+6	7.80223E+4	3.33577E+6
3.60000E+0	4.12306E+4	6.85277E+4	4.79548E+6	1.45110E+6	7.81745E+4	3.57757E+6
3.70000E+0	4.13869E+4	6.88926E+4	4.83989E+6	1.44247E+6	7.80274E+4	3.37462E+6
3.80000E+0	4.14017E+4	6.85231E+4	4.51318E+6	1.39680E+6	7.78539E+4	3.58106E+6
3.90000E+0	4.13444E+4	6.84088E+4	4.98640E+6	1.41811E+6	7.79824E+4	3.60125E+6
4.00000E+0	4.12865E+4	6.86211E+4	4.84776E+6	1.42714E+6	7.78917E+4	3.56109E+6
4.10000E+0	4.12062E+4	6.85734E+4	4.92954E+6	1.42242E+6	7.79631E+4	3.57365E+6
4.20000E+0	4.15436E+4	6.83951E+4	4.45831E+6	1.42272E+6	7.77806E+4	3.44728E+6
4.30000E+0	4.13534E+4	6.84664E+4	4.94425E+6	1.41848E+6	7.78387E+4	3.49577E+6
4.40000E+0	4.12441E+4	6.82874E+4	4.76937E+6	1.39904E+6	7.78621E+4	3.38241E+6
4.50000E+0	4.15236E+4	6.87613E+4	5.04287E+6	1.43766E+6	7.81285E+4	3.53664E+6
4.60000E+0	4.13489E+4	6.84673E+4	4.93198E+6	1.42955E+6	7.76199E+4	3.52983E+6
4.70000E+0	4.11028E+4	6.85130E+4	4.93688E+6	1.40712E+6	7.81520E+4	3.41793E+6
4.80000E+0	4.13251E+4	6.85268E+4	4.68677E+6	1.40793E+6	7.79386E+4	3.40166E+6
4.90000E+0	4.13708E+4	6.86788E+4	5.10845E+6	1.40800E+6	7.78621E+4	3.35720E+6
5.00000E+0	4.14449E+4	6.86953E+4	4.71349E+6	1.41293E+6	7.79110E+4	3.42432E+6
5.10000E+0	4.13521E+4	6.84161E+4	4.68824E+6	1.39673E+6	7.78703E+4	3.31460E+6
5.20000E+0	4.14301E+4	6.86092E+4	4.64869E+6	1.38577E+6	7.76819E+4	3.47301E+6
5.30000E+0	4.11163E+4	6.84381E+4	4.95410E+6	1.41751E+6	7.79508E+4	3.31160E+6
5.40000E+0	4.12994E+4	6.89028E+4	4.92709E+6	1.42086E+6	7.78906E+4	3.50161E+6
5.50000E+0	4.15029E+4	6.87806E+4	4.94753E+6	1.41855E+6	7.80560E+4	3.57626E+6
5.60000E+0	4.16198E+4	6.88274E+4	4.83674E+6	1.38314E+6	7.78509E+4	3.44364E+6
5.70000E+0	4.16624E+4	6.89276E+4	4.96152E+6	1.43348E+6	7.78743E+4	3.54389E+6
5.80000E+0	4.15061E+4	6.84490E+4	4.77166E+6	1.43356E+6	7.80182E+4	3.41833E+6
5.90000E+0	4.15307E+4	6.85021E+4	4.50224E+6	1.39565E+6	7.79294E+4	3.31686E+6
6.00000E+0	4.16540E+4	6.89506E+4	4.98724E+6	1.42963E+6	7.83199E+4	3.79785E+6
6.10000E+0	4.15442E+4	6.91513E+4	5.13216E+6	1.43265E+6	7.80897E+4	3.45582E+6
6.20000E+0	4.14165E+4	6.85808E+4	4.62771E+6	1.38442E+6	7.78071E+4	3.38202E+6
6.30000E+0	4.18793E+4	6.89726E+4	5.08930E+6	1.43515E+6	7.82953E+4	3.47177E+6
6.40000E+0	4.15629E+4	6.89303E+4	4.95164E+6	1.42677E+6	7.81970E+4	3.51925E+6
6.50000E+0	4.15746E+4	6.88100E+4	4.70306E+6	1.38527E+6	7.79376E+4	3.45378E+6
6.60000E+0	4.15881E+4	6.87531E+4	5.01912E+6	1.43568E+6	7.80886E+4	3.53706E+6
6.70000E+0	4.16857E+4	6.88835E+4	4.74883E+6	1.45134E+6	7.80417E+4	3.47506E+6
6.80000E+0	4.15474E+4	6.93238E+4	4.65378E+6	1.45491E+6	7.79263E+4	3.61632E+6
6.90000E+0	4.15242E+4	6.88954E+4	5.05397E+6	1.44662E+6	7.79427E+4	3.47260E+6
7.00000E+0	4.16243E+4	6.87393E+4	4.68087E+6	1.44608E+6	7.83209E+4	3.42312E+6
7.10000E+0	4.17731E+4	6.86971E+4	4.75794E+6	1.41160E+6	7.81694E+4	3.42512E+6
7.20000E+0	4.16489E+4	6.86724E+4	5.07287E+6	1.44332E+6	7.78937E+4	3.50287E+6
7.30000E+0	4.16870E+4	6.91061E+4	4.84146E+6	1.44063E+6	7.80253E+4	3.57583E+6
7.40000E+0	4.17873E+4	6.89055E+4	4.96979E+6	1.43804E+6	7.81224E+4	3.42392E+6
7.50000E+0	4.15868E+4	6.90334E+4	4.86359E+6	1.41848E+6	7.80437E+4	3.43275E+6
7.60000E+0	4.16043E+4	6.90094E+4	4.77166E+6	1.40209E+6	7.80039E+4	3.38867E+6
7.70000E+0	4.17925E+4	6.93118E+4	4.75110E+6	1.44963E+6	7.80846E+4	3.38163E+6
7.80000E+0	4.19806E+4	6.89165E+4	4.74202E+6	1.46748E+6	7.80835E+4	3.60346E+6
7.90000E+0	4.18236E+4	6.92306E+4	4.83596E+6	1.44025E+6	7.82113E+4	3.69910E+6
8.00000E+0	4.15107E+4	6.91457E+4	4.92302E+6	1.43659E+6	7.83742E+4	3.46808E+6
8.10000E+0	4.19280E+4	6.89312E+4	4.57572E+6	1.44316E+6	7.81714E+4	3.40127E+6
8.20000E+0	4.19410E+4	6.92112E+4	5.11546E+6	1.44186E+6	7.80314E+4	3.57975E+6
8.30000E+0	4.20345E+4	6.91568E+4	4.81797E+6	1.44832E+6	7.81847E+4	3.45949E+6
8.40000E+0	4.19176E+4	6.91218E+4	4.84461E+6	1.44416E+6	7.79110E+4	3.44688E+6
8.50000E+0	4.20690E+4	6.93432E+4	4.69046E+6	1.44940E+6	7.81091E+4	3.49161E+6
8.60000E+0	4.21041E+4	6.92647E+4	4.94507E+6	1.44462E+6	7.80365E+4	3.51167E+6
8.70000E+0	4.21034E+4	6.92278E+4	4.98807E+6	1.43325E+6	7.82032E+4	3.54861E+6
8.80000E+0	4.20105E+4	6.89377E+4	4.85645E+6	1.45655E+6	7.81633E+4	3.45826E+6
8.90000E+0	4.19884E+4	6.92047E+4	4.92709E+6	1.42602E+6	7.79161E+4	3.34263E+6
9.00000E+0	4.21783E+4	6.92684E+4	4.82734E+6	1.45968E+6	7.79855E+4	3.42033E+6
9.10000E+0	4.24275E+4	6.92933E+4	4.92221E+6	1.44963E+6	7.82195E+4	3.35720E+6
9.20000E+0	4.22611E+4	6.94569E+4	5.35946E+6	1.46085E+6	7.80131E+4	3.55850E+6
9.30000E+0	4.24550E+4	6.93368E+4	5.19463E+6	1.46015E+6	7.81674E+4	3.55893E+6
9.40000E+0	4.24746E+4	6.92850E+4	5.04457E+6	1.45522E+6	7.80447E+4	3.39732E+6
9.50000E+0	4.24210E+4	6.93497E+4	5.19554E+6	1.45468E+6	7.81755E+4	3.39221E+6
9.60000E+0	4.26822E+4	6.94856E+4	4.98640E+6	1.47655E+6	7.81674E+4	3.38632E+6
9.70000E+0	4.23100E+4	6.93497E+4	4.42904E+6	1.44817E+6	7.80335E+4	3.35451E+6
9.80000E+0	4.24099E+4	6.95893E+4	4.72171E+6	1.50866E+6	7.82216E+4	3.43919E+6
9.90000E+0	4.27189E+4	6.92167E+4	4.86200E+6	1.46605E+6	7.81960E+4	3.45908E+6
1.00000E+1	4.25053E+4	6.94255E+4	5.00985E+6	1.47599E+6	7.83803E+4	3.64185E+6
1.01000E+1	4.25269E+4	6.95088E+4	4.78469E+6	1.47375E+6	7.80427E+4	3.36337E+6
1.02000E+1	4.23772E+4	6.94653E+4	5.17394E+6	1.45764E+6	7.81735E+4	3.55807E+6
1.03000E+1	4.23615E+4	6.94505E+4	4.85645E+6	1.43189E+6	7.82943E+4	3.47424E+6
1.04000E+1	4.22571E+4	6.92481E+4	4.88271E+6	1.44786E+6	7.82195E+4	3.42472E+6
1.05000E+1	4.25446E+4	6.94421E+4	5.16232E+6	1.43265E+6	7.82206E+4	3.35489E+6
1.06000E+1	4.25996E+4	6.96245E+4	4.79393E+6	1.43492E+6	7.82216E+4	3.55247E+6
1.07000E+1	4.25034E+4	6.95940E+4	4.97725E+6	1.45811E+6	7.81009E+4	3.43355E+6
1.08000E+1	4.25184E+4	6.95199E+4	4.72022E+6	1.45671E+6	7.78468E+4	3.55850E+6
1.09000E+1	4.28759E+4	6.96171E+4	5.28745E+6	1.45819E+6	7.84562E+4	3.55204E+6
1.10000E+1	4.25178E+4	6.96709E+4	5.52060E+6	1.45476E+6	7.80754E+4	3.50831E+6
1.11000E+1	4.28161E+4	6.94116E+4	4.94753E+6	1.47320E+6	7.82697E+4	3.54603E+6
1.12000E+1	4.26212E+4	6.96681E+4	4.85566E+6	1.48638E+6	7.81213E+4	3.64230E+6
1.13000E+1	4.29213E+4	6.94958E+4	5.19012E+6	1.46321E+6	7.82318E+4	3.29853E+6
1.14000E+1	4.27701E+4	6.96737E+4	4.97725E+6	1.46835E+6	7.82359E+4	3.54775E+6
1.15000E+1	4.27314E+4	6.97498E+4	5.02588E+6	1.47344E+6	7.79855E+4	3.46439E+6
1.16000E+1	4.29806E+4	6.95180E+4	4.98724E+6	1.42714E+6	7.80948E+4	3.41514E+6
1.17000E+1	4.31989E+4	7.00567E+4	5.19102E+6	1.46463E+6	7.85394E+4	3.39732E+6
1.18000E+1	4.32372E+4	6.96227E+4	5.26325E+6	1.45328E+6	7.78478E+4	3.54903E+6
1.19000E+1	4.33292E+4	6.94625E+4	5.07804E+6	1.44286E+6	7.79151E+4	3.40087E+6
1.20000E+1	4.34398E+4	6.90453E+4	5.24570E+6	1.45219E+6	7.77857E+4	3.51504E+6
1.21000E+1	4.33927E+4	6.94579E+4	5.19463E+6	1.42985E+6	7.75731E+4	3.44162E+6
1.22000E+1	4.34530E+4	6.92998E+4	4.82343E+6	1.46015E+6	7.76799E+4	3.57975E+6
1.23000E+1	4.34530E+4	6.91273E+4	4.88831E+6	1.43735E+6	7.73884E+4	3.51883E+6
1.24000E+1	4.37627E+4	6.91900E+4	4.92872E+6	1.43030E+6	7.74259E+4	3.34798E+6
1.25000E+1	4.40636E+4	6.95458E+4	4.94261E+6	1.44048E+6	7.74625E+4	3.27488E+6
1.26000E+1	4.38920E+4	6.95801E+4	5.47918E+6	1.45165E+6	7.75386E+4	3.34339E+6
1.27000E+1	4.44135E+4	6.94107E+4	4.95328E+6	1.41870E+6	7.72993E+4	3.72155E+6
1.28000E+1	4.45628E+4	6.93007E+4	5.14276E+6	1.47743E+6	7.75680E+4	3.57583E+6
1.29000E+1	4.40355E+4	6.92536E+4	4.84776E+6	1.46613E+6	7.71293E+4	3.49994E+6
1.30000E+1	4.46976E+4	6.90674E+4	5.29494E+6	1.46125E+6	7.71445E+4	3.42833E+6
1.31000E+1	4.45204E+4	6.91411E+4	4.76860E+6	1.47073E+6	7.68860E+4	3.43798E+6
1.32000E+1	4.45076E+4	6.89487E+4	4.79548E+6	1.45686E+6	7.71303E+4	3.38319E+6
1.33000E+1	4.48198E+4	6.92610E+4	5.30621E+6	1.49110E+6	7.72871E+4	3.54261E+6
1.34000E+1	4.45944E+4	6.91697E+4	4.77702E+6	1.46164E+6	7.69828E+4	3.55032E+6
1.35000E+1	4.46315E+4	6.90232E+4	4.91572E+6	1.48768E+6	7.71354E+4	3.45663E+6
1.36000E+1	4.47009E+4	6.87824E+4	5.28838E+6	1.45258E+6	7.71970E+4	3.41634E+6
1.37000E+1	4.47927E+4	6.88752E+4	5.09277E+6	1.45561E+6	7.66424E+4	3.53962E+6
1.38000E+1	4.48792E+4	6.89064E+4	4.97476E+6	1.45095E+6	7.67903E+4	3.53366E+6
1.39000E+1	4.49834E+4	6.87457E+4	4.86200E+6	1.46566E+6	7.67823E+4	3.48415E+6
1.40000E+1	4.52005E+4	6.88798E+4	5.21094E+6	1.44762E+6	7.65691E+4	3.55161E+6
1.41000E+1	4.50526E+4	6.90242E+4	5.26695E+6	1.46534E+6	7.68759E+4	3.49452E+6
1.42000E+1	4.51672E+4	6.87751E+4	5.15608E+6	1.48581E+6	7.65751E+4	3.41196E+6
1.43000E+1	4.54318E+4	6.91209E+4	5.68399E+6	1.45569E+6	7.67028E+4	3.50412E+6
1.44000E+1	4.52412E+4	6.87558E+4	5.26603E+6	1.46140E+6	7.65088E+4	3.52686E+6
1.45000E+1	4.53671E+4	6.86092E+4	5.36427E+6	1.46219E+6	7.63714E+4	3.41753E+6
1.46000E+1	4.53582E+4	6.89340E+4	5.05483E+6	1.48979E+6	7.66223E+4	3.50622E+6
1.47000E+1	4.52542E+4	6.86870E+4	5.10496E+6	1.44324E+6	7.67863E+4	3.45908E+6
1.48000E+1	4.52882E+4	6.92712E+4	5.07459E+6	1.47113E+6	7.61432E+4	3.74189E+6
1.49000E+1	4.53018E+4	6.90463E+4	5.30998E+6	1.46408E+6	7.64867E+4	3.54989E+6
1.50000E+1	4.50559E+4	6.89837E+4	4.80631E+6	1.44631E+6	7.65148E+4	3.36376E+6
1.51000E+1	4.51204E+4	6.91080E+4	5.58234E+6	1.47671E+6	7.67098E+4	3.48912E+6
1.52000E+1	4.49401E+4	6.91964E+4	4.69564E+6	1.47984E+6	7.64406E+4	3.38828E+6
1.53000E+1	4.48407E+4	6.88954E+4	5.44232E+6	1.46977E+6	7.66756E+4	3.66272E+6
1.54000E+1	4.49956E+4	6.89873E+4	5.16589E+6	1.47775E+6	7.66042E+4	3.37812E+6
1.55000E+1	4.48245E+4	6.92620E+4	5.13216E+6	1.48533E+6	7.64336E+4	3.74617E+6
1.56000E+1	4.46180E+4	6.89827E+4	5.12423E+6	1.46858E+6	7.65450E+4	3.51251E+6
1.57000E+1	4.47218E+4	6.87824E+4	5.13922E+6	1.48403E+6	7.64918E+4	3.46521E+6
1.58000E+1	4.48576E+4	6.90472E+4	5.22095E+6	1.48988E+6	7.68356E+4	3.61365E+6
1.59000E+1	4.46969E+4	6.92186E+4	5.10496E+6	1.45647E+6	7.65158E+4	3.40562E+6
1.60000E+1	4.45587E+4	6.92915E+4	4.95328E+6	1.46353E+6	7.64867E+4	3.44364E+6
1.61000E+1	4.46591E+4	6.92361E+4	4.98307E+6	1.47799E+6	7.68840E+4	3.54133E+6
1.62000E+1	4.43221E+4	6.88761E+4	4.79316E+6	1.43758E+6	7.63434E+4	3.47877E+6
1.63000E+1	4.42524E+4	6.91467E+4	4.69935E+6	1.43023E+6	7.64436E+4	3.52856E+6
1.64000E+1	4.43597E+4	6.90886E+4	4.88111E+6	1.44217E+6	7.66263E+4	3.53238E+6
1.65000E+1	4.45621E+4	6.90601E+4	5.21185E+6	1.45281E+6	7.65369E+4	3.62122E+6
1.66000E+1	4.42698E+4	6.93562E+4	5.04884E+6	1.46227E+6	7.65309E+4	3.64140E+6
1.67000E+1	4.42531E+4	6.92149E+4	4.89233E+6	1.41959E+6	7.65992E+4	3.40641E+6
1.68000E+1	4.40221E+4	6.93026E+4	5.01996E+6	1.46274E+6	7.67621E+4	3.45867E+6
1.69000E+1	4.42021E+4	6.90242E+4	4.91653E+6	1.46645E+6	7.68175E+4	3.59244E+6
1.70000E+1	4.41358E+4	6.92860E+4	4.88912E+6	1.47888E+6	7.63975E+4	3.41157E+6
1.71000E+1	4.40843E+4	6.94930E+4	5.35850E+6	1.43895E+6	7.68548E+4	3.49327E+6
1.72000E+1	4.41573E+4	6.90951E+4	4.92384E+6	1.46970E+6	7.66364E+4	3.39142E+6
1.73000E+1	4.40429E+4	6.94320E+4	5.40595E+6	1.46455E+6	7.66464E+4	3.50036E+6
1.74000E+1	4.39513E+4	6.96885E+4	4.80554E+6	1.45694E+6	7.67521E+4	3.42713E+6
1.75000E+1	4.42028E+4	6.94828E+4	5.16321E+6	1.49363E+6	7.67158E+4	3.55807E+6
1.76000E+1	4.37866E+4	6.93626E+4	5.00481E+6	1.44401E+6	7.64827E+4	3.45500E+6
1.77000E+1	4.41907E+4	6.94227E+4	4.96648E+6	1.47160E+6	7.66525E+4	3.52221E+6
1.78000E+1	4.42477E+4	6.95801E+4	4.94753E+6	1.45913E+6	7.68074E+4	3.67645E+6
1.79000E+1	4.38026E+4	6.93682E+4	4.83361E+6	1.41315E+6	7.65169E+4	3.53366E+6
1.80000E+1	4.39587E+4	6.95282E+4	4.91896E+6	1.44263E+6	7.66927E+4	3.38867E+6
1.81000E+1	4.42631E+4	6.99943E+4	5.17484E+6	1.45858E+6	7.68084E+4	3.52305E+6
1.82000E+1	4.40803E+4	6.97470E+4	5.19644E+6	1.44755E+6	7.66716E+4	3.63780E+6
1.83000E+1	4.39507E+4	6.95069E+4	4.66034E+6	1.43189E+6	7.65590E+4	3.25663E+6
1.84000E+1	4.40923E+4	6.99859E+4	5.07804E+6	1.47960E+6	7.64496E+4	3.52305E+6
1.85000E+1	4.38926E+4	6.98789E+4	4.99559E+6	1.45515E+6	7.68195E+4	3.49244E+6
1.86000E+1	4.41312E+4	6.94384E+4	4.88912E+6	1.45095E+6	7.65791E+4	3.41395E+6
1.87000E+1	4.40175E+4	6.96626E+4	4.83832E+6	1.41153E+6	7.66545E+4	3.46153E+6
1.88000E+1	4.40589E+4	6.98761E+4	5.10147E+6	1.45874E+6	7.67772E+4	3.57322E+6
1.89000E+1	4.43282E+4	7.00837E+4	5.15519E+6	1.44971E+6	7.70091E+4	3.51335E+6
1.90000E+1	4.41010E+4	6.98473E+4	5.08410E+6	1.40712E+6	7.68145E+4	3.41236E+6
1.91000E+1	4.44659E+4	7.00837E+4	5.46717E+6	1.47120E+6	7.67138E+4	3.62300E+6
1.92000E+1	4.40302E+4	7.02348E+4	4.87233E+6	1.42257E+6	7.65500E+4	3.49161E+6
1.93000E+1	4.41994E+4	7.00762E+4	5.19102E+6	1.45134E+6	7.67319E+4	3.60655E+6
1.94000E+1	4.40689E+4	7.02376E+4	4.89393E+6	1.43023E+6	7.68830E+4	3.39929E+6
1.95000E+1	4.40910E+4	6.99561E+4	4.97310E+6	1.44539E+6	7.68598E+4	3.52941E+6
1.96000E+1	4.39520E+4	7.00856E+4	5.03861E+6	1.46007E+6	7.70464E+4	3.54261E+6
1.97000E+1	4.40816E+4	7.00325E+4	5.09799E+6	1.46970E+6	7.68366E+4	3.46316E+6
1.98000E+1	4.42410E+4	7.03871E+4	5.36235E+6	1.47904E+6	7.70050E+4	3.56801E+6
1.99000E+1	4.37813E+4	7.01378E+4	4.90198E+6	1.42384E+6	7.67722E+4	3.47177E+6
2.00000E+1	4.40255E+4	6.99124E+4	4.94917E+6	1.44716E+6	7.68991E+4	3.49702E+6
2.01000E+1	4.35114E+4	7.01331E+4	4.69935E+6	1.45289E+6	7.69011E+4	3.56368E+6
2.02000E+1	4.35532E+4	7.05847E+4	5.02504E+6	1.45554E+6	7.69677E+4	3.66454E+6
2.03000E+1	4.33378E+4	7.02806E+4	5.04543E+6	1.41492E+6	7.69425E+4	3.38241E+6
2.04000E+1	4.35785E+4	7.03404E+4	5.31565E+6	1.47184E+6	7.72932E+4	3.53536E+6
2.05000E+1	4.31269E+4	7.03984E+4	4.86994E+6	1.44263E+6	7.69596E+4	3.39890E+6
2.06000E+1	4.33523E+4	7.03432E+4	4.82265E+6	1.42414E+6	7.69354E+4	3.35489E+6
2.07000E+1	4.29345E+4	7.01658E+4	4.91978E+6	1.43507E+6	7.67541E+4	3.40206E+6
2.08000E+1	4.27485E+4	7.03320E+4	5.14276E+6	1.43934E+6	7.68981E+4	3.52305E+6
2.09000E+1	4.28076E+4	7.06738E+4	4.96731E+6	1.42265E+6	7.71242E+4	3.51883E+6
2.10000E+1	4.25171E+4	7.03759E+4	5.10933E+6	1.43166E+6	7.73286E+4	3.45663E+6
2.11000E+1	4.27360E+4	7.06232E+4	5.06083E+6	1.47559E+6	7.72324E+4	3.42833E+6
2.12000E+1	4.24661E+4	7.02096E+4	4.55608E+6	1.43447E+6	7.69728E+4	3.33121E+6
2.13000E+1	4.24667E+4	7.03030E+4	4.73749E+6	1.44102E+6	7.73935E+4	3.55376E+6
2.14000E+1	4.24465E+4	7.04723E+4	4.74807E+6	1.41670E+6	7.69576E+4	3.42472E+6
2.15000E+1	4.21842E+4	7.03806E+4	4.74127E+6	1.42602E+6	7.71889E+4	3.29593E+6
2.16000E+1	4.21112E+4	7.07809E+4	5.04287E+6	1.44025E+6	7.71819E+4	3.48870E+6
2.17000E+1	4.19877E+4	7.05032E+4	4.51730E+6	1.47336E+6	7.70475E+4	3.34952E+6
2.18000E+1	4.20547E+4	7.07395E+4	4.94425E+6	1.45297E+6	7.72983E+4	3.61276E+6
2.19000E+1	4.17530E+4	7.03993E+4	4.84461E+6	1.43918E+6	7.69324E+4	3.47342E+6
2.20000E+1	4.18307E+4	7.02600E+4	4.56869E+6	1.42093E+6	7.70626E+4	3.43879E+6
2.21000E+1	4.17413E+4	7.06466E+4	4.73222E+6	1.42865E+6	7.71323E+4	3.43516E+6
2.22000E+1	4.18508E+4	7.08956E+4	4.75870E+6	1.43682E+6	7.73469E+4	3.63600E+6
2.23000E+1	4.16114E+4	7.07931E+4	4.77625E+6	1.41603E+6	7.72729E+4	3.60213E+6
2.24000E+1	4.16288E+4	7.06804E+4	4.57361E+6	1.40325E+6	7.75741E+4	3.42272E+6
2.25000E+1	4.16056E+4	7.08185E+4	4.89233E+6	1.41381E+6	7.73560E+4	3.52602E+6
2.26000E+1	4.14816E+4	7.09313E+4	4.77549E+6	1.42752E+6	7.72932E+4	3.40799E+6
2.27000E+1	4.14378E+4	7.08034E+4	4.80012E+6	1.43652E+6	7.75955E+4	3.57931E+6
2.28000E+1	4.14829E+4	7.08326E+4	4.75566E+6	1.43492E+6	7.75741E+4	3.52094E+6
2.29000E+1	4.13425E+4	7.07395E+4	4.34600E+6	1.38591E+6	7.74574E+4	3.32780E+6
2.30000E+1	4.11253E+4	7.08429E+4	4.75034E+6	1.44270E+6	7.74777E+4	3.27305E+6
2.31000E+1	4.14913E+4	7.13844E+4	4.58631E+6	1.42339E+6	7.78183E+4	3.67553E+6
2.32000E+1	4.13006E+4	7.15568E+4	4.79548E+6	1.44163E+6	7.82226E+4	3.56022E+6
2.33000E+1	4.01238E+4	7.15738E+4	4.67278E+6	1.41870E+6	7.81827E+4	3.44364E+6
2.34000E+1	3.91457E+4	7.14563E+4	4.53315E+6	1.42452E+6	7.83445E+4	3.39142E+6
2.35000E+1	3.80074E+4	7.16963E+4	4.51249E+6	1.45468E+6	7.83875E+4	3.43235E+6
2.36000E+1	3.71167E+4	7.20923E+4	4.01368E+6	1.41455E+6	7.86483E+4	3.42953E+6
2.37000E+1	3.61347E+4	7.19693E+4	3.85638E+6	1.40064E+6	7.86401E+4	3.38907E+6
2.38000E+1	3.54893E+4	7.25227E+4	4.03450E+6	1.39005E+6	7.87316E+4	3.50370E+6
2.39000E+1	3.47617E+4	7.18246E+4	3.91109E+6	1.35738E+6	7.88882E+4	3.47013E+6
2.40000E+1	3.41617E+4	7.18350E+4	3.79580E+6	1.36966E+6	7.88140E+4	3.35412E+6
2.41000E+1	3.36770E+4	7.25428E+4	3.97694E+6	1.37532E+6	7.89470E+4	3.79150E+6
2.42000E+1	3.30444E+4	7.22613E+4	3.72664E+6	1.36060E+6	7.89088E+4	3.50454E+6
2.43000E+1	3.26504E+4	7.20818E+4	3.60691E+6	1.33196E+6	7.92456E+4	3.48456E+6
2.44000E+1	3.22610E+4	7.20303E+4	3.32093E+6	1.30265E+6	7.89666E+4	3.32742E+6
2.45000E+1	3.20825E+4	7.22766E+4	3.53485E+6	1.33051E+6	7.92798E+4	3.44688E+6
2.46000E+1	3.17590E+4	7.22747E+4	3.49486E+6	1.34476E+6	7.92560E+4	3.51925E+6
2.47000E+1	3.16931E+4	7.21610E+4	3.41467E+6	1.30303E+6	7.94404E+4	3.40048E+6
2.48000E+1	3.13081E+4	7.17647E+4	3.33531E+6	1.29533E+6	7.94228E+4	3.50999E+6
2.49000E+1	3.11350E+4	7.22021E+4	3.45004E+6	1.33071E+6	7.97126E+4	3.48705E+6
2.50000E+1	3.11716E+4	7.20856E+4	3.42145E+6	1.29665E+6	7.95972E+4	3.41753E+6
2.51000E+1	3.08939E+4	7.20522E+4	3.36098E+6	1.30921E+6	7.94798E+4	3.51546E+6
2.52000E+1	3.05444E+4	7.19197E+4	3.29734E+6	1.27184E+6	7.94933E+4	3.36183E+6
2.53000E+1	3.05422E+4	7.20236E+4	3.21639E+6	1.30031E+6	7.98396E+4	3.54261E+6
2.54000E+1	3.04675E+4	7.21209E+4	3.29994E+6	1.28500E+6	7.98563E+4	3.31724E+6
2.55000E+1	3.02098E+4	7.20398E+4	3.43508E+6	1.28698E+6	7.97605E+4	3.28445E+6
2.56000E+1	3.01508E+4	7.24163E+4	3.31003E+6	1.28946E+6	7.95639E+4	3.43476E+6
2.57000E+1	3.00134E+4	7.19588E+4	3.32508E+6	1.28222E+6	7.98626E+4	3.30561E+6
2.58000E+1	2.99895E+4	7.17523E+4	3.31453E+6	1.25673E+6	7.99929E+4	3.27048E+6
2.59000E+1	3.03492E+4	7.20722E+4	3.20193E+6	1.26912E+6	7.97917E+4	3.50454E+6
2.60000E+1	2.98845E+4	7.19026E+4	3.32924E+6	1.27129E+6	7.99700E+4	3.34990E+6
2.61000E+1	2.98948E+4	7.19836E+4	3.23636E+6	1.28599E+6	8.04313E+4	3.30673E+6
2.62000E+1	2.99438E+4	7.18445E+4	3.22421E+6	1.27488E+6	8.03380E+4	3.31912E+6
2.63000E+1	2.97395E+4	7.15397E+4	3.20791E+6	1.26652E+6	8.04062E+4	3.28740E+6
2.64000E+1	2.96734E+4	7.20980E+4	3.24932E+6	1.26436E+6	7.99345E+4	3.24182E+6
2.65000E+1	2.95360E+4	7.17400E+4	3.34791E+6	1.28556E+6	8.00211E+4	3.31348E+6
2.66000E+1	2.96106E+4	7.14364E+4	3.29288E+6	1.26568E+6	8.01350E+4	3.20481E+6
2.67000E+1	2.96734E+4	7.16412E+4	3.12207E+6	1.26400E+6	8.03014E+4	3.25917E+6
2.68000E+1	2.95581E+4	7.20207E+4	3.40673E+6	1.26881E+6	8.04387E+4	3.29555E+6
2.69000E+1	2.95733E+4	7.15805E+4	3.19737E+6	1.29052E+6	8.04250E+4	3.19744E+6
2.70000E+1	2.96409E+4	7.19255E+4	3.12843E+6	1.23187E+6	8.02072E+4	3.42472E+6
2.71000E+1	2.94781E+4	7.13333E+4	3.23887E+6	1.24912E+6	8.03915E+4	3.32402E+6
2.72000E+1	2.95608E+4	7.18331E+4	3.21710E+6	1.24807E+6	8.02155E+4	3.13793E+6
2.73000E+1	2.92436E+4	7.10105E+4	3.19038E+6	1.23210E+6	7.98907E+4	3.07630E+6
2.74000E+1	2.94792E+4	7.13286E+4	3.28216E+6	1.29546E+6	8.03129E+4	3.15252E+6
2.75000E+1	2.93325E+4	7.11151E+4	3.08373E+6	1.24230E+6	8.03747E+4	3.19849E+6
2.76000E+1	2.92711E+4	7.12699E+4	3.13079E+6	1.27549E+6	8.02762E+4	3.07241E+6
2.77000E+1	2.92436E+4	7.07790E+4	3.21250E+6	1.24666E+6	7.99867E+4	3.15901E+6
2.78000E+1	2.91603E+4	7.09426E+4	3.25547E+6	1.23784E+6	8.01392E+4	3.11946E+6
2.79000E+1	2.92565E+4	7.06823E+4	3.32811E+6	1.24895E+6	7.99992E+4	3.16346E+6
2.80000E+1	2.92356E+4	7.08918E+4	3.21391E+6	1.24241E+6	8.00055E+4	3.06174E+6
2.81000E+1	2.90749E+4	7.05791E+4	3.18133E+6	1.22358E+6	7.98282E+4	3.25482E+6
2.82000E+1	2.93319E+4	7.06307E+4	3.49361E+6	1.25501E+6	7.98615E+4	3.16312E+6
2.83000E+1	2.91823E+4	7.05069E+4	3.16752E+6	1.22970E+6	7.97948E+4	3.06303E+6
2.84000E+1	2.92625E+4	7.04012E+4	3.19982E+6	1.23680E+6	8.00378E+4	3.09362E+6
2.85000E+1	2.93012E+4	7.05978E+4	3.32773E+6	1.25952E+6	8.00556E+4	3.13827E+6
2.86000E+1	2.91409E+4	7.02974E+4	3.27627E+6	1.22754E+6	7.96960E+4	2.97407E+6
2.87000E+1	2.91205E+4	7.03731E+4	3.21710E+6	1.23703E+6	8.00222E+4	3.12951E+6
2.88000E+1	2.92011E+4	7.05332E+4	3.24932E+6	1.25300E+6	7.98886E+4	2.92023E+6
2.89000E+1	2.94484E+4	7.00800E+4	3.16786E+6	1.24195E+6	7.96481E+4	2.97803E+6
2.90000E+1	2.90802E+4	6.99896E+4	3.17787E+6	1.24754E+6	7.97719E+4	2.98937E+6
2.91000E+1	2.91807E+4	6.98780E+4	3.47087E+6	1.23905E+6	7.96492E+4	3.00357E+6
2.92000E+1	2.92044E+4	6.96635E+4	3.47087E+6	1.22330E+6	7.95432E+4	2.84319E+6
2.93000E+1	2.93912E+4	6.99422E+4	3.30181E+6	1.24544E+6	7.97470E+4	3.01447E+6
2.94000E+1	2.92598E+4	6.97368E+4	3.35789E+6	1.24143E+6	7.96845E+4	2.83540E+6
2.95000E+1	2.93163E+4	6.99524E+4	3.35174E+6	1.26406E+6	7.96076E+4	2.98721E+6
2.96000E+1	2.92334E+4	6.95199E+4	3.17579E+6	1.23502E+6	7.95639E+4	2.96951E+6
2.97000E+1	2.93433E+4	6.98891E+4	3.36639E+6	1.27958E+6	7.94809E+4	3.01917E+6
2.98000E+1	2.93109E+4	6.96681E+4	3.29251E+6	1.23485E+6	7.97438E+4	2.98109E+6
2.99000E+1	2.93950E+4	6.97321E+4	3.19702E+6	1.25548E+6	7.96138E+4	2.91319E+6
3.00000E+1	2.92350E+4	6.93645E+4	3.40356E+6	1.25952E+6	7.94757E+4	2.91173E+6
3.01000E+1	2.93266E+4	6.98780E+4	3.36175E+6	1.25667E+6	7.94498E+4	2.88221E+6
3.02000E+1	2.92210E+4	6.98566E+4	3.27444E+6	1.24731E+6	7.94031E+4	2.92376E+6
3.03000E+1	2.90996E+4	6.98510E+4	3.19352E+6	1.26340E+6	7.96575E+4	3.00761E+6
3.04000E+1	2.93179E+4	6.96570E+4	3.29362E+6	1.22516E+6	7.94166E+4	2.89661E+6
3.05000E+1	2.91716E+4	6.98389E+4	3.48862E+6	1.25584E+6	7.97501E+4	2.86399E+6
3.06000E+1	2.93212E+4	6.92546E+4	3.26529E+6	1.25212E+6	7.95390E+4	2.87279E+6
3.07000E+1	2.93756E+4	6.96320E+4	3.39488E+6	1.27457E+6	7.99429E+4	2.83873E+6
3.08000E+1	2.93675E+4	6.95088E+4	3.38820E+6	1.25685E+6	7.95193E+4	2.89516E+6
3.09000E+1	2.92587E+4	6.99775E+4	3.46472E+6	1.23084E+6	7.97792E+4	2.94661E+6
3.10000E+1	2.92356E+4	6.92666E+4	3.37298E+6	1.27196E+6	7.96616E+4	2.85243E+6
3.11000E+1	2.93050E+4	6.93950E+4	3.42065E+6	1.25708E+6	7.98688E+4	2.83790E+6
3.12000E+1	2.92576E+4	6.96329E+4	3.46390E+6	1.24719E+6	7.97532E+4	2.86003E+6
3.13000E+1	2.92512E+4	6.97981E+4	3.34982E+6	1.25982E+6	7.98115E+4	2.85919E+6
3.14000E+1	2.93826E+4	6.92841E+4	3.27554E+6	1.24672E+6	7.95546E+4	2.93737E+6
3.15000E+1	2.92156E+4	6.92989E+4	3.18099E+6	1.23675E+6	7.94238E+4	2.79596E+6
3.16000E+1	2.93389E+4	6.94005E+4	3.47292E+6	1.24725E+6	7.97116E+4	2.80763E+6
3.17000E+1	2.92883E+4	6.94643E+4	3.39174E+6	1.26761E+6	7.97542E+4	2.82847E+6
3.18000E+1	2.94053E+4	6.94181E+4	3.42705E+6	1.26089E+6	7.97428E+4	2.81172E+6
3.19000E+1	2.92167E+4	6.92989E+4	3.41188E+6	1.25312E+6	7.96752E+4	2.87707E+6
3.20000E+1	2.92748E+4	6.94357E+4	3.26056E+6	1.24924E+6	7.96481E+4	2.85524E+6
3.21000E+1	2.92711E+4	6.92232E+4	3.21746E+6	1.23227E+6	7.93658E+4	2.80545E+6
3.22000E+1	2.91108E+4	6.94773E+4	3.54039E+6	1.26960E+6	8.01256E+4	2.78064E+6
3.23000E+1	2.91479E+4	6.92232E+4	3.38507E+6	1.24789E+6	7.99742E+4	2.89430E+6
3.24000E+1	2.91232E+4	6.93340E+4	3.30890E+6	1.28216E+6	7.98261E+4	2.74109E+6
3.25000E+1	2.92452E+4	6.92103E+4	3.28106E+6	1.25294E+6	7.98032E+4	2.74317E+6
3.26000E+1	2.91227E+4	6.93404E+4	3.39685E+6	1.25958E+6	7.97126E+4	2.87108E+6
3.27000E+1	2.91882E+4	6.91974E+4	3.40237E+6	1.24410E+6	7.98876E+4	2.64099E+6
3.28000E+1	2.89730E+4	6.92140E+4	3.43629E+6	1.24293E+6	7.96824E+4	2.75994E+6
3.29000E+1	2.89966E+4	6.90619E+4	3.25511E+6	1.22290E+6	7.96533E+4	2.64535E+6
3.30000E+1	2.91404E+4	6.91946E+4	3.50613E+6	1.25059E+6	7.98480E+4	2.81966E+6
3.31000E+1	2.91850E+4	6.91319E+4	3.43992E+6	1.24143E+6	7.96263E+4	2.82103E+6
3.32000E+1	2.90652E+4	6.90324E+4	3.50404E+6	1.25614E+6	7.98521E+4	2.83762E+6
3.33000E+1	2.89387E+4	6.92666E+4	3.27187E+6	1.23876E+6	7.96804E+4	2.79975E+6
3.34000E+1	2.91721E+4	6.93312E+4	3.35366E+6	1.22686E+6	8.00159E+4	2.71354E+6
3.35000E+1	2.90287E+4	6.91411E+4	3.48821E+6	1.26779E+6	7.99595E+4	2.82379E+6
3.36000E+1	2.89564E+4	6.91762E+4	3.31040E+6	1.23073E+6	7.98553E+4	2.75678E+6
3.37000E+1	2.89703E+4	6.94366E+4	3.41746E+6	1.25916E+6	8.00243E+4	2.84459E+6
3.38000E+1	2.88776E+4	6.91393E+4	3.09126E+6	1.23181E+6	7.97345E+4	2.66985E+6
3.39000E+1	2.89280E+4	6.92287E+4	3.39803E+6	1.26346E+6	7.98480E+4	2.75678E+6
3.40000E+1	2.88322E+4	6.93201E+4	3.44113E+6	1.24404E+6	7.97990E+4	2.69756E+6
3.41000E+1	2.88873E+4	6.92186E+4	3.28844E+6	1.22460E+6	8.00619E+4	2.64681E+6
3.42000E+1	2.87066E+4	6.94162E+4	3.35558E+6	1.24983E+6	7.99178E+4	2.74396E+6
3.43000E+1	2.88579E+4	6.92186E+4	3.30816E+6	1.22561E+6	7.99700E+4	2.75968E+6
3.44000E+1	2.86848E+4	6.91319E+4	3.44032E+6	1.23859E+6	7.99982E+4	2.72763E+6
3.45000E+1	2.88354E+4	6.91826E+4	3.18759E+6	1.24032E+6	7.99627E+4	2.72326E+6
3.46000E+1	2.88439E+4	6.92712E+4	3.33646E+6	1.23842E+6	8.00535E+4	2.84906E+6
3.47000E+1	2.87515E+4	6.92370E+4	3.28253E+6	1.21846E+6	8.01455E+4	2.77637E+6
3.48000E+1	2.88589E+4	6.91623E+4	3.22563E+6	1.23980E+6	8.02501E+4	2.71048E+6
3.49000E+1	2.87787E+4	6.91476E+4	3.46554E+6	1.27506E+6	8.01726E+4	2.73953E+6
3.50000E+1	2.87472E+4	6.91448E+4	3.29362E+6	1.25412E+6	7.98886E+4	2.71660E+6
3.51000E+1	2.87371E+4	6.95662E+4	3.32281E+6	1.23519E+6	8.00984E+4	2.75573E+6
3.52000E+1	2.87205E+4	6.90978E+4	3.26602E+6	1.25000E+6	8.01967E+4	2.71788E+6
3.53000E+1	2.88857E+4	6.94690E+4	3.34217E+6	1.23998E+6	8.01005E+4	2.72223E+6
3.54000E+1	2.87659E+4	6.93811E+4	3.35097E+6	1.24102E+6	8.03223E+4	2.81281E+6
3.55000E+1	2.86885E+4	6.93691E+4	3.57183E+6	1.26358E+6	8.03496E+4	2.75862E+6
3.56000E+1	2.87969E+4	6.96802E+4	3.38312E+6	1.24328E+6	8.01151E+4	2.75626E+6
3.57000E+1	2.88071E+4	6.91374E+4	3.57139E+6	1.26628E+6	8.04985E+4	2.67977E+6
3.58000E+1	2.89215E+4	6.95060E+4	3.35558E+6	1.27958E+6	8.00514E+4	2.69404E+6
3.59000E+1	2.88375E+4	6.93617E+4	3.43589E+6	1.26346E+6	8.04114E+4	2.69907E+6
3.60000E+1	2.86117E+4	6.92417E+4	3.47457E+6	1.25857E+6	8.06161E+4	2.80463E+6
3.61000E+1	2.85893E+4	6.95088E+4	3.45573E+6	1.27555E+6	8.04177E+4	2.71175E+6
3.62000E+1	2.87360E+4	6.95513E+4	3.45533E+6	1.23399E+6	8.06025E+4	2.78654E+6
3.63000E+1	2.86085E+4	6.94616E+4	3.42384E+6	1.27836E+6	8.03831E+4	2.67505E+6
3.64000E+1	2.87857E+4	6.91540E+4	3.53442E+6	1.24183E+6	8.04324E+4	2.65339E+6
3.65000E+1	2.85659E+4	6.92915E+4	3.40395E+6	1.25738E+6	8.05447E+4	2.77397E+6
3.66000E+1	2.84233E+4	6.92666E+4	3.25112E+6	1.23267E+6	8.05940E+4	2.72532E+6
3.67000E+1	2.86885E+4	6.96162E+4	3.29400E+6	1.25857E+6	8.07034E+4	2.65828E+6
3.68000E+1	2.86059E+4	6.95032E+4	3.28142E+6	1.26719E+6	8.05919E+4	2.77158E+6
3.69000E+1	2.84292E+4	6.94745E+4	3.31378E+6	1.26689E+6	8.07055E+4	2.65241E+6
3.70000E+1	2.86160E+4	6.93811E+4	3.28253E+6	1.26119E+6	8.05090E+4	2.58875E+6
3.71000E+1	2.86384E+4	6.94431E+4	3.40000E+6	1.25887E+6	8.06004E+4	2.73512E+6
3.72000E+1	2.87958E+4	6.96208E+4	3.45045E+6	1.26827E+6	8.08065E+4	2.73564E+6
3.73000E+1	2.85175E+4	6.94708E+4	3.38429E+6	1.24038E+6	8.09446E+4	2.68027E+6
3.74000E+1	2.86165E+4	6.93857E+4	3.53740E+6	1.28457E+6	8.10259E+4	2.79030E+6
3.75000E+1	2.85947E+4	6.94366E+4	3.22956E+6	1.24131E+6	8.07286E+4	2.68301E+6
3.76000E+1	2.88071E+4	6.95856E+4	3.40593E+6	1.25697E+6	8.08592E+4	2.73486E+6
3.77000E+1	2.84701E+4	6.95217E+4	3.28659E+6	1.24660E+6	8.11537E+4	2.78278E+6
3.78000E+1	2.86976E+4	6.94653E+4	3.56749E+6	1.27348E+6	8.11453E+4	2.73746E+6
3.79000E+1	2.86490E+4	6.96895E+4	3.34523E+6	1.25253E+6	8.12140E+4	2.64876E+6
3.80000E+1	2.86293E+4	6.99412E+4	3.60691E+6	1.26048E+6	8.09699E+4	2.67803E+6
3.81000E+1	2.85771E+4	6.97981E+4	3.37882E+6	1.26036E+6	8.11019E+4	2.67530E+6
3.82000E+1	2.85127E+4	6.96357E+4	3.51201E+6	1.24859E+6	8.07981E+4	2.64196E+6
3.83000E+1	2.82912E+4	6.93811E+4	3.20756E+6	1.26556E+6	8.10776E+4	2.73616E+6
3.84000E+1	2.84350E+4	6.96598E+4	3.37532E+6	1.25365E+6	8.11135E+4	2.63158E+6
3.85000E+1	2.84186E+4	6.94347E+4	3.38742E+6	1.26610E+6	8.10005E+4	2.64317E+6
3.86000E+1	2.84733E+4	6.97665E+4	3.55324E+6	1.27817E+6	8.15351E+4	2.68251E+6
3.87000E+1	2.84664E+4	6.96783E+4	3.32357E+6	1.27518E+6	8.11632E+4	2.60917E+6
3.88000E+1	2.85366E+4	7.00902E+4	3.38624E+6	1.28723E+6	8.14651E+4	2.63760E+6
3.89000E+1	2.83368E+4	6.99394E+4	3.16168E+6	1.27014E+6	8.13696E+4	2.65975E+6
3.90000E+1	2.83251E+4	6.98594E+4	3.30293E+6	1.27738E+6	8.13357E+4	2.70515E+6
3.91000E+1	2.83341E+4	6.96765E+4	3.54681E+6	1.28327E+6	8.14354E+4	2.70084E+6
3.92000E+1	2.83182E+4	6.96310E+4	3.24174E+6	1.27707E+6	8.13018E+4	2.66442E+6
3.93000E+1	2.84186E+4	7.00082E+4	3.31641E+6	1.29283E+6	8.15829E+4	2.67753E+6
3.94000E+1	2.84404E+4	6.97461E+4	3.36678E+6	1.25543E+6	8.12733E+4	2.61723E+6
3.95000E+1	2.84361E+4	7.01098E+4	3.35635E+6	1.25881E+6	8.18254E+4	2.64778E+6
3.96000E+1	2.83437E+4	6.98975E+4	3.38820E+6	1.26245E+6	8.14481E+4	2.64438E+6
3.97000E+1	2.84393E+4	6.99384E+4	3.45533E+6	1.27977E+6	8.16924E+4	2.58899E+6
3.98000E+1	2.82875E+4	6.99617E+4	3.43106E+6	1.29133E+6	8.17456E+4	2.70464E+6
3.99000E+1	2.84377E+4	6.99654E+4	3.30517E+6	1.27245E+6	8.16254E+4	2.70946E+6
4.00000E+1	2.84489E+4	6.98222E+4	3.37259E+6	1.25786E+6	8.14163E+4	2.63471E+6
4.01000E+1	2.83623E+4	6.99338E+4	3.44275E+6	1.27463E+6	8.15319E+4	2.73254E+6
4.02000E+1	2.84303E+4	7.00334E+4	3.35328E+6	1.25495E+6	8.15309E+4	2.62248E+6
4.03000E+1	2.82149E+4	6.96913E+4	3.30965E+6	1.27897E+6	8.14757E+4	2.65290E+6
4.04000E+1	2.83745E+4	6.99831E+4	3.43629E+6	1.26634E+6	8.17317E+4	2.69077E+6
4.05000E+1	2.84419E+4	6.98074E+4	3.37454E+6	1.28494E+6	8.14799E+4	2.54162E+6
4.06000E+1	2.84728E+4	6.95699E+4	3.52593E+6	1.24590E+6	8.15606E+4	2.58109E+6
4.07000E+1	2.83278E+4	6.93645E+4	3.54938E+6	1.29015E+6	8.16414E+4	2.69655E+6
4.08000E+1	2.85680E+4	6.95949E+4	3.42105E+6	1.27348E+6	8.15818E+4	2.65730E+6
4.09000E+1	2.82149E+4	6.98603E+4	3.40554E+6	1.27977E+6	8.17892E+4	2.59998E+6
4.10000E+1	2.83909E+4	6.97646E+4	3.34179E+6	1.30259E+6	8.17254E+4	2.74343E+6
4.11000E+1	2.83071E+4	6.95819E+4	3.36484E+6	1.26815E+6	8.13453E+4	2.59576E+6
4.12000E+1	2.84425E+4	6.94810E+4	3.39685E+6	1.25726E+6	8.13845E+4	2.73331E+6
4.13000E+1	2.81725E+4	6.94394E+4	3.33760E+6	1.27756E+6	8.14354E+4	2.59436E+6
4.14000E+1	2.82181E+4	6.95949E+4	3.61001E+6	1.27354E+6	8.15617E+4	2.64220E+6
4.15000E+1	2.82753E+4	6.94708E+4	3.12341E+6	1.25744E+6	8.09604E+4	2.52442E+6
4.16000E+1	2.83793E+4	6.94717E+4	3.53442E+6	1.24959E+6	8.16339E+4	2.61296E+6
4.17000E+1	2.82525E+4	6.94930E+4	3.41546E+6	1.27524E+6	8.14152E+4	2.65828E+6
4.18000E+1	2.84845E+4	6.96245E+4	3.52466E+6	1.28934E+6	8.13198E+4	2.65217E+6
4.19000E+1	2.83082E+4	6.93968E+4	3.33912E+6	1.27983E+6	8.14767E+4	2.62654E+6
4.20000E+1	2.84744E+4	6.96023E+4	3.54124E+6	1.28266E+6	8.14630E+4	2.66467E+6
4.21000E+1	2.84499E+4	6.95921E+4	3.45126E+6	1.27854E+6	8.15479E+4	2.64414E+6
4.22000E+1	2.85297E+4	6.97043E+4	3.38429E+6	1.27695E+6	8.12489E+4	2.62272E+6
4.23000E+1	2.83405E+4	6.94440E+4	3.32621E+6	1.29239E+6	8.13209E+4	2.61866E+6
4.24000E+1	2.84728E+4	6.93589E+4	3.36794E+6	1.26071E+6	8.13453E+4	2.50920E+6
4.25000E+1	2.85616E+4	6.98696E+4	3.64809E+6	1.28395E+6	8.15447E+4	2.68851E+6
4.26000E+1	2.83527E+4	6.92684E+4	3.53570E+6	1.26948E+6	8.15256E+4	2.59740E+6
4.27000E+1	2.83379E+4	7.00809E+4	3.40198E+6	1.26646E+6	8.16084E+4	2.68726E+6
4.28000E+1	2.83931E+4	6.95208E+4	3.45533E+6	1.27634E+6	8.15850E+4	2.57347E+6
4.29000E+1	2.83437E+4	6.94875E+4	3.60293E+6	1.25649E+6	8.15234E+4	2.56841E+6
4.30000E+1	2.81725E+4	6.96922E+4	3.44356E+6	1.26731E+6	8.14958E+4	2.58480E+6
4.31000E+1	2.83002E+4	6.96208E+4	3.44356E+6	1.27726E+6	8.14916E+4	2.66763E+6
4.32000E+1	2.83214E+4	6.98594E+4	3.45207E+6	1.28395E+6	8.17254E+4	2.74083E+6
4.33000E+1	2.82732E+4	6.93746E+4	3.46595E+6	1.24410E+6	8.15638E+4	2.64172E+6
4.34000E+1	2.82551E+4	6.98752E+4	3.44882E+6	1.26113E+6	8.14354E+4	2.58712E+6
4.35000E+1	2.83984E+4	6.94995E+4	3.32697E+6	1.25726E+6	8.15988E+4	2.63519E+6
4.36000E+1	2.82907E+4	6.93940E+4	3.56705E+6	1.27989E+6	8.17222E+4	2.68202E+6
4.37000E+1	2.82239E+4	6.96626E+4	3.46718E+6	1.27579E+6	8.15033E+4	2.65877E+6
4.38000E+1	2.83660E+4	6.96422E+4	3.47993E+6	1.29923E+6	8.17967E+4	2.69328E+6
4.39000E+1	2.83835E+4	6.98510E+4	3.67406E+6	1.24462E+6	8.15415E+4	2.59599E+6
4.40000E+1	2.81588E+4	6.99524E+4	3.54167E+6	1.30069E+6	8.15001E+4	2.64196E+6
4.41000E+1	2.84016E+4	6.93238E+4	3.46063E+6	1.27940E+6	8.16530E+4	2.63954E+6
4.42000E+1	2.83957E+4	6.96394E+4	3.39724E+6	1.28661E+6	8.19736E+4	2.62439E+6
4.43000E+1	2.81932E+4	6.95486E+4	3.53613E+6	1.30500E+6	8.17977E+4	2.54072E+6
4.44000E+1	2.82641E+4	6.95727E+4	3.49527E+6	1.27817E+6	8.16956E+4	2.58806E+6
4.45000E+1	2.81762E+4	6.95078E+4	3.54466E+6	1.27208E+6	8.14036E+4	2.64099E+6
4.46000E+1	2.82112E+4	6.97405E+4	3.35751E+6	1.30710E+6	8.16158E+4	2.64608E+6
4.47000E+1	2.82377E+4	6.95263E+4	3.45981E+6	1.27860E+6	8.15287E+4	2.51800E+6
4.48000E+1	2.82218E+4	6.96245E+4	3.54509E+6	1.27995E+6	8.15479E+4	2.64220E+6
4.49000E+1	2.83204E+4	6.96153E+4	3.44518E+6	1.28723E+6	8.17871E+4	2.66985E+6
4.50000E+1	2.82530E+4	6.95152E+4	3.49652E+6	1.27190E+6	8.14067E+4	2.66024E+6
4.51000E+1	2.81842E+4	6.94828E+4	3.38742E+6	1.27915E+6	8.13930E+4	2.51117E+6
4.52000E+1	2.81730E+4	6.93922E+4	3.63996E+6	1.28648E+6	8.13898E+4	2.54477E+6
4.53000E+1	2.84637E+4	6.92509E+4	3.51411E+6	1.28562E+6	8.14852E+4	2.66442E+6
4.54000E+1	2.83665E+4	6.95014E+4	3.70693E+6	1.30075E+6	8.15999E+4	2.56521E+6
4.55000E+1	2.82043E+4	6.92066E+4	3.31153E+6	1.27251E+6	8.12013E+4	2.60775E+6
4.56000E+1	2.84218E+4	6.92887E+4	3.41706E+6	1.26227E+6	8.15107E+4	2.56887E+6
4.57000E+1	2.82530E+4	6.91679E+4	3.45818E+6	1.26394E+6	8.13824E+4	2.61795E+6
4.58000E+1	2.81080E+4	6.91098E+4	3.48076E+6	1.25171E+6	8.14746E+4	2.58969E+6
4.59000E+1	2.81572E+4	6.92121E+4	3.37182E+6	1.23957E+6	8.11315E+4	2.55745E+6
4.60000E+1	2.82223E+4	6.92721E+4	3.68880E+6	1.27928E+6	8.16956E+4	2.68476E+6
4.61000E+1	2.82318E+4	6.90140E+4	3.45859E+6	1.26257E+6	8.10470E+4	2.54004E+6
4.62000E+1	2.82912E+4	6.88375E+4	3.57356E+6	1.24983E+6	8.12013E+4	2.58526E+6
4.63000E+1	2.83182E+4	6.90628E+4	3.39527E+6	1.26101E+6	8.12542E+4	2.57301E+6
4.64000E+1	2.80546E+4	6.86880E+4	3.43790E+6	1.29027E+6	8.09995E+4	2.52820E+6
4.65000E+1	2.84276E+4	6.90683E+4	3.53954E+6	1.27506E+6	8.09003E+4	2.65022E+6
4.66000E+1	2.82689E+4	6.87567E+4	3.27664E+6	1.24061E+6	8.09204E+4	2.51712E+6
4.67000E+1	2.80023E+4	6.87889E+4	3.60824E+6	1.25436E+6	8.09879E+4	2.65192E+6
4.68000E+1	2.80895E+4	6.89524E+4	3.59499E+6	1.29015E+6	8.09678E+4	2.62774E+6
4.69000E+1	2.82069E+4	6.87182E+4	3.54509E+6	1.27330E+6	8.08350E+4	2.66344E+6
4.70000E+1	2.81619E+4	6.85103E+4	3.60425E+6	1.25235E+6	8.07044E+4	2.45381E+6
4.71000E+1	2.83071E+4	6.88192E+4	3.50446E+6	1.26930E+6	8.08877E+4	2.62822E+6
4.72000E+1	2.81191E+4	6.85213E+4	3.49319E+6	1.24977E+6	8.06382E+4	2.46839E+6
4.73000E+1	2.81244E+4	6.85066E+4	3.45900E+6	1.26316E+6	8.06981E+4	2.54702E+6
4.74000E+1	2.78837E+4	6.84518E+4	3.45411E+6	1.27045E+6	8.09531E+4	2.55427E+6
4.75000E+1	2.81281E+4	6.82418E+4	3.34141E+6	1.22658E+6	8.06004E+4	2.55904E+6
4.76000E+1	2.81630E+4	6.88917E+4	3.60868E+6	1.28173E+6	8.07929E+4	2.62559E+6
4.77000E+1	2.82530E+4	6.87512E+4	3.40990E+6	1.27585E+6	8.08223E+4	2.63447E+6
4.78000E+1	2.82366E+4	6.84856E+4	3.60514E+6	1.25012E+6	8.05510E+4	2.56979E+6
4.79000E+1	2.81614E+4	6.84819E+4	3.61890E+6	1.23519E+6	8.05678E+4	2.55745E+6
4.80000E+1	2.79554E+4	6.84289E+4	3.47828E+6	1.24936E+6	8.04670E+4	2.57439E+6
4.81000E+1	2.81297E+4	6.83942E+4	3.51832E+6	1.27226E+6	8.07076E+4	2.60092E+6
4.82000E+1	2.82901E+4	6.84390E+4	3.49486E+6	1.25988E+6	8.04125E+4	2.51690E+6
4.83000E+1	2.83145E+4	6.86540E+4	3.42224E+6	1.24509E+6	8.05079E+4	2.59763E+6
4.84000E+1	2.81201E+4	6.84536E+4	3.69947E+6	1.25531E+6	8.07497E+4	2.52486E+6
4.85000E+1	2.82106E+4	6.85002E+4	3.50028E+6	1.24346E+6	8.09478E+4	2.53668E+6
4.86000E+1	2.81159E+4	6.82710E+4	3.46677E+6	1.24456E+6	8.03097E+4	2.50285E+6
4.87000E+1	2.82403E+4	6.81579E+4	3.49819E+6	1.27166E+6	8.03946E+4	2.58922E+6
4.88000E+1	2.80335E+4	6.83312E+4	3.50069E+6	1.23842E+6	8.03066E+4	2.50788E+6
4.89000E+1	2.82774E+4	6.83723E+4	3.67866E+6	1.25265E+6	8.04345E+4	2.54702E+6
4.90000E+1	2.82350E+4	6.82609E+4	3.61489E+6	1.25720E+6	8.03213E+4	2.54252E+6
4.91000E+1	2.82329E+4	6.83979E+4	3.57400E+6	1.25489E+6	8.02480E+4	2.67629E+6
4.92000E+1	2.81471E+4	6.85872E+4	3.54295E+6	1.25833E+6	8.02490E+4	2.64730E+6
4.93000E+1	2.81090E+4	6.80032E+4	3.46554E+6	1.24678E+6	8.02093E+4	2.50394E+6
4.94000E+1	2.82811E+4	6.81443E+4	3.71067E+6	1.26990E+6	8.04366E+4	2.57232E+6
4.95000E+1	2.82233E+4	6.80423E+4	3.57356E+6	1.26713E+6	8.02302E+4	2.57255E+6
4.96000E+1	2.84520E+4	6.82190E+4	3.72711E+6	1.24346E+6	7.99783E+4	2.59881E+6
4.97000E+1	2.81344E+4	6.80314E+4	3.52381E+6	1.24854E+6	8.01434E+4	2.57785E+6
4.98000E+1	2.80467E+4	6.80851E+4	3.42625E+6	1.24079E+6	8.00566E+4	2.52975E+6
4.99000E+1	2.80308E+4	6.76964E+4	3.47869E+6	1.25059E+6	8.02061E+4	2.56109E+6
5.00000E+1	2.80995E+4	6.79241E+4	3.46636E+6	1.23410E+6	7.99637E+4	2.56979E+6
5.01000E+1	2.81836E+4	6.80805E+4	3.48904E+6	1.25916E+6	8.03600E+4	2.56498E+6
5.02000E+1	2.81974E+4	6.83093E+4	3.24210E+6	1.24550E+6	8.01643E+4	2.56727E+6
5.03000E+1	2.83034E+4	6.83631E+4	3.78216E+6	1.27135E+6	8.01538E+4	2.61771E+6
5.04000E+1	2.81170E+4	6.78760E+4	3.51959E+6	1.24655E+6	8.00514E+4	2.47692E+6
5.05000E+1	2.81942E+4	6.78333E+4	3.50781E+6	1.26960E+6	7.99856E+4	2.56635E+6
5.06000E+1	2.82345E+4	6.80814E+4	3.77006E+6	1.25934E+6	8.03223E+4	2.61628E+6
5.07000E+1	2.82467E+4	6.83476E+4	3.77585E+6	1.24930E+6	8.02689E+4	2.61177E+6
5.08000E+1	2.84271E+4	6.82573E+4	3.48282E+6	1.23669E+6	8.03370E+4	2.51844E+6
5.09000E+1	2.83018E+4	6.82354E+4	3.45004E+6	1.26394E+6	8.00754E+4	2.49589E+6
5.10000E+1	2.83649E+4	6.83567E+4	3.41586E+6	1.26424E+6	8.07876E+4	2.64560E+6
5.11000E+1	2.83697E+4	6.83102E+4	3.63681E+6	1.27396E+6	8.04659E+4	2.59810E+6
5.12000E+1	2.82525E+4	6.86595E+4	3.65671E+6	1.29446E+6	8.05961E+4	2.62870E+6
5.13000E+1	2.83506E+4	6.87265E+4	3.58010E+6	1.26209E+6	8.04104E+4	2.51337E+6
5.14000E+1	2.83899E+4	6.88917E+4	3.59104E+6	1.31557E+6	8.11791E+4	2.65217E+6
5.15000E+1	2.85696E+4	6.87577E+4	3.60868E+6	1.28667E+6	8.06897E+4	2.48723E+6
5.16000E+1	2.85989E+4	6.89846E+4	3.58359E+6	1.27958E+6	8.09520E+4	2.55563E+6
5.17000E+1	2.85744E+4	6.86550E+4	3.69994E+6	1.31415E+6	8.07918E+4	2.57094E+6
5.18000E+1	2.85100E+4	6.88485E+4	3.53868E+6	1.30889E+6	8.10322E+4	2.57924E+6
5.19000E+1	2.86389E+4	6.89736E+4	3.94612E+6	1.30525E+6	8.08624E+4	2.57924E+6
5.20000E+1	2.87739E+4	6.89377E+4	3.74656E+6	1.29289E+6	8.09847E+4	2.69655E+6
5.21000E+1	2.87643E+4	6.88072E+4	3.81743E+6	1.29346E+6	8.08044E+4	2.51249E+6
5.22000E+1	2.86725E+4	6.87696E+4	3.74084E+6	1.28872E+6	8.07602E+4	2.55790E+6
5.23000E+1	2.86394E+4	6.87439E+4	3.88431E+6	1.31441E+6	8.09499E+4	2.63278E+6
5.24000E+1	2.88381E+4	6.87760E+4	3.56186E+6	1.29753E+6	8.06266E+4	2.50766E+6
5.25000E+1	2.89398E+4	6.91891E+4	3.66536E+6	1.32637E+6	8.09541E+4	2.64317E+6
5.26000E+1	2.87761E+4	6.88642E+4	3.66217E+6	1.27208E+6	8.04712E+4	2.50154E+6
5.27000E+1	2.88300E+4	6.86366E+4	3.50655E+6	1.33209E+6	8.06866E+4	2.62535E+6
5.28000E+1	2.89644E+4	6.87164E+4	3.68696E+6	1.28797E+6	8.06235E+4	2.68952E+6
5.29000E+1	2.89896E+4	6.89028E+4	3.73089E+6	1.31415E+6	8.06245E+4	2.63785E+6
5.30000E+1	2.89740E+4	6.87870E+4	3.64312E+6	1.29955E+6	8.07802E+4	2.67084E+6
5.31000E+1	2.88932E+4	6.86770E+4	3.75181E+6	1.31770E+6	8.05846E+4	2.66049E+6
5.32000E+1	2.91060E+4	6.90702E+4	3.85638E+6	1.31991E+6	8.06151E+4	2.60280E+6
5.33000E+1	2.91603E+4	6.90306E+4	3.80806E+6	1.28741E+6	8.06918E+4	2.64705E+6
5.34000E+1	2.90861E+4	6.86137E+4	3.52635E+6	1.30627E+6	8.03223E+4	2.57301E+6
5.35000E+1	2.91662E+4	6.86000E+4	3.68834E+6	1.29653E+6	8.03789E+4	2.70794E+6
5.36000E+1	2.93691E+4	6.87696E+4	3.88482E+6	1.30640E+6	8.06245E+4	2.65046E+6
5.37000E+1	2.93616E+4	6.88835E+4	3.69390E+6	1.32421E+6	8.06298E+4	2.82213E+6
5.38000E+1	2.93346E+4	6.86999E+4	3.63097E+6	1.29716E+6	8.02239E+4	2.61938E+6
5.39000E+1	2.92339E+4	6.84993E+4	3.68050E+6	1.31383E+6	8.05709E+4	2.78198E+6
5.40000E+1	2.92991E+4	6.83385E+4	3.74417E+6	1.28915E+6	8.02595E+4	2.57901E+6
5.41000E+1	2.95652E+4	6.87806E+4	3.86954E+6	1.30195E+6	8.01162E+4	2.69127E+6
5.42000E+1	2.93341E+4	6.84280E+4	3.55539E+6	1.30417E+6	8.02930E+4	2.70743E+6
5.43000E+1	2.93530E+4	6.87311E+4	3.69668E+6	1.31706E+6	8.03297E+4	2.74813E+6
5.44000E+1	2.94760E+4	6.86476E+4	3.71113E+6	1.29747E+6	8.03454E+4	2.64390E+6
5.45000E+1	2.95235E+4	6.83988E+4	3.76620E+6	1.28735E+6	8.02281E+4	2.70135E+6
5.46000E+1	2.94538E+4	6.85085E+4	3.68603E+6	1.26954E+6	8.03024E+4	2.65902E+6
5.47000E+1	2.95738E+4	6.90426E+4	4.07342E+6	1.31757E+6	8.02291E+4	2.74083E+6
5.48000E+1	2.95603E+4	6.83211E+4	3.61001E+6	1.28235E+6	7.99564E+4	2.57485E+6
5.49000E+1	2.93513E+4	6.84755E+4	3.76331E+6	1.28661E+6	8.00514E+4	2.76179E+6
5.50000E+1	2.95025E+4	6.84838E+4	4.12511E+6	1.30183E+6	8.01360E+4	2.81226E+6
5.51000E+1	2.96637E+4	6.83869E+4	3.65807E+6	1.28748E+6	7.99658E+4	2.68127E+6
5.52000E+1	2.95857E+4	6.85881E+4	3.63276E+6	1.27817E+6	8.00096E+4	2.59389E+6
5.53000E+1	2.95879E+4	6.86339E+4	3.84732E+6	1.31525E+6	8.01957E+4	2.63857E+6
5.54000E+1	2.95570E+4	6.87090E+4	3.80806E+6	1.29722E+6	7.99971E+4	2.74578E+6
5.55000E+1	2.95489E+4	6.86247E+4	3.80021E+6	1.31299E+6	7.99668E+4	2.79894E+6
5.56000E+1	2.95035E+4	6.83421E+4	3.54167E+6	1.28222E+6	7.97522E+4	2.61557E+6
5.57000E+1	2.97016E+4	6.84143E+4	3.73231E+6	1.29690E+6	8.00493E+4	2.74813E+6
5.58000E+1	2.97580E+4	6.85991E+4	3.68557E+6	1.30691E+6	8.00065E+4	2.66590E+6
5.59000E+1	2.96805E+4	6.82609E+4	3.83332E+6	1.29634E+6	7.98271E+4	2.66196E+6
5.60000E+1	2.96371E+4	6.83650E+4	3.62694E+6	1.28971E+6	7.98626E+4	2.64099E+6
5.61000E+1	2.95138E+4	6.85872E+4	3.75181E+6	1.29227E+6	7.98303E+4	2.61035E+6
5.62000E+1	2.95890E+4	6.88247E+4	3.98875E+6	1.32023E+6	8.00013E+4	2.78359E+6
5.63000E+1	2.96258E+4	6.85277E+4	3.75228E+6	1.28155E+6	7.97751E+4	2.72249E+6
5.64000E+1	2.96761E+4	6.87118E+4	3.74465E+6	1.31357E+6	7.95162E+4	2.72557E+6
5.65000E+1	2.93271E+4	6.83476E+4	3.53230E+6	1.27591E+6	7.95182E+4	2.66566E+6
5.66000E+1	2.98535E+4	6.88559E+4	3.74751E+6	1.30481E+6	7.96471E+4	2.71430E+6
5.67000E+1	2.96187E+4	6.84317E+4	3.56100E+6	1.29102E+6	7.97626E+4	2.74500E+6
5.68000E+1	2.96139E+4	6.86760E+4	3.73942E+6	1.29121E+6	7.95286E+4	2.78439E+6
5.69000E+1	2.96572E+4	6.88651E+4	3.86852E+6	1.31081E+6	7.98365E+4	2.79812E+6
5.70000E+1	2.95143E+4	6.82992E+4	3.56273E+6	1.27269E+6	7.96419E+4	2.73357E+6
5.71000E+1	2.95543E+4	6.85268E+4	3.76476E+6	1.28500E+6	7.95494E+4	2.71890E+6
5.72000E+1	2.97542E+4	6.85835E+4	3.74037E+6	1.29684E+6	7.98053E+4	2.78922E+6
5.73000E+1	2.95333E+4	6.83348E+4	3.55669E+6	1.24119E+6	7.95369E+4	2.66221E+6
5.74000E+1	2.94927E+4	6.83248E+4	3.64492E+6	1.29508E+6	7.96658E+4	2.79623E+6
5.75000E+1	2.96599E+4	6.89708E+4	3.90436E+6	1.30462E+6	7.96970E+4	2.75547E+6
5.76000E+1	2.95235E+4	6.87879E+4	3.82189E+6	1.29722E+6	7.94923E+4	2.75206E+6
5.77000E+1	2.96052E+4	6.86605E+4	3.74751E+6	1.27403E+6	7.96398E+4	2.74735E+6
5.78000E+1	2.95879E+4	6.85332E+4	3.47787E+6	1.26304E+6	7.94664E+4	2.63230E+6
5.79000E+1	2.96480E+4	6.88283E+4	3.42625E+6	1.25466E+6	7.94487E+4	2.76522E+6
5.80000E+1	2.95684E+4	6.84902E+4	3.71582E+6	1.27750E+6	7.92736E+4	2.78385E+6
5.81000E+1	2.94053E+4	6.86825E+4	3.52593E+6	1.28847E+6	7.98719E+4	2.72326E+6
5.82000E+1	2.95576E+4	6.89929E+4	3.68280E+6	1.27536E+6	7.94000E+4	2.80083E+6
5.83000E+1	2.95662E+4	6.88449E+4	3.89971E+6	1.25383E+6	7.94383E+4	2.75810E+6
5.84000E+1	2.96036E+4	6.91918E+4	3.79727E+6	1.29183E+6	7.96700E+4	2.83041E+6
5.85000E+1	2.93950E+4	6.85249E+4	3.57443E+6	1.25165E+6	7.93378E+4	2.63351E+6
5.86000E+1	2.94312E+4	6.88917E+4	3.69297E+6	1.29052E+6	7.97053E+4	2.74135E+6
5.87000E+1	2.96474E+4	6.88871E+4	3.84181E+6	1.27245E+6	7.95380E+4	2.79921E+6
5.88000E+1	2.94495E+4	6.84134E+4	3.40000E+6	1.24731E+6	7.95411E+4	2.77211E+6
5.89000E+1	2.94117E+4	6.93663E+4	3.76091E+6	1.25697E+6	7.97470E+4	2.89257E+6
5.90000E+1	2.94495E+4	6.87430E+4	3.69204E+6	1.26406E+6	7.95619E+4	2.79299E+6
5.91000E+1	2.94641E+4	6.87898E+4	3.45818E+6	1.23491E+6	7.91111E+4	2.66098E+6
5.92000E+1	2.95079E+4	6.87274E+4	3.53315E+6	1.26460E+6	7.96284E+4	2.84013E+6
5.93000E+1	2.94787E+4	6.87742E+4	3.71441E+6	1.25383E+6	7.95390E+4	2.83179E+6
5.94000E+1	2.94474E+4	6.91752E+4	3.64628E+6	1.24649E+6	7.95619E+4	2.86342E+6
5.95000E+1	2.95700E+4	6.88642E+4	3.58097E+6	1.26526E+6	7.96201E+4	2.85412E+6
5.96000E+1	2.93853E+4	6.85588E+4	3.66628E+6	1.21857E+6	7.90987E+4	2.64681E+6
5.97000E+1	2.95792E+4	6.86220E+4	3.54253E+6	1.23502E+6	7.97189E+4	2.88738E+6
5.98000E+1	2.94139E+4	6.90794E+4	3.94928E+6	1.26137E+6	7.99282E+4	2.94332E+6
5.99000E+1	2.93136E+4	6.89552E+4	3.65353E+6	1.22071E+6	7.92622E+4	2.60186E+6
6.00000E+1	2.94398E+4	6.90269E+4	3.65671E+6	1.23010E+6	7.96315E+4	2.82379E+6
6.01000E+1	2.96144E+4	6.91688E+4	3.67131E+6	1.25916E+6	7.97584E+4	2.82379E+6
6.02000E+1	2.93276E+4	6.89441E+4	3.53996E+6	1.23301E+6	7.92642E+4	2.60941E+6
6.03000E+1	2.92888E+4	6.87916E+4	3.70739E+6	1.25815E+6	7.97553E+4	2.73538E+6
6.04000E+1	2.97211E+4	6.89450E+4	3.50028E+6	1.24602E+6	7.96388E+4	2.74630E+6
6.05000E+1	2.93691E+4	6.93783E+4	3.71488E+6	1.24247E+6	7.97397E+4	2.78118E+6
6.06000E+1	2.94873E+4	6.87457E+4	3.56576E+6	1.23370E+6	7.95234E+4	2.81090E+6
6.07000E+1	2.91651E+4	6.87834E+4	3.44437E+6	1.20483E+6	7.93450E+4	2.69027E+6
6.08000E+1	2.94209E+4	6.92703E+4	3.75947E+6	1.25235E+6	7.96533E+4	2.76681E+6
6.09000E+1	2.95716E+4	6.89588E+4	3.63007E+6	1.24108E+6	7.98261E+4	2.76601E+6
6.10000E+1	2.97065E+4	6.90416E+4	3.50907E+6	1.22527E+6	7.95317E+4	2.68801E+6
6.11000E+1	2.91479E+4	6.89984E+4	3.57923E+6	1.23405E+6	7.94518E+4	2.80518E+6
6.12000E+1	2.93287E+4	6.90067E+4	3.54766E+6	1.21389E+6	7.95660E+4	2.70819E+6
6.13000E+1	2.95035E+4	6.92573E+4	3.63186E+6	1.24096E+6	7.96471E+4	2.78868E+6
6.14000E+1	2.93481E+4	6.89487E+4	3.48282E+6	1.22947E+6	7.92777E+4	2.80300E+6
6.15000E+1	2.92291E+4	6.90085E+4	3.61400E+6	1.20918E+6	7.94560E+4	2.80545E+6
6.16000E+1	2.93885E+4	6.92943E+4	3.69529E+6	1.25697E+6	7.95546E+4	2.86654E+6
6.17000E+1	2.92662E+4	6.90242E+4	3.52763E+6	1.21283E+6	7.95982E+4	2.75836E+6
6.18000E+1	2.94090E+4	6.91780E+4	3.39646E+6	1.23946E+6	7.94404E+4	2.73720E+6
6.19000E+1	2.93325E+4	6.91485E+4	3.54895E+6	1.25000E+6	7.93637E+4	2.70921E+6
6.20000E+1	2.93120E+4	6.89680E+4	3.65716E+6	1.19525E+6	7.94280E+4	2.73512E+6
6.21000E+1	2.95176E+4	6.91872E+4	3.78361E+6	1.23244E+6	7.96460E+4	2.81884E+6
6.22000E+1	2.93460E+4	6.93377E+4	3.64990E+6	1.22099E+6	7.98209E+4	2.76179E+6
6.23000E+1	2.94884E+4	6.93802E+4	3.64537E+6	1.24410E+6	7.94985E+4	2.76258E+6
6.24000E+1	2.91710E+4	6.91172E+4	3.84732E+6	1.21880E+6	7.95629E+4	2.90067E+6
6.25000E+1	2.92442E+4	6.94098E+4	3.68927E+6	1.23382E+6	7.93906E+4	2.72070E+6
6.26000E+1	2.94441E+4	6.95199E+4	3.73799E+6	1.26839E+6	7.95930E+4	2.80599E+6
6.27000E+1	2.94414E+4	6.89009E+4	3.48531E+6	1.19806E+6	7.93637E+4	2.77451E+6
6.28000E+1	2.93125E+4	6.92001E+4	3.58097E+6	1.21311E+6	7.92497E+4	2.68326E+6
6.29000E+1	2.94474E+4	6.92952E+4	3.91316E+6	1.24125E+6	7.96232E+4	2.84068E+6
6.30000E+1	2.93357E+4	6.94468E+4	3.84081E+6	1.22675E+6	7.97928E+4	2.82213E+6
6.31000E+1	2.94646E+4	6.92666E+4	3.56143E+6	1.19503E+6	7.93409E+4	2.71737E+6
6.32000E+1	2.96139E+4	6.94172E+4	3.91679E+6	1.27482E+6	8.00274E+4	2.97133E+6
6.33000E+1	2.95338E+4	6.96765E+4	3.62649E+6	1.23256E+6	7.93979E+4	2.78011E+6
6.34000E+1	2.95262E+4	6.92675E+4	3.83931E+6	1.23056E+6	7.94269E+4	2.83346E+6
6.35000E+1	2.93675E+4	6.95180E+4	3.63906E+6	1.22845E+6	7.93585E+4	2.79030E+6
6.36000E+1	2.94511E+4	6.95773E+4	3.55927E+6	1.23124E+6	7.93336E+4	2.76311E+6
6.37000E+1	2.95744E+4	6.96208E+4	3.78897E+6	1.22301E+6	7.95286E+4	2.81939E+6
6.38000E+1	2.95949E+4	6.93746E+4	3.52890E+6	1.24172E+6	7.94809E+4	2.88250E+6
6.39000E+1	2.95165E+4	6.96913E+4	3.87615E+6	1.22471E+6	7.95774E+4	2.82599E+6
6.40000E+1	2.95982E+4	6.98575E+4	3.63366E+6	1.23686E+6	7.95266E+4	2.67928E+6
6.41000E+1	2.96079E+4	6.93386E+4	3.70599E+6	1.21400E+6	7.94176E+4	2.80273E+6
6.42000E+1	2.94171E+4	6.91725E+4	3.54766E+6	1.21039E+6	7.92736E+4	2.74265E+6
6.43000E+1	2.94090E+4	6.95356E+4	3.61667E+6	1.23296E+6	7.93948E+4	2.83846E+6
6.44000E+1	2.95927E+4	6.97024E+4	3.74037E+6	1.23073E+6	7.94684E+4	2.79758E+6
6.45000E+1	2.95008E+4	6.96347E+4	3.73562E+6	1.23669E+6	7.93544E+4	2.86540E+6
6.46000E+1	2.94760E+4	6.93543E+4	3.60469E+6	1.22601E+6	7.91763E+4	2.75022E+6
6.47000E+1	2.97992E+4	6.95958E+4	3.82685E+6	1.24032E+6	7.93222E+4	2.68027E+6
6.48000E+1	2.96593E+4	6.95875E+4	3.73468E+6	1.26065E+6	7.91959E+4	2.71277E+6
6.49000E+1	2.99242E+4	6.96681E+4	3.78410E+6	1.22743E+6	7.93668E+4	2.89922E+6
6.50000E+1	2.96431E+4	6.95625E+4	3.63007E+6	1.22697E+6	7.92705E+4	2.79245E+6
6.51000E+1	2.95603E+4	6.93340E+4	3.70459E+6	1.22635E+6	7.94052E+4	2.83096E+6
6.52000E+1	2.95781E+4	6.97052E+4	3.78119E+6	1.22431E+6	7.94052E+4	2.81281E+6
6.53000E+1	2.96166E+4	6.98064E+4	3.52424E+6	1.20505E+6	7.92032E+4	2.65290E+6
6.54000E+1	2.98046E+4	6.96403E+4	3.90023E+6	1.23147E+6	7.92591E+4	2.81500E+6
6.55000E+1	2.96604E+4	6.96310E+4	3.55712E+6	1.21167E+6	7.95255E+4	2.83152E+6
6.56000E+1	2.97818E+4	6.96162E+4	3.81496E+6	1.22879E+6	7.92052E+4	2.80273E+6
6.57000E+1	2.95424E+4	6.97256E+4	3.76813E+6	1.23267E+6	7.91566E+4	2.77877E+6
6.58000E+1	2.96604E+4	6.96570E+4	3.60691E+6	1.23393E+6	7.92135E+4	2.80817E+6
6.59000E+1	2.95911E+4	6.97479E+4	3.65035E+6	1.22539E+6	7.89408E+4	2.73461E+6
6.60000E+1	2.95727E+4	6.96728E+4	3.72099E+6	1.23027E+6	7.89006E+4	2.69907E+6
6.61000E+1	2.99726E+4	6.99505E+4	3.74846E+6	1.22999E+6	7.93222E+4	2.87992E+6
6.62000E+1	2.97737E+4	6.98036E+4	3.69019E+6	1.20604E+6	7.94975E+4	2.77371E+6
6.63000E+1	2.97216E+4	6.98231E+4	3.72287E+6	1.24410E+6	7.95349E+4	2.75494E+6
6.64000E+1	2.98780E+4	6.99691E+4	3.52805E+6	1.20879E+6	7.95567E+4	2.92494E+6
6.65000E+1	2.99329E+4	6.99087E+4	3.87004E+6	1.24731E+6	7.91349E+4	2.80654E+6
6.66000E+1	2.99323E+4	6.97628E+4	3.89560E+6	1.24983E+6	7.91463E+4	2.66049E+6
6.67000E+1	2.98068E+4	6.97786E+4	3.69251E+6	1.22942E+6	7.92042E+4	2.85609E+6
6.68000E+1	2.99753E+4	6.97795E+4	3.84632E+6	1.21500E+6	7.91773E+4	2.72070E+6
6.69000E+1	2.99476E+4	6.97693E+4	3.68465E+6	1.19072E+6	7.90760E+4	2.75520E+6
6.70000E+1	2.98997E+4	6.99077E+4	3.83083E+6	1.22748E+6	7.95162E+4	2.92435E+6
6.71000E+1	2.99541E+4	7.00287E+4	3.79433E+6	1.23445E+6	7.91639E+4	2.71456E+6
6.72000E+1	2.99296E+4	6.99245E+4	3.94823E+6	1.23347E+6	7.94062E+4	2.82048E+6
6.73000E+1	2.97005E+4	7.00064E+4	3.86447E+6	1.21339E+6	7.93512E+4	2.83568E+6
6.74000E+1	2.99829E+4	7.01173E+4	3.91731E+6	1.19757E+6	7.93398E+4	2.86116E+6
6.75000E+1	3.00526E+4	6.99375E+4	3.94085E+6	1.21942E+6	7.96325E+4	2.71634E+6
6.76000E+1	3.02972E+4	7.02909E+4	3.88687E+6	1.19719E+6	7.97147E+4	2.84040E+6
6.77000E+1	3.00134E+4	6.99031E+4	3.89251E+6	1.19244E+6	7.93989E+4	2.70439E+6
6.78000E+1	3.01241E+4	7.02470E+4	3.97426E+6	1.20851E+6	7.93834E+4	2.78064E+6
6.79000E+1	3.01481E+4	6.98659E+4	3.93402E+6	1.23124E+6	7.93409E+4	2.88136E+6
6.80000E+1	3.03229E+4	7.00287E+4	3.66217E+6	1.21662E+6	7.89428E+4	2.76416E+6
6.81000E+1	3.03711E+4	7.02199E+4	3.73373E+6	1.23210E+6	7.90791E+4	2.91231E+6
6.82000E+1	3.01333E+4	7.02442E+4	3.81595E+6	1.19303E+6	7.92404E+4	2.76575E+6
6.83000E+1	3.04456E+4	6.98157E+4	3.89457E+6	1.21117E+6	7.93295E+4	2.82820E+6
6.84000E+1	3.03251E+4	7.00613E+4	3.71629E+6	1.19996E+6	7.90161E+4	2.75783E+6
6.85000E+1	3.00102E+4	7.01928E+4	3.90694E+6	1.22982E+6	7.91432E+4	2.86796E+6
6.86000E+1	3.03224E+4	7.00893E+4	3.96892E+6	1.22891E+6	7.92104E+4	2.82048E+6
6.87000E+1	3.03098E+4	7.01835E+4	3.86396E+6	1.24649E+6	7.90058E+4	2.91378E+6
6.88000E+1	3.02852E+4	7.03338E+4	3.82536E+6	1.20598E+6	7.89759E+4	2.86994E+6
6.89000E+1	3.03027E+4	7.02124E+4	3.86194E+6	1.23629E+6	7.91204E+4	2.98384E+6
6.90000E+1	3.03930E+4	7.04133E+4	3.91628E+6	1.28284E+6	7.90729E+4	2.86088E+6
6.91000E+1	3.03498E+4	7.01499E+4	3.86649E+6	1.22822E+6	7.91463E+4	2.94005E+6
6.92000E+1	3.05532E+4	7.03348E+4	3.82735E+6	1.23342E+6	7.89397E+4	2.84626E+6
6.93000E+1	3.05345E+4	7.05500E+4	4.10907E+6	1.26346E+6	7.92653E+4	2.82076E+6
6.94000E+1	3.05449E+4	7.06035E+4	4.21618E+6	1.24416E+6	7.92290E+4	2.95471E+6
6.95000E+1	3.06015E+4	7.01965E+4	3.67590E+6	1.22127E+6	7.88439E+4	2.74970E+6
6.96000E+1	3.05065E+4	7.07330E+4	4.02900E+6	1.26346E+6	7.91298E+4	2.95320E+6
6.97000E+1	3.05817E+4	7.04920E+4	3.88585E+6	1.25875E+6	7.88737E+4	2.84962E+6
6.98000E+1	3.06581E+4	7.04976E+4	4.08693E+6	1.27866E+6	7.92798E+4	2.86994E+6
6.99000E+1	3.05900E+4	7.05744E+4	3.95935E+6	1.23296E+6	7.89645E+4	2.82820E+6
7.00000E+1	3.08349E+4	7.05641E+4	4.07342E+6	1.23888E+6	7.92342E+4	2.81966E+6
7.01000E+1	3.07792E+4	7.03095E+4	3.94717E+6	1.24009E+6	7.91484E+4	2.84599E+6
7.02000E+1	3.07197E+4	7.07461E+4	3.96041E+6	1.27020E+6	7.86637E+4	2.99831E+6
7.03000E+1	3.06642E+4	7.07837E+4	4.05832E+6	1.26257E+6	7.89532E+4	2.86938E+6
7.04000E+1	3.06598E+4	7.04882E+4	3.91005E+6	1.25283E+6	7.87707E+4	2.77797E+6
7.05000E+1	3.07610E+4	7.04274E+4	3.96519E+6	1.26268E+6	7.86524E+4	2.85159E+6
7.06000E+1	3.07275E+4	7.07255E+4	3.94717E+6	1.27020E+6	7.90089E+4	2.86342E+6
7.07000E+1	3.08117E+4	7.06128E+4	3.90643E+6	1.24410E+6	7.90306E+4	2.87051E+6
7.08000E+1	3.08007E+4	7.04901E+4	3.82685E+6	1.23159E+6	7.89057E+4	2.74604E+6
7.09000E+1	3.07781E+4	7.07010E+4	3.96253E+6	1.28241E+6	7.89428E+4	2.85552E+6
7.10000E+1	3.08658E+4	7.10284E+4	3.98875E+6	1.27317E+6	7.89501E+4	2.89632E+6
7.11000E+1	3.07252E+4	7.09765E+4	3.98391E+6	1.24346E+6	7.88944E+4	2.77531E+6
7.12000E+1	3.08327E+4	7.08692E+4	4.15990E+6	1.24503E+6	7.90905E+4	2.96013E+6
7.13000E+1	3.09320E+4	7.06213E+4	3.82934E+6	1.23606E+6	7.90843E+4	2.88451E+6
7.14000E+1	3.09144E+4	7.05725E+4	3.84833E+6	1.26996E+6	7.92156E+4	2.79840E+6
7.15000E+1	3.08768E+4	7.06813E+4	3.86801E+6	1.24021E+6	7.88624E+4	2.78815E+6
7.16000E+1	3.07550E+4	7.08608E+4	4.23910E+6	1.25625E+6	7.90368E+4	2.88911E+6
7.17000E+1	3.09166E+4	7.08034E+4	3.93875E+6	1.26869E+6	7.87584E+4	2.84794E+6
7.18000E+1	3.08647E+4	7.09106E+4	4.23305E+6	1.24883E+6	7.86144E+4	2.86739E+6
7.19000E+1	3.09989E+4	7.06982E+4	3.91783E+6	1.26042E+6	7.85558E+4	2.88824E+6
7.20000E+1	3.10608E+4	7.10123E+4	4.04333E+6	1.25501E+6	7.89026E+4	2.89228E+6
7.21000E+1	3.09735E+4	7.08796E+4	3.87513E+6	1.25206E+6	7.87666E+4	2.83762E+6
7.22000E+1	3.12570E+4	7.08373E+4	4.16810E+6	1.27214E+6	7.88459E+4	2.98660E+6
7.23000E+1	3.09779E+4	7.09295E+4	3.76861E+6	1.23761E+6	7.86534E+4	2.82958E+6
7.24000E+1	3.09829E+4	7.08316E+4	3.98499E+6	1.28420E+6	7.86113E+4	2.96133E+6
7.25000E+1	3.09939E+4	7.07377E+4	4.28818E+6	1.27451E+6	7.86370E+4	2.75468E+6
7.26000E+1	3.09884E+4	7.09285E+4	4.07960E+6	1.28155E+6	7.88026E+4	2.82792E+6
7.27000E+1	3.11467E+4	7.09229E+4	4.13896E+6	1.27726E+6	7.87419E+4	2.87364E+6
7.28000E+1	3.08785E+4	7.08692E+4	3.91628E+6	1.28717E+6	7.86370E+4	2.89748E+6
7.29000E+1	3.09967E+4	7.08420E+4	3.90178E+6	1.25708E+6	7.85753E+4	2.90125E+6
7.30000E+1	3.08570E+4	7.10161E+4	4.18046E+6	1.27689E+6	7.89975E+4	2.78225E+6
7.31000E+1	3.11827E+4	7.09445E+4	4.02407E+6	1.28636E+6	7.86956E+4	2.92641E+6
7.32000E+1	3.11073E+4	7.10877E+4	3.95775E+6	1.27726E+6	7.88109E+4	2.94512E+6
7.33000E+1	3.08228E+4	7.09304E+4	3.91940E+6	1.26960E+6	7.84973E+4	2.70743E+6
7.34000E+1	3.09061E+4	7.08439E+4	3.91628E+6	1.28161E+6	7.86370E+4	2.94094E+6
7.35000E+1	3.11434E+4	7.11217E+4	3.97480E+6	1.27409E+6	7.86534E+4	2.79191E+6
7.36000E+1	3.09790E+4	7.07837E+4	4.09996E+6	1.29408E+6	7.83332E+4	2.85019E+6
7.37000E+1	3.12704E+4	7.12095E+4	4.46166E+6	1.27787E+6	7.82451E+4	2.82599E+6
7.38000E+1	3.09718E+4	7.09888E+4	3.99739E+6	1.27324E+6	7.85548E+4	2.80545E+6
7.39000E+1	3.09519E+4	7.15188E+4	4.11135E+6	1.27811E+6	7.85794E+4	3.04381E+6
7.40000E+1	3.09608E+4	7.13560E+4	3.93770E+6	1.27190E+6	7.83025E+4	2.88422E+6
7.41000E+1	3.11334E+4	7.10557E+4	3.99415E+6	1.26948E+6	7.86791E+4	2.82048E+6
7.42000E+1	3.12615E+4	7.14629E+4	3.87716E+6	1.28383E+6	7.84696E+4	2.79299E+6
7.43000E+1	3.11107E+4	7.12955E+4	4.32194E+6	1.28903E+6	7.83855E+4	2.90183E+6
7.44000E+1	3.12276E+4	7.09266E+4	4.19112E+6	1.32310E+6	7.82564E+4	2.77531E+6
7.45000E+1	3.11229E+4	7.12265E+4	4.44562E+6	1.26689E+6	7.84019E+4	2.91700E+6
7.46000E+1	3.10537E+4	7.12444E+4	4.10793E+6	1.29590E+6	7.85907E+4	2.92287E+6
7.47000E+1	3.11655E+4	7.09831E+4	4.17222E+6	1.28475E+6	7.84747E+4	2.96648E+6
7.48000E+1	3.10675E+4	7.10284E+4	4.20361E+6	1.28785E+6	7.86483E+4	2.91729E+6
7.49000E+1	3.12348E+4	7.13352E+4	4.18105E+6	1.26556E+6	7.82902E+4	2.90502E+6
7.50000E+1	3.12654E+4	7.14648E+4	3.98177E+6	1.26394E+6	7.84419E+4	2.79380E+6
7.51000E+1	3.10935E+4	7.13342E+4	4.00824E+6	1.31370E+6	7.83742E+4	2.82461E+6
7.52000E+1	3.11644E+4	7.11934E+4	3.85436E+6	1.26089E+6	7.80059E+4	2.83790E+6
7.53000E+1	3.12027E+4	7.13882E+4	4.17457E+6	1.26677E+6	7.85722E+4	2.96224E+6
7.54000E+1	3.13203E+4	7.11963E+4	4.01969E+6	1.32212E+6	7.81950E+4	2.91612E+6
7.55000E+1	3.11306E+4	7.13872E+4	4.06446E+6	1.29015E+6	7.84511E+4	2.94871E+6
7.56000E+1	3.12792E+4	7.13380E+4	4.43831E+6	1.32735E+6	7.83855E+4	2.91495E+6
7.57000E+1	3.11445E+4	7.14449E+4	3.97052E+6	1.29665E+6	7.82472E+4	2.74918E+6
7.58000E+1	3.13042E+4	7.16175E+4	4.25127E+6	1.27946E+6	7.82820E+4	2.84962E+6
7.59000E+1	3.13076E+4	7.13286E+4	4.16634E+6	1.32180E+6	7.85106E+4	2.87051E+6
7.60000E+1	3.13276E+4	7.17143E+4	3.97480E+6	1.30328E+6	7.85045E+4	2.97042E+6
7.61000E+1	3.12509E+4	7.13361E+4	4.04998E+6	1.26113E+6	7.84819E+4	2.77877E+6
7.62000E+1	3.14043E+4	7.15691E+4	3.91940E+6	1.30170E+6	7.83281E+4	2.86938E+6
7.63000E+1	3.11982E+4	7.17970E+4	3.97052E+6	1.27457E+6	7.82605E+4	2.82076E+6
7.64000E+1	3.15335E+4	7.13635E+4	4.09655E+6	1.29791E+6	7.82216E+4	2.80273E+6
7.65000E+1	3.14844E+4	7.14431E+4	4.20003E+6	1.28537E+6	7.83199E+4	3.02105E+6
7.66000E+1	3.14093E+4	7.14724E+4	4.09485E+6	1.28791E+6	7.82513E+4	2.85778E+6
7.67000E+1	3.14316E+4	7.14790E+4	4.03010E+6	1.31551E+6	7.83742E+4	2.89690E+6
7.68000E+1	3.13993E+4	7.15615E+4	4.09485E+6	1.28192E+6	7.83537E+4	2.84962E+6
7.69000E+1	3.15742E+4	7.14942E+4	3.96999E+6	1.29364E+6	7.82861E+4	2.96103E+6
7.70000E+1	3.14065E+4	7.14819E+4	3.93770E+6	1.28853E+6	7.82472E+4	2.82186E+6
7.71000E+1	3.14828E+4	7.14772E+4	4.24518E+6	1.30927E+6	7.83393E+4	2.85524E+6
7.72000E+1	3.15664E+4	7.12888E+4	3.89817E+6	1.29590E+6	7.79753E+4	2.74343E+6
7.73000E+1	3.16423E+4	7.19502E+4	4.04057E+6	1.27117E+6	7.83301E+4	2.88422E+6
7.74000E+1	3.16568E+4	7.16982E+4	4.05721E+6	1.29496E+6	7.83547E+4	2.82489E+6
7.75000E+1	3.18004E+4	7.15198E+4	3.93297E+6	1.30322E+6	7.82359E+4	2.77770E+6
7.76000E+1	3.18027E+4	7.15435E+4	4.14766E+6	1.26514E+6	7.83363E+4	2.90328E+6
7.77000E+1	3.17792E+4	7.19216E+4	4.14128E+6	1.29364E+6	7.84090E+4	2.98998E+6
7.78000E+1	3.16758E+4	7.18122E+4	3.97213E+6	1.27885E+6	7.80284E+4	2.82958E+6
7.79000E+1	3.17188E+4	7.17466E+4	3.94085E+6	1.29352E+6	7.82472E+4	2.82875E+6
7.80000E+1	3.17551E+4	7.20818E+4	4.23910E+6	1.32056E+6	7.83229E+4	2.96920E+6
7.81000E+1	3.19007E+4	7.18902E+4	4.18401E+6	1.28673E+6	7.82349E+4	2.75941E+6
7.82000E+1	3.21011E+4	7.17865E+4	4.26105E+6	1.30927E+6	7.81970E+4	2.78385E+6
7.83000E+1	3.19955E+4	7.18274E+4	3.98445E+6	1.28266E+6	7.81551E+4	2.81993E+6
7.84000E+1	3.18844E+4	7.17542E+4	3.92356E+6	1.28661E+6	7.80631E+4	2.82461E+6
7.85000E+1	3.20185E+4	7.18836E+4	3.83432E+6	1.28959E+6	7.82206E+4	2.87507E+6
7.86000E+1	3.20870E+4	7.19026E+4	4.22038E+6	1.29854E+6	7.85907E+4	2.96254E+6
7.87000E+1	3.20752E+4	7.20799E+4	4.11593E+6	1.32532E+6	7.81684E+4	2.90096E+6
7.88000E+1	3.16339E+4	7.20455E+4	4.05721E+6	1.29052E+6	7.83076E+4	2.83818E+6
7.89000E+1	3.21360E+4	7.18036E+4	4.34728E+6	1.30659E+6	7.80631E+4	2.84794E+6
7.90000E+1	3.22215E+4	7.24316E+4	4.19171E+6	1.28673E+6	7.79957E+4	2.94691E+6
7.91000E+1	3.22260E+4	7.21171E+4	4.29750E+6	1.32755E+6	7.83035E+4	2.89864E+6
7.92000E+1	3.24139E+4	7.21428E+4	4.38649E+6	1.32075E+6	7.81193E+4	2.96829E+6
7.93000E+1	3.23512E+4	7.19588E+4	4.11994E+6	1.32486E+6	7.82308E+4	2.81966E+6
7.94000E+1	3.23066E+4	7.18465E+4	4.09769E+6	1.28401E+6	7.82339E+4	2.90038E+6
7.95000E+1	3.26521E+4	7.21381E+4	4.04555E+6	1.32441E+6	7.80600E+4	2.93588E+6
7.96000E+1	3.24043E+4	7.19883E+4	4.12684E+6	1.29490E+6	7.85414E+4	2.85524E+6
7.97000E+1	3.25626E+4	7.22001E+4	4.22580E+6	1.34955E+6	7.84142E+4	2.86569E+6
7.98000E+1	3.25813E+4	7.19331E+4	3.87055E+6	1.31107E+6	7.79794E+4	2.90328E+6
7.99000E+1	3.25100E+4	7.21457E+4	4.26719E+6	1.33355E+6	7.80304E+4	2.85919E+6
8.00000E+1	3.26136E+4	7.22929E+4	4.14012E+6	1.32493E+6	7.78529E+4	2.89459E+6
8.01000E+1	3.28400E+4	7.23742E+4	4.53177E+6	1.33018E+6	7.83414E+4	2.88107E+6
8.02000E+1	3.28701E+4	7.24805E+4	4.18815E+6	1.31887E+6	7.82369E+4	2.90038E+6
8.03000E+1	3.29920E+4	7.23742E+4	4.16928E+6	1.34415E+6	7.85763E+4	2.95410E+6
8.04000E+1	3.27593E+4	7.25898E+4	4.38844E+6	1.30934E+6	7.79712E+4	2.80409E+6
8.05000E+1	3.29504E+4	7.22594E+4	3.96786E+6	1.32238E+6	7.80692E+4	2.84124E+6
8.06000E+1	3.29464E+4	7.25419E+4	4.45229E+6	1.30443E+6	7.80284E+4	3.05371E+6
8.07000E+1	3.30136E+4	7.25630E+4	4.33965E+6	1.31855E+6	7.78703E+4	2.97194E+6
8.08000E+1	3.30353E+4	7.28628E+4	4.40407E+6	1.35009E+6	7.79763E+4	2.98170E+6
8.09000E+1	3.31243E+4	7.23321E+4	4.31627E+6	1.35267E+6	7.81939E+4	2.89951E+6
8.10000E+1	3.30667E+4	7.24249E+4	4.11822E+6	1.35376E+6	7.81622E+4	2.95110E+6
8.11000E+1	3.31454E+4	7.25486E+4	4.15348E+6	1.30863E+6	7.76992E+4	2.87507E+6
8.12000E+1	3.31809E+4	7.22823E+4	4.37356E+6	1.31415E+6	7.78519E+4	2.84990E+6
8.13000E+1	3.30747E+4	7.26465E+4	4.40865E+6	1.31023E+6	7.78876E+4	2.90531E+6
8.14000E+1	3.31511E+4	7.22651E+4	4.05442E+6	1.31809E+6	7.80651E+4	2.83957E+6
8.15000E+1	3.34087E+4	7.25102E+4	4.25799E+6	1.33787E+6	7.78468E+4	2.93648E+6
8.16000E+1	3.31192E+4	7.24039E+4	4.16459E+6	1.36799E+6	7.78387E+4	2.89141E+6
8.17000E+1	3.35005E+4	7.27858E+4	4.47106E+6	1.37518E+6	7.80437E+4	2.95561E+6
8.18000E+1	3.35091E+4	7.26695E+4	4.40211E+6	1.30870E+6	7.78427E+4	2.91085E+6
8.19000E+1	3.33886E+4	7.23732E+4	4.37872E+6	1.32349E+6	7.77877E+4	3.06497E+6
8.20000E+1	3.34540E+4	7.26532E+4	4.19290E+6	1.31344E+6	7.78957E+4	2.98078E+6
8.21000E+1	3.33542E+4	7.26570E+4	4.10793E+6	1.33342E+6	7.79845E+4	2.94930E+6
8.22000E+1	3.34494E+4	7.27224E+4	4.29377E+6	1.33203E+6	7.77806E+4	3.02797E+6
8.23000E+1	3.35441E+4	7.26561E+4	4.19765E+6	1.33600E+6	7.79437E+4	2.89314E+6
8.24000E+1	3.34890E+4	7.24843E+4	4.32698E+6	1.35909E+6	7.79345E+4	2.93529E+6
8.25000E+1	3.35953E+4	7.28570E+4	4.34792E+6	1.34033E+6	7.76788E+4	2.98262E+6
8.26000E+1	3.35464E+4	7.27349E+4	4.31816E+6	1.34779E+6	7.77572E+4	2.98906E+6
8.27000E+1	3.36839E+4	7.28012E+4	4.49202E+6	1.34161E+6	7.77592E+4	2.99368E+6
8.28000E+1	3.37657E+4	7.22776E+4	4.24457E+6	1.31965E+6	7.76768E+4	2.88307E+6
8.29000E+1	3.38193E+4	7.29235E+4	4.34983E+6	1.34348E+6	7.78927E+4	3.02293E+6
8.30000E+1	3.38188E+4	7.30826E+4	4.25371E+6	1.31512E+6	7.78132E+4	2.90939E+6
8.31000E+1	3.37784E+4	7.31029E+4	4.60122E+6	1.34080E+6	7.76992E+4	3.03650E+6
8.32000E+1	3.38470E+4	7.29755E+4	4.18105E+6	1.35138E+6	7.79365E+4	2.93114E+6
8.33000E+1	3.39631E+4	7.25534E+4	4.24457E+6	1.31719E+6	7.74635E+4	2.81939E+6
8.34000E+1	3.40424E+4	7.29678E+4	4.27828E+6	1.33614E+6	7.79151E+4	3.07760E+6
8.35000E+1	3.40870E+4	7.31569E+4	4.41981E+6	1.33223E+6	7.75975E+4	2.93886E+6
8.36000E+1	3.39915E+4	7.28590E+4	4.54355E+6	1.32056E+6	7.76717E+4	2.92759E+6
8.37000E+1	3.39048E+4	7.31936E+4	4.29626E+6	1.32238E+6	7.77134E+4	2.94362E+6
8.38000E+1	3.40713E+4	7.28436E+4	4.26965E+6	1.34355E+6	7.78764E+4	3.00544E+6
8.39000E+1	3.42755E+4	7.34627E+4	4.41915E+6	1.33554E+6	7.76717E+4	3.10087E+6
8.40000E+1	3.40974E+4	7.31965E+4	4.64723E+6	1.33124E+6	7.81254E+4	2.94154E+6
8.41000E+1	3.42848E+4	7.33484E+4	4.38066E+6	1.35984E+6	7.75609E+4	2.79030E+6
8.42000E+1	3.43121E+4	7.29110E+4	4.19884E+6	1.32821E+6	7.73448E+4	2.91905E+6
8.43000E+1	3.43197E+4	7.33048E+4	4.38779E+6	1.37105E+6	7.75193E+4	3.02011E+6
8.44000E+1	3.43191E+4	7.30893E+4	4.43169E+6	1.33190E+6	7.76677E+4	2.84990E+6
8.45000E+1	3.45333E+4	7.33010E+4	4.18164E+6	1.33993E+6	7.75010E+4	3.02828E+6
8.46000E+1	3.43988E+4	7.33319E+4	4.43235E+6	1.31344E+6	7.76168E+4	2.85721E+6
8.47000E+1	3.47003E+4	7.31714E+4	4.73222E+6	1.38272E+6	7.76656E+4	3.10782E+6
8.48000E+1	3.47494E+4	7.30237E+4	4.45229E+6	1.33773E+6	7.74584E+4	2.97925E+6
8.49000E+1	3.45788E+4	7.31048E+4	4.15406E+6	1.30812E+6	7.74939E+4	2.86626E+6
8.50000E+1	3.47629E+4	7.35723E+4	4.52418E+6	1.34436E+6	7.74746E+4	3.03745E+6
8.51000E+1	3.49504E+4	7.32478E+4	4.62987E+6	1.30767E+6	7.75477E+4	2.88911E+6
8.52000E+1	3.51131E+4	7.31956E+4	4.28508E+6	1.33740E+6	7.73925E+4	3.02325E+6
8.53000E+1	3.50390E+4	7.33610E+4	4.75566E+6	1.35492E+6	7.74483E+4	2.96043E+6
8.54000E+1	3.51278E+4	7.30112E+4	5.03266E+6	1.34074E+6	7.74097E+4	2.96315E+6
8.55000E+1	3.53788E+4	7.32758E+4	4.40276E+6	1.32512E+6	7.73590E+4	3.16793E+6
8.56000E+1	3.52049E+4	7.33532E+4	4.43831E+6	1.36342E+6	7.71889E+4	2.91056E+6
8.57000E+1	3.53228E+4	7.33348E+4	4.41586E+6	1.32959E+6	7.70464E+4	2.95892E+6
8.58000E+1	3.54261E+4	7.30864E+4	4.43765E+6	1.33920E+6	7.72820E+4	2.91231E+6
8.59000E+1	3.57994E+4	7.34850E+4	4.50907E+6	1.37280E+6	7.71485E+4	3.00233E+6
8.60000E+1	3.55680E+4	7.35694E+4	4.91978E+6	1.36487E+6	7.71707E+4	3.01135E+6
8.61000E+1	3.58368E+4	7.37686E+4	4.66692E+6	1.35943E+6	7.72183E+4	3.06432E+6
8.62000E+1	3.60529E+4	7.32894E+4	4.49542E+6	1.39586E+6	7.72112E+4	2.87935E+6
8.63000E+1	3.58951E+4	7.34996E+4	4.73523E+6	1.36959E+6	7.74128E+4	3.00824E+6
8.64000E+1	3.59385E+4	7.34608E+4	4.51181E+6	1.38151E+6	7.70828E+4	3.08837E+6
8.65000E+1	3.61466E+4	7.34443E+4	4.75566E+6	1.33554E+6	7.74077E+4	2.94362E+6
8.66000E+1	3.60780E+4	7.34540E+4	4.88591E+6	1.37567E+6	7.73378E+4	2.90735E+6
8.67000E+1	3.64759E+4	7.35209E+4	4.82734E+6	1.36820E+6	7.71637E+4	3.01917E+6
8.68000E+1	3.63098E+4	7.35306E+4	4.85250E+6	1.39948E+6	7.71141E+4	3.03777E+6
8.69000E+1	3.65996E+4	7.37287E+4	4.48727E+6	1.35902E+6	7.73611E+4	2.98814E+6
8.70000E+1	3.66579E+4	7.38582E+4	5.05311E+6	1.42332E+6	7.73215E+4	3.03460E+6
8.71000E+1	3.65467E+4	7.33552E+4	4.50907E+6	1.36039E+6	7.69435E+4	2.99831E+6
8.72000E+1	3.66152E+4	7.38406E+4	5.05654E+6	1.38435E+6	7.70677E+4	3.09757E+6
8.73000E+1	3.69945E+4	7.35122E+4	4.64941E+6	1.37518E+6	7.69203E+4	2.87108E+6
8.74000E+1	3.72543E+4	7.36957E+4	4.87313E+6	1.40939E+6	7.70959E+4	2.98844E+6
8.75000E+1	3.71482E+4	7.37161E+4	4.91978E+6	1.39897E+6	7.71050E+4	2.99831E+6
8.76000E+1	3.70913E+4	7.37628E+4	4.72621E+6	1.36716E+6	7.67742E+4	2.98078E+6
8.77000E+1	3.74239E+4	7.39429E+4	5.13128E+6	1.39875E+6	7.69233E+4	2.99060E+6
8.78000E+1	3.73929E+4	7.38319E+4	4.43433E+6	1.37518E+6	7.67511E+4	2.97620E+6
8.79000E+1	3.75640E+4	7.40619E+4	4.91248E+6	1.40420E+6	7.69566E+4	3.00855E+6
8.80000E+1	3.76695E+4	7.38104E+4	4.83832E+6	1.39005E+6	7.68105E+4	3.11712E+6
8.81000E+1	3.76103E+4	7.41049E+4	4.65014E+6	1.39760E+6	7.69143E+4	3.03397E+6
8.82000E+1	3.78340E+4	7.39868E+4	4.82578E+6	1.36709E+6	7.64928E+4	2.95200E+6
8.83000E+1	3.80405E+4	7.41156E+4	5.33842E+6	1.40991E+6	7.64015E+4	3.01604E+6
8.84000E+1	3.81911E+4	7.37210E+4	4.92059E+6	1.38783E+6	7.65620E+4	3.02011E+6
8.85000E+1	3.81308E+4	7.38991E+4	5.06598E+6	1.40267E+6	7.67873E+4	3.04700E+6
8.86000E+1	3.83241E+4	7.38737E+4	4.90117E+6	1.38144E+6	7.67289E+4	2.97712E+6
8.87000E+1	3.85507E+4	7.41342E+4	5.30904E+6	1.40413E+6	7.69284E+4	3.07663E+6
8.88000E+1	3.86677E+4	7.44013E+4	5.24662E+6	1.45452E+6	7.67078E+4	3.14097E+6
8.89000E+1	3.85297E+4	7.38572E+4	4.61335E+6	1.38343E+6	7.67299E+4	2.95561E+6
8.90000E+1	3.89931E+4	7.42603E+4	5.05825E+6	1.43538E+6	7.69032E+4	3.14368E+6
8.91000E+1	3.90093E+4	7.41303E+4	4.98474E+6	1.38321E+6	7.66012E+4	3.00513E+6
8.92000E+1	3.93901E+4	7.42916E+4	5.08323E+6	1.42078E+6	7.67078E+4	3.04349E+6
8.93000E+1	3.92319E+4	7.39819E+4	5.03521E+6	1.42317E+6	7.65420E+4	2.98783E+6
8.94000E+1	3.99494E+4	7.45288E+4	5.16410E+6	1.45678E+6	7.64697E+4	3.09362E+6
8.95000E+1	3.95655E+4	7.44689E+4	4.96565E+6	1.42917E+6	7.64045E+4	3.18488E+6
8.96000E+1	3.96359E+4	7.43748E+4	5.02250E+6	1.40035E+6	7.62052E+4	3.05853E+6
8.97000E+1	3.99223E+4	7.42231E+4	5.15252E+6	1.45103E+6	7.64436E+4	3.03524E+6
8.98000E+1	3.99784E+4	7.42622E+4	4.99810E+6	1.44079E+6	7.66334E+4	3.17552E+6
8.99000E+1	4.01883E+4	7.47292E+4	5.28371E+6	1.44347E+6	7.63965E+4	3.08380E+6
9.00000E+1	3.97528E+4	7.41264E+4	5.03691E+6	1.41811E+6	7.62643E+4	3.04732E+6
9.01000E+1	4.02738E+4	7.45651E+4	4.93688E+6	1.42086E+6	7.64396E+4	3.16209E+6
9.02000E+1	4.04262E+4	7.44964E+4	5.36427E+6	1.43560E+6	7.64898E+4	3.03841E+6
9.03000E+1	4.03715E+4	7.41684E+4	5.02165E+6	1.42452E+6	7.61582E+4	3.03365E+6
9.04000E+1	4.04363E+4	7.45680E+4	5.01828E+6	1.42399E+6	7.64637E+4	3.14878E+6
9.05000E+1	4.07566E+4	7.46564E+4	4.95987E+6	1.40800E+6	7.63093E+4	3.11313E+6
9.06000E+1	4.08294E+4	7.46839E+4	5.26047E+6	1.45843E+6	7.66454E+4	3.11579E+6
9.07000E+1	4.10073E+4	7.46810E+4	4.71648E+6	1.39984E+6	7.62963E+4	3.19219E+6
9.08000E+1	4.12601E+4	7.48946E+4	4.99475E+6	1.46392E+6	7.65701E+4	3.19849E+6
9.09000E+1	4.12685E+4	7.49991E+4	5.25584E+6	1.41536E+6	7.63885E+4	3.06594E+6
9.10000E+1	4.12434E+4	7.46780E+4	5.26417E+6	1.41573E+6	7.61322E+4	3.12013E+6
9.11000E+1	4.14301E+4	7.49587E+4	5.59694E+6	1.44201E+6	7.63965E+4	3.14470E+6
9.12000E+1	4.13766E+4	7.50188E+4	5.41867E+6	1.41329E+6	7.66072E+4	3.22463E+6
9.13000E+1	4.14958E+4	7.47380E+4	4.61192E+6	1.38371E+6	7.61352E+4	2.89459E+6
9.14000E+1	4.16657E+4	7.48128E+4	5.15697E+6	1.39789E+6	7.65962E+4	3.19639E+6
9.15000E+1	4.18340E+4	7.44385E+4	4.95657E+6	1.39955E+6	7.63804E+4	3.21363E+6
9.16000E+1	4.18346E+4	7.47164E+4	4.88511E+6	1.36716E+6	7.60333E+4	3.03397E+6
9.17000E+1	4.19897E+4	7.50238E+4	4.76326E+6	1.42332E+6	7.63053E+4	3.18592E+6
9.18000E+1	4.20716E+4	7.50218E+4	5.07804E+6	1.38194E+6	7.60503E+4	3.15901E+6
9.19000E+1	4.22826E+4	7.48591E+4	5.16857E+6	1.40566E+6	7.65199E+4	3.06046E+6
9.20000E+1	4.22663E+4	7.49882E+4	5.21549E+6	1.40478E+6	7.62723E+4	3.06917E+6
9.21000E+1	4.26022E+4	7.47616E+4	5.34605E+6	1.43023E+6	7.61002E+4	3.13119E+6
9.22000E+1	4.24563E+4	7.47410E+4	5.07718E+6	1.41529E+6	7.60823E+4	3.04286E+6
9.23000E+1	4.24523E+4	7.52372E+4	5.25215E+6	1.41234E+6	7.60503E+4	3.21895E+6
9.24000E+1	4.26625E+4	7.49301E+4	5.00901E+6	1.39890E+6	7.59745E+4	3.00793E+6
9.25000E+1	4.29957E+4	7.51363E+4	5.58026E+6	1.43705E+6	7.62683E+4	3.10219E+6
9.26000E+1	4.31131E+4	7.51047E+4	5.01912E+6	1.42497E+6	7.60813E+4	3.18975E+6
9.27000E+1	4.32168E+4	7.52481E+4	4.96565E+6	1.42384E+6	7.57145E+4	2.94541E+6
9.28000E+1	4.32042E+4	7.51907E+4	5.12599E+6	1.42572E+6	7.62172E+4	3.14946E+6
9.29000E+1	4.32637E+4	7.50870E+4	5.56264E+6	1.41337E+6	7.60363E+4	3.24939E+6
9.30000E+1	4.33530E+4	7.49981E+4	5.08843E+6	1.38712E+6	7.57692E+4	2.95741E+6
9.31000E+1	4.35174E+4	7.50317E+4	5.47517E+6	1.40851E+6	7.59934E+4	3.20798E+6
9.32000E+1	4.38693E+4	7.52520E+4	5.10322E+6	1.39883E+6	7.58409E+4	3.40641E+6
9.33000E+1	4.35413E+4	7.47666E+4	5.19283E+6	1.41721E+6	7.57662E+4	3.24650E+6
9.34000E+1	4.37547E+4	7.52332E+4	5.57092E+6	1.41907E+6	7.59037E+4	3.20411E+6
9.35000E+1	4.40542E+4	7.52174E+4	5.21458E+6	1.43789E+6	7.59176E+4	3.16278E+6
9.36000E+1	4.41512E+4	7.54145E+4	5.03436E+6	1.41204E+6	7.57861E+4	3.12985E+6
9.37000E+1	4.39734E+4	7.53669E+4	5.29869E+6	1.42250E+6	7.58947E+4	3.11147E+6
9.38000E+1	4.41646E+4	7.53114E+4	5.52570E+6	1.44963E+6	7.59994E+4	3.12850E+6
9.39000E+1	4.41552E+4	7.52906E+4	5.64120E+6	1.43416E+6	7.57244E+4	3.13895E+6
9.40000E+1	4.43557E+4	7.49202E+4	5.82985E+6	1.42123E+6	7.57642E+4	3.05820E+6
9.41000E+1	4.45056E+4	7.52263E+4	5.17932E+6	1.40551E+6	7.57632E+4	3.08478E+6
9.42000E+1	4.47104E+4	7.53174E+4	5.44034E+6	1.45320E+6	7.55247E+4	3.25881E+6
9.43000E+1	4.46935E+4	7.52530E+4	5.31565E+6	1.41707E+6	7.57980E+4	3.06723E+6
9.44000E+1	4.43456E+4	7.53689E+4	5.35371E+6	1.41116E+6	7.58449E+4	3.05692E+6
9.45000E+1	4.45426E+4	7.54511E+4	5.41084E+6	1.43159E+6	7.56140E+4	3.05051E+6
9.46000E+1	4.47036E+4	7.53293E+4	5.13304E+6	1.42093E+6	7.54116E+4	3.26354E+6
9.47000E+1	4.52039E+4	7.54640E+4	5.50234E+6	1.45741E+6	7.53957E+4	3.22037E+6
9.48000E+1	4.47016E+4	7.54016E+4	5.00145E+6	1.44431E+6	7.52591E+4	3.20446E+6
9.49000E+1	4.48995E+4	7.53837E+4	5.67109E+6	1.42857E+6	7.56985E+4	3.27892E+6
9.50000E+1	4.47583E+4	7.52887E+4	5.23834E+6	1.41952E+6	7.56786E+4	3.26719E+6
9.51000E+1	4.49618E+4	7.56497E+4	5.53080E+6	1.44547E+6	7.56548E+4	3.16518E+6
9.52000E+1	4.45850E+4	7.53570E+4	5.40790E+6	1.43636E+6	7.52858E+4	3.18418E+6
9.53000E+1	4.47266E+4	7.58039E+4	5.35371E+6	1.45999E+6	7.53690E+4	3.18975E+6
9.54000E+1	4.46241E+4	7.53728E+4	5.49527E+6	1.42325E+6	7.54225E+4	3.08837E+6
9.55000E+1	4.47725E+4	7.56835E+4	5.30998E+6	1.47599E+6	7.54751E+4	3.10682E+6
9.56000E+1	4.48704E+4	7.58408E+4	5.77819E+6	1.43576E+6	7.56896E+4	3.22001E+6
9.57000E+1	4.46301E+4	7.55961E+4	5.30904E+6	1.42004E+6	7.53719E+4	3.11379E+6
9.58000E+1	4.45870E+4	7.57293E+4	5.33081E+6	1.42993E+6	7.54512E+4	3.11813E+6
9.59000E+1	4.47596E+4	7.57263E+4	5.75822E+6	1.46463E+6	7.54156E+4	3.24434E+6
9.60000E+1	4.47846E+4	7.57522E+4	5.08496E+6	1.40013E+6	7.52086E+4	3.07273E+6
9.61000E+1	4.48968E+4	7.58976E+4	5.32132E+6	1.43204E+6	7.52254E+4	3.11846E+6
9.62000E+1	4.51584E+4	7.60692E+4	5.77041E+6	1.42071E+6	7.53511E+4	3.19779E+6
9.63000E+1	4.49117E+4	7.57064E+4	5.21731E+6	1.42063E+6	7.52551E+4	3.20869E+6
9.64000E+1	4.48339E+4	7.58507E+4	5.37874E+6	1.44117E+6	7.54423E+4	3.31460E+6
9.65000E+1	4.50688E+4	7.58218E+4	5.77485E+6	1.44332E+6	7.57224E+4	3.37812E+6
9.66000E+1	4.50966E+4	7.59714E+4	5.63589E+6	1.43356E+6	7.53601E+4	3.31385E+6
9.67000E+1	4.52107E+4	7.60342E+4	5.28184E+6	1.47240E+6	7.54175E+4	3.16243E+6
9.68000E+1	4.53637E+4	7.61641E+4	5.31470E+6	1.45118E+6	7.52996E+4	3.14878E+6
9.69000E+1	4.52385E+4	7.58139E+4	5.09886E+6	1.47089E+6	7.52591E+4	3.12448E+6
9.70000E+1	4.54529E+4	7.58189E+4	5.70889E+6	1.45655E+6	7.52363E+4	3.23320E+6
9.71000E+1	4.53923E+4	7.60732E+4	5.25862E+6	1.43576E+6	7.50545E+4	3.23714E+6
9.72000E+1	4.55231E+4	7.61431E+4	5.55027E+6	1.44393E+6	7.50880E+4	3.20692E+6
9.73000E+1	4.58425E+4	7.61131E+4	5.74058E+6	1.51427E+6	7.50801E+4	3.36840E+6
9.74000E+1	4.56536E+4	7.61021E+4	5.07459E+6	1.41996E+6	7.51147E+4	3.22214E+6
9.75000E+1	4.57267E+4	7.63332E+4	5.19463E+6	1.46093E+6	7.52234E+4	3.18905E+6
9.76000E+1	4.60085E+4	7.63032E+4	5.52570E+6	1.47033E+6	7.55485E+4	3.37929E+6
9.77000E+1	4.57507E+4	7.61401E+4	5.34797E+6	1.46290E+6	7.51523E+4	3.21966E+6
9.78000E+1	4.59639E+4	7.62131E+4	5.35467E+6	1.43629E+6	7.50397E+4	3.20270E+6
9.79000E+1	4.63285E+4	7.63763E+4	5.48119E+6	1.50376E+6	7.51523E+4	3.42994E+6
9.80000E+1	4.62417E+4	7.59414E+4	5.67109E+6	1.45944E+6	7.52769E+4	3.14233E+6
9.81000E+1	4.61240E+4	7.61991E+4	5.06168E+6	1.48177E+6	7.50239E+4	3.17794E+6
9.82000E+1	4.63382E+4	7.62011E+4	5.61477E+6	1.47920E+6	7.52333E+4	3.21788E+6
9.83000E+1	4.61081E+4	7.68003E+4	5.69046E+6	1.49740E+6	7.48700E+4	3.09264E+6
9.84000E+1	4.61935E+4	7.61031E+4	5.34033E+6	1.49110E+6	7.50643E+4	3.22214E+6
9.85000E+1	4.66369E+4	7.61711E+4	5.66894E+6	1.49077E+6	7.49992E+4	3.36531E+6
9.86000E+1	4.64459E+4	7.64666E+4	5.33176E+6	1.48484E+6	7.48661E+4	3.27378E+6
9.87000E+1	4.62775E+4	7.62491E+4	5.62743E+6	1.48590E+6	7.48957E+4	3.23356E+6
9.88000E+1	4.63886E+4	7.62101E+4	5.80054E+6	1.47192E+6	7.47204E+4	3.33501E+6
9.89000E+1	4.63423E+4	7.64616E+4	5.53898E+6	1.50550E+6	7.50633E+4	3.30861E+6
9.90000E+1	4.63934E+4	7.64094E+4	5.98922E+6	1.50136E+6	7.51325E+4	3.27745E+6
9.91000E+1	4.63762E+4	7.64405E+4	5.49527E+6	1.46093E+6	7.47037E+4	3.10715E+6
9.92000E+1	4.66147E+4	7.62011E+4	5.29588E+6	1.46345E+6	7.48513E+4	3.18940E+6
9.93000E+1	4.65801E+4	7.65037E+4	6.00719E+6	1.48153E+6	7.48838E+4	3.34492E+6
9.94000E+1	4.63907E+4	7.64134E+4	5.42653E+6	1.45788E+6	7.46821E+4	3.34072E+6
9.95000E+1	4.65773E+4	7.65178E+4	5.90092E+6	1.49004E+6	7.50258E+4	3.34263E+6
9.96000E+1	4.64680E+4	7.64565E+4	5.39717E+6	1.44478E+6	7.46320E+4	3.24002E+6
9.97000E+1	4.65137E+4	7.64094E+4	5.27439E+6	1.46148E+6	7.47686E+4	3.36299E+6
9.98000E+1	4.68283E+4	7.66494E+4	5.59381E+6	1.52177E+6	7.49745E+4	3.33691E+6
9.99000E+1	4.70293E+4	7.64736E+4	5.02758E+6	1.48218E+6	7.49854E+4	3.19919E+6
1.00000E+2	4.69743E+4	7.67781E+4	5.08843E+6	1.48113E+6	7.47450E+4	3.22891E+6
1.00100E+2	4.70920E+4	7.67258E+4	5.47217E+6	1.49183E+6	7.47067E+4	3.51377E+6
1.00200E+2	4.66473E+4	7.68557E+4	5.08843E+6	1.46700E+6	7.47312E+4	3.26683E+6
1.00300E+2	4.69653E+4	7.65318E+4	5.29213E+6	1.49519E+6	7.46310E+4	3.27451E+6
1.00400E+2	4.71276E+4	7.68819E+4	5.76819E+6	1.49330E+6	7.48306E+4	3.32591E+6
1.00500E+2	4.72972E+4	7.67097E+4	5.44926E+6	1.44824E+6	7.45200E+4	3.26756E+6
1.00600E+2	4.74098E+4	7.65268E+4	5.70780E+6	1.47663E+6	7.47047E+4	3.40998E+6
1.00700E+2	4.73881E+4	7.69797E+4	5.62848E+6	1.47272E+6	7.47450E+4	3.27121E+6
1.00800E+2	4.74645E+4	7.66866E+4	5.19915E+6	1.47120E+6	7.44171E+4	3.23643E+6
1.00900E+2	4.73714E+4	7.67348E+4	5.78823E+6	1.46645E+6	7.46025E+4	3.32138E+6
1.01000E+2	4.76792E+4	7.68275E+4	5.50032E+6	1.50161E+6	7.46614E+4	3.41953E+6
1.01100E+2	4.74925E+4	7.64094E+4	5.31470E+6	1.49281E+6	7.43436E+4	3.27195E+6
1.01200E+2	4.74379E+4	7.66695E+4	5.34605E+6	1.48744E+6	7.42692E+4	3.35605E+6
1.01300E+2	4.79558E+4	7.70564E+4	5.49830E+6	1.46906E+6	7.44122E+4	3.38593E+6
1.01400E+2	4.80123E+4	7.70070E+4	5.58442E+6	1.49486E+6	7.43739E+4	3.40443E+6
1.01500E+2	4.79734E+4	7.69041E+4	5.43639E+6	1.47912E+6	7.46074E+4	3.42033E+6
1.01600E+2	4.79784E+4	7.67983E+4	5.21731E+6	1.49077E+6	7.44308E+4	3.26209E+6
1.01700E+2	4.77973E+4	7.70161E+4	5.02758E+6	1.49061E+6	7.42604E+4	3.35067E+6
1.01800E+2	4.76447E+4	7.66705E+4	5.46518E+6	1.50592E+6	7.45259E+4	3.45622E+6
1.01900E+2	4.77860E+4	7.71080E+4	5.81290E+6	1.53218E+6	7.42242E+4	3.35528E+6
1.02000E+2	4.79177E+4	7.69484E+4	5.68184E+6	1.49094E+6	7.44945E+4	3.45704E+6
1.02100E+2	4.78423E+4	7.72172E+4	5.43837E+6	1.48971E+6	7.44876E+4	3.43194E+6
1.02200E+2	4.78846E+4	7.70564E+4	5.67968E+6	1.49061E+6	7.41118E+4	3.32063E+6
1.02300E+2	4.79473E+4	7.67761E+4	5.63483E+6	1.50252E+6	7.42369E+4	3.23930E+6
1.02400E+2	4.77987E+4	7.70898E+4	5.57922E+6	1.54029E+6	7.42604E+4	3.40048E+6
1.02500E+2	4.76876E+4	7.70140E+4	5.62320E+6	1.52645E+6	7.45014E+4	3.50120E+6
1.02600E+2	4.79713E+4	7.72911E+4	5.25954E+6	1.47248E+6	7.41939E+4	3.51209E+6
1.02700E+2	4.77635E+4	7.70665E+4	5.62320E+6	1.48963E+6	7.41597E+4	3.44000E+6
1.02800E+2	4.80172E+4	7.71080E+4	5.63695E+6	1.52008E+6	7.41949E+4	3.41514E+6
1.02900E+2	4.76054E+4	7.72749E+4	5.73729E+6	1.47623E+6	7.41001E+4	3.48043E+6
1.03000E+2	4.77410E+4	7.70362E+4	5.83665E+6	1.49790E+6	7.42252E+4	3.33958E+6
1.03100E+2	4.79311E+4	7.70888E+4	5.16232E+6	1.45929E+6	7.40718E+4	3.25156E+6
1.03200E+2	4.78086E+4	7.71555E+4	5.24570E+6	1.48266E+6	7.39157E+4	3.39496E+6
1.03300E+2	4.76342E+4	7.71282E+4	6.02164E+6	1.50401E+6	7.41284E+4	3.31310E+6
1.03400E+2	4.77199E+4	7.71676E+4	5.53898E+6	1.52952E+6	7.41558E+4	3.43355E+6
1.03500E+2	4.77115E+4	7.71676E+4	5.51349E+6	1.51864E+6	7.38495E+4	3.31198E+6
1.03600E+2	4.78621E+4	7.74705E+4	5.82532E+6	1.53278E+6	7.41030E+4	3.47960E+6
1.03700E+2	4.81366E+4	7.75751E+4	5.27439E+6	1.49576E+6	7.41870E+4	3.39929E+6
1.03800E+2	4.79361E+4	7.71373E+4	5.52774E+6	1.46716E+6	7.41470E+4	3.47630E+6
1.03900E+2	4.78740E+4	7.75964E+4	5.70346E+6	1.51000E+6	7.39031E+4	3.34837E+6
1.04000E+2	4.78670E+4	7.75659E+4	5.91138E+6	1.49675E+6	7.40493E+4	3.39260E+6
1.04100E+2	4.78079E+4	7.73103E+4	5.52774E+6	1.52271E+6	7.39801E+4	3.41833E+6
1.04200E+2	4.79586E+4	7.75141E+4	5.37198E+6	1.52568E+6	7.40025E+4	3.31235E+6
1.04300E+2	4.78677E+4	7.73488E+4	5.99879E+6	1.49069E+6	7.41685E+4	3.42873E+6
1.04400E+2	4.80292E+4	7.73630E+4	5.68184E+6	1.49183E+6	7.40005E+4	3.37267E+6
1.04500E+2	4.78121E+4	7.71949E+4	5.71324E+6	1.49502E+6	7.39674E+4	3.35528E+6
1.04600E+2	4.78269E+4	7.77347E+4	5.06083E+6	1.48403E+6	7.39050E+4	3.30935E+6
1.04700E+2	4.76068E+4	7.71929E+4	5.50639E+6	1.49028E+6	7.40972E+4	3.42512E+6
1.04800E+2	4.76419E+4	7.74502E+4	5.66787E+6	1.49322E+6	7.38631E+4	3.35143E+6
1.04900E+2	4.76188E+4	7.80007E+4	5.54616E+6	1.47272E+6	7.40571E+4	3.48663E+6
1.05000E+2	4.77298E+4	7.74948E+4	5.55130E+6	1.49683E+6	7.39654E+4	3.57844E+6
1.05100E+2	4.74372E+4	7.73843E+4	5.24938E+6	1.49543E+6	7.37590E+4	3.32970E+6
1.05200E+2	4.72979E+4	7.77612E+4	5.83779E+6	1.50086E+6	7.40708E+4	3.31761E+6
1.05300E+2	4.73014E+4	7.75283E+4	5.59276E+6	1.46906E+6	7.39752E+4	3.21717E+6
1.05400E+2	4.75128E+4	7.78009E+4	5.66358E+6	1.52568E+6	7.40152E+4	3.46194E+6
1.05500E+2	4.73231E+4	7.76208E+4	5.40497E+6	1.49470E+6	7.38456E+4	3.28223E+6
1.05600E+2	4.72888E+4	7.75974E+4	6.05319E+6	1.50359E+6	7.41997E+4	3.37890E+6
1.05700E+2	4.72420E+4	7.77540E+4	5.39717E+6	1.50592E+6	7.41372E+4	3.52010E+6
1.05800E+2	4.69207E+4	7.77652E+4	5.49830E+6	1.49437E+6	7.39186E+4	3.49536E+6
1.05900E+2	4.69339E+4	7.77388E+4	5.69804E+6	1.47200E+6	7.41050E+4	3.47589E+6
1.06000E+2	4.70279E+4	7.79038E+4	5.38067E+6	1.48145E+6	7.45367E+4	3.45215E+6
1.06100E+2	4.66258E+4	7.83607E+4	5.13481E+6	1.47896E+6	7.44367E+4	3.58149E+6
1.06200E+2	4.66958E+4	7.84448E+4	5.70997E+6	1.50841E+6	7.45122E+4	3.55376E+6
1.06300E+2	4.64846E+4	7.87161E+4	5.18202E+6	1.51343E+6	7.45573E+4	3.46316E+6
1.06400E+2	4.62217E+4	7.86050E+4	5.35371E+6	1.50409E+6	7.47499E+4	3.48415E+6
1.06500E+2	4.57911E+4	7.87294E+4	5.43047E+6	1.49502E+6	7.46398E+4	3.33008E+6
1.06600E+2	4.60037E+4	7.87912E+4	4.91086E+6	1.48646E+6	7.49233E+4	3.52178E+6
1.06700E+2	4.56310E+4	7.92880E+4	5.27625E+6	1.52415E+6	7.50357E+4	3.44931E+6
1.06800E+2	4.58390E+4	7.92610E+4	5.37584E+6	1.50037E+6	7.50367E+4	3.46521E+6
1.06900E+2	4.53147E+4	7.97677E+4	5.05483E+6	1.52927E+6	7.52838E+4	3.49078E+6
1.07000E+2	4.53303E+4	7.89262E+4	5.67431E+6	1.49363E+6	7.53452E+4	3.35566E+6
1.07100E+2	4.50261E+4	7.95296E+4	5.88242E+6	1.50975E+6	7.53046E+4	3.41753E+6
1.07200E+2	4.46874E+4	7.95296E+4	5.82871E+6	1.49634E+6	7.54552E+4	3.37423E+6
1.07300E+2	4.45325E+4	7.94133E+4	4.83989E+6	1.47848E+6	7.54235E+4	3.39614E+6
1.07400E+2	4.45695E+4	7.98124E+4	5.59903E+6	1.46708E+6	7.55942E+4	3.34034E+6
