0.00000E+0	3.54075E+4	9.72117E+4	4.51922E+6	1.18676E+6	8.01607E+4	3.26737E+6
1.00000E-1	3.15561E+4	9.17182E+4	4.47969E+6	1.16351E+6	7.47082E+4	3.36163E+6
2.00000E-1	3.16537E+4	9.13235E+4	4.31741E+6	1.15426E+6	7.47348E+4	3.20851E+6
3.00000E-1	3.16917E+4	9.15371E+4	4.58617E+6	1.18570E+6	7.47131E+4	3.45806E+6
4.00000E-1	3.14992E+4	9.16625E+4	4.58759E+6	1.18283E+6	7.48155E+4	3.26300E+6
5.00000E-1	3.17627E+4	9.12739E+4	4.47362E+6	1.17897E+6	7.47613E+4	3.29648E+6
6.00000E-1	3.18618E+4	9.15454E+4	5.04270E+6	1.18810E+6	7.46758E+4	3.71427E+6
7.00000E-1	3.18102E+4	9.10350E+4	4.43288E+6	1.15879E+6	7.47338E+4	3.22446E+6
8.00000E-1	3.17739E+4	9.15253E+4	4.87775E+6	1.16908E+6	7.48391E+4	3.38495E+6
9.00000E-1	3.15761E+4	9.08963E+4	4.46689E+6	1.16805E+6	7.47004E+4	3.35009E+6
1.00000E+0	3.16001E+4	9.09504E+4	4.22447E+6	1.16309E+6	7.45687E+4	3.20992E+6
1.10000E+0	3.16682E+4	9.08869E+4	4.83737E+6	1.18277E+6	7.46876E+4	3.35431E+6
1.20000E+0	3.18690E+4	9.12574E+4	4.67263E+6	1.19223E+6	7.49732E+4	3.44182E+6
1.30000E+0	3.21537E+4	9.10620E+4	4.29863E+6	1.18538E+6	7.45412E+4	3.44546E+6
1.40000E+0	3.17414E+4	9.06841E+4	4.32622E+6	1.17797E+6	7.47909E+4	3.31818E+6
1.50000E+0	3.18892E+4	9.11208E+4	4.46622E+6	1.20653E+6	7.48037E+4	3.51609E+6
1.60000E+0	3.16571E+4	9.08377E+4	4.28992E+6	1.18676E+6	7.46050E+4	3.34168E+6
1.70000E+0	3.18164E+4	9.08682E+4	4.31678E+6	1.17650E+6	7.46266E+4	3.39752E+6
1.80000E+0	3.17420E+4	9.08001E+4	4.46420E+6	1.18698E+6	7.50215E+4	3.52538E+6
1.90000E+0	3.18590E+4	9.11232E+4	4.48578E+6	1.19774E+6	7.49830E+4	3.49307E+6
2.00000E+0	3.15605E+4	9.08388E+4	4.18803E+6	1.17023E+6	7.45903E+4	3.37676E+6
2.10000E+0	3.17437E+4	9.08740E+4	4.47699E+6	1.19644E+6	7.50689E+4	3.40305E+6
2.20000E+0	3.16102E+4	9.10632E+4	4.77763E+6	1.16186E+6	7.48628E+4	3.38105E+6
2.30000E+0	3.16174E+4	9.09903E+4	4.55455E+6	1.16125E+6	7.50442E+4	3.38300E+6
2.40000E+0	3.16883E+4	9.14025E+4	4.68440E+6	1.19427E+6	7.51054E+4	3.60988E+6
2.50000E+0	3.15566E+4	9.05319E+4	4.17563E+6	1.18516E+6	7.49968E+4	3.46910E+6
2.60000E+0	3.14964E+4	9.08893E+4	4.53163E+6	1.19228E+6	7.47397E+4	3.35316E+6
2.70000E+0	3.17459E+4	9.10338E+4	4.39220E+6	1.22443E+6	7.48696E+4	3.57692E+6
2.80000E+0	3.16196E+4	9.11762E+4	4.36442E+6	1.19319E+6	7.48953E+4	3.32837E+6
2.90000E+0	3.16353E+4	9.13164E+4	4.68883E+6	1.22127E+6	7.48844E+4	3.43375E+6
3.00000E+0	3.15416E+4	9.10185E+4	4.17210E+6	1.18468E+6	7.47938E+4	3.28537E+6
3.10000E+0	3.16364E+4	9.12893E+4	4.60036E+6	1.19671E+6	7.50294E+4	3.37325E+6
3.20000E+0	3.15851E+4	9.14108E+4	4.54967E+6	1.16815E+6	7.52775E+4	3.48974E+6
3.30000E+0	3.15209E+4	9.13058E+4	4.51373E+6	1.19325E+6	7.51272E+4	3.47362E+6
3.40000E+0	3.14981E+4	9.15608E+4	4.37021E+6	1.16541E+6	7.49219E+4	3.35624E+6
3.50000E+0	3.14430E+4	9.16471E+4	4.57629E+6	1.19040E+6	7.53874E+4	3.45765E+6
3.60000E+0	3.15722E+4	9.11291E+4	4.37214E+6	1.19996E+6	7.53280E+4	3.49057E+6
3.70000E+0	3.14040E+4	9.12963E+4	4.55455E+6	1.17335E+6	7.54637E+4	3.53472E+6
3.80000E+0	3.14641E+4	9.14615E+4	4.42693E+6	1.17718E+6	7.51973E+4	3.42813E+6
3.90000E+0	3.15131E+4	9.15584E+4	4.29364E+6	1.16660E+6	7.51360E+4	3.47692E+6
4.00000E+0	3.14931E+4	9.20764E+4	4.41968E+6	1.17028E+6	7.57170E+4	3.45928E+6
4.10000E+0	3.15533E+4	9.22751E+4	4.50756E+6	1.19638E+6	7.55799E+4	3.33292E+6
4.20000E+0	3.14485E+4	9.22144E+4	4.54758E+6	1.18336E+6	7.55918E+4	3.43859E+6
4.30000E+0	3.14452E+4	9.23109E+4	4.43288E+6	1.18874E+6	7.58564E+4	3.56346E+6
4.40000E+0	3.14580E+4	9.24599E+4	4.30737E+6	1.17765E+6	7.59850E+4	3.33824E+6
4.50000E+0	3.14235E+4	9.23097E+4	4.34460E+6	1.18235E+6	7.58833E+4	3.32799E+6
4.60000E+0	3.17940E+4	9.25220E+4	4.69105E+6	1.20450E+6	7.59631E+4	3.63712E+6
4.70000E+0	3.15343E+4	9.24850E+4	4.37472E+6	1.17028E+6	7.60020E+4	3.25827E+6
4.80000E+0	3.15990E+4	9.30332E+4	4.46219E+6	1.19844E+6	7.61908E+4	3.63667E+6
4.90000E+0	3.15895E+4	9.24623E+4	4.46622E+6	1.19498E+6	7.59421E+4	3.60412E+6
5.00000E+0	3.13340E+4	9.26032E+4	4.26891E+6	1.22720E+6	7.58345E+4	3.45724E+6
5.10000E+0	3.13584E+4	9.27791E+4	4.54967E+6	1.19024E+6	7.60289E+4	3.55268E+6
5.20000E+0	3.13834E+4	9.27204E+4	4.23959E+6	1.20302E+6	7.60759E+4	3.33977E+6
5.30000E+0	3.15745E+4	9.26235E+4	4.39806E+6	1.19061E+6	7.60919E+4	3.42893E+6
5.40000E+0	3.15276E+4	9.30620E+4	4.71782E+6	1.19260E+6	7.63109E+4	3.43859E+6
5.50000E+0	3.14519E+4	9.26068E+4	4.54619E+6	1.17834E+6	7.60499E+4	3.54368E+6
5.60000E+0	3.16247E+4	9.27312E+4	4.33888E+6	1.20516E+6	7.62448E+4	3.62770E+6
5.70000E+0	3.14792E+4	9.33904E+4	4.69697E+6	1.19411E+6	7.61998E+4	3.48477E+6
5.80000E+0	3.14424E+4	9.28761E+4	4.23111E+6	1.18879E+6	7.62608E+4	3.47445E+6
5.90000E+0	3.14396E+4	9.29444E+4	4.34715E+6	1.19736E+6	7.64031E+4	3.49723E+6
6.00000E+0	3.13812E+4	9.34989E+4	4.46823E+6	1.21117E+6	7.66008E+4	3.61121E+6
6.10000E+0	3.11719E+4	9.28533E+4	4.29178E+6	1.18911E+6	7.66018E+4	3.54539E+6
6.20000E+0	3.14096E+4	9.31221E+4	4.21666E+6	1.18810E+6	7.62949E+4	3.40146E+6
6.30000E+0	3.14842E+4	9.37187E+4	4.70143E+6	1.20379E+6	7.65797E+4	3.74546E+6
6.40000E+0	3.11763E+4	9.29528E+4	4.24020E+6	1.17550E+6	7.62659E+4	3.40581E+6
6.50000E+0	3.12351E+4	9.31570E+4	4.40983E+6	1.19433E+6	7.64562E+4	3.55183E+6
6.60000E+0	3.13890E+4	9.31822E+4	4.51785E+6	1.19045E+6	7.67808E+4	3.50182E+6
6.70000E+0	3.12695E+4	9.29708E+4	4.17092E+6	1.18634E+6	7.65747E+4	3.40225E+6
6.80000E+0	3.12634E+4	9.36716E+4	4.51579E+6	1.21128E+6	7.67577E+4	3.47651E+6
6.90000E+0	3.11808E+4	9.29420E+4	4.27137E+6	1.20144E+6	7.67748E+4	3.51356E+6
7.00000E+0	3.12940E+4	9.33928E+4	4.54549E+6	1.22482E+6	7.67990E+4	3.48435E+6
7.10000E+0	3.10296E+4	9.33977E+4	4.42957E+6	1.18304E+6	7.67013E+4	3.50057E+6
7.20000E+0	3.11996E+4	9.34977E+4	4.36185E+6	1.18468E+6	7.66109E+4	3.44182E+6
7.30000E+0	3.12201E+4	9.41756E+4	4.06267E+6	1.18922E+6	7.68070E+4	3.46091E+6
7.40000E+0	3.12212E+4	9.35629E+4	4.77840E+6	1.20510E+6	7.69572E+4	3.66477E+6
7.50000E+0	3.11780E+4	9.31329E+4	4.16388E+6	1.16417E+6	7.66179E+4	3.32572E+6
7.60000E+0	3.13612E+4	9.36124E+4	4.49121E+6	1.19153E+6	7.68836E+4	3.56087E+6
7.70000E+0	3.10617E+4	9.36027E+4	4.26768E+6	1.18607E+6	7.66682E+4	3.32534E+6
7.80000E+0	3.12484E+4	9.36305E+4	4.74414E+6	1.21405E+6	7.69340E+4	3.57213E+6
7.90000E+0	3.10196E+4	9.33471E+4	4.34079E+6	1.16407E+6	7.66310E+4	3.27800E+6
8.00000E+0	3.10794E+4	9.43835E+4	4.64491E+6	1.19757E+6	7.70359E+4	3.54112E+6
8.10000E+0	3.10578E+4	9.36788E+4	4.25481E+6	1.17466E+6	7.65426E+4	3.31818E+6
8.20000E+0	3.10716E+4	9.37998E+4	4.73282E+6	1.19438E+6	7.70460E+4	3.71662E+6
8.30000E+0	3.11054E+4	9.42120E+4	4.09984E+6	1.18527E+6	7.70895E+4	3.61209E+6
8.40000E+0	3.10556E+4	9.43275E+4	4.36828E+6	1.19336E+6	7.74712E+4	3.63353E+6
8.50000E+0	3.12401E+4	9.39245E+4	4.42693E+6	1.19287E+6	7.69855E+4	3.28648E+6
8.60000E+0	3.10429E+4	9.39475E+4	4.19753E+6	1.18815E+6	7.70854E+4	3.45195E+6
8.70000E+0	3.09594E+4	9.38918E+4	4.53509E+6	1.18591E+6	7.69592E+4	3.38730E+6
8.80000E+0	3.11885E+4	9.40967E+4	4.68809E+6	1.20346E+6	7.72695E+4	3.41893E+6
8.90000E+0	3.12484E+4	9.40772E+4	4.52818E+6	1.20329E+6	7.71087E+4	3.37054E+6
9.00000E+0	3.09588E+4	9.38264E+4	4.09530E+6	1.18922E+6	7.70561E+4	3.51272E+6
9.10000E+0	3.10750E+4	9.40336E+4	4.61249E+6	1.20455E+6	7.71653E+4	3.36550E+6
9.20000E+0	3.13195E+4	9.41829E+4	4.40132E+6	1.21757E+6	7.69219E+4	3.36048E+6
9.30000E+0	3.11641E+4	9.39269E+4	4.51373E+6	1.19384E+6	7.73292E+4	3.31029E+6
9.40000E+0	3.12484E+4	9.39002E+4	4.51922E+6	1.18087E+6	7.72746E+4	3.46869E+6
9.50000E+0	3.12490E+4	9.40845E+4	4.15920E+6	1.19282E+6	7.70693E+4	3.36627E+6
9.60000E+0	3.15176E+4	9.43933E+4	4.64419E+6	1.22999E+6	7.77201E+4	3.53770E+6
9.70000E+0	3.12829E+4	9.40457E+4	4.23414E+6	1.19850E+6	7.74468E+4	3.35278E+6
9.80000E+0	3.13712E+4	9.39729E+4	4.31301E+6	1.17132E+6	7.71754E+4	3.53983E+6
9.90000E+0	3.11858E+4	9.42485E+4	4.49801E+6	1.19888E+6	7.71420E+4	3.44344E+6
1.00000E+1	3.10191E+4	9.35544E+4	4.22026E+6	1.17602E+6	7.67064E+4	3.45969E+6
1.01000E+1	3.14218E+4	9.45078E+4	4.57417E+6	1.20357E+6	7.73657E+4	3.54539E+6
1.02000E+1	3.13412E+4	9.46407E+4	4.37472E+6	1.19024E+6	7.72310E+4	3.61966E+6
1.03000E+1	3.13156E+4	9.39390E+4	4.17445E+6	1.18602E+6	7.71926E+4	3.44830E+6
1.04000E+1	3.14914E+4	9.42497E+4	4.77074E+6	1.19444E+6	7.74367E+4	3.54154E+6
1.05000E+1	3.13401E+4	9.42266E+4	4.39611E+6	1.19244E+6	7.72523E+4	3.29277E+6
1.06000E+1	3.13923E+4	9.41707E+4	4.59894E+6	1.22015E+6	7.72057E+4	3.51314E+6
1.07000E+1	3.13423E+4	9.41064E+4	4.48578E+6	1.17508E+6	7.72958E+4	3.28611E+6
1.08000E+1	3.13112E+4	9.40845E+4	4.42627E+6	1.16924E+6	7.73789E+4	3.51820E+6
1.09000E+1	3.13984E+4	9.41549E+4	4.21786E+6	1.19557E+6	7.69058E+4	3.31855E+6
1.10000E+1	3.16263E+4	9.38881E+4	4.73358E+6	1.19492E+6	7.74844E+4	3.61343E+6
1.11000E+1	3.15923E+4	9.39778E+4	4.28310E+6	1.18198E+6	7.72563E+4	3.41296E+6
1.12000E+1	3.13434E+4	9.40396E+4	4.38312E+6	1.21250E+6	7.73850E+4	3.36782E+6
1.13000E+1	3.16219E+4	9.42339E+4	4.61822E+6	1.21762E+6	7.75108E+4	3.59970E+6
1.14000E+1	3.14931E+4	9.42096E+4	4.19396E+6	1.20362E+6	7.74468E+4	3.52031E+6
1.15000E+1	3.15181E+4	9.43701E+4	4.46353E+6	1.18842E+6	7.73627E+4	3.58827E+6
1.16000E+1	3.16169E+4	9.38494E+4	4.34779E+6	1.20714E+6	7.73292E+4	3.47898E+6
1.17000E+1	3.14218E+4	9.44371E+4	4.28310E+6	1.21857E+6	7.73353E+4	3.65521E+6
1.18000E+1	3.14391E+4	9.41634E+4	4.35289E+6	1.19665E+6	7.70248E+4	3.45073E+6
1.19000E+1	3.14624E+4	9.43628E+4	4.50278E+6	1.19714E+6	7.74002E+4	3.38926E+6
1.20000E+1	3.15906E+4	9.44688E+4	4.48240E+6	1.21986E+6	7.73617E+4	3.50308E+6
1.21000E+1	3.13851E+4	9.41489E+4	4.43023E+6	1.18714E+6	7.71916E+4	3.31742E+6
1.22000E+1	3.15561E+4	9.44481E+4	4.43553E+6	1.20901E+6	7.76052E+4	3.49640E+6
1.23000E+1	3.14068E+4	9.44140E+4	4.54688E+6	1.21444E+6	7.75880E+4	3.47362E+6
1.24000E+1	3.11963E+4	9.42594E+4	4.54132E+6	1.19314E+6	7.76296E+4	3.48187E+6
1.25000E+1	3.14864E+4	9.42011E+4	4.47093E+6	1.20242E+6	7.74519E+4	3.39122E+6
1.26000E+1	3.13278E+4	9.42060E+4	4.17976E+6	1.17665E+6	7.74915E+4	3.32157E+6
1.27000E+1	3.14380E+4	9.47347E+4	4.75247E+6	1.22183E+6	7.77517E+4	3.51272E+6
1.28000E+1	3.12379E+4	9.47995E+4	4.81004E+6	1.21172E+6	7.75098E+4	3.59706E+6
1.29000E+1	3.12113E+4	9.45346E+4	4.43818E+6	1.21139E+6	7.75382E+4	3.45236E+6
1.30000E+1	3.10274E+4	9.39923E+4	4.09021E+6	1.18997E+6	7.76388E+4	3.36976E+6
1.31000E+1	3.13306E+4	9.46944E+4	4.70738E+6	1.22409E+6	7.79167E+4	3.65702E+6
1.32000E+1	3.13590E+4	9.42339E+4	4.47497E+6	1.19649E+6	7.76388E+4	3.39162E+6
1.33000E+1	3.11148E+4	9.49990E+4	4.54897E+6	1.20013E+6	7.78189E+4	3.47857E+6
1.34000E+1	3.12773E+4	9.41343E+4	3.93339E+6	1.17440E+6	7.77629E+4	3.46051E+6
1.35000E+1	3.11891E+4	9.49867E+4	4.70440E+6	1.19861E+6	7.76805E+4	3.81877E+6
1.36000E+1	3.10733E+4	9.42339E+4	4.03384E+6	1.17044E+6	7.73049E+4	3.39240E+6
1.37000E+1	3.10938E+4	9.46932E+4	4.44150E+6	1.18885E+6	7.76184E+4	3.49973E+6
1.38000E+1	3.10617E+4	9.42023E+4	4.15862E+6	1.19325E+6	7.74539E+4	3.42412E+6
1.39000E+1	3.14051E+4	9.48717E+4	4.79070E+6	1.21411E+6	7.80464E+4	3.55613E+6
1.40000E+1	3.10335E+4	9.39584E+4	3.97576E+6	1.17403E+6	7.78566E+4	3.28353E+6
1.41000E+1	3.11215E+4	9.41197E+4	4.45416E+6	1.18954E+6	7.76052E+4	3.27837E+6
1.42000E+1	3.12368E+4	9.46883E+4	4.34397E+6	1.20127E+6	7.75971E+4	3.39358E+6
1.43000E+1	3.12196E+4	9.39293E+4	4.37214E+6	1.17075E+6	7.73444E+4	3.29166E+6
1.44000E+1	3.10661E+4	9.45053E+4	4.36378E+6	1.20918E+6	7.76459E+4	3.45887E+6
1.45000E+1	3.11287E+4	9.45407E+4	4.43884E+6	1.20934E+6	7.74428E+4	3.49681E+6
1.46000E+1	3.10739E+4	9.39754E+4	4.44482E+6	1.15854E+6	7.74550E+4	3.38183E+6
1.47000E+1	3.11226E+4	9.41416E+4	4.13653E+6	1.19249E+6	7.75037E+4	3.30468E+6
1.48000E+1	3.10390E+4	9.45821E+4	4.74489E+6	1.20774E+6	7.76856E+4	3.63487E+6
1.49000E+1	3.07178E+4	9.44590E+4	4.01139E+6	1.16289E+6	7.75819E+4	3.34664E+6
1.50000E+1	3.09500E+4	9.43482E+4	4.59894E+6	1.19142E+6	7.76012E+4	3.45520E+6
1.51000E+1	3.09787E+4	9.40154E+4	4.04156E+6	1.17976E+6	7.76713E+4	3.54154E+6
1.52000E+1	3.09224E+4	9.43543E+4	4.71259E+6	1.19844E+6	7.77690E+4	3.51146E+6
1.53000E+1	3.08710E+4	9.39014E+4	4.20230E+6	1.16268E+6	7.75331E+4	3.40107E+6
1.54000E+1	3.07316E+4	9.41258E+4	4.07724E+6	1.16068E+6	7.76418E+4	3.25138E+6
1.55000E+1	3.06964E+4	9.44541E+4	4.42957E+6	1.20653E+6	7.81680E+4	3.45114E+6
1.56000E+1	3.07586E+4	9.38845E+4	3.97951E+6	1.18714E+6	7.76784E+4	3.18644E+6
1.57000E+1	3.09014E+4	9.40772E+4	4.39025E+6	1.19072E+6	7.80780E+4	3.46378E+6
1.58000E+1	3.09152E+4	9.42181E+4	4.19515E+6	1.20313E+6	7.78984E+4	3.34664E+6
1.59000E+1	3.04744E+4	9.41246E+4	4.15453E+6	1.17335E+6	7.76744E+4	3.33748E+6
1.60000E+1	3.08368E+4	9.44627E+4	4.61106E+6	1.20412E+6	7.80014E+4	3.60722E+6
1.61000E+1	3.06281E+4	9.40263E+4	4.10724E+6	1.18458E+6	7.78597E+4	3.23446E+6
1.62000E+1	3.07503E+4	9.49035E+4	4.45616E+6	1.17158E+6	7.79239E+4	3.65158E+6
1.63000E+1	3.06111E+4	9.46029E+4	4.04654E+6	1.17419E+6	7.74803E+4	3.41773E+6
1.64000E+1	3.06155E+4	9.42765E+4	4.21306E+6	1.20329E+6	7.78495E+4	3.51062E+6
1.65000E+1	3.03944E+4	9.41513E+4	4.21006E+6	1.17388E+6	7.77802E+4	3.46132E+6
1.66000E+1	3.06435E+4	9.42752E+4	4.19040E+6	1.17518E+6	7.78597E+4	3.61609E+6
1.67000E+1	3.04618E+4	9.40687E+4	4.05265E+6	1.14381E+6	7.79810E+4	3.34588E+6
1.68000E+1	3.07316E+4	9.44347E+4	4.58334E+6	1.20171E+6	7.79759E+4	3.47939E+6
1.69000E+1	3.04788E+4	9.38336E+4	4.06267E+6	1.15345E+6	7.78097E+4	3.39280E+6
1.70000E+1	3.06986E+4	9.42497E+4	4.40263E+6	1.18198E+6	7.77700E+4	3.43980E+6
1.71000E+1	3.06815E+4	9.43677E+4	4.70217E+6	1.17728E+6	7.80709E+4	3.51651E+6
1.72000E+1	3.04371E+4	9.35653E+4	3.96455E+6	1.17781E+6	7.77100E+4	3.26920E+6
1.73000E+1	3.05974E+4	9.41804E+4	4.48443E+6	1.20554E+6	7.80280E+4	3.39910E+6
1.74000E+1	3.07140E+4	9.45736E+4	4.81704E+6	1.16712E+6	7.81240E+4	3.38926E+6
1.75000E+1	3.04399E+4	9.38155E+4	3.79668E+6	1.13687E+6	7.76886E+4	3.23231E+6
1.76000E+1	3.06947E+4	9.39548E+4	4.28310E+6	1.16675E+6	7.78546E+4	3.39831E+6
1.77000E+1	3.06100E+4	9.44176E+4	4.53578E+6	1.17634E+6	7.80178E+4	3.40067E+6
1.78000E+1	3.05479E+4	9.36474E+4	3.95288E+6	1.16304E+6	7.75280E+4	3.30505E+6
1.79000E+1	3.08390E+4	9.38833E+4	4.35481E+6	1.17828E+6	7.78872E+4	3.46582E+6
1.80000E+1	3.06441E+4	9.44079E+4	4.11639E+6	1.17372E+6	7.79443E+4	3.40700E+6
1.81000E+1	3.05578E+4	9.34531E+4	3.98811E+6	1.16238E+6	7.75433E+4	3.23481E+6
1.82000E+1	3.07817E+4	9.45260E+4	4.30487E+6	1.17440E+6	7.81291E+4	3.55871E+6
1.83000E+1	3.04892E+4	9.39996E+4	4.00650E+6	1.16145E+6	7.79463E+4	3.24596E+6
1.84000E+1	3.06336E+4	9.36643E+4	4.52060E+6	1.20346E+6	7.82334E+4	3.57430E+6
1.85000E+1	3.08539E+4	9.37405E+4	4.47160E+6	1.15421E+6	7.77232E+4	3.22659E+6
1.86000E+1	3.07586E+4	9.44688E+4	4.55106E+6	1.18778E+6	7.83717E+4	3.42573E+6
1.87000E+1	3.04563E+4	9.38373E+4	4.21666E+6	1.15533E+6	7.78158E+4	3.23124E+6
1.88000E+1	3.08054E+4	9.43640E+4	4.34970E+6	1.19190E+6	7.79535E+4	3.42653E+6
1.89000E+1	3.04174E+4	9.33507E+4	4.15220E+6	1.18965E+6	7.78036E+4	3.34206E+6
1.90000E+1	3.06842E+4	9.37054E+4	4.37085E+6	1.16997E+6	7.74621E+4	3.32686E+6
1.91000E+1	3.05908E+4	9.42497E+4	4.33761E+6	1.19249E+6	7.79565E+4	3.41973E+6
1.92000E+1	3.04788E+4	9.35122E+4	4.28681E+6	1.14646E+6	7.78423E+4	3.23052E+6
1.93000E+1	3.07233E+4	9.40105E+4	4.54202E+6	1.17723E+6	7.79626E+4	3.51356E+6
1.94000E+1	3.05710E+4	9.32411E+4	3.81141E+6	1.14237E+6	7.77385E+4	3.17811E+6
1.95000E+1	3.05446E+4	9.38518E+4	4.15337E+6	1.18831E+6	7.77354E+4	3.27470E+6
1.96000E+1	3.07079E+4	9.36957E+4	4.41836E+6	1.19115E+6	7.80790E+4	3.27030E+6
1.97000E+1	3.06199E+4	9.40142E+4	4.38831E+6	1.19427E+6	7.79086E+4	3.28796E+6
1.98000E+1	3.05265E+4	9.43251E+4	4.32686E+6	1.18826E+6	7.80770E+4	3.46091E+6
1.99000E+1	3.05232E+4	9.36547E+4	4.22568E+6	1.13584E+6	7.78240E+4	3.37520E+6
2.00000E+1	3.04042E+4	9.38712E+4	4.43089E+6	1.17571E+6	7.81659E+4	3.35662E+6
2.01000E+1	3.04782E+4	9.40287E+4	4.56434E+6	1.16376E+6	7.81209E+4	3.26445E+6
2.02000E+1	3.03977E+4	9.34893E+4	3.94601E+6	1.15721E+6	7.78933E+4	3.18227E+6
2.03000E+1	3.06111E+4	9.37381E+4	4.37859E+6	1.18564E+6	7.80811E+4	3.54882E+6
2.04000E+1	3.04766E+4	9.34567E+4	4.22207E+6	1.18453E+6	7.79657E+4	3.47075E+6
2.05000E+1	3.06325E+4	9.35182E+4	3.99188E+6	1.16135E+6	7.80658E+4	3.29871E+6
2.06000E+1	3.05902E+4	9.37187E+4	4.20349E+6	1.18034E+6	7.79463E+4	3.36241E+6
2.07000E+1	3.06342E+4	9.33591E+4	4.36250E+6	1.18559E+6	7.80607E+4	3.34703E+6
2.08000E+1	3.06045E+4	9.31690E+4	4.01139E+6	1.17288E+6	7.83164E+4	3.21063E+6
2.09000E+1	3.05853E+4	9.35617E+4	4.42231E+6	1.18134E+6	7.77965E+4	3.29760E+6
2.10000E+1	3.06468E+4	9.36692E+4	4.42099E+6	1.17262E+6	7.76866E+4	3.42893E+6
2.11000E+1	3.05584E+4	9.32435E+4	4.45349E+6	1.16940E+6	7.78698E+4	3.25391E+6
2.12000E+1	3.07569E+4	9.34206E+4	4.07949E+6	1.18034E+6	7.76896E+4	3.43496E+6
2.13000E+1	3.05968E+4	9.33977E+4	4.11639E+6	1.16603E+6	7.75788E+4	3.34932E+6
2.14000E+1	3.05891E+4	9.35496E+4	4.49325E+6	1.18442E+6	7.81741E+4	3.54069E+6
2.15000E+1	3.04311E+4	9.29384E+4	4.32559E+6	1.15543E+6	7.77497E+4	3.49099E+6
2.16000E+1	3.02816E+4	9.28797E+4	4.27507E+6	1.16743E+6	7.76428E+4	3.39791E+6
2.17000E+1	3.02926E+4	9.29912E+4	4.12615E+6	1.16243E+6	7.75108E+4	3.33444E+6
2.18000E+1	3.01909E+4	9.25734E+4	3.92398E+6	1.13201E+6	7.72847E+4	3.22909E+6
2.19000E+1	3.03779E+4	9.30620E+4	4.38183E+6	1.17786E+6	7.75433E+4	3.32875E+6
2.20000E+1	3.02548E+4	9.19624E+4	4.04267E+6	1.12154E+6	7.72148E+4	3.20675E+6
2.21000E+1	3.02581E+4	9.28342E+4	4.28992E+6	1.17320E+6	7.75808E+4	3.51020E+6
2.22000E+1	3.02095E+4	9.18153E+4	4.02396E+6	1.15767E+6	7.71724E+4	3.25427E+6
2.23000E+1	2.99750E+4	9.15442E+4	3.84773E+6	1.14947E+6	7.71036E+4	3.14997E+6
2.24000E+1	3.01729E+4	9.21264E+4	4.22749E+6	1.15798E+6	7.73941E+4	3.50057E+6
2.25000E+1	2.95362E+4	9.20562E+4	3.80895E+6	1.13919E+6	7.71107E+4	3.27910E+6
2.26000E+1	2.94433E+4	9.14202E+4	3.47243E+6	1.12782E+6	7.66822E+4	3.15747E+6
2.27000E+1	2.91353E+4	9.19660E+4	4.04101E+6	1.15706E+6	7.73434E+4	3.36202E+6
2.28000E+1	2.85965E+4	9.17489E+4	3.71760E+6	1.15356E+6	7.72867E+4	3.26300E+6
2.29000E+1	2.84401E+4	9.10726E+4	3.37446E+6	1.11276E+6	7.70046E+4	3.03857E+6
2.30000E+1	2.83716E+4	9.15691E+4	3.52035E+6	1.11876E+6	7.70784E+4	3.34626E+6
2.31000E+1	2.83095E+4	9.23573E+4	3.53306E+6	1.15047E+6	7.71744E+4	3.44424E+6
2.32000E+1	2.79324E+4	9.12680E+4	3.32387E+6	1.10658E+6	7.66330E+4	3.15235E+6
2.33000E+1	2.78376E+4	9.08412E+4	3.27400E+6	1.07595E+6	7.67788E+4	3.08788E+6
2.34000E+1	2.79155E+4	9.13459E+4	3.37290E+6	1.10391E+6	7.69451E+4	3.34129E+6
2.35000E+1	2.75875E+4	9.10197E+4	3.43943E+6	1.10219E+6	7.67778E+4	3.31667E+6
2.36000E+1	2.76179E+4	9.10009E+4	3.17988E+6	1.07218E+6	7.68393E+4	3.11629E+6
2.37000E+1	2.75225E+4	9.11573E+4	3.44267E+6	1.09658E+6	7.69280E+4	3.31104E+6
2.38000E+1	2.72558E+4	9.07028E+4	3.38852E+6	1.06900E+6	7.65506E+4	3.10666E+6
2.39000E+1	2.75791E+4	9.07942E+4	3.16848E+6	1.10070E+6	7.66933E+4	3.27323E+6
2.40000E+1	2.73320E+4	9.09539E+4	3.44307E+6	1.09663E+6	7.69885E+4	3.45928E+6
2.41000E+1	2.71552E+4	9.08470E+4	3.39362E+6	1.09511E+6	7.67446E+4	3.36009E+6
2.42000E+1	2.71615E+4	9.03613E+4	3.11866E+6	1.06781E+6	7.65546E+4	3.27690E+6
2.43000E+1	2.69119E+4	9.04664E+4	2.99602E+6	1.06922E+6	7.68191E+4	3.18366E+6
2.44000E+1	2.71615E+4	9.08611E+4	3.35282E+6	1.08566E+6	7.70612E+4	3.18888E+6
2.45000E+1	2.68289E+4	9.02306E+4	2.99726E+6	1.06746E+6	7.68765E+4	3.08657E+6
2.46000E+1	2.72157E+4	9.05518E+4	3.26997E+6	1.08915E+6	7.67567E+4	3.38730E+6
2.47000E+1	2.69508E+4	8.99431E+4	3.02690E+6	1.04863E+6	7.66732E+4	3.05708E+6
2.48000E+1	2.69934E+4	9.00501E+4	3.22627E+6	1.07859E+6	7.69280E+4	3.16364E+6
2.49000E+1	2.67911E+4	8.98885E+4	3.14219E+6	1.04355E+6	7.68312E+4	3.02561E+6
2.50000E+1	2.70002E+4	9.00792E+4	3.23772E+6	1.05922E+6	7.69471E+4	3.22268E+6
2.51000E+1	2.70896E+4	9.04396E+4	3.23844E+6	1.07814E+6	7.71622E+4	3.23052E+6
2.52000E+1	2.70870E+4	8.99013E+4	3.09909E+6	1.04617E+6	7.67225E+4	2.94706E+6
2.53000E+1	2.69971E+4	9.03053E+4	3.25976E+6	1.07591E+6	7.69744E+4	3.38769E+6
2.54000E+1	2.69010E+4	8.97515E+4	3.11933E+6	1.06013E+6	7.68574E+4	3.00808E+6
2.55000E+1	2.71167E+4	9.00443E+4	3.33638E+6	1.08213E+6	7.70672E+4	3.18088E+6
2.56000E+1	2.69171E+4	9.03240E+4	3.31108E+6	1.06505E+6	7.69532E+4	3.21877E+6
2.57000E+1	2.69846E+4	8.94053E+4	2.98035E+6	1.04136E+6	7.68111E+4	2.96966E+6
2.58000E+1	2.70303E+4	8.98281E+4	3.31445E+6	1.07276E+6	7.74022E+4	3.21664E+6
2.59000E+1	2.70007E+4	8.98850E+4	3.13206E+6	1.06768E+6	7.72371E+4	3.19167E+6
2.60000E+1	2.70376E+4	8.94065E+4	3.10173E+6	1.06270E+6	7.67849E+4	3.07809E+6
2.61000E+1	2.70927E+4	8.97550E+4	3.37368E+6	1.08516E+6	7.70723E+4	3.12968E+6
2.62000E+1	2.70080E+4	8.93221E+4	3.09054E+6	1.06650E+6	7.67315E+4	2.97666E+6
2.63000E+1	2.72277E+4	9.00583E+4	3.40546E+6	1.08448E+6	7.69360E+4	3.22197E+6
2.64000E+1	2.68476E+4	8.93822E+4	3.13206E+6	1.08588E+6	7.71643E+4	3.05644E+6
2.65000E+1	2.69654E+4	8.93683E+4	3.08171E+6	1.07134E+6	7.69814E+4	2.92214E+6
2.66000E+1	2.70626E+4	8.91560E+4	2.97547E+6	1.06878E+6	7.65516E+4	2.99321E+6
2.67000E+1	2.72438E+4	8.94978E+4	3.14694E+6	1.06663E+6	7.69572E+4	3.00559E+6
2.68000E+1	2.72720E+4	8.94955E+4	3.39835E+6	1.07342E+6	7.75504E+4	3.11030E+6
2.69000E+1	2.71979E+4	8.92921E+4	2.96575E+6	1.04931E+6	7.68876E+4	2.94019E+6
2.70000E+1	2.73012E+4	8.95152E+4	3.32841E+6	1.08820E+6	7.70178E+4	3.07777E+6
2.71000E+1	2.71427E+4	8.92194E+4	3.04209E+6	1.06457E+6	7.67678E+4	2.95666E+6
2.72000E+1	2.72777E+4	8.95800E+4	3.31145E+6	1.07262E+6	7.73819E+4	3.09510E+6
2.73000E+1	2.72423E+4	8.92494E+4	3.19415E+6	1.05046E+6	7.69713E+4	2.93990E+6
2.74000E+1	2.73785E+4	8.93372E+4	3.30061E+6	1.07200E+6	7.72675E+4	2.98675E+6
2.75000E+1	2.73237E+4	8.92171E+4	3.31633E+6	1.08389E+6	7.68080E+4	2.90255E+6
2.76000E+1	2.73023E+4	8.88487E+4	3.13678E+6	1.06957E+6	7.66963E+4	2.77650E+6
2.77000E+1	2.72532E+4	8.90143E+4	3.04050E+6	1.05849E+6	7.68907E+4	2.84110E+6
2.78000E+1	2.74465E+4	8.91168E+4	3.30173E+6	1.10433E+6	7.70784E+4	3.15952E+6
2.79000E+1	2.75911E+4	8.94735E+4	3.23915E+6	1.05862E+6	7.69118E+4	2.95907E+6
2.80000E+1	2.74523E+4	8.90961E+4	3.17988E+6	1.09075E+6	7.66973E+4	2.99321E+6
2.81000E+1	2.72960E+4	8.91560E+4	3.20784E+6	1.07271E+6	7.68876E+4	2.99846E+6
2.82000E+1	2.75759E+4	8.93383E+4	3.24203E+6	1.09787E+6	7.71309E+4	3.16845E+6
2.83000E+1	2.73765E+4	8.90638E+4	3.25105E+6	1.09194E+6	7.70571E+4	2.96481E+6
2.84000E+1	2.72543E+4	8.88579E+4	3.18126E+6	1.08011E+6	7.68927E+4	2.95847E+6
2.85000E+1	2.75010E+4	8.87431E+4	3.04974E+6	1.07129E+6	7.69673E+4	2.83221E+6
2.86000E+1	2.77187E+4	8.91099E+4	3.29170E+6	1.11186E+6	7.71451E+4	2.97361E+6
2.87000E+1	2.76069E+4	8.91756E+4	3.31709E+6	1.09231E+6	7.72523E+4	3.05612E+6
2.88000E+1	2.76824E+4	8.92760E+4	3.45973E+6	1.11361E+6	7.72351E+4	3.04206E+6
2.89000E+1	2.77208E+4	8.89856E+4	3.34592E+6	1.10804E+6	7.72331E+4	2.95576E+6
2.90000E+1	2.76137E+4	8.87190E+4	3.17538E+6	1.06729E+6	7.68070E+4	2.80640E+6
2.91000E+1	2.76247E+4	8.88292E+4	3.09021E+6	1.08838E+6	7.67335E+4	2.85538E+6
2.92000E+1	2.79815E+4	8.91307E+4	3.36052E+6	1.11670E+6	7.73505E+4	2.96996E+6
2.93000E+1	2.78249E+4	8.90316E+4	3.43822E+6	1.10710E+6	7.70571E+4	3.01807E+6
2.94000E+1	2.79451E+4	8.91353E+4	3.21102E+6	1.07953E+6	7.67094E+4	2.99352E+6
2.95000E+1	2.78660E+4	8.88637E+4	3.34975E+6	1.10158E+6	7.71471E+4	2.92981E+6
2.96000E+1	2.76567E+4	8.84349E+4	3.05134E+6	1.07050E+6	7.66973E+4	2.85961E+6
2.97000E+1	2.76856E+4	8.85608E+4	3.06807E+6	1.08240E+6	7.67205E+4	2.81651E+6
2.98000E+1	2.79451E+4	8.87362E+4	3.32425E+6	1.10658E+6	7.70046E+4	2.79259E+6
2.99000E+1	2.80892E+4	8.93291E+4	3.43219E+6	1.11006E+6	7.73728E+4	3.01026E+6
3.00000E+1	2.79430E+4	8.91214E+4	3.58482E+6	1.12087E+6	7.72523E+4	3.08919E+6
3.01000E+1	2.80871E+4	8.93348E+4	3.42897E+6	1.11565E+6	7.71410E+4	3.01776E+6
3.02000E+1	2.80966E+4	8.89879E+4	3.44671E+6	1.12743E+6	7.71521E+4	2.91568E+6
3.03000E+1	2.80448E+4	8.87121E+4	3.27988E+6	1.08643E+6	7.70632E+4	2.89011E+6
3.04000E+1	2.82273E+4	8.90638E+4	3.23844E+6	1.09276E+6	7.68594E+4	2.90808E+6
3.05000E+1	2.81209E+4	8.89257E+4	3.44428E+6	1.12928E+6	7.69451E+4	2.87322E+6
3.06000E+1	2.81373E+4	8.93857E+4	3.47243E+6	1.12197E+6	7.71673E+4	3.00528E+6
3.07000E+1	2.82188E+4	8.91606E+4	3.50479E+6	1.12385E+6	7.74803E+4	2.95155E+6
3.08000E+1	2.81077E+4	8.88281E+4	3.52712E+6	1.10382E+6	7.72644E+4	3.01463E+6
3.09000E+1	2.80956E+4	8.88694E+4	3.41419E+6	1.11542E+6	7.69885E+4	2.85820E+6
3.10000E+1	2.80919E+4	8.84006E+4	3.31333E+6	1.11575E+6	7.72442E+4	2.96511E+6
3.11000E+1	2.80823E+4	8.83788E+4	3.17711E+6	1.09093E+6	7.68675E+4	2.76060E+6
3.12000E+1	2.81146E+4	8.87052E+4	3.15204E+6	1.07904E+6	7.68443E+4	2.71341E+6
3.13000E+1	2.82490E+4	8.84898E+4	3.17331E+6	1.09594E+6	7.69038E+4	2.86867E+6
3.14000E+1	2.82581E+4	8.89028E+4	3.24347E+6	1.10056E+6	7.68856E+4	2.82035E+6
3.15000E+1	2.80993E+4	8.83423E+4	3.25069E+6	1.09272E+6	7.67929E+4	2.78211E+6
3.16000E+1	2.81072E+4	8.86135E+4	3.27437E+6	1.07734E+6	7.69290E+4	2.74591E+6
3.17000E+1	2.80670E+4	8.86536E+4	3.37058E+6	1.11766E+6	7.69078E+4	2.84194E+6
3.18000E+1	2.81178E+4	8.85562E+4	3.35705E+6	1.11124E+6	7.70854E+4	2.94527E+6
3.19000E+1	2.81458E+4	8.85665E+4	3.17745E+6	1.09644E+6	7.66501E+4	2.82530E+6
3.20000E+1	2.84768E+4	8.81778E+4	3.16436E+6	1.09973E+6	7.68957E+4	2.76986E+6
3.21000E+1	2.83477E+4	8.89695E+4	3.64393E+6	1.11623E+6	7.68876E+4	2.93692E+6
3.22000E+1	2.82623E+4	8.88763E+4	3.40902E+6	1.13069E+6	7.70491E+4	2.92892E+6
3.23000E+1	2.83222E+4	8.87133E+4	3.31445E+6	1.11418E+6	7.69835E+4	2.87151E+6
3.24000E+1	2.81389E+4	8.83880E+4	3.15580E+6	1.10070E+6	7.67537E+4	2.70097E+6
3.25000E+1	2.84465E+4	8.84886E+4	3.47449E+6	1.10616E+6	7.71966E+4	2.86753E+6
3.26000E+1	2.84358E+4	8.87018E+4	3.42537E+6	1.12627E+6	7.74418E+4	3.10599E+6
3.27000E+1	2.81294E+4	8.82874E+4	3.14118E+6	1.09843E+6	7.65867E+4	2.77677E+6
3.28000E+1	2.84087E+4	8.90765E+4	3.31108E+6	1.10940E+6	7.67637E+4	2.88695E+6
3.29000E+1	2.84518E+4	8.89349E+4	3.48357E+6	1.13186E+6	7.71946E+4	3.01776E+6
3.30000E+1	2.83535E+4	8.87488E+4	3.22449E+6	1.10682E+6	7.67496E+4	2.76297E+6
3.31000E+1	2.83620E+4	8.87270E+4	3.40744E+6	1.11030E+6	7.70269E+4	2.89965E+6
3.32000E+1	2.83503E+4	8.86616E+4	3.44874E+6	1.13979E+6	7.71693E+4	2.90983E+6
3.33000E+1	2.83694E+4	8.83000E+4	3.18822E+6	1.10130E+6	7.67496E+4	2.81541E+6
3.34000E+1	2.84454E+4	8.89142E+4	3.49769E+6	1.11718E+6	7.71228E+4	2.84389E+6
3.35000E+1	2.84002E+4	8.91456E+4	3.49852E+6	1.11030E+6	7.71269E+4	2.91509E+6
3.36000E+1	2.83111E+4	8.86146E+4	3.20608E+6	1.09442E+6	7.67960E+4	2.69517E+6
3.37000E+1	2.84082E+4	8.86123E+4	3.40467E+6	1.13030E+6	7.69734E+4	2.91012E+6
3.38000E+1	2.85545E+4	8.90512E+4	3.40942E+6	1.13426E+6	7.70935E+4	2.94676E+6
3.39000E+1	2.83381E+4	8.81915E+4	3.30771E+6	1.08911E+6	7.67426E+4	2.71673E+6
3.40000E+1	2.86162E+4	8.87844E+4	3.23628E+6	1.11751E+6	7.71481E+4	2.83915E+6
3.41000E+1	2.83806E+4	8.87190E+4	3.36786E+6	1.14821E+6	7.70531E+4	2.86187E+6
3.42000E+1	2.85853E+4	8.87970E+4	3.59931E+6	1.14591E+6	7.73029E+4	2.94437E+6
3.43000E+1	2.82581E+4	8.84646E+4	3.33790E+6	1.11219E+6	7.69734E+4	2.76562E+6
3.44000E+1	2.84013E+4	8.85837E+4	3.26121E+6	1.08824E+6	7.68564E+4	2.69391E+6
3.45000E+1	2.85928E+4	8.88441E+4	3.47284E+6	1.11962E+6	7.73120E+4	2.90255E+6
3.46000E+1	2.82904E+4	8.87856E+4	3.41618E+6	1.11072E+6	7.72543E+4	2.91304E+6
3.47000E+1	2.84874E+4	8.88614E+4	3.25721E+6	1.11708E+6	7.69118E+4	2.89011E+6
3.48000E+1	2.85816E+4	8.90420E+4	3.40388E+6	1.14801E+6	7.72786E+4	2.98154E+6
3.49000E+1	2.85736E+4	8.91122E+4	3.66527E+6	1.14721E+6	7.68050E+4	2.93841E+6
3.50000E+1	2.86210E+4	8.90903E+4	3.39953E+6	1.11766E+6	7.70713E+4	2.88724E+6
3.51000E+1	2.86306E+4	8.86249E+4	3.45280E+6	1.10112E+6	7.70986E+4	2.83000E+6
3.52000E+1	2.86418E+4	8.84829E+4	3.28209E+6	1.09244E+6	7.69915E+4	2.74409E+6
3.53000E+1	2.83663E+4	8.80775E+4	3.17296E+6	1.08520E+6	7.69411E+4	2.69794E+6
3.54000E+1	2.83689E+4	8.85241E+4	3.19835E+6	1.09419E+6	7.71036E+4	2.74226E+6
3.55000E+1	2.83636E+4	8.82166E+4	3.10371E+6	1.09973E+6	7.72361E+4	2.79340E+6
3.56000E+1	2.84167E+4	8.83274E+4	3.16573E+6	1.10569E+6	7.67205E+4	2.65792E+6
3.57000E+1	2.84316E+4	8.83331E+4	3.15853E+6	1.10518E+6	7.66179E+4	2.74122E+6
3.58000E+1	2.84980E+4	8.83205E+4	3.19170E+6	1.08643E+6	7.70117E+4	2.72262E+6
3.59000E+1	2.84619E+4	8.83857E+4	3.18404E+6	1.08132E+6	7.68776E+4	2.67294E+6
3.60000E+1	2.83312E+4	8.84303E+4	3.14898E+6	1.09561E+6	7.68393E+4	2.65792E+6
3.61000E+1	2.82337E+4	8.81995E+4	3.27400E+6	1.10578E+6	7.71430E+4	2.71061E+6
3.62000E+1	2.84518E+4	8.87098E+4	3.27730E+6	1.09792E+6	7.70824E+4	2.84780E+6
3.63000E+1	2.88485E+4	8.92725E+4	3.65616E+6	1.13810E+6	7.72553E+4	2.92774E+6
3.64000E+1	2.85832E+4	8.93198E+4	3.63267E+6	1.16639E+6	7.75067E+4	2.92951E+6
3.65000E+1	2.85545E+4	8.91330E+4	3.45688E+6	1.12743E+6	7.71269E+4	2.84473E+6
3.66000E+1	2.86397E+4	8.84646E+4	3.48854E+6	1.11105E+6	7.70571E+4	2.69215E+6
3.67000E+1	2.84172E+4	8.86765E+4	3.42256E+6	1.11613E+6	7.71916E+4	2.90400E+6
3.68000E+1	2.84034E+4	8.85986E+4	3.49186E+6	1.14446E+6	7.71794E+4	2.90081E+6
3.69000E+1	2.87715E+4	8.92991E+4	3.67214E+6	1.14476E+6	7.73232E+4	3.00839E+6
3.70000E+1	2.87224E+4	8.91710E+4	3.66162E+6	1.13969E+6	7.71127E+4	2.90197E+6
3.71000E+1	2.87966E+4	8.91698E+4	3.59975E+6	1.12860E+6	7.75961E+4	3.02592E+6
3.72000E+1	2.86973E+4	8.92171E+4	3.63942E+6	1.13539E+6	7.74976E+4	3.04524E+6
3.73000E+1	2.86936E+4	8.91526E+4	3.55402E+6	1.12636E+6	7.75727E+4	3.00001E+6
3.74000E+1	2.86909E+4	8.93383E+4	3.52246E+6	1.15497E+6	7.72978E+4	2.88724E+6
3.75000E+1	2.87774E+4	8.91191E+4	3.77576E+6	1.14103E+6	7.69703E+4	2.96784E+6
3.76000E+1	2.85401E+4	8.88166E+4	3.51360E+6	1.12433E+6	7.74854E+4	2.75350E+6
3.77000E+1	2.85502E+4	8.89234E+4	3.19101E+6	1.10349E+6	7.70309E+4	2.81295E+6
3.78000E+1	2.88806E+4	8.92240E+4	3.72796E+6	1.12738E+6	7.72948E+4	2.92449E+6
3.79000E+1	2.85417E+4	8.84108E+4	3.36013E+6	1.09446E+6	7.72462E+4	2.72879E+6
3.80000E+1	2.88854E+4	8.86399E+4	3.24419E+6	1.10121E+6	7.71006E+4	2.74748E+6
3.81000E+1	2.90215E+4	8.90477E+4	3.37213E+6	1.11399E+6	7.71107E+4	2.77971E+6
3.82000E+1	2.90285E+4	8.94331E+4	3.57783E+6	1.14083E+6	7.74316E+4	3.04588E+6
3.83000E+1	2.89631E+4	8.91445E+4	3.52077E+6	1.16222E+6	7.73505E+4	2.92656E+6
3.84000E+1	2.89057E+4	8.92748E+4	3.48274E+6	1.13663E+6	7.74124E+4	2.91334E+6
3.85000E+1	2.87918E+4	8.91479E+4	3.34821E+6	1.13191E+6	7.72654E+4	2.82751E+6
3.86000E+1	2.86370E+4	8.84829E+4	3.43420E+6	1.12511E+6	7.72219E+4	2.77624E+6
3.87000E+1	2.89148E+4	8.88131E+4	3.33866E+6	1.12048E+6	7.69431E+4	2.73888E+6
3.88000E+1	2.90456E+4	8.86582E+4	3.18126E+6	1.10855E+6	7.69441E+4	2.70477E+6
3.89000E+1	2.91466E+4	8.93383E+4	3.67811E+6	1.16299E+6	7.74915E+4	2.91979E+6
3.90000E+1	2.89695E+4	8.91825E+4	3.50940E+6	1.12472E+6	7.71552E+4	2.87949E+6
3.91000E+1	2.89625E+4	8.87052E+4	3.37874E+6	1.10349E+6	7.71562E+4	2.65253E+6
3.92000E+1	2.87806E+4	8.84577E+4	3.26376E+6	1.10527E+6	7.68463E+4	2.66061E+6
3.93000E+1	2.88945E+4	8.91906E+4	3.46505E+6	1.11309E+6	7.70168E+4	2.73681E+6
3.94000E+1	2.90741E+4	8.88499E+4	3.51993E+6	1.11186E+6	7.71127E+4	2.73034E+6
3.95000E+1	2.89786E+4	8.86433E+4	3.33866E+6	1.11967E+6	7.72442E+4	2.77411E+6
3.96000E+1	2.88988E+4	8.90650E+4	3.47325E+6	1.13648E+6	7.70359E+4	2.82172E+6
3.97000E+1	2.91820E+4	8.91433E+4	3.74885E+6	1.15462E+6	7.74925E+4	3.05323E+6
3.98000E+1	2.89475E+4	8.89395E+4	3.72749E+6	1.12482E+6	7.74560E+4	2.82972E+6
3.99000E+1	2.88330E+4	8.84989E+4	3.33981E+6	1.10672E+6	7.71896E+4	2.80586E+6
4.00000E+1	2.89695E+4	8.85768E+4	3.21880E+6	1.10452E+6	7.67607E+4	2.69090E+6
4.01000E+1	2.90875E+4	8.90132E+4	3.46300E+6	1.11352E+6	7.70672E+4	2.73008E+6
4.02000E+1	2.90789E+4	8.91998E+4	3.74646E+6	1.17398E+6	7.75098E+4	2.88494E+6
4.03000E+1	2.90011E+4	8.92829E+4	3.59227E+6	1.14237E+6	7.72138E+4	2.89647E+6
4.04000E+1	2.89309E+4	8.91018E+4	3.50354E+6	1.13289E+6	7.72331E+4	2.87464E+6
4.05000E+1	2.89384E+4	8.84063E+4	3.26449E+6	1.10084E+6	7.68614E+4	2.67369E+6
4.06000E+1	2.88431E+4	8.89211E+4	3.30397E+6	1.12188E+6	7.69713E+4	2.81870E+6
4.07000E+1	2.91294E+4	8.92933E+4	3.65798E+6	1.13741E+6	7.74986E+4	2.94109E+6
4.08000E+1	2.88752E+4	8.88510E+4	3.38499E+6	1.11086E+6	7.72260E+4	2.76113E+6
4.09000E+1	2.88528E+4	8.85092E+4	3.39716E+6	1.11513E+6	7.69855E+4	2.68714E+6
4.10000E+1	2.87998E+4	8.83823E+4	3.36322E+6	1.11508E+6	7.68705E+4	2.74748E+6
4.11000E+1	2.88207E+4	8.90627E+4	3.24023E+6	1.09783E+6	7.69159E+4	2.68989E+6
4.12000E+1	2.89631E+4	8.89672E+4	3.35205E+6	1.09557E+6	7.71370E+4	2.65792E+6
4.13000E+1	2.89368E+4	8.91572E+4	3.46259E+6	1.12928E+6	7.70198E+4	2.89936E+6
4.14000E+1	2.90301E+4	8.92829E+4	3.54843E+6	1.14947E+6	7.75341E+4	2.97757E+6
4.15000E+1	2.89813E+4	8.88212E+4	3.36476E+6	1.11205E+6	7.70976E+4	2.78238E+6
4.16000E+1	2.90065E+4	8.83103E+4	3.19520E+6	1.10303E+6	7.70814E+4	2.69945E+6
4.17000E+1	2.89936E+4	8.89821E+4	3.24023E+6	1.11494E+6	7.69259E+4	2.71571E+6
4.18000E+1	2.91116E+4	8.89016E+4	3.47531E+6	1.11866E+6	7.72442E+4	2.74983E+6
4.19000E+1	2.92520E+4	8.91456E+4	3.45321E+6	1.13520E+6	7.72928E+4	2.95666E+6
4.20000E+1	2.90274E+4	8.89798E+4	3.59534E+6	1.15158E+6	7.72675E+4	2.89386E+6
4.21000E+1	2.91616E+4	8.85906E+4	3.29281E+6	1.09690E+6	7.69713E+4	2.76403E+6
4.22000E+1	2.89090E+4	8.89464E+4	3.38852E+6	1.10729E+6	7.71612E+4	2.68714E+6
4.23000E+1	2.93333E+4	8.90661E+4	3.41937E+6	1.13944E+6	7.71329E+4	2.93010E+6
4.24000E+1	2.91487E+4	8.95210E+4	3.71291E+6	1.13279E+6	7.73718E+4	3.02813E+6
4.25000E+1	2.92321E+4	8.92864E+4	3.65207E+6	1.14028E+6	7.75930E+4	2.93247E+6
4.26000E+1	2.89840E+4	8.94897E+4	3.53774E+6	1.14301E+6	7.75433E+4	2.87179E+6
4.27000E+1	2.89781E+4	8.94261E+4	3.48109E+6	1.14456E+6	7.73485E+4	2.81431E+6
4.28000E+1	2.90773E+4	8.91111E+4	3.47531E+6	1.11751E+6	7.73708E+4	2.77650E+6
4.29000E+1	2.91390E+4	8.91433E+4	3.55962E+6	1.13451E+6	7.73698E+4	2.92715E+6
4.30000E+1	2.87721E+4	8.88384E+4	3.64122E+6	1.11371E+6	7.71218E+4	2.75954E+6
4.31000E+1	2.90655E+4	8.88281E+4	3.33638E+6	1.09640E+6	7.68242E+4	2.73318E+6
4.32000E+1	2.90918E+4	8.96136E+4	3.51950E+6	1.11290E+6	7.71794E+4	2.95967E+6
4.33000E+1	2.91627E+4	8.88154E+4	3.27583E+6	1.08475E+6	7.71542E+4	2.80913E+6
4.34000E+1	2.91896E+4	8.87362E+4	3.32992E+6	1.08970E+6	7.70501E+4	2.66603E+6
4.35000E+1	2.90606E+4	8.84932E+4	3.21632E+6	1.09511E+6	7.70683E+4	2.62307E+6
4.36000E+1	2.91562E+4	8.87523E+4	3.27034E+6	1.08222E+6	7.68665E+4	2.77544E+6
4.37000E+1	2.90880E+4	8.91618E+4	3.34439E+6	1.11209E+6	7.73059E+4	2.80913E+6
4.38000E+1	2.92267E+4	8.93221E+4	3.74885E+6	1.10107E+6	7.75047E+4	2.92067E+6
4.39000E+1	2.92057E+4	8.92356E+4	3.81092E+6	1.12991E+6	7.73242E+4	3.01588E+6
4.40000E+1	2.90419E+4	8.87569E+4	3.42376E+6	1.08597E+6	7.71976E+4	2.75954E+6
4.41000E+1	2.90601E+4	8.85264E+4	3.29021E+6	1.09254E+6	7.69209E+4	2.68464E+6
4.42000E+1	2.87961E+4	8.88855E+4	3.39992E+6	1.08661E+6	7.71127E+4	2.66553E+6
4.43000E+1	2.91149E+4	8.86249E+4	3.25758E+6	1.07569E+6	7.69734E+4	2.69844E+6
4.44000E+1	2.90081E+4	8.87534E+4	3.24311E+6	1.06935E+6	7.71006E+4	2.82751E+6
4.45000E+1	2.94401E+4	8.85241E+4	3.24672E+6	1.08168E+6	7.68715E+4	2.73086E+6
4.46000E+1	2.91933E+4	8.87259E+4	3.25250E+6	1.08579E+6	7.68302E+4	2.66282E+6
4.47000E+1	2.88367E+4	8.88395E+4	3.28246E+6	1.07859E+6	7.70006E+4	2.71724E+6
4.48000E+1	2.88667E+4	8.88924E+4	3.37058E+6	1.08865E+6	7.69693E+4	2.71010E+6
4.49000E+1	2.91745E+4	8.89545E+4	3.33296E+6	1.10047E+6	7.70289E+4	2.65939E+6
4.50000E+1	2.92396E+4	8.93233E+4	3.34324E+6	1.10710E+6	7.72665E+4	2.78533E+6
4.51000E+1	2.93026E+4	8.91606E+4	3.50689E+6	1.10168E+6	7.74550E+4	2.97513E+6
4.52000E+1	2.94628E+4	8.95812E+4	3.65434E+6	1.11546E+6	7.76276E+4	2.92126E+6
4.53000E+1	2.92584E+4	8.90201E+4	3.49311E+6	1.11266E+6	7.73232E+4	2.86810E+6
4.54000E+1	2.92530E+4	8.90109E+4	3.43379E+6	1.11209E+6	7.72138E+4	2.77677E+6
4.55000E+1	2.90564E+4	8.88143E+4	3.43621E+6	1.10466E+6	7.73627E+4	2.80885E+6
4.56000E+1	2.91079E+4	8.91537E+4	3.75458E+6	1.11728E+6	7.74032E+4	2.80314E+6
4.57000E+1	2.92057E+4	8.90673E+4	3.49644E+6	1.11480E+6	7.72665E+4	2.81103E+6
4.58000E+1	2.90467E+4	8.89867E+4	3.45443E+6	1.08398E+6	7.72776E+4	2.78024E+6
4.59000E+1	2.93063E+4	8.91652E+4	3.38891E+6	1.11105E+6	7.71370E+4	2.76773E+6
4.60000E+1	2.91939E+4	8.88108E+4	3.25540E+6	1.08335E+6	7.69360E+4	2.72519E+6
4.61000E+1	2.91530E+4	8.88384E+4	3.20960E+6	1.10536E+6	7.70299E+4	2.64232E+6
4.62000E+1	2.94082E+4	8.94203E+4	3.53732E+6	1.11176E+6	7.71168E+4	2.85876E+6
4.63000E+1	2.94293E+4	8.92864E+4	3.75698E+6	1.12879E+6	7.74529E+4	2.89358E+6
4.64000E+1	2.91659E+4	8.90166E+4	3.43581E+6	1.11072E+6	7.74895E+4	2.71112E+6
4.65000E+1	2.92703E+4	8.88591E+4	3.39126E+6	1.10121E+6	7.72260E+4	2.82255E+6
4.66000E+1	2.93408E+4	8.92587E+4	3.32500E+6	1.11461E+6	7.72665E+4	2.72339E+6
4.67000E+1	2.94422E+4	8.90788E+4	3.40190E+6	1.11337E+6	7.71976E+4	2.76377E+6
4.68000E+1	2.94395E+4	8.90857E+4	3.52839E+6	1.12942E+6	7.73262E+4	2.91509E+6
4.69000E+1	2.94223E+4	8.92794E+4	3.40585E+6	1.10616E+6	7.71592E+4	2.79448E+6
4.70000E+1	2.94763E+4	8.87351E+4	3.26851E+6	1.10214E+6	7.72047E+4	2.69744E+6
4.71000E+1	2.91675E+4	8.90995E+4	3.25395E+6	1.11295E+6	7.70642E+4	2.79259E+6
4.72000E+1	2.92310E+4	8.90304E+4	3.29578E+6	1.08733E+6	7.73100E+4	2.72982E+6
4.73000E+1	2.93198E+4	8.90351E+4	3.42857E+6	1.08421E+6	7.69401E+4	2.81213E+6
4.74000E+1	2.96607E+4	8.91502E+4	3.61480E+6	1.12284E+6	7.75118E+4	2.79286E+6
4.75000E+1	2.95919E+4	8.92252E+4	3.54672E+6	1.11371E+6	7.74580E+4	2.79583E+6
4.76000E+1	2.94336E+4	8.90972E+4	3.61303E+6	1.10475E+6	7.72928E+4	2.69416E+6
4.77000E+1	2.93414E+4	8.86972E+4	3.24383E+6	1.10256E+6	7.71016E+4	2.70401E+6
4.78000E+1	2.95038E+4	8.91042E+4	3.35782E+6	1.10368E+6	7.72320E+4	2.68589E+6
4.79000E+1	2.94741E+4	8.95939E+4	3.52162E+6	1.10719E+6	7.72199E+4	2.76192E+6
4.80000E+1	2.97284E+4	8.92552E+4	3.46668E+6	1.11105E+6	7.74195E+4	2.98246E+6
4.81000E+1	2.94779E+4	8.94631E+4	3.39638E+6	1.09052E+6	7.69340E+4	2.68989E+6
4.82000E+1	2.93010E+4	8.94146E+4	3.30659E+6	1.08702E+6	7.72229E+4	2.68414E+6
4.83000E+1	2.94860E+4	8.91906E+4	3.50982E+6	1.10870E+6	7.73921E+4	2.78318E+6
4.84000E+1	2.96981E+4	8.98177E+4	3.74360E+6	1.12811E+6	7.76662E+4	2.90604E+6
4.85000E+1	2.97376E+4	8.94944E+4	3.47572E+6	1.12409E+6	7.72948E+4	2.82696E+6
4.86000E+1	2.94617E+4	8.91237E+4	3.25141E+6	1.10997E+6	7.71451E+4	2.74096E+6
4.87000E+1	2.94557E+4	8.96854E+4	3.41260E+6	1.12053E+6	7.72816E+4	2.81980E+6
4.88000E+1	2.98027E+4	9.00629E+4	3.66436E+6	1.12860E+6	7.76601E+4	2.90052E+6
4.89000E+1	2.97051E+4	8.98037E+4	3.75506E+6	1.13490E+6	7.74012E+4	3.01057E+6
4.90000E+1	2.97122E+4	8.95279E+4	3.54159E+6	1.13608E+6	7.75311E+4	2.74383E+6
4.91000E+1	2.94179E+4	8.92460E+4	3.30136E+6	1.08674E+6	7.71289E+4	2.67171E+6
4.92000E+1	2.95616E+4	8.91664E+4	3.43178E+6	1.11423E+6	7.73627E+4	2.82668E+6
4.93000E+1	2.95643E+4	8.92644E+4	3.42657E+6	1.10186E+6	7.69946E+4	2.73629E+6
4.94000E+1	2.97561E+4	8.92737E+4	3.42617E+6	1.10158E+6	7.71380E+4	2.71417E+6
4.95000E+1	2.96028E+4	8.94793E+4	3.73127E+6	1.14088E+6	7.72351E+4	2.81678E+6
4.96000E+1	2.98141E+4	9.00268E+4	3.69149E+6	1.11766E+6	7.76611E+4	3.06158E+6
4.97000E+1	2.97322E+4	8.98223E+4	3.72513E+6	1.14271E+6	7.75321E+4	2.98461E+6
4.98000E+1	2.97116E+4	9.01211E+4	3.88523E+6	1.14726E+6	7.76205E+4	2.97239E+6
4.99000E+1	2.97555E+4	8.96263E+4	3.69427E+6	1.14426E+6	7.76733E+4	2.87350E+6
5.00000E+1	2.95335E+4	8.94909E+4	3.42777E+6	1.10893E+6	7.72553E+4	2.75823E+6
5.01000E+1	2.97431E+4	8.92021E+4	3.40506E+6	1.12554E+6	7.72412E+4	2.76086E+6
5.02000E+1	2.93263E+4	8.95198E+4	3.26814E+6	1.12289E+6	7.74235E+4	2.75376E+6
5.03000E+1	2.95930E+4	8.88384E+4	3.43420E+6	1.10733E+6	7.71562E+4	2.75140E+6
5.04000E+1	2.93516E+4	8.91076E+4	3.43379E+6	1.12144E+6	7.73526E+4	2.74957E+6
5.05000E+1	2.95168E+4	8.95244E+4	3.77866E+6	1.13539E+6	7.74063E+4	2.88609E+6
5.06000E+1	2.95346E+4	8.96785E+4	3.59007E+6	1.08557E+6	7.71612E+4	2.83304E+6
5.07000E+1	2.93667E+4	8.88200E+4	3.24383E+6	1.08344E+6	7.70935E+4	2.74696E+6
5.08000E+1	2.94611E+4	8.88947E+4	3.19800E+6	1.08561E+6	7.69703E+4	2.77145E+6
5.09000E+1	2.93128E+4	8.92229E+4	3.33258E+6	1.09764E+6	7.71077E+4	2.67791E+6
5.10000E+1	2.94163E+4	8.96124E+4	3.34898E+6	1.10261E+6	7.70905E+4	2.73137E+6
5.11000E+1	2.94773E+4	8.99303E+4	3.60196E+6	1.10691E+6	7.75016E+4	2.84976E+6
5.12000E+1	2.95076E+4	8.98955E+4	3.61125E+6	1.12636E+6	7.75544E+4	2.85285E+6
5.13000E+1	2.95692E+4	9.00536E+4	3.70964E+6	1.13633E+6	7.76805E+4	2.95787E+6
5.14000E+1	2.94444E+4	8.97910E+4	3.75889E+6	1.12874E+6	7.74864E+4	2.90750E+6
5.15000E+1	2.97008E+4	8.98780E+4	3.54116E+6	1.14761E+6	7.76917E+4	2.75062E+6
5.16000E+1	2.96986E+4	8.94342E+4	3.28025E+6	1.09130E+6	7.73678E+4	2.67443E+6
5.17000E+1	2.94260E+4	8.94886E+4	3.26376E+6	1.09089E+6	7.73211E+4	2.78185E+6
5.18000E+1	2.95270E+4	8.92356E+4	3.22485E+6	1.06536E+6	7.72715E+4	2.70198E+6
5.19000E+1	2.95681E+4	8.95568E+4	3.31859E+6	1.09359E+6	7.70147E+4	2.76615E+6
5.20000E+1	2.97821E+4	8.98386E+4	3.79815E+6	1.11728E+6	7.77191E+4	3.01964E+6
5.21000E+1	2.97523E+4	9.03216E+4	3.81190E+6	1.13495E+6	7.77782E+4	2.92302E+6
5.22000E+1	2.99478E+4	8.99826E+4	3.64257E+6	1.10822E+6	7.77039E+4	2.86046E+6
5.23000E+1	2.93457E+4	8.93383E+4	3.35589E+6	1.08079E+6	7.72503E+4	2.80749E+6
5.24000E+1	2.96060E+4	8.96820E+4	3.41777E+6	1.10061E+6	7.72938E+4	2.77570E+6
5.25000E+1	2.97490E+4	9.02190E+4	3.68733E+6	1.11732E+6	7.79810E+4	2.96451E+6
5.26000E+1	3.00393E+4	8.96692E+4	3.43420E+6	1.09973E+6	7.78556E+4	2.89156E+6
5.27000E+1	2.97642E+4	8.93938E+4	3.45525E+6	1.10121E+6	7.74702E+4	2.79718E+6
5.28000E+1	2.99587E+4	9.00373E+4	3.66893E+6	1.10738E+6	7.78281E+4	2.95305E+6
5.29000E+1	2.99000E+4	9.03648E+4	3.65344E+6	1.10583E+6	7.78556E+4	2.98491E+6
5.30000E+1	3.01200E+4	8.99873E+4	3.42256E+6	1.09153E+6	7.74925E+4	2.79205E+6
5.31000E+1	2.97317E+4	9.00047E+4	3.30434E+6	1.05741E+6	7.74489E+4	2.69190E+6
5.32000E+1	2.97458E+4	8.95487E+4	3.44671E+6	1.08299E+6	7.75575E+4	2.75193E+6
5.33000E+1	2.98109E+4	8.98339E+4	3.72796E+6	1.09866E+6	7.75981E+4	2.75062E+6
5.34000E+1	3.01036E+4	8.99164E+4	3.80158E+6	1.11016E+6	7.76652E+4	2.85145E+6
5.35000E+1	2.98647E+4	8.94342E+4	3.58920E+6	1.10144E+6	7.73526E+4	2.79043E+6
5.36000E+1	2.99538E+4	9.01712E+4	3.54972E+6	1.10931E+6	7.77751E+4	2.89560E+6
5.37000E+1	3.03331E+4	9.03438E+4	3.67260E+6	1.10410E+6	7.75605E+4	2.91275E+6
5.38000E+1	3.00202E+4	8.95962E+4	3.47325E+6	1.07904E+6	7.72715E+4	2.81131E+6
5.39000E+1	3.01620E+4	9.00815E+4	3.51950E+6	1.08902E+6	7.74458E+4	2.86356E+6
5.40000E+1	3.04848E+4	9.05506E+4	3.85779E+6	1.13860E+6	7.78016E+4	3.01901E+6
5.41000E+1	2.99772E+4	8.99838E+4	3.60328E+6	1.10228E+6	7.77985E+4	2.77039E+6
5.42000E+1	3.01625E+4	9.01491E+4	3.67627E+6	1.11342E+6	7.75433E+4	2.78158E+6
5.43000E+1	3.04673E+4	9.04022E+4	3.63717E+6	1.12419E+6	7.79269E+4	2.99321E+6
5.44000E+1	3.02395E+4	9.04548E+4	3.54715E+6	1.11167E+6	7.77232E+4	2.92420E+6
5.45000E+1	3.02128E+4	8.99478E+4	3.45810E+6	1.08820E+6	7.75250E+4	2.78989E+6
5.46000E+1	3.02696E+4	8.98990E+4	3.46014E+6	1.10738E+6	7.75941E+4	2.79313E+6
5.47000E+1	3.03347E+4	8.99106E+4	3.41260E+6	1.06931E+6	7.73718E+4	2.78828E+6
5.48000E+1	3.01860E+4	8.99036E+4	3.45362E+6	1.07904E+6	7.72827E+4	2.75376E+6
5.49000E+1	3.04815E+4	9.05190E+4	3.77479E+6	1.11570E+6	7.75808E+4	2.98185E+6
5.50000E+1	3.05507E+4	9.04197E+4	3.89858E+6	1.10705E+6	7.76550E+4	3.12096E+6
5.51000E+1	3.05639E+4	9.04092E+4	3.71385E+6	1.11352E+6	7.77171E+4	2.96784E+6
5.52000E+1	3.05963E+4	9.07649E+4	3.84371E+6	1.12680E+6	7.75748E+4	2.88408E+6
5.53000E+1	3.06358E+4	9.04863E+4	3.80895E+6	1.12385E+6	7.78199E+4	3.09280E+6
5.54000E+1	3.06369E+4	9.05120E+4	3.90271E+6	1.11895E+6	7.77863E+4	2.96542E+6
5.55000E+1	3.06567E+4	9.08646E+4	3.73790E+6	1.12395E+6	7.76225E+4	3.01494E+6
5.56000E+1	3.05057E+4	9.04898E+4	3.99242E+6	1.14242E+6	7.75615E+4	3.01182E+6
5.57000E+1	3.06710E+4	9.06665E+4	3.73127E+6	1.13069E+6	7.80065E+4	3.16192E+6
5.58000E+1	3.06749E+4	9.09421E+4	3.97683E+6	1.12622E+6	7.76469E+4	3.06287E+6
5.59000E+1	3.07206E+4	9.07485E+4	3.85981E+6	1.13255E+6	7.77334E+4	3.15884E+6
5.60000E+1	3.07547E+4	9.03835E+4	3.80649E+6	1.13006E+6	7.77313E+4	2.98798E+6
5.61000E+1	3.06397E+4	9.05413E+4	3.67995E+6	1.11299E+6	7.77456E+4	3.09807E+6
5.62000E+1	3.07464E+4	9.05834E+4	3.82427E+6	1.12255E+6	7.79055E+4	3.11996E+6
5.63000E+1	3.06309E+4	9.10620E+4	3.79424E+6	1.14861E+6	7.76713E+4	3.03952E+6
5.64000E+1	3.06694E+4	9.07743E+4	3.85326E+6	1.11006E+6	7.74651E+4	2.97727E+6
5.65000E+1	3.07030E+4	9.02913E+4	3.80452E+6	1.12207E+6	7.74083E+4	3.08657E+6
5.66000E+1	3.09373E+4	9.03006E+4	3.66299E+6	1.09709E+6	7.75219E+4	2.96239E+6
5.67000E+1	3.02844E+4	9.02691E+4	3.61792E+6	1.09483E+6	7.75463E+4	2.84892E+6
5.68000E+1	3.06276E+4	9.03240E+4	3.89549E+6	1.10592E+6	7.76489E+4	2.98277E+6
5.69000E+1	3.05677E+4	9.04641E+4	3.57087E+6	1.09304E+6	7.74134E+4	2.92804E+6
5.70000E+1	3.06611E+4	9.05729E+4	3.86690E+6	1.12163E+6	7.77262E+4	3.12063E+6
5.71000E+1	3.06441E+4	9.05670E+4	3.65298E+6	1.11053E+6	7.74093E+4	2.95215E+6
5.72000E+1	3.07448E+4	9.03998E+4	3.66208E+6	1.13633E+6	7.74854E+4	2.96875E+6
5.73000E+1	3.07123E+4	9.04232E+4	3.61036E+6	1.10429E+6	7.74184E+4	3.07582E+6
5.74000E+1	3.07459E+4	9.09468E+4	3.80698E+6	1.10964E+6	7.76052E+4	3.10632E+6
5.75000E+1	3.08368E+4	9.06056E+4	3.51529E+6	1.10307E+6	7.75605E+4	2.99383E+6
5.76000E+1	3.09417E+4	9.10220E+4	3.74122E+6	1.11489E+6	7.76296E+4	3.08461E+6
5.77000E+1	3.08071E+4	9.07309E+4	3.70450E+6	1.12957E+6	7.78016E+4	3.01369E+6
5.78000E+1	3.06089E+4	9.07251E+4	3.68363E+6	1.12236E+6	7.75768E+4	2.93663E+6
5.79000E+1	3.09146E+4	9.08025E+4	3.78303E+6	1.13954E+6	7.76856E+4	3.06158E+6
5.80000E+1	3.05529E+4	9.07356E+4	3.80256E+6	1.09760E+6	7.74763E+4	3.07160E+6
5.81000E+1	3.08970E+4	9.08858E+4	3.96722E+6	1.12641E+6	7.79076E+4	3.09280E+6
5.82000E+1	3.05814E+4	9.07052E+4	3.42376E+6	1.10033E+6	7.72594E+4	2.90633E+6
5.83000E+1	3.05765E+4	9.13152E+4	3.83921E+6	1.12101E+6	7.76235E+4	3.07614E+6
5.84000E+1	3.06067E+4	9.10526E+4	3.72183E+6	1.08752E+6	7.78087E+4	2.84445E+6
5.85000E+1	3.06089E+4	9.11208E+4	4.03825E+6	1.12395E+6	7.78199E+4	3.21098E+6
5.86000E+1	3.07041E+4	9.09621E+4	3.82030E+6	1.11082E+6	7.76581E+4	3.00032E+6
5.87000E+1	3.05655E+4	9.06958E+4	3.85326E+6	1.11304E+6	7.76317E+4	3.09149E+6
5.88000E+1	3.05820E+4	9.09069E+4	3.59051E+6	1.08606E+6	7.76611E+4	2.94079E+6
5.89000E+1	3.06161E+4	9.12044E+4	3.77479E+6	1.11713E+6	7.77079E+4	2.95516E+6
5.90000E+1	3.06507E+4	9.08693E+4	3.61970E+6	1.10860E+6	7.78291E+4	2.94945E+6
5.91000E+1	3.04097E+4	9.08048E+4	3.73837E+6	1.10879E+6	7.74742E+4	2.99352E+6
5.92000E+1	3.06710E+4	9.09692E+4	3.65071E+6	1.10639E+6	7.75595E+4	2.98002E+6
5.93000E+1	3.09130E+4	9.09715E+4	3.55962E+6	1.11295E+6	7.76052E+4	3.09182E+6
5.94000E+1	3.05869E+4	9.06513E+4	3.58088E+6	1.08847E+6	7.74306E+4	2.92567E+6
5.95000E+1	3.06864E+4	9.15289E+4	3.74646E+6	1.09700E+6	7.77242E+4	3.06481E+6
5.96000E+1	3.07167E+4	9.12704E+4	3.82973E+6	1.11756E+6	7.74397E+4	2.97696E+6
5.97000E+1	3.06826E+4	9.10632E+4	3.79375E+6	1.10401E+6	7.73404E+4	2.99908E+6
5.98000E+1	3.07288E+4	9.15608E+4	3.76514E+6	1.09511E+6	7.75758E+4	2.95696E+6
5.99000E+1	3.03495E+4	9.12869E+4	3.69566E+6	1.11651E+6	7.77435E+4	2.99568E+6
6.00000E+1	3.05842E+4	9.11738E+4	3.60638E+6	1.08204E+6	7.77059E+4	2.98890E+6
6.01000E+1	3.05287E+4	9.14828E+4	3.74313E+6	1.09098E+6	7.77385E+4	3.20992E+6
6.02000E+1	3.05254E+4	9.09551E+4	3.77141E+6	1.09511E+6	7.75301E+4	3.04365E+6
6.03000E+1	3.02811E+4	9.12492E+4	3.50898E+6	1.08083E+6	7.75626E+4	2.92243E+6
6.04000E+1	3.07872E+4	9.16412E+4	3.80944E+6	1.11432E+6	7.80239E+4	3.12934E+6
6.05000E+1	3.05864E+4	9.12091E+4	3.79033E+6	1.10564E+6	7.77039E+4	2.99383E+6
6.06000E+1	3.04026E+4	9.08201E+4	3.65480E+6	1.08101E+6	7.74357E+4	2.85285E+6
6.07000E+1	3.03664E+4	9.11526E+4	3.81043E+6	1.08254E+6	7.76764E+4	3.04780E+6
6.08000E+1	3.03352E+4	9.14863E+4	3.78643E+6	1.12346E+6	7.81455E+4	3.23195E+6
6.09000E+1	3.02374E+4	9.12504E+4	3.43581E+6	1.08475E+6	7.74042E+4	2.94318E+6
6.10000E+1	3.00720E+4	9.12280E+4	3.33220E+6	1.07506E+6	7.74174E+4	2.88408E+6
6.11000E+1	3.03008E+4	9.15454E+4	3.96083E+6	1.09866E+6	7.79871E+4	3.10699E+6
6.12000E+1	3.01298E+4	9.11267E+4	3.69149E+6	1.10205E+6	7.76388E+4	2.86356E+6
6.13000E+1	3.02346E+4	9.16578E+4	3.79766E+6	1.10200E+6	7.77833E+4	3.07614E+6
6.14000E+1	3.04431E+4	9.15324E+4	3.58876E+6	1.08092E+6	7.77568E+4	3.06448E+6
6.15000E+1	3.02089E+4	9.13588E+4	3.48564E+6	1.09391E+6	7.74874E+4	2.91685E+6
6.16000E+1	3.02177E+4	9.14084E+4	3.46873E+6	1.06331E+6	7.75027E+4	3.11463E+6
6.17000E+1	3.01909E+4	9.18426E+4	3.76755E+6	1.11785E+6	7.77995E+4	3.11396E+6
6.18000E+1	3.02204E+4	9.09692E+4	3.67214E+6	1.07662E+6	7.74621E+4	2.93099E+6
6.19000E+1	2.98484E+4	9.17478E+4	3.67765E+6	1.09621E+6	7.76235E+4	2.92420E+6
6.20000E+1	3.00328E+4	9.15336E+4	3.55789E+6	1.08168E+6	7.79708E+4	2.96360E+6
6.21000E+1	3.02390E+4	9.18034E+4	3.88268E+6	1.08647E+6	7.79892E+4	3.10599E+6
6.22000E+1	3.00409E+4	9.15395E+4	3.49061E+6	1.08137E+6	7.76428E+4	2.98063E+6
6.23000E+1	2.98782E+4	9.19612E+4	3.55574E+6	1.08434E+6	7.77792E+4	3.03984E+6
6.24000E+1	2.98592E+4	9.17833E+4	3.37874E+6	1.07351E+6	7.77792E+4	2.90750E+6
6.25000E+1	2.99081E+4	9.19161E+4	3.80895E+6	1.11290E+6	7.80055E+4	3.12598E+6
6.26000E+1	2.97615E+4	9.13541E+4	3.43379E+6	1.06878E+6	7.77405E+4	2.89618E+6
6.27000E+1	2.99870E+4	9.15702E+4	3.76033E+6	1.08204E+6	7.79902E+4	3.04556E+6
6.28000E+1	2.99005E+4	9.15478E+4	3.56221E+6	1.05448E+6	7.75880E+4	2.86725E+6
6.29000E+1	3.00159E+4	9.23407E+4	3.94548E+6	1.09607E+6	7.79239E+4	3.14827E+6
6.30000E+1	2.98505E+4	9.15218E+4	3.39598E+6	1.08493E+6	7.79310E+4	2.93188E+6
6.31000E+1	3.00170E+4	9.22823E+4	3.90787E+6	1.08820E+6	7.79769E+4	3.18958E+6
6.32000E+1	2.98179E+4	9.18936E+4	3.51782E+6	1.09318E+6	7.78046E+4	3.02121E+6
6.33000E+1	3.00213E+4	9.18687E+4	3.83322E+6	1.09327E+6	7.78576E+4	2.98983E+6
6.34000E+1	2.98109E+4	9.16306E+4	3.34286E+6	1.06922E+6	7.77904E+4	3.02278E+6
6.35000E+1	2.98413E+4	9.17312E+4	3.73269E+6	1.07227E+6	7.79208E+4	3.15679E+6
6.36000E+1	2.98848E+4	9.16980E+4	3.53988E+6	1.05499E+6	7.77385E+4	2.95877E+6
6.37000E+1	2.99707E+4	9.22930E+4	3.78546E+6	1.11584E+6	7.80658E+4	3.02907E+6
6.38000E+1	2.97517E+4	9.17276E+4	3.41578E+6	1.06514E+6	7.78413E+4	2.86215E+6
6.39000E+1	2.98538E+4	9.21621E+4	3.67076E+6	1.09135E+6	7.80964E+4	3.11929E+6
6.40000E+1	2.99326E+4	9.15596E+4	3.57609E+6	1.05991E+6	7.77609E+4	2.96300E+6
6.41000E+1	2.99750E+4	9.22918E+4	3.78109E+6	1.08820E+6	7.82969E+4	3.13338E+6
6.42000E+1	2.99087E+4	9.20099E+4	3.36747E+6	1.05814E+6	7.78148E+4	2.92126E+6
6.43000E+1	2.97225E+4	9.16980E+4	3.53136E+6	1.09769E+6	7.79361E+4	2.95065E+6
6.44000E+1	2.99903E+4	9.19648E+4	3.62193E+6	1.08453E+6	7.80831E+4	2.92361E+6
6.45000E+1	2.97561E+4	9.18426E+4	3.57087E+6	1.08988E+6	7.80464E+4	2.93752E+6
6.46000E+1	2.97767E+4	9.16909E+4	3.62595E+6	1.07063E+6	7.78281E+4	3.12598E+6
6.47000E+1	2.98239E+4	9.16992E+4	3.25794E+6	1.07671E+6	7.73576E+4	2.77384E+6
6.48000E+1	2.99761E+4	9.17952E+4	3.57609E+6	1.08034E+6	7.78994E+4	2.98829E+6
6.49000E+1	2.99756E+4	9.22394E+4	3.75793E+6	1.09364E+6	7.79065E+4	2.93930E+6
6.50000E+1	3.04157E+4	9.24492E+4	3.65480E+6	1.08398E+6	7.78026E+4	3.16055E+6
6.51000E+1	3.00099E+4	9.18260E+4	3.49894E+6	1.06759E+6	7.78872E+4	2.96300E+6
6.52000E+1	3.02565E+4	9.27647E+4	3.77237E+6	1.09244E+6	7.78209E+4	3.15303E+6
6.53000E+1	3.02516E+4	9.21751E+4	3.43863E+6	1.05469E+6	7.77670E+4	2.95726E+6
6.54000E+1	3.02242E+4	9.21668E+4	3.65162E+6	1.08884E+6	7.77497E+4	3.06319E+6
6.55000E+1	3.03227E+4	9.24874E+4	4.08174E+6	1.09336E+6	7.83420E+4	3.13069E+6
6.56000E+1	3.01020E+4	9.18805E+4	3.65344E+6	1.07511E+6	7.79035E+4	2.98860E+6
6.57000E+1	3.02926E+4	9.29121E+4	3.89807E+6	1.10307E+6	7.79382E+4	3.15610E+6
6.58000E+1	3.01233E+4	9.21525E+4	3.66208E+6	1.09483E+6	7.77008E+4	2.88896E+6
6.59000E+1	3.01467E+4	9.24182E+4	3.62506E+6	1.08299E+6	7.78352E+4	3.04684E+6
6.60000E+1	3.03610E+4	9.22668E+4	4.04821E+6	1.06326E+6	7.78006E+4	3.09576E+6
6.61000E+1	3.03396E+4	9.26941E+4	3.80354E+6	1.10140E+6	7.78250E+4	3.11762E+6
6.62000E+1	3.02734E+4	9.22466E+4	3.54972E+6	1.07542E+6	7.76215E+4	3.03223E+6
6.63000E+1	3.04903E+4	9.24587E+4	3.76466E+6	1.11413E+6	7.78505E+4	3.06094E+6
6.64000E+1	3.04437E+4	9.28390E+4	3.69010E+6	1.09176E+6	7.77151E+4	3.10566E+6
6.65000E+1	3.03610E+4	9.25698E+4	3.85275E+6	1.11205E+6	7.80494E+4	3.07127E+6
6.66000E+1	3.03763E+4	9.23442E+4	3.63312E+6	1.07355E+6	7.75148E+4	2.94377E+6
6.67000E+1	3.04503E+4	9.24265E+4	3.77286E+6	1.11261E+6	7.80045E+4	3.03920E+6
6.68000E+1	3.02625E+4	9.22037E+4	3.68455E+6	1.08929E+6	7.75890E+4	2.97879E+6
6.69000E+1	3.03588E+4	9.28126E+4	3.87553E+6	1.11390E+6	7.79167E+4	3.20569E+6
6.70000E+1	3.06265E+4	9.27144E+4	3.93025E+6	1.11413E+6	7.79820E+4	3.01401E+6
6.71000E+1	3.04832E+4	9.27444E+4	3.92398E+6	1.11371E+6	7.78209E+4	3.14182E+6
6.72000E+1	3.05095E+4	9.24337E+4	3.70497E+6	1.09465E+6	7.74783E+4	2.94975E+6
6.73000E+1	3.06029E+4	9.24384E+4	3.88319E+6	1.09986E+6	7.81721E+4	3.16948E+6
6.74000E+1	3.04662E+4	9.24349E+4	3.78303E+6	1.07939E+6	7.76357E+4	3.02089E+6
6.75000E+1	3.05633E+4	9.26989E+4	3.95924E+6	1.11394E+6	7.80055E+4	3.18818E+6
6.76000E+1	3.04980E+4	9.26451E+4	3.76755E+6	1.09244E+6	7.78902E+4	3.03730E+6
6.77000E+1	3.07503E+4	9.28366E+4	3.65298E+6	1.10247E+6	7.77568E+4	3.14861E+6
6.78000E+1	3.05370E+4	9.26642E+4	3.74646E+6	1.10780E+6	7.80586E+4	3.13102E+6
6.79000E+1	3.04497E+4	9.22335E+4	3.75506E+6	1.09281E+6	7.75209E+4	2.96028E+6
6.80000E+1	3.05490E+4	9.27563E+4	3.75841E+6	1.09727E+6	7.78311E+4	3.07419E+6
6.81000E+1	3.03358E+4	9.27839E+4	3.67030E+6	1.09547E+6	7.79943E+4	2.97940E+6
6.82000E+1	3.05282E+4	9.32700E+4	3.83322E+6	1.09052E+6	7.77374E+4	3.14895E+6
6.83000E+1	3.04141E+4	9.22061E+4	3.71619E+6	1.09061E+6	7.74732E+4	3.03666E+6
6.84000E+1	3.07217E+4	9.29253E+4	3.91202E+6	1.12709E+6	7.80453E+4	3.21948E+6
6.85000E+1	3.03462E+4	9.22001E+4	3.71807E+6	1.08724E+6	7.79800E+4	3.00218E+6
6.86000E+1	3.04431E+4	9.31305E+4	3.88779E+6	1.13687E+6	7.77110E+4	3.20499E+6
6.87000E+1	3.04497E+4	9.28126E+4	3.56264E+6	1.10410E+6	7.77059E+4	2.87949E+6
6.88000E+1	3.05282E+4	9.29205E+4	3.69288E+6	1.08602E+6	7.77497E+4	3.14148E+6
6.89000E+1	3.04015E+4	9.28725E+4	3.57478E+6	1.07881E+6	7.78495E+4	2.99815E+6
6.90000E+1	3.02647E+4	9.27001E+4	3.67627E+6	1.11466E+6	7.77049E+4	3.02403E+6
6.91000E+1	3.04695E+4	9.29672E+4	3.84873E+6	1.09843E+6	7.78576E+4	2.93633E+6
6.92000E+1	3.02357E+4	9.23657E+4	3.50521E+6	1.09354E+6	7.79718E+4	3.02781E+6
6.93000E+1	3.03227E+4	9.31654E+4	3.94022E+6	1.10191E+6	7.85574E+4	3.22981E+6
6.94000E+1	3.01069E+4	9.27432E+4	3.60019E+6	1.06413E+6	7.76805E+4	2.99383E+6
6.95000E+1	3.02636E+4	9.30909E+4	3.87859E+6	1.08159E+6	7.80750E+4	3.19202E+6
6.96000E+1	3.01189E+4	9.26439E+4	3.53094E+6	1.08097E+6	7.74671E+4	2.95185E+6
6.97000E+1	3.02986E+4	9.34025E+4	3.84672E+6	1.11200E+6	7.80678E+4	3.29463E+6
6.98000E+1	3.01887E+4	9.28234E+4	3.67305E+6	1.07935E+6	7.73819E+4	2.97118E+6
6.99000E+1	3.01418E+4	9.25793E+4	3.81043E+6	1.08629E+6	7.77140E+4	3.01807E+6
7.00000E+1	3.03446E+4	9.31437E+4	3.75650E+6	1.09760E+6	7.82324E+4	3.15065E+6
7.01000E+1	2.98842E+4	9.27444E+4	3.72042E+6	1.07957E+6	7.79076E+4	3.03761E+6
7.02000E+1	2.98826E+4	9.33410E+4	3.62416E+6	1.09787E+6	7.77843E+4	3.05837E+6
7.03000E+1	3.00873E+4	9.28306E+4	3.76274E+6	1.07841E+6	7.77822E+4	3.05965E+6
7.04000E+1	3.01877E+4	9.32339E+4	3.71526E+6	1.07881E+6	7.78566E+4	3.08363E+6
7.05000E+1	3.00360E+4	9.33459E+4	3.71573E+6	1.09002E+6	7.79657E+4	3.07062E+6
7.06000E+1	3.00202E+4	9.33386E+4	3.72325E+6	1.09286E+6	7.77609E+4	3.07549E+6
7.07000E+1	3.00191E+4	9.26606E+4	3.71619E+6	1.07369E+6	7.77883E+4	2.97544E+6
7.08000E+1	2.99750E+4	9.31029E+4	3.75028E+6	1.07116E+6	7.77385E+4	3.10467E+6
7.09000E+1	2.99217E+4	9.31485E+4	3.75458E+6	1.08484E+6	7.78933E+4	3.04939E+6
7.10000E+1	2.98739E+4	9.25554E+4	3.65207E+6	1.06672E+6	7.78658E+4	3.01870E+6
7.11000E+1	3.02161E+4	9.34218E+4	3.78692E+6	1.07032E+6	7.77425E+4	3.02718E+6
7.12000E+1	2.99925E+4	9.36873E+4	3.72607E+6	1.11120E+6	7.78250E+4	3.04875E+6
7.13000E+1	2.98712E+4	9.31798E+4	3.62595E+6	1.09002E+6	7.78933E+4	2.99599E+6
7.14000E+1	2.98348E+4	9.31221E+4	3.54330E+6	1.08065E+6	7.78637E+4	3.03255E+6
7.15000E+1	3.01937E+4	9.34929E+4	3.58525E+6	1.08340E+6	7.80331E+4	3.12330E+6
7.16000E+1	2.99342E+4	9.30488E+4	3.84221E+6	1.08182E+6	7.78107E+4	2.96663E+6
7.17000E+1	2.98158E+4	9.32796E+4	3.54501E+6	1.07962E+6	7.76256E+4	2.91539E+6
7.18000E+1	2.99652E+4	9.34025E+4	3.92294E+6	1.08254E+6	7.80280E+4	3.08952E+6
7.19000E+1	2.99250E+4	9.27731E+4	3.47531E+6	1.06825E+6	7.79545E+4	2.93158E+6
7.20000E+1	3.00562E+4	9.34302E+4	3.84221E+6	1.09778E+6	7.80801E+4	3.01526E+6
7.21000E+1	3.00164E+4	9.30765E+4	3.80305E+6	1.09231E+6	7.81097E+4	3.07419E+6
7.22000E+1	3.00693E+4	9.31666E+4	3.68455E+6	1.08272E+6	7.79300E+4	3.01276E+6
7.23000E+1	3.00889E+4	9.35291E+4	3.79619E+6	1.11651E+6	7.79473E+4	3.05612E+6
7.24000E+1	2.99332E+4	9.34483E+4	3.64077E+6	1.07378E+6	7.78749E+4	3.00777E+6
7.25000E+1	2.99315E+4	9.33711E+4	3.70264E+6	1.09607E+6	7.78760E+4	3.02498E+6
7.26000E+1	2.99217E+4	9.30909E+4	3.63852E+6	1.10158E+6	7.77792E+4	3.00746E+6
7.27000E+1	2.99870E+4	9.30741E+4	3.75123E+6	1.09084E+6	7.79698E+4	3.06190E+6
7.28000E+1	2.99457E+4	9.32929E+4	3.88882E+6	1.11742E+6	7.79759E+4	3.14623E+6
7.29000E+1	3.00382E+4	9.34121E+4	3.72466E+6	1.10000E+6	7.79514E+4	3.01619E+6
7.30000E+1	3.01795E+4	9.38566E+4	3.76081E+6	1.10696E+6	7.81455E+4	3.21098E+6
7.31000E+1	2.99185E+4	9.31413E+4	3.47943E+6	1.07431E+6	7.78067E+4	2.88494E+6
7.32000E+1	3.02133E+4	9.38918E+4	3.68871E+6	1.11895E+6	7.83215E+4	3.03128E+6
7.33000E+1	2.98456E+4	9.36619E+4	3.55962E+6	1.07475E+6	7.78403E+4	2.94109E+6
7.34000E+1	3.03314E+4	9.37719E+4	4.02122E+6	1.09898E+6	7.79422E+4	2.97483E+6
7.35000E+1	3.01773E+4	9.34881E+4	3.85326E+6	1.10116E+6	7.83430E+4	3.14997E+6
7.36000E+1	3.01980E+4	9.30212E+4	3.50563E+6	1.08498E+6	7.79606E+4	2.98063E+6
7.37000E+1	3.00905E+4	9.37659E+4	3.60063E+6	1.10247E+6	7.79290E+4	3.04079E+6
7.38000E+1	3.01325E+4	9.36076E+4	3.51192E+6	1.08629E+6	7.79545E+4	2.96875E+6
7.39000E+1	3.01926E+4	9.34832E+4	3.94971E+6	1.12034E+6	7.79555E+4	3.18540E+6
7.40000E+1	3.01014E+4	9.34242E+4	3.58176E+6	1.11333E+6	7.76876E+4	2.95155E+6
7.41000E+1	3.00802E+4	9.33254E+4	3.88217E+6	1.11233E+6	7.79688E+4	3.06577E+6
7.42000E+1	3.03593E+4	9.36994E+4	3.68548E+6	1.10574E+6	7.78933E+4	3.02309E+6
7.43000E+1	3.01053E+4	9.35050E+4	3.88677E+6	1.12797E+6	7.80076E+4	3.26190E+6
7.44000E+1	3.01855E+4	9.34145E+4	3.71901E+6	1.09469E+6	7.77680E+4	3.02466E+6
7.45000E+1	3.02948E+4	9.37054E+4	3.78497E+6	1.12371E+6	7.78811E+4	3.18575E+6
7.46000E+1	3.01309E+4	9.34808E+4	3.70870E+6	1.09552E+6	7.79402E+4	3.07582E+6
7.47000E+1	3.04711E+4	9.37647E+4	3.93602E+6	1.11561E+6	7.78546E+4	3.07484E+6
7.48000E+1	3.04075E+4	9.42011E+4	3.80011E+6	1.11623E+6	7.78393E+4	3.06126E+6
7.49000E+1	3.03900E+4	9.33434E+4	3.75362E+6	1.10761E+6	7.79504E+4	2.95546E+6
7.50000E+1	3.04920E+4	9.41561E+4	3.76803E+6	1.11309E+6	7.78617E+4	3.14725E+6
7.51000E+1	3.04092E+4	9.36788E+4	3.79668E+6	1.12154E+6	7.79545E+4	3.10070E+6
7.52000E+1	3.02620E+4	9.37260E+4	3.79131E+6	1.11599E+6	7.80494E+4	3.16398E+6
7.53000E+1	3.03626E+4	9.39766E+4	3.79962E+6	1.09552E+6	7.79341E+4	2.98277E+6
7.54000E+1	3.05194E+4	9.37780E+4	3.74646E+6	1.12000E+6	7.80617E+4	2.97148E+6
7.55000E+1	3.05825E+4	9.38264E+4	3.98005E+6	1.11623E+6	7.80862E+4	2.97940E+6
7.56000E+1	3.03900E+4	9.37103E+4	3.81684E+6	1.13201E+6	7.80525E+4	3.18505E+6
7.57000E+1	3.07365E+4	9.35882E+4	3.79766E+6	1.08997E+6	7.75961E+4	3.08331E+6
7.58000E+1	3.06023E+4	9.37937E+4	3.88523E+6	1.10672E+6	7.80229E+4	2.99970E+6
7.59000E+1	3.06953E+4	9.34857E+4	3.82080E+6	1.12661E+6	7.78026E+4	3.18505E+6
7.60000E+1	3.06639E+4	9.36837E+4	3.81981E+6	1.10602E+6	7.75890E+4	3.06610E+6
7.61000E+1	3.08501E+4	9.36800E+4	3.53221E+6	1.13138E+6	7.79922E+4	3.00311E+6
7.62000E+1	3.05710E+4	9.38119E+4	3.61303E+6	1.13934E+6	7.79443E+4	3.17569E+6
7.63000E+1	3.06556E+4	9.39293E+4	3.73553E+6	1.12733E+6	7.78362E+4	3.16879E+6
7.64000E+1	3.04377E+4	9.40032E+4	3.64754E+6	1.12356E+6	7.80423E+4	3.16673E+6
7.65000E+1	3.06738E+4	9.39620E+4	3.92137E+6	1.13368E+6	7.78729E+4	3.07030E+6
7.66000E+1	3.07652E+4	9.41914E+4	3.66117E+6	1.10663E+6	7.81291E+4	3.04142E+6
7.67000E+1	3.07294E+4	9.37889E+4	3.98703E+6	1.13984E+6	7.80035E+4	3.09807E+6
7.68000E+1	3.07365E+4	9.44286E+4	3.96509E+6	1.12366E+6	7.78607E+4	3.00311E+6
7.69000E+1	3.06980E+4	9.41877E+4	3.60992E+6	1.12139E+6	7.77405E+4	3.07322E+6
7.70000E+1	3.09621E+4	9.38373E+4	3.64122E+6	1.12767E+6	7.83594E+4	3.13742E+6
7.71000E+1	3.09981E+4	9.38966E+4	3.78449E+6	1.11833E+6	7.79718E+4	3.05997E+6
7.72000E+1	3.09566E+4	9.39039E+4	3.78206E+6	1.12748E+6	7.78617E+4	3.09971E+6
7.73000E+1	3.10495E+4	9.38373E+4	4.01794E+6	1.13781E+6	7.81833E+4	3.05163E+6
7.74000E+1	3.11065E+4	9.45005E+4	3.98865E+6	1.12486E+6	7.80188E+4	3.21275E+6
7.75000E+1	3.09064E+4	9.42521E+4	3.85981E+6	1.12695E+6	7.79677E+4	3.16535E+6
7.76000E+1	3.10971E+4	9.41294E+4	3.91046E+6	1.11967E+6	7.76947E+4	3.07679E+6
7.77000E+1	3.11603E+4	9.40360E+4	3.86082E+6	1.12821E+6	7.78872E+4	3.02278E+6
7.78000E+1	3.13756E+4	9.43738E+4	3.88677E+6	1.12192E+6	7.79545E+4	3.25863E+6
7.79000E+1	3.11630E+4	9.39063E+4	3.77382E+6	1.12612E+6	7.78383E+4	3.20042E+6
7.80000E+1	3.11281E+4	9.44554E+4	3.78254E+6	1.14611E+6	7.80229E+4	3.11529E+6
7.81000E+1	3.11935E+4	9.41088E+4	3.71057E+6	1.13899E+6	7.75250E+4	3.09149E+6
7.82000E+1	3.11658E+4	9.41987E+4	4.04544E+6	1.13801E+6	7.76866E+4	3.05323E+6
7.83000E+1	3.12151E+4	9.45858E+4	3.86690E+6	1.13216E+6	7.76317E+4	3.18297E+6
7.84000E+1	3.12634E+4	9.38264E+4	4.01412E+6	1.12811E+6	7.76794E+4	3.15815E+6
7.85000E+1	3.10894E+4	9.43032E+4	3.68779E+6	1.12646E+6	7.77945E+4	3.16364E+6
7.86000E+1	3.12224E+4	9.39002E+4	3.85124E+6	1.12058E+6	7.78158E+4	2.99106E+6
7.87000E+1	3.12928E+4	9.43373E+4	3.84522E+6	1.14501E+6	7.77273E+4	3.15815E+6
7.88000E+1	3.13251E+4	9.43032E+4	4.03770E+6	1.14088E+6	7.78423E+4	3.04429E+6
7.89000E+1	3.11475E+4	9.46529E+4	3.87859E+6	1.13949E+6	7.76550E+4	3.17293E+6
7.90000E+1	3.12268E+4	9.44079E+4	3.83871E+6	1.12981E+6	7.78352E+4	3.08037E+6
7.91000E+1	3.11364E+4	9.43750E+4	3.88063E+6	1.12607E+6	7.79626E+4	3.00001E+6
7.92000E+1	3.13957E+4	9.42570E+4	3.90116E+6	1.14621E+6	7.76693E+4	3.06707E+6
7.93000E+1	3.11403E+4	9.44736E+4	3.95818E+6	1.14726E+6	7.81158E+4	3.16879E+6
7.94000E+1	3.12268E+4	9.43920E+4	3.79179E+6	1.13142E+6	7.76571E+4	3.06223E+6
7.95000E+1	3.09809E+4	9.43908E+4	4.09077E+6	1.12641E+6	7.77120E+4	3.19027E+6
7.96000E+1	3.13045E+4	9.44298E+4	4.24141E+6	1.13934E+6	7.81577E+4	3.08167E+6
7.97000E+1	3.13256E+4	9.44225E+4	3.88012E+6	1.14841E+6	7.75402E+4	3.06029E+6
7.98000E+1	3.11902E+4	9.40930E+4	3.92973E+6	1.13707E+6	7.75859E+4	3.09872E+6
7.99000E+1	3.11736E+4	9.41792E+4	3.83222E+6	1.11437E+6	7.75656E+4	3.14318E+6
8.00000E+1	3.13306E+4	9.47592E+4	3.93759E+6	1.12554E+6	7.77547E+4	3.17258E+6
8.01000E+1	3.10130E+4	9.43385E+4	3.85628E+6	1.16531E+6	7.78566E+4	3.12063E+6
8.02000E+1	3.12662E+4	9.41634E+4	4.19159E+6	1.12058E+6	7.77313E+4	3.13844E+6
8.03000E+1	3.10971E+4	9.39790E+4	3.85225E+6	1.11861E+6	7.77792E+4	3.12934E+6
8.04000E+1	3.11880E+4	9.43628E+4	3.96935E+6	1.15930E+6	7.79433E+4	3.16123E+6
8.05000E+1	3.09887E+4	9.45699E+4	3.84421E+6	1.13732E+6	7.76652E+4	3.10765E+6
8.06000E+1	3.09754E+4	9.46676E+4	3.66573E+6	1.12318E+6	7.80096E+4	3.32761E+6
8.07000E+1	3.10523E+4	9.45687E+4	3.76514E+6	1.13993E+6	7.80893E+4	3.10931E+6
8.08000E+1	3.10733E+4	9.46724E+4	3.98919E+6	1.11016E+6	7.75514E+4	3.01057E+6
8.09000E+1	3.09041E+4	9.45663E+4	3.83571E+6	1.13275E+6	7.78067E+4	3.15201E+6
8.10000E+1	3.09992E+4	9.45358E+4	3.88626E+6	1.10168E+6	7.76805E+4	3.12833E+6
8.11000E+1	3.08010E+4	9.44968E+4	4.07892E+6	1.14671E+6	7.77924E+4	3.12833E+6
8.12000E+1	3.07431E+4	9.44395E+4	3.75554E+6	1.12058E+6	7.75737E+4	2.90779E+6
8.13000E+1	3.09417E+4	9.42060E+4	3.86386E+6	1.10653E+6	7.80566E+4	3.13878E+6
8.14000E+1	3.07944E+4	9.42862E+4	4.04654E+6	1.15533E+6	7.77985E+4	3.14284E+6
8.15000E+1	3.08534E+4	9.42242E+4	3.91513E+6	1.11356E+6	7.79626E+4	3.13069E+6
8.16000E+1	3.09953E+4	9.44420E+4	3.77382E+6	1.13118E+6	7.77822E+4	3.13371E+6
8.17000E+1	3.07834E+4	9.38046E+4	3.81092E+6	1.11504E+6	7.76876E+4	3.05740E+6
8.18000E+1	3.07911E+4	9.46358E+4	3.64302E+6	1.12139E+6	7.78780E+4	3.13641E+6
8.19000E+1	3.06622E+4	9.46578E+4	3.76707E+6	1.11909E+6	7.80116E+4	3.04684E+6
8.20000E+1	3.07900E+4	9.47824E+4	3.67489E+6	1.11485E+6	7.77120E+4	3.05355E+6
8.21000E+1	3.06249E+4	9.45968E+4	3.98005E+6	1.09677E+6	7.76367E+4	3.02687E+6
8.22000E+1	3.06556E+4	9.47152E+4	3.91254E+6	1.10719E+6	7.78627E+4	3.16982E+6
8.23000E+1	3.06100E+4	9.43482E+4	3.76707E+6	1.13059E+6	7.79790E+4	3.08756E+6
8.24000E+1	3.04497E+4	9.43348E+4	3.90477E+6	1.10457E+6	7.74195E+4	3.00590E+6
8.25000E+1	3.07206E+4	9.48423E+4	3.71573E+6	1.14008E+6	7.79780E+4	3.22838E+6
8.26000E+1	3.05177E+4	9.43884E+4	3.58307E+6	1.09755E+6	7.76195E+4	3.07452E+6
8.27000E+1	3.04020E+4	9.41889E+4	3.75410E+6	1.10973E+6	7.77659E+4	3.08625E+6
8.28000E+1	3.05847E+4	9.48558E+4	3.79521E+6	1.13074E+6	7.79565E+4	3.11996E+6
8.29000E+1	3.04733E+4	9.42765E+4	3.77818E+6	1.10940E+6	7.78209E+4	3.01619E+6
8.30000E+1	3.03528E+4	9.48986E+4	3.69103E+6	1.09713E+6	7.79371E+4	3.11296E+6
8.31000E+1	3.02789E+4	9.46920E+4	3.70077E+6	1.11030E+6	7.77425E+4	3.10136E+6
8.32000E+1	3.03243E+4	9.45151E+4	3.85024E+6	1.12202E+6	7.79586E+4	3.16364E+6
8.33000E+1	3.03473E+4	9.45553E+4	3.69566E+6	1.10419E+6	7.79025E+4	3.06577E+6
8.34000E+1	3.02210E+4	9.43081E+4	3.68225E+6	1.10377E+6	7.77853E+4	3.02655E+6
8.35000E+1	3.01609E+4	9.43385E+4	3.73980E+6	1.09847E+6	7.81537E+4	3.12666E+6
8.36000E+1	3.02029E+4	9.46004E+4	3.53051E+6	1.09709E+6	7.79422E+4	2.98032E+6
8.37000E+1	3.00567E+4	9.46163E+4	3.83023E+6	1.12072E+6	7.81710E+4	3.20851E+6
8.38000E+1	3.01074E+4	9.45943E+4	3.76274E+6	1.07998E+6	7.80229E+4	3.00746E+6
8.39000E+1	2.98565E+4	9.43531E+4	3.61214E+6	1.09889E+6	7.81976E+4	3.11929E+6
8.40000E+1	2.98315E+4	9.44018E+4	3.49103E+6	1.08720E+6	7.81956E+4	2.94826E+6
8.41000E+1	3.00491E+4	9.46309E+4	3.66619E+6	1.08656E+6	7.81097E+4	2.97727E+6
8.42000E+1	2.97778E+4	9.48325E+4	3.61347E+6	1.10126E+6	7.79912E+4	3.05259E+6
8.43000E+1	2.99027E+4	9.47531E+4	3.87604E+6	1.09451E+6	7.81782E+4	3.00808E+6
8.44000E+1	2.98006E+4	9.45236E+4	3.55015E+6	1.09570E+6	7.81363E+4	3.13979E+6
8.45000E+1	2.98098E+4	9.44225E+4	3.61169E+6	1.08349E+6	7.79351E+4	2.98246E+6
8.46000E+1	2.95238E+4	9.49096E+4	3.79033E+6	1.08539E+6	7.82908E+4	3.02844E+6
8.47000E+1	2.95297E+4	9.46309E+4	3.85477E+6	1.08043E+6	7.82478E+4	3.01901E+6
8.48000E+1	2.95654E+4	9.40869E+4	3.58394E+6	1.07823E+6	7.79780E+4	2.95606E+6
8.49000E+1	2.95973E+4	9.45017E+4	3.48564E+6	1.09295E+6	7.82027E+4	2.93633E+6
8.50000E+1	2.96179E+4	9.47176E+4	3.59534E+6	1.08507E+6	7.80167E+4	3.11729E+6
8.51000E+1	2.94115E+4	9.50137E+4	3.60859E+6	1.08606E+6	7.82457E+4	3.04301E+6
8.52000E+1	2.91369E+4	9.45456E+4	3.43379E+6	1.06786E+6	7.79831E+4	2.89560E+6
8.53000E+1	2.92509E+4	9.48692E+4	3.57174E+6	1.06663E+6	7.84527E+4	2.98860E+6
8.54000E+1	2.92821E+4	9.46004E+4	3.66847E+6	1.05401E+6	7.82601E+4	3.06255E+6
8.55000E+1	2.90896E+4	9.45358E+4	3.59271E+6	1.07289E+6	7.81312E+4	2.99784E+6
8.56000E+1	2.88817E+4	9.45334E+4	3.58219E+6	1.06979E+6	7.80566E+4	3.02876E+6
8.57000E+1	2.90692E+4	9.46480E+4	3.60372E+6	1.09755E+6	7.83184E+4	2.92008E+6
8.58000E+1	2.88667E+4	9.43397E+4	3.56783E+6	1.07435E+6	7.83287E+4	3.08004E+6
8.59000E+1	2.88945E+4	9.44846E+4	3.49686E+6	1.06501E+6	7.82795E+4	3.00901E+6
8.60000E+1	2.88571E+4	9.48337E+4	3.47120E+6	1.07386E+6	7.82120E+4	3.02246E+6
8.61000E+1	2.89700E+4	9.46297E+4	3.56914E+6	1.07395E+6	7.81802E+4	3.04301E+6
8.62000E+1	2.85965E+4	9.42570E+4	3.38147E+6	1.05914E+6	7.82775E+4	2.99383E+6
8.63000E+1	2.86616E+4	9.40869E+4	3.49477E+6	1.06030E+6	7.83871E+4	2.90197E+6
8.64000E+1	2.87672E+4	9.45980E+4	3.37019E+6	1.07240E+6	7.83748E+4	3.05387E+6
8.65000E+1	2.86685E+4	9.47225E+4	3.61391E+6	1.08975E+6	7.84763E+4	2.90604E+6
8.66000E+1	2.86754E+4	9.42060E+4	3.44065E+6	1.05409E+6	7.81935E+4	2.85285E+6
8.67000E+1	2.86690E+4	9.42424E+4	3.60151E+6	1.06387E+6	7.84784E+4	3.10997E+6
8.68000E+1	2.84316E+4	9.45407E+4	3.49644E+6	1.06993E+6	7.86705E+4	2.98307E+6
8.69000E+1	2.85449E+4	9.45456E+4	3.39126E+6	1.08647E+6	7.86540E+4	2.91920E+6
8.70000E+1	2.83864E+4	9.43202E+4	3.50270E+6	1.04841E+6	7.82457E+4	2.84557E+6
8.71000E+1	2.86226E+4	9.43312E+4	3.36902E+6	1.06339E+6	7.83246E+4	2.92096E+6
8.72000E+1	2.86882E+4	9.43908E+4	3.74932E+6	1.06909E+6	7.83010E+4	3.06545E+6
8.73000E+1	2.86136E+4	9.40433E+4	3.49103E+6	1.07236E+6	7.83809E+4	2.89184E+6
8.74000E+1	2.86013E+4	9.44724E+4	3.48357E+6	1.05118E+6	7.85831E+4	3.06545E+6
8.75000E+1	2.87208E+4	9.47286E+4	3.62059E+6	1.06909E+6	7.84835E+4	3.00715E+6
8.76000E+1	2.87592E+4	9.42303E+4	3.47243E+6	1.06962E+6	7.86520E+4	2.93722E+6
8.77000E+1	2.88351E+4	9.47054E+4	3.55531E+6	1.06922E+6	7.83358E+4	2.99846E+6
8.78000E+1	2.85353E+4	9.40239E+4	3.49811E+6	1.07218E+6	7.82468E+4	2.97849E+6
8.79000E+1	2.89513E+4	9.40748E+4	3.39835E+6	1.07041E+6	7.80147E+4	2.84361E+6
8.80000E+1	2.88490E+4	9.43701E+4	3.64664E+6	1.08281E+6	7.85328E+4	3.04047E+6
8.81000E+1	2.86237E+4	9.40954E+4	3.56697E+6	1.07515E+6	7.81935E+4	3.01432E+6
8.82000E+1	2.85731E+4	9.36196E+4	3.36090E+6	1.05276E+6	7.79331E+4	2.79340E+6
8.83000E+1	2.88282E+4	9.45541E+4	3.73032E+6	1.07555E+6	7.83369E+4	2.99599E+6
8.84000E+1	2.89775E+4	9.42351E+4	3.59931E+6	1.09658E+6	7.83164E+4	2.94826E+6
8.85000E+1	2.89352E+4	9.41027E+4	3.54972E+6	1.09834E+6	7.84671E+4	3.08396E+6
8.86000E+1	2.91466E+4	9.39148E+4	3.71995E+6	1.05456E+6	7.83871E+4	2.86838E+6
8.87000E+1	2.89459E+4	9.42363E+4	3.75171E+6	1.06997E+6	7.82160E+4	2.90750E+6
8.88000E+1	2.89250E+4	9.40081E+4	3.58088E+6	1.05551E+6	7.86006E+4	2.91656E+6
8.89000E+1	2.89781E+4	9.41732E+4	3.60151E+6	1.07284E+6	7.84650E+4	2.84194E+6
8.90000E+1	2.92105E+4	9.40967E+4	3.81931E+6	1.07497E+6	7.81588E+4	3.05163E+6
8.91000E+1	2.91686E+4	9.42388E+4	3.54586E+6	1.06900E+6	7.81475E+4	2.99939E+6
8.92000E+1	2.91611E+4	9.42971E+4	3.60107E+6	1.07676E+6	7.81128E+4	3.02844E+6
8.93000E+1	2.92466E+4	9.41428E+4	3.76225E+6	1.07828E+6	7.83471E+4	2.99476E+6
8.94000E+1	2.92025E+4	9.39608E+4	3.66253E+6	1.07778E+6	7.82416E+4	2.96481E+6
8.95000E+1	2.93425E+4	9.38312E+4	3.72089E+6	1.06773E+6	7.81342E+4	2.90662E+6
8.96000E+1	2.94212E+4	9.38409E+4	3.73648E+6	1.09016E+6	7.82621E+4	3.01933E+6
8.97000E+1	2.92175E+4	9.39972E+4	3.74551E+6	1.09327E+6	7.82744E+4	3.05419E+6
8.98000E+1	2.94341E+4	9.39875E+4	3.46873E+6	1.07702E+6	7.79341E+4	2.88637E+6
8.99000E+1	2.96547E+4	9.38687E+4	3.68917E+6	1.08106E+6	7.81414E+4	2.99044E+6
9.00000E+1	2.93996E+4	9.41768E+4	3.57783E+6	1.08561E+6	7.80412E+4	2.96845E+6
9.01000E+1	2.95189E+4	9.36100E+4	3.80207E+6	1.09139E+6	7.82396E+4	2.95215E+6
9.02000E+1	2.95011E+4	9.41209E+4	3.50521E+6	1.11077E+6	7.79861E+4	2.93603E+6
9.03000E+1	2.96861E+4	9.40505E+4	3.70310E+6	1.08711E+6	7.82621E+4	2.96814E+6
9.04000E+1	2.96038E+4	9.40942E+4	3.65389E+6	1.08966E+6	7.79147E+4	3.01713E+6
9.05000E+1	2.94611E+4	9.36740E+4	3.72183E+6	1.10051E+6	7.79004E+4	2.96572E+6
9.06000E+1	2.96423E+4	9.43628E+4	3.79277E+6	1.08186E+6	7.82273E+4	2.99137E+6
9.07000E+1	2.97984E+4	9.39875E+4	3.82228E+6	1.10335E+6	7.78994E+4	2.94198E+6
9.08000E+1	2.96585E+4	9.40384E+4	3.83671E+6	1.11285E+6	7.81935E+4	3.03128E+6
9.09000E+1	2.97805E+4	9.33880E+4	3.59755E+6	1.08643E+6	7.77771E+4	2.98154E+6
9.10000E+1	2.97122E+4	9.37840E+4	3.56653E+6	1.08092E+6	7.82775E+4	2.90197E+6
9.11000E+1	2.97409E+4	9.38034E+4	3.56480E+6	1.08647E+6	7.80504E+4	3.00342E+6
9.12000E+1	2.98429E+4	9.38736E+4	3.62104E+6	1.08358E+6	7.81250E+4	2.84640E+6
9.13000E+1	3.00132E+4	9.36982E+4	3.90736E+6	1.10714E+6	7.79269E+4	3.01651E+6
9.14000E+1	2.98277E+4	9.36498E+4	3.71385E+6	1.10191E+6	7.79065E+4	2.91832E+6
9.15000E+1	2.99723E+4	9.38942E+4	3.84221E+6	1.08295E+6	7.79729E+4	2.97757E+6
9.16000E+1	3.00704E+4	9.36426E+4	3.67351E+6	1.09954E+6	7.78892E+4	2.96360E+6
9.17000E+1	2.97984E+4	9.38409E+4	3.85578E+6	1.10038E+6	7.82601E+4	2.98614E+6
9.18000E+1	3.00704E+4	9.37465E+4	3.71432E+6	1.07765E+6	7.79912E+4	3.04780E+6
9.19000E+1	3.01609E+4	9.35846E+4	3.64167E+6	1.10424E+6	7.80198E+4	3.02027E+6
9.20000E+1	2.99179E+4	9.34085E+4	3.60682E+6	1.10335E+6	7.80811E+4	2.95576E+6
9.21000E+1	3.00698E+4	9.30572E+4	3.64167E+6	1.08616E+6	7.78597E+4	3.02466E+6
9.22000E+1	3.00273E+4	9.34073E+4	3.75745E+6	1.08743E+6	7.77527E+4	2.93514E+6
9.23000E+1	3.03303E+4	9.37998E+4	3.76370E+6	1.10377E+6	7.79739E+4	2.93484E+6
9.24000E+1	3.03495E+4	9.33073E+4	3.68917E+6	1.10879E+6	7.80004E+4	2.88178E+6
9.25000E+1	3.04514E+4	9.33796E+4	3.68179E+6	1.07854E+6	7.75575E+4	2.94915E+6
9.26000E+1	3.03856E+4	9.31437E+4	3.78449E+6	1.09497E+6	7.78974E+4	3.01682E+6
9.27000E+1	3.04338E+4	9.31798E+4	3.57391E+6	1.08729E+6	7.77700E+4	2.85173E+6
9.28000E+1	3.03719E+4	9.34712E+4	3.64981E+6	1.08793E+6	7.75900E+4	2.95756E+6
9.29000E+1	3.05792E+4	9.33579E+4	3.75506E+6	1.10321E+6	7.78321E+4	3.03730E+6
9.30000E+1	3.04421E+4	9.34664E+4	3.85376E+6	1.08362E+6	7.77578E+4	2.90575E+6
9.31000E+1	3.04958E+4	9.34290E+4	3.71151E+6	1.09529E+6	7.77822E+4	2.97666E+6
9.32000E+1	3.04585E+4	9.30945E+4	3.68409E+6	1.09162E+6	7.77598E+4	2.93158E+6
9.33000E+1	3.04552E+4	9.31534E+4	3.95606E+6	1.10790E+6	7.77751E+4	2.93307E+6
9.34000E+1	3.04322E+4	9.30476E+4	3.52288E+6	1.09612E+6	7.75890E+4	2.85482E+6
9.35000E+1	3.05556E+4	9.32447E+4	3.89961E+6	1.10954E+6	7.76876E+4	2.90721E+6
9.36000E+1	3.03451E+4	9.30008E+4	3.54843E+6	1.08371E+6	7.73576E+4	2.91509E+6
9.37000E+1	3.05924E+4	9.35484E+4	3.80109E+6	1.09640E+6	7.76683E+4	3.08102E+6
9.38000E+1	3.04031E+4	9.32075E+4	3.70217E+6	1.11957E+6	7.77894E+4	3.05195E+6
9.39000E+1	3.06820E+4	9.35629E+4	3.90322E+6	1.09787E+6	7.77324E+4	2.94646E+6
9.40000E+1	3.06166E+4	9.30801E+4	3.77237E+6	1.09843E+6	7.78393E+4	2.97605E+6
9.41000E+1	3.04914E+4	9.31966E+4	3.66117E+6	1.09709E+6	7.78046E+4	2.90633E+6
9.42000E+1	3.07905E+4	9.28701E+4	3.87096E+6	1.09157E+6	7.75453E+4	2.90662E+6
9.43000E+1	3.09323E+4	9.33001E+4	3.68733E+6	1.10205E+6	7.75808E+4	2.91129E+6
9.44000E+1	3.07564E+4	9.32050E+4	3.86791E+6	1.09778E+6	7.75148E+4	2.98032E+6
9.45000E+1	3.07041E+4	9.29852E+4	3.83073E+6	1.10907E+6	7.76571E+4	2.90662E+6
9.46000E+1	3.07696E+4	9.27180E+4	3.79962E+6	1.10154E+6	7.75839E+4	2.89242E+6
9.47000E+1	3.08743E+4	9.32784E+4	3.76177E+6	1.08425E+6	7.75037E+4	3.01120E+6
9.48000E+1	3.09273E+4	9.27467E+4	3.85779E+6	1.09959E+6	7.77792E+4	2.88609E+6
9.49000E+1	3.09920E+4	9.31269E+4	3.92868E+6	1.10860E+6	7.74692E+4	2.86441E+6
9.50000E+1	3.10285E+4	9.30753E+4	3.83023E+6	1.09621E+6	7.73728E+4	3.03508E+6
9.51000E+1	3.12695E+4	9.31377E+4	3.87706E+6	1.08929E+6	7.75027E+4	2.91773E+6
9.52000E+1	3.10894E+4	9.28425E+4	3.61881E+6	1.10307E+6	7.74053E+4	2.89820E+6
9.53000E+1	3.12845E+4	9.30296E+4	3.76707E+6	1.10047E+6	7.73819E+4	2.92626E+6
9.54000E+1	3.12767E+4	9.28965E+4	3.63627E+6	1.10000E+6	7.75169E+4	2.86498E+6
9.55000E+1	3.10539E+4	9.27396E+4	3.53519E+6	1.10508E+6	7.74124E+4	2.90750E+6
9.56000E+1	3.12656E+4	9.31089E+4	3.78157E+6	1.11885E+6	7.74560E+4	2.97818E+6
9.57000E+1	3.14869E+4	9.28521E+4	3.65389E+6	1.10457E+6	7.73708E+4	2.83443E+6
9.58000E+1	3.14185E+4	9.30897E+4	3.69288E+6	1.08652E+6	7.73657E+4	2.93455E+6
9.59000E+1	3.13829E+4	9.27120E+4	3.77527E+6	1.09309E+6	7.73546E+4	2.96784E+6
9.60000E+1	3.13795E+4	9.29828E+4	3.98327E+6	1.09986E+6	7.74986E+4	2.91568E+6
9.61000E+1	3.15851E+4	9.29061E+4	3.90787E+6	1.09838E+6	7.73130E+4	3.00373E+6
9.62000E+1	3.17202E+4	9.32135E+4	3.99945E+6	1.09309E+6	7.75524E+4	2.89473E+6
9.63000E+1	3.17979E+4	9.30825E+4	4.09134E+6	1.10196E+6	7.75676E+4	2.95035E+6
9.64000E+1	3.18315E+4	9.29516E+4	3.97309E+6	1.09996E+6	7.72776E+4	3.01057E+6
9.65000E+1	3.19324E+4	9.30068E+4	3.84672E+6	1.10326E+6	7.72371E+4	2.99970E+6
9.66000E+1	3.19722E+4	9.26630E+4	3.86588E+6	1.10010E+6	7.72391E+4	2.97179E+6
9.67000E+1	3.20654E+4	9.28809E+4	4.01303E+6	1.09212E+6	7.74347E+4	2.89589E+6
9.68000E+1	3.19329E+4	9.28282E+4	3.95288E+6	1.11314E+6	7.71855E+4	3.11496E+6
9.69000E+1	3.19430E+4	9.25387E+4	3.76851E+6	1.10135E+6	7.72563E+4	2.82834E+6
9.70000E+1	3.20553E+4	9.28725E+4	3.89807E+6	1.10950E+6	7.74915E+4	2.98154E+6
9.71000E+1	3.19290E+4	9.24253E+4	3.84071E+6	1.08847E+6	7.73333E+4	2.91041E+6
9.72000E+1	3.20901E+4	9.26343E+4	3.82973E+6	1.08925E+6	7.74347E+4	2.98491E+6
9.73000E+1	3.21244E+4	9.23979E+4	3.84923E+6	1.11224E+6	7.73009E+4	3.00032E+6
9.74000E+1	3.20542E+4	9.26259E+4	3.79815E+6	1.09630E+6	7.73100E+4	2.99599E+6
9.75000E+1	3.20575E+4	9.27647E+4	3.89549E+6	1.11105E+6	7.73161E+4	2.99137E+6
9.76000E+1	3.17498E+4	9.25053E+4	3.87503E+6	1.11432E+6	7.72584E+4	2.80450E+6
9.77000E+1	3.17420E+4	9.28102E+4	3.88421E+6	1.09414E+6	7.74144E+4	2.99692E+6
9.78000E+1	3.19733E+4	9.26224E+4	3.68686E+6	1.09704E+6	7.73201E+4	2.88954E+6
9.79000E+1	3.17565E+4	9.26152E+4	3.80011E+6	1.11304E+6	7.74945E+4	2.96209E+6
9.80000E+1	3.17129E+4	9.28485E+4	3.72466E+6	1.09982E+6	7.73161E+4	2.95245E+6
9.81000E+1	3.16621E+4	9.25447E+4	3.80256E+6	1.12260E+6	7.73222E+4	2.98124E+6
9.82000E+1	3.18231E+4	9.26905E+4	3.81931E+6	1.11314E+6	7.76479E+4	2.88007E+6
9.83000E+1	3.15349E+4	9.26630E+4	3.90167E+6	1.08729E+6	7.74986E+4	2.93633E+6
9.84000E+1	3.16124E+4	9.22906E+4	3.73505E+6	1.12197E+6	7.73252E+4	2.91012E+6
9.85000E+1	3.15733E+4	9.25327E+4	3.68317E+6	1.11318E+6	7.73363E+4	2.94766E+6
9.86000E+1	3.14185E+4	9.23955E+4	3.76129E+6	1.10813E+6	7.72867E+4	2.85651E+6
9.87000E+1	3.11846E+4	9.28521E+4	3.85729E+6	1.11271E+6	7.72108E+4	2.95245E+6
9.88000E+1	3.15561E+4	9.23216E+4	3.74408E+6	1.08761E+6	7.73890E+4	2.82640E+6
9.89000E+1	3.13451E+4	9.25232E+4	4.06658E+6	1.12486E+6	7.72999E+4	2.87293E+6
9.90000E+1	3.13701E+4	9.22918E+4	3.88012E+6	1.10490E+6	7.70804E+4	2.85679E+6
9.91000E+1	3.11924E+4	9.25077E+4	3.78595E+6	1.10532E+6	7.73161E+4	2.91100E+6
9.92000E+1	3.11852E+4	9.26498E+4	3.84371E+6	1.11508E+6	7.72918E+4	2.93188E+6
9.93000E+1	3.12840E+4	9.23144E+4	3.86082E+6	1.11747E+6	7.76845E+4	2.85257E+6
9.94000E+1	3.12024E+4	9.23895E+4	3.82129E+6	1.10874E+6	7.73191E+4	2.87978E+6
9.95000E+1	3.11132E+4	9.23025E+4	3.52077E+6	1.09226E+6	7.71329E+4	2.92449E+6
9.96000E+1	3.11032E+4	9.22287E+4	3.85124E+6	1.10780E+6	7.73961E+4	2.95305E+6
9.97000E+1	3.10600E+4	9.22406E+4	3.75219E+6	1.09020E+6	7.72239E+4	2.87293E+6
9.98000E+1	3.12318E+4	9.22132E+4	3.83621E+6	1.10822E+6	7.71410E+4	2.87892E+6
9.99000E+1	3.13284E+4	9.19541E+4	3.61081E+6	1.10818E+6	7.72118E+4	2.95787E+6
1.00000E+2	3.13401E+4	9.24110E+4	3.86588E+6	1.10359E+6	7.75016E+4	2.99568E+6
1.00100E+2	3.12373E+4	9.19066E+4	3.56351E+6	1.09180E+6	7.70773E+4	2.85989E+6
1.00200E+2	3.11669E+4	9.21882E+4	3.78303E+6	1.09080E+6	7.71410E+4	2.84836E+6
1.00300E+2	3.14714E+4	9.22192E+4	3.76274E+6	1.09061E+6	7.74286E+4	2.87550E+6
1.00400E+2	3.13895E+4	9.21145E+4	3.66756E+6	1.10592E+6	7.73982E+4	2.96148E+6
1.00500E+2	3.12379E+4	9.16069E+4	3.63762E+6	1.10743E+6	7.69602E+4	2.87350E+6
1.00600E+2	3.13067E+4	9.23872E+4	3.67535E+6	1.10233E+6	7.71198E+4	2.88293E+6
1.00700E+2	3.13406E+4	9.22287E+4	3.73790E+6	1.09718E+6	7.70491E+4	2.88264E+6
1.00800E+2	3.15109E+4	9.18497E+4	3.75602E+6	1.08430E+6	7.69532E+4	2.93633E+6
1.00900E+2	3.13784E+4	9.22942E+4	3.66939E+6	1.09880E+6	7.72199E+4	2.85623E+6
1.01000E+2	3.15265E+4	9.20158E+4	3.70264E+6	1.11157E+6	7.69391E+4	2.88839E+6
1.01100E+2	3.14385E+4	9.19315E+4	3.90013E+6	1.13751E+6	7.74042E+4	2.97148E+6
1.01200E+2	3.15795E+4	9.20669E+4	3.63852E+6	1.09926E+6	7.71440E+4	2.92361E+6
1.01300E+2	3.14903E+4	9.22406E+4	3.87299E+6	1.12154E+6	7.70976E+4	3.16295E+6
1.01400E+2	3.14853E+4	9.19470E+4	3.69891E+6	1.08661E+6	7.72523E+4	2.86328E+6
1.01500E+2	3.16018E+4	9.19161E+4	3.75076E+6	1.10303E+6	7.69613E+4	2.93158E+6
1.01600E+2	3.16169E+4	9.21549E+4	3.60019E+6	1.11599E+6	7.70016E+4	2.81623E+6
1.01700E+2	3.16180E+4	9.19766E+4	3.85779E+6	1.13382E+6	7.72584E+4	2.95425E+6
1.01800E+2	3.17291E+4	9.21169E+4	3.71807E+6	1.10719E+6	7.72958E+4	2.90226E+6
1.01900E+2	3.16928E+4	9.22370E+4	3.81190E+6	1.11785E+6	7.71572E+4	2.88494E+6
1.02000E+2	3.15538E+4	9.21763E+4	3.75650E+6	1.12724E+6	7.71168E+4	2.99754E+6
1.02100E+2	3.17129E+4	9.19125E+4	3.79815E+6	1.11485E+6	7.69835E+4	2.96481E+6
1.02200E+2	3.16464E+4	9.18165E+4	3.72560E+6	1.11632E+6	7.70157E+4	2.89184E+6
1.02300E+2	3.16576E+4	9.21442E+4	3.92607E+6	1.12636E+6	7.71410E+4	2.91275E+6
1.02400E+2	3.16649E+4	9.23788E+4	3.70637E+6	1.11971E+6	7.70339E+4	2.97361E+6
1.02500E+2	3.17571E+4	9.19303E+4	3.80354E+6	1.11594E+6	7.71602E+4	2.92420E+6
1.02600E+2	3.17985E+4	9.14379E+4	3.66619E+6	1.10158E+6	7.70683E+4	2.92508E+6
1.02700E+2	3.18270E+4	9.16483E+4	3.77479E+6	1.10373E+6	7.70228E+4	2.83138E+6
1.02800E+2	3.20946E+4	9.24910E+4	3.84472E+6	1.15997E+6	7.70501E+4	3.01526E+6
1.02900E+2	3.18494E+4	9.15596E+4	3.82179E+6	1.10429E+6	7.68221E+4	2.90284E+6
1.03000E+2	3.19167E+4	9.18497E+4	3.72513E+6	1.10583E+6	7.70036E+4	3.01276E+6
1.03100E+2	3.19991E+4	9.19624E+4	4.10496E+6	1.16058E+6	7.71056E+4	2.96058E+6
1.03200E+2	3.18646E+4	9.18200E+4	3.49519E+6	1.13554E+6	7.70794E+4	2.93692E+6
1.03300E+2	3.20042E+4	9.17122E+4	3.62461E+6	1.12048E+6	7.67970E+4	2.95546E+6
1.03400E+2	3.20059E+4	9.19232E+4	3.75985E+6	1.11723E+6	7.71218E+4	2.94915E+6
1.03500E+2	3.23238E+4	9.17999E+4	3.76177E+6	1.11461E+6	7.69259E+4	3.00404E+6
1.03600E+2	3.21323E+4	9.19387E+4	4.05654E+6	1.12904E+6	7.70642E+4	2.97300E+6
1.03700E+2	3.20345E+4	9.13258E+4	3.76514E+6	1.10447E+6	7.68413E+4	2.76456E+6
1.03800E+2	3.19127E+4	9.17335E+4	3.79717E+6	1.12670E+6	7.68262E+4	2.87749E+6
1.03900E+2	3.20227E+4	9.19588E+4	3.88779E+6	1.14132E+6	7.68483E+4	3.07322E+6
1.04000E+2	3.21700E+4	9.13223E+4	3.84522E+6	1.11172E+6	7.68917E+4	2.77437E+6
1.04100E+2	3.19010E+4	9.17193E+4	3.96668E+6	1.12617E+6	7.71572E+4	2.98399E+6
1.04200E+2	3.18601E+4	9.16909E+4	3.90013E+6	1.14831E+6	7.67386E+4	2.90459E+6
1.04300E+2	3.21436E+4	9.19945E+4	3.51740E+6	1.11813E+6	7.71491E+4	3.02341E+6
1.04400E+2	3.19111E+4	9.17478E+4	3.87401E+6	1.14421E+6	7.68876E+4	2.98706E+6
1.04500E+2	3.19812E+4	9.16471E+4	3.73411E+6	1.12651E+6	7.67859E+4	2.93099E+6
1.04600E+2	3.19442E+4	9.14970E+4	3.85628E+6	1.15624E+6	7.69330E+4	2.93277E+6
1.04700E+2	3.18142E+4	9.13152E+4	3.87910E+6	1.13476E+6	7.69562E+4	2.95877E+6
1.04800E+2	3.18730E+4	9.12091E+4	3.87604E+6	1.12163E+6	7.70854E+4	3.06998E+6
1.04900E+2	3.19240E+4	9.12138E+4	3.68548E+6	1.11035E+6	7.68020E+4	3.01494E+6
1.05000E+2	3.19559E+4	9.14450E+4	3.81437E+6	1.10818E+6	7.67617E+4	3.00311E+6
1.05100E+2	3.19284E+4	9.16992E+4	3.71948E+6	1.13343E+6	7.70309E+4	3.01682E+6
1.05200E+2	3.19464E+4	9.17869E+4	3.56264E+6	1.11494E+6	7.69663E+4	2.92833E+6
1.05300E+2	3.18237E+4	9.13447E+4	3.79913E+6	1.11470E+6	7.65516E+4	2.90168E+6
1.05400E+2	3.19980E+4	9.16933E+4	3.63537E+6	1.11756E+6	7.68655E+4	2.84920E+6
1.05500E+2	3.18987E+4	9.08822E+4	3.56957E+6	1.11020E+6	7.69572E+4	3.04397E+6
1.05600E+2	3.19890E+4	9.16542E+4	3.82973E+6	1.12996E+6	7.67124E+4	2.94616E+6
1.05700E+2	3.17336E+4	9.10985E+4	3.60815E+6	1.11352E+6	7.70824E+4	2.91744E+6
1.05800E+2	3.15901E+4	9.11962E+4	3.81092E+6	1.11799E+6	7.67265E+4	2.96511E+6
1.05900E+2	3.15076E+4	9.11809E+4	3.65571E+6	1.11542E+6	7.71248E+4	2.95847E+6
1.06000E+2	3.15672E+4	9.12374E+4	3.62104E+6	1.11134E+6	7.68060E+4	2.97605E+6
1.06100E+2	3.15979E+4	9.12103E+4	3.71010E+6	1.12269E+6	7.72199E+4	3.06674E+6
1.06200E+2	3.17890E+4	9.15230E+4	3.64077E+6	1.13201E+6	7.69481E+4	2.91979E+6
1.06300E+2	3.16381E+4	9.15088E+4	3.76177E+6	1.09653E+6	7.68534E+4	3.02121E+6
1.06400E+2	3.17498E+4	9.12798E+4	3.68964E+6	1.12879E+6	7.68372E+4	3.00839E+6
1.06500E+2	3.16520E+4	9.10373E+4	3.69056E+6	1.12607E+6	7.68312E+4	3.08233E+6
1.06600E+2	3.17308E+4	9.11738E+4	3.62953E+6	1.12077E+6	7.69572E+4	2.96511E+6
1.06700E+2	3.14897E+4	9.12857E+4	3.72702E+6	1.11243E+6	7.70238E+4	2.96845E+6
1.06800E+2	3.17353E+4	9.15100E+4	3.78206E+6	1.13147E+6	7.69391E+4	2.98706E+6
1.06900E+2	3.16839E+4	9.10079E+4	3.58482E+6	1.10172E+6	7.69905E+4	2.98583E+6
1.07000E+2	3.16414E+4	9.11408E+4	3.74646E+6	1.12115E+6	7.70652E+4	2.97148E+6
1.07100E+2	3.15505E+4	9.14356E+4	3.92607E+6	1.11713E+6	7.69471E+4	2.95787E+6
1.07200E+2	3.15488E+4	9.13282E+4	3.85628E+6	1.11952E+6	7.71188E+4	2.92273E+6
1.07300E+2	3.15260E+4	9.10973E+4	3.80109E+6	1.10625E+6	7.66792E+4	2.83748E+6
1.07400E+2	3.17403E+4	9.09562E+4	3.67765E+6	1.11176E+6	7.68594E+4	2.96360E+6
1.07500E+2	3.15510E+4	9.10761E+4	3.64574E+6	1.11408E+6	7.68836E+4	2.84864E+6
1.07600E+2	3.14519E+4	9.15596E+4	3.76996E+6	1.14436E+6	7.71198E+4	2.95395E+6
1.07700E+2	3.13701E+4	9.11773E+4	3.84622E+6	1.10075E+6	7.70137E+4	2.90692E+6
1.07800E+2	3.13001E+4	9.10597E+4	4.04765E+6	1.11718E+6	7.67466E+4	2.97300E+6
1.07900E+2	3.13590E+4	9.12963E+4	3.59007E+6	1.13319E+6	7.69774E+4	2.85933E+6
1.08000E+2	3.12007E+4	9.08658E+4	3.61792E+6	1.10818E+6	7.68957E+4	2.83276E+6
1.08100E+2	3.12823E+4	9.12551E+4	3.68917E+6	1.11371E+6	7.70440E+4	3.01057E+6
1.08200E+2	3.12878E+4	9.13529E+4	3.65344E+6	1.10443E+6	7.70622E+4	2.89271E+6
1.08300E+2	3.13223E+4	9.12433E+4	3.67489E+6	1.11247E+6	7.70178E+4	3.05933E+6
1.08400E+2	3.12262E+4	9.11244E+4	3.60196E+6	1.08938E+6	7.67788E+4	2.85820E+6
1.08500E+2	3.13551E+4	9.09104E+4	3.62506E+6	1.11842E+6	7.70046E+4	2.98952E+6
1.08600E+2	3.13184E+4	9.11997E+4	3.84021E+6	1.10663E+6	7.72341E+4	2.93544E+6
1.08700E+2	3.10545E+4	9.13353E+4	3.60372E+6	1.10954E+6	7.70652E+4	3.01401E+6
1.08800E+2	3.13140E+4	9.08259E+4	3.68548E+6	1.10790E+6	7.69199E+4	2.94019E+6
1.08900E+2	3.10822E+4	9.10491E+4	3.65298E+6	1.10879E+6	7.72523E+4	2.98307E+6
1.09000E+2	3.09842E+4	9.13081E+4	3.63222E+6	1.10775E+6	7.71673E+4	2.90604E+6
1.09100E+2	3.10539E+4	9.10820E+4	3.63942E+6	1.10228E+6	7.71602E+4	2.94616E+6
1.09200E+2	3.08655E+4	9.10444E+4	3.60815E+6	1.10061E+6	7.72432E+4	2.90983E+6
1.09300E+2	3.10268E+4	9.04431E+4	3.68733E+6	1.10747E+6	7.72867E+4	2.84305E+6
1.09400E+2	3.08175E+4	9.08107E+4	3.62998E+6	1.10461E+6	7.71420E+4	2.81377E+6
1.09500E+2	3.10246E+4	9.06970E+4	3.44712E+6	1.11001E+6	7.68735E+4	2.99723E+6
1.09600E+2	3.07801E+4	9.07767E+4	3.73079E+6	1.11366E+6	7.71259E+4	2.91100E+6
1.09700E+2	3.07569E+4	9.10620E+4	3.58394E+6	1.12327E+6	7.70996E+4	2.92126E+6
1.09800E+2	3.10346E+4	9.13600E+4	3.71104E+6	1.09419E+6	7.70976E+4	3.11562E+6
1.09900E+2	3.08065E+4	9.10173E+4	3.66299E+6	1.09570E+6	7.71016E+4	2.91597E+6
1.10000E+2	3.07079E+4	9.10867E+4	3.46014E+6	1.08720E+6	7.71997E+4	2.94826E+6
1.10100E+2	3.07536E+4	9.11373E+4	3.71666E+6	1.11575E+6	7.70965E+4	3.03635E+6
1.10200E+2	3.07663E+4	9.05869E+4	3.60638E+6	1.09695E+6	7.70773E+4	2.85482E+6
1.10300E+2	3.09036E+4	9.07087E+4	3.77963E+6	1.09511E+6	7.71289E+4	2.85651E+6
