0.00000E+0	4.52438E+4	8.46020E+4	4.45109E+6	1.31550E+6	8.06621E+4	3.71868E+6
1.00000E-1	3.94350E+4	7.91853E+4	4.47726E+6	1.27451E+6	7.47831E+4	3.59548E+6
2.00000E-1	3.98068E+4	7.88271E+4	4.49828E+6	1.26292E+6	7.46042E+4	3.68839E+6
3.00000E-1	3.96609E+4	7.84405E+4	4.44909E+6	1.26478E+6	7.44001E+4	3.52132E+6
4.00000E-1	3.96364E+4	7.87982E+4	4.56252E+6	1.24456E+6	7.42112E+4	3.55071E+6
5.00000E-1	3.95422E+4	7.86757E+4	4.29576E+6	1.26496E+6	7.43972E+4	3.66267E+6
6.00000E-1	3.99284E+4	7.85575E+4	4.31954E+6	1.27994E+6	7.43217E+4	3.55071E+6
7.00000E-1	3.99284E+4	7.84805E+4	4.31452E+6	1.27262E+6	7.42180E+4	3.40202E+6
8.00000E-1	4.00345E+4	7.84713E+4	4.34422E+6	1.27823E+6	7.44442E+4	3.56883E+6
9.00000E-1	3.98616E+4	7.87251E+4	4.47659E+6	1.27469E+6	7.44442E+4	3.56970E+6
1.00000E+0	4.02496E+4	7.84518E+4	4.39507E+6	1.28871E+6	7.47024E+4	3.73425E+6
1.10000E+0	4.01420E+4	7.87900E+4	4.68544E+6	1.25418E+6	7.43208E+4	3.57144E+6
1.20000E+0	3.98667E+4	7.82407E+4	4.06401E+6	1.26688E+6	7.40715E+4	3.56104E+6
1.30000E+0	4.00301E+4	7.85124E+4	4.36918E+6	1.26688E+6	7.41086E+4	3.75664E+6
1.40000E+0	4.01154E+4	7.80648E+4	4.37950E+6	1.25270E+6	7.43433E+4	3.56364E+6
1.50000E+0	4.02477E+4	7.87190E+4	4.36661E+6	1.28623E+6	7.43345E+4	3.62609E+6
1.60000E+0	4.03790E+4	7.82745E+4	4.62713E+6	1.29910E+6	7.42454E+4	3.54985E+6
1.70000E+0	4.02712E+4	7.83513E+4	4.17704E+6	1.24683E+6	7.41359E+4	3.56970E+6
1.80000E+0	4.03035E+4	7.85052E+4	4.65829E+6	1.28753E+6	7.43208E+4	3.66541E+6
1.90000E+0	4.01888E+4	7.85709E+4	4.14429E+6	1.29470E+6	7.47388E+4	3.55114E+6
2.00000E+0	4.05978E+4	7.85308E+4	4.37369E+6	1.28623E+6	7.45502E+4	3.56450E+6
2.10000E+0	4.04724E+4	7.82550E+4	4.59425E+6	1.27177E+6	7.39242E+4	3.44927E+6
2.20000E+0	4.03822E+4	7.84169E+4	4.28954E+6	1.27646E+6	7.43002E+4	3.58232E+6
2.30000E+0	4.06902E+4	7.87231E+4	4.65829E+6	1.27014E+6	7.40422E+4	3.57970E+6
2.40000E+0	4.04387E+4	7.82704E+4	4.62498E+6	1.28642E+6	7.46572E+4	3.62117E+6
2.50000E+0	4.02794E+4	7.83872E+4	4.83533E+6	1.29596E+6	7.39106E+4	3.54985E+6
2.60000E+0	4.07476E+4	7.82827E+4	4.53329E+6	1.26208E+6	7.41750E+4	3.68515E+6
2.70000E+0	4.01996E+4	7.81446E+4	4.53052E+6	1.26869E+6	7.44344E+4	3.61939E+6
2.80000E+0	4.01831E+4	7.84508E+4	4.42917E+6	1.25999E+6	7.41623E+4	3.65903E+6
2.90000E+0	4.04032E+4	7.81875E+4	4.37627E+6	1.28013E+6	7.37256E+4	3.46190E+6
3.00000E+0	4.02782E+4	7.83021E+4	4.54995E+6	1.28977E+6	7.40237E+4	3.70884E+6
3.10000E+0	4.04222E+4	7.81026E+4	4.37498E+6	1.27226E+6	7.42523E+4	3.64677E+6
3.20000E+0	4.05806E+4	7.83862E+4	4.41271E+6	1.28908E+6	7.47920E+4	3.46886E+6
3.30000E+0	4.02484E+4	7.79658E+4	4.34486E+6	1.28228E+6	7.39661E+4	3.43996E+6
3.40000E+0	4.06468E+4	7.84395E+4	4.64665E+6	1.26670E+6	7.39944E+4	3.59680E+6
3.50000E+0	4.04654E+4	7.82458E+4	4.45844E+6	1.29389E+6	7.41907E+4	3.67457E+6
3.60000E+0	4.04032E+4	7.82929E+4	4.24895E+6	1.24894E+6	7.38511E+4	3.58014E+6
3.70000E+0	4.02674E+4	7.81885E+4	4.49556E+6	1.24456E+6	7.39417E+4	3.59152E+6
3.80000E+0	4.02566E+4	7.83851E+4	4.48741E+6	1.28871E+6	7.45472E+4	3.62967E+6
3.90000E+0	4.02528E+4	7.82141E+4	4.38532E+6	1.27262E+6	7.43972E+4	3.48493E+6
4.00000E+0	4.04406E+4	7.83114E+4	4.59638E+6	1.28456E+6	7.40607E+4	3.55372E+6
4.10000E+0	4.04737E+4	7.81435E+4	4.38273E+6	1.25666E+6	7.39476E+4	3.48742E+6
4.20000E+0	4.03720E+4	7.81313E+4	4.30762E+6	1.25952E+6	7.39213E+4	3.50074E+6
4.30000E+0	4.02883E+4	7.81517E+4	4.15010E+6	1.26646E+6	7.40568E+4	3.65675E+6
4.40000E+0	4.03803E+4	7.83042E+4	4.51743E+6	1.26077E+6	7.42669E+4	3.54642E+6
4.50000E+0	3.99594E+4	7.82632E+4	4.49692E+6	1.25892E+6	7.41203E+4	3.57230E+6
4.60000E+0	4.02921E+4	7.82827E+4	4.39376E+6	1.29133E+6	7.41985E+4	3.41312E+6
4.70000E+0	4.04241E+4	7.82612E+4	4.57586E+6	1.29816E+6	7.39184E+4	3.59680E+6
4.80000E+0	4.02173E+4	7.83421E+4	4.14661E+6	1.26364E+6	7.39369E+4	3.56018E+6
4.90000E+0	4.00876E+4	7.81486E+4	4.40812E+6	1.27232E+6	7.37801E+4	3.51541E+6
5.00000E+0	4.03568E+4	7.81170E+4	4.40159E+6	1.26430E+6	7.38726E+4	3.35601E+6
5.10000E+0	4.00332E+4	7.81988E+4	4.11490E+6	1.27280E+6	7.37879E+4	3.44360E+6
5.20000E+0	4.02123E+4	7.81466E+4	4.25995E+6	1.29058E+6	7.39564E+4	3.69719E+6
5.30000E+0	4.02560E+4	7.80781E+4	4.37304E+6	1.25696E+6	7.40607E+4	3.29440E+6
5.40000E+0	4.05589E+4	7.81875E+4	4.77641E+6	1.28983E+6	7.43031E+4	3.60917E+6
5.50000E+0	4.01705E+4	7.83636E+4	4.47524E+6	1.25211E+6	7.40510E+4	3.51373E+6
5.60000E+0	4.02801E+4	7.80454E+4	4.26056E+6	1.27153E+6	7.41799E+4	3.65130E+6
5.70000E+0	4.02997E+4	7.80863E+4	4.41337E+6	1.27640E+6	7.41330E+4	3.44562E+6
5.80000E+0	4.02503E+4	7.80516E+4	4.62857E+6	1.26622E+6	7.39885E+4	3.47544E+6
5.90000E+0	4.04070E+4	7.81763E+4	4.21030E+6	1.26142E+6	7.39642E+4	3.50827E+6
6.00000E+0	4.03225E+4	7.86141E+4	4.38922E+6	1.31809E+6	7.39213E+4	3.52852E+6
6.10000E+0	4.05125E+4	7.80189E+4	4.47456E+6	1.27749E+6	7.38210E+4	3.61538E+6
6.20000E+0	4.02883E+4	7.80914E+4	4.28396E+6	1.27062E+6	7.35896E+4	3.40994E+6
6.30000E+0	4.01002E+4	7.82796E+4	4.52087E+6	1.28654E+6	7.40285E+4	3.51836E+6
6.40000E+0	4.01319E+4	7.79934E+4	4.54299E+6	1.26700E+6	7.36654E+4	3.32323E+6
6.50000E+0	4.02053E+4	7.83226E+4	4.43380E+6	1.26610E+6	7.37208E+4	3.49781E+6
6.60000E+0	4.00731E+4	7.80219E+4	4.14778E+6	1.26250E+6	7.38015E+4	3.33535E+6
6.70000E+0	4.02129E+4	7.83759E+4	4.69061E+6	1.29992E+6	7.36236E+4	3.45537E+6
6.80000E+0	4.01034E+4	7.82888E+4	4.08987E+6	1.30226E+6	7.37587E+4	3.41749E+6
6.90000E+0	4.00806E+4	7.85545E+4	4.37562E+6	1.27445E+6	7.41262E+4	3.44238E+6
7.00000E+0	4.00446E+4	7.83523E+4	4.40159E+6	1.28902E+6	7.41516E+4	3.47626E+6
7.10000E+0	4.01255E+4	7.83441E+4	4.48741E+6	1.25241E+6	7.38171E+4	3.37419E+6
7.20000E+0	4.02249E+4	7.83718E+4	4.43314E+6	1.26688E+6	7.41516E+4	3.55458E+6
7.30000E+0	4.00794E+4	7.80495E+4	4.16295E+6	1.27805E+6	7.39184E+4	3.41113E+6
7.40000E+0	4.01338E+4	7.82745E+4	4.49420E+6	1.29986E+6	7.40783E+4	3.51836E+6
7.50000E+0	3.99733E+4	7.80812E+4	4.20313E+6	1.24666E+6	7.36809E+4	3.35024E+6
7.60000E+0	4.01831E+4	7.83575E+4	4.38597E+6	1.28506E+6	7.39583E+4	3.37964E+6
7.70000E+0	3.98408E+4	7.86130E+4	4.42257E+6	1.28290E+6	7.44177E+4	3.43835E+6
7.80000E+0	3.97552E+4	7.83923E+4	4.48470E+6	1.25649E+6	7.40998E+4	3.37497E+6
7.90000E+0	3.99745E+4	7.80955E+4	4.48605E+6	1.26178E+6	7.41379E+4	3.32059E+6
8.00000E+0	3.97722E+4	7.85740E+4	4.31703E+6	1.25365E+6	7.39018E+4	3.49573E+6
8.10000E+0	3.97747E+4	7.83278E+4	4.19005E+6	1.27652E+6	7.37353E+4	3.43070E+6
8.20000E+0	3.97546E+4	7.84682E+4	4.32585E+6	1.24894E+6	7.39076E+4	3.38511E+6
8.30000E+0	3.92799E+4	7.84477E+4	4.15944E+6	1.25258E+6	7.38531E+4	3.51163E+6
8.40000E+0	3.95673E+4	7.81251E+4	4.32585E+6	1.27226E+6	7.41760E+4	3.54685E+6
8.50000E+0	3.93374E+4	7.81364E+4	4.16705E+6	1.26244E+6	7.38998E+4	3.36295E+6
8.60000E+0	3.92761E+4	7.83667E+4	4.41797E+6	1.27135E+6	7.40656E+4	3.32096E+6
8.70000E+0	3.92867E+4	7.82632E+4	4.22592E+6	1.27299E+6	7.40832E+4	3.44765E+6
8.80000E+0	3.91188E+4	7.84569E+4	4.28273E+6	1.25643E+6	7.37558E+4	3.37302E+6
8.90000E+0	3.93643E+4	7.86901E+4	4.10975E+6	1.28166E+6	7.37499E+4	3.27888E+6
9.00000E+0	3.93386E+4	7.84908E+4	4.12293E+6	1.25152E+6	7.38813E+4	3.34336E+6
9.10000E+0	3.91319E+4	7.81251E+4	4.26301E+6	1.26262E+6	7.42816E+4	3.36140E+6
9.20000E+0	3.92399E+4	7.82663E+4	4.33280E+6	1.26508E+6	7.43051E+4	3.37497E+6
9.30000E+0	3.90602E+4	7.80158E+4	4.11490E+6	1.26502E+6	7.39437E+4	3.22959E+6
9.40000E+0	3.90727E+4	7.83114E+4	4.38857E+6	1.24304E+6	7.38998E+4	3.38159E+6
9.50000E+0	3.90615E+4	7.83810E+4	4.17763E+6	1.24502E+6	7.43276E+4	3.44927E+6
9.60000E+0	3.89046E+4	7.87231E+4	4.17410E+6	1.26077E+6	7.40695E+4	3.33611E+6
9.70000E+0	3.89986E+4	7.83411E+4	4.41468E+6	1.24841E+6	7.40041E+4	3.54942E+6
9.80000E+0	3.89133E+4	7.83226E+4	4.24226E+6	1.24415E+6	7.37762E+4	3.21395E+6
9.90000E+0	3.89849E+4	7.82591E+4	4.20731E+6	1.25435E+6	7.39583E+4	3.48908E+6
1.00000E+1	3.88605E+4	7.82520E+4	4.24895E+6	1.26208E+6	7.41946E+4	3.35755E+6
1.01000E+1	3.85500E+4	7.84180E+4	4.00021E+6	1.25323E+6	7.35644E+4	3.40360E+6
1.02000E+1	3.89450E+4	7.83073E+4	4.43712E+6	1.25347E+6	7.37217E+4	3.54214E+6
1.03000E+1	3.88810E+4	7.81262E+4	4.20194E+6	1.25761E+6	7.38726E+4	3.26825E+6
1.04000E+1	3.86571E+4	7.83698E+4	4.31263E+6	1.28388E+6	7.43100E+4	3.38472E+6
1.05000E+1	3.87141E+4	7.85729E+4	4.38468E+6	1.25047E+6	7.48008E+4	3.34259E+6
1.06000E+1	3.87320E+4	7.83216E+4	4.03406E+6	1.27701E+6	7.40285E+4	3.21572E+6
1.07000E+1	3.86372E+4	7.84662E+4	4.29141E+6	1.26178E+6	7.41428E+4	3.50324E+6
1.08000E+1	3.84036E+4	7.83257E+4	4.23923E+6	1.26604E+6	7.39408E+4	3.33080E+6
1.09000E+1	3.85803E+4	7.86541E+4	4.17175E+6	1.26214E+6	7.37957E+4	3.27778E+6
1.10000E+1	3.86317E+4	7.83616E+4	4.13272E+6	1.24113E+6	7.40207E+4	3.27521E+6
1.11000E+1	3.86341E+4	7.84241E+4	4.06904E+6	1.25430E+6	7.38404E+4	3.26168E+6
1.12000E+1	3.86416E+4	7.84436E+4	4.39376E+6	1.24491E+6	7.41760E+4	3.45618E+6
1.13000E+1	3.86298E+4	7.81711E+4	4.29016E+6	1.26047E+6	7.41946E+4	3.28441E+6
1.14000E+1	3.85160E+4	7.84149E+4	4.17645E+6	1.26514E+6	7.41643E+4	3.28589E+6
1.15000E+1	3.85778E+4	7.87087E+4	4.29389E+6	1.24038E+6	7.38716E+4	3.30595E+6
1.16000E+1	3.84808E+4	7.85873E+4	4.25995E+6	1.24206E+6	7.39817E+4	3.23711E+6
1.17000E+1	3.85568E+4	7.84723E+4	4.18354E+6	1.26322E+6	7.39817E+4	3.42669E+6
1.18000E+1	3.85042E+4	7.82008E+4	4.34550E+6	1.25241E+6	7.39525E+4	3.23424E+6
1.19000E+1	3.85308E+4	7.84949E+4	4.24956E+6	1.23674E+6	7.37879E+4	3.35524E+6
1.20000E+1	3.85933E+4	7.86408E+4	4.27716E+6	1.26274E+6	7.40598E+4	3.34641E+6
1.21000E+1	3.83851E+4	7.85319E+4	3.97919E+6	1.25105E+6	7.41711E+4	3.20654E+6
1.22000E+1	3.85154E+4	7.84046E+4	4.33787E+6	1.25803E+6	7.41174E+4	3.33042E+6
1.23000E+1	3.81867E+4	7.85113E+4	4.05620E+6	1.24154E+6	7.38472E+4	3.15829E+6
1.24000E+1	3.84517E+4	7.85195E+4	4.30574E+6	1.26622E+6	7.40695E+4	3.29403E+6
1.25000E+1	3.83129E+4	7.83482E+4	4.11834E+6	1.24748E+6	7.41447E+4	3.25805E+6
1.26000E+1	3.84709E+4	7.83708E+4	4.28273E+6	1.26802E+6	7.39145E+4	3.32398E+6
1.27000E+1	3.83289E+4	7.82274E+4	3.99210E+6	1.23755E+6	7.42024E+4	3.18623E+6
1.28000E+1	3.83246E+4	7.86634E+4	4.44044E+6	1.22953E+6	7.41135E+4	3.35101E+6
1.29000E+1	3.85586E+4	7.84221E+4	4.22050E+6	1.26616E+6	7.43942E+4	3.15556E+6
1.30000E+1	3.84511E+4	7.86984E+4	4.18649E+6	1.28228E+6	7.42924E+4	3.20021E+6
1.31000E+1	3.84993E+4	7.84364E+4	4.22954E+6	1.25176E+6	7.43609E+4	3.27778E+6
1.32000E+1	3.84505E+4	7.81425E+4	4.16881E+6	1.24113E+6	7.40461E+4	3.26679E+6
1.33000E+1	3.84684E+4	7.88868E+4	4.80569E+6	1.26011E+6	7.41995E+4	3.28663E+6
1.34000E+1	3.87134E+4	7.83390E+4	3.92680E+6	1.24485E+6	7.41711E+4	3.32210E+6
1.35000E+1	3.86261E+4	7.82540E+4	4.47524E+6	1.23934E+6	7.44315E+4	3.25805E+6
1.36000E+1	3.84252E+4	7.86284E+4	4.17528E+6	1.25082E+6	7.43580E+4	3.28700E+6
1.37000E+1	3.85865E+4	7.83810E+4	4.38986E+6	1.25223E+6	7.46847E+4	3.30408E+6
1.38000E+1	3.87389E+4	7.83769E+4	4.18294E+6	1.26089E+6	7.41467E+4	3.29329E+6
1.39000E+1	3.89301E+4	7.86295E+4	4.50033E+6	1.26472E+6	7.42180E+4	3.28109E+6
1.40000E+1	3.87904E+4	7.82162E+4	4.25689E+6	1.26011E+6	7.44462E+4	3.18345E+6
1.41000E+1	3.88388E+4	7.83482E+4	4.24105E+6	1.25459E+6	7.38755E+4	3.24538E+6
1.42000E+1	3.88462E+4	7.86675E+4	4.52225E+6	1.25619E+6	7.41907E+4	3.34756E+6
1.43000E+1	3.88239E+4	7.83831E+4	4.48809E+6	1.26388E+6	7.38570E+4	3.34986E+6
1.44000E+1	3.89351E+4	7.83472E+4	4.44709E+6	1.28623E+6	7.44520E+4	3.25587E+6
1.45000E+1	3.91132E+4	7.84621E+4	4.27408E+6	1.26917E+6	7.43002E+4	3.21360E+6
1.46000E+1	3.90135E+4	7.86727E+4	4.09553E+6	1.26041E+6	7.39037E+4	3.17617E+6
1.47000E+1	3.91812E+4	7.84703E+4	4.22532E+6	1.28648E+6	7.45099E+4	3.26059E+6
1.48000E+1	3.92436E+4	7.83749E+4	4.22411E+6	1.26274E+6	7.40822E+4	3.20654E+6
1.49000E+1	3.91437E+4	7.85000E+4	4.57586E+6	1.25856E+6	7.40627E+4	3.29477E+6
1.50000E+1	3.94244E+4	7.87015E+4	4.28149E+6	1.28376E+6	7.42914E+4	3.28109E+6
1.51000E+1	3.95466E+4	7.84713E+4	4.26056E+6	1.27111E+6	7.41770E+4	3.28072E+6
1.52000E+1	3.92442E+4	7.85134E+4	4.14313E+6	1.28735E+6	7.42640E+4	3.19181E+6
1.53000E+1	3.92143E+4	7.82049E+4	4.06122E+6	1.25323E+6	7.38580E+4	3.34336E+6
1.54000E+1	3.95999E+4	7.84180E+4	4.29265E+6	1.29008E+6	7.39612E+4	3.44158E+6
1.55000E+1	3.93430E+4	7.81936E+4	4.28892E+6	1.25856E+6	7.39564E+4	3.25914E+6
1.56000E+1	3.92880E+4	7.85226E+4	4.49216E+6	1.27445E+6	7.40607E+4	3.17964E+6
1.57000E+1	3.93987E+4	7.83851E+4	4.49692E+6	1.30984E+6	7.43080E+4	3.34756E+6
1.58000E+1	3.91188E+4	7.83749E+4	4.14836E+6	1.27921E+6	7.42523E+4	3.17583E+6
1.59000E+1	3.92218E+4	7.87467E+4	4.70098E+6	1.28123E+6	7.41623E+4	3.27411E+6
1.60000E+1	3.93167E+4	7.82428E+4	4.33153E+6	1.28915E+6	7.45089E+4	3.15761E+6
1.61000E+1	3.91637E+4	7.85606E+4	4.26301E+6	1.26881E+6	7.42405E+4	3.26241E+6
1.62000E+1	3.91250E+4	7.85976E+4	4.26117E+6	1.30556E+6	7.41047E+4	3.25297E+6
1.63000E+1	3.89494E+4	7.85986E+4	4.31263E+6	1.23968E+6	7.36265E+4	3.23926E+6
1.64000E+1	3.90446E+4	7.88837E+4	4.41665E+6	1.27299E+6	7.42200E+4	3.29366E+6
1.65000E+1	3.90851E+4	7.83923E+4	4.10576E+6	1.22703E+6	7.39145E+4	3.15727E+6
1.66000E+1	3.93236E+4	7.87951E+4	4.65174E+6	1.26340E+6	7.37986E+4	3.36798E+6
1.67000E+1	3.92399E+4	7.90137E+4	4.45844E+6	1.25940E+6	7.38765E+4	3.23603E+6
1.68000E+1	3.90558E+4	7.85288E+4	4.25628E+6	1.25465E+6	7.40237E+4	3.31607E+6
1.69000E+1	3.92280E+4	7.82929E+4	4.41797E+6	1.25560E+6	7.40832E+4	3.39847E+6
1.70000E+1	3.90914E+4	7.84569E+4	4.19658E+6	1.23530E+6	7.42973E+4	3.33725E+6
1.71000E+1	3.93211E+4	7.85914E+4	4.26915E+6	1.25791E+6	7.42474E+4	3.15966E+6
1.72000E+1	3.91519E+4	7.85504E+4	4.41468E+6	1.28290E+6	7.40022E+4	3.35293E+6
1.73000E+1	3.89121E+4	7.83513E+4	4.27162E+6	1.24847E+6	7.38833E+4	3.22495E+6
1.74000E+1	3.90534E+4	7.85668E+4	4.35571E+6	1.24107E+6	7.37665E+4	3.26096E+6
1.75000E+1	3.90596E+4	7.86202E+4	4.26731E+6	1.23181E+6	7.39710E+4	3.23854E+6
1.76000E+1	3.88121E+4	7.85062E+4	4.21570E+6	1.24631E+6	7.39067E+4	3.07043E+6
1.77000E+1	3.89401E+4	7.88703E+4	4.35571E+6	1.25052E+6	7.42337E+4	3.35485E+6
1.78000E+1	3.88425E+4	7.86459E+4	4.13618E+6	1.25862E+6	7.40695E+4	3.17237E+6
1.79000E+1	3.90141E+4	7.85647E+4	4.29701E+6	1.23542E+6	7.38726E+4	3.33916E+6
1.80000E+1	3.87296E+4	7.85760E+4	4.10462E+6	1.24753E+6	7.40930E+4	3.23388E+6
1.81000E+1	3.88288E+4	7.87992E+4	4.18472E+6	1.25129E+6	7.39954E+4	3.20056E+6
1.82000E+1	3.86595E+4	7.86315E+4	4.03958E+6	1.24136E+6	7.41262E+4	3.25297E+6
1.83000E+1	3.87234E+4	7.89694E+4	4.29016E+6	1.28136E+6	7.41174E+4	3.33383E+6
1.84000E+1	3.87693E+4	7.87354E+4	4.38662E+6	1.24171E+6	7.39729E+4	3.31082E+6
1.85000E+1	3.85803E+4	7.89580E+4	4.10519E+6	1.24380E+6	7.45011E+4	3.14331E+6
1.86000E+1	3.89413E+4	7.87426E+4	4.57234E+6	1.25247E+6	7.42963E+4	3.32701E+6
1.87000E+1	3.86125E+4	7.85719E+4	4.21750E+6	1.23870E+6	7.40725E+4	3.20021E+6
1.88000E+1	3.87376E+4	7.87663E+4	4.32395E+6	1.23870E+6	7.41379E+4	3.34106E+6
1.89000E+1	3.87215E+4	7.87890E+4	4.41665E+6	1.26971E+6	7.43413E+4	3.23819E+6
1.90000E+1	3.87209E+4	7.88260E+4	4.30387E+6	1.23766E+6	7.40725E+4	3.19041E+6
1.91000E+1	3.88152E+4	7.88137E+4	4.41928E+6	1.27141E+6	7.44148E+4	3.26569E+6
1.92000E+1	3.86509E+4	7.89528E+4	4.23075E+6	1.22714E+6	7.42660E+4	3.23281E+6
1.93000E+1	3.87866E+4	7.85267E+4	4.06289E+6	1.22284E+6	7.39612E+4	3.24827E+6
1.94000E+1	3.87916E+4	7.88209E+4	4.41599E+6	1.25850E+6	7.41096E+4	3.18484E+6
1.95000E+1	3.87345E+4	7.91563E+4	4.05676E+6	1.25005E+6	7.40383E+4	3.12746E+6
1.96000E+1	3.86403E+4	7.90674E+4	4.27470E+6	1.23169E+6	7.41760E+4	3.31983E+6
1.97000E+1	3.86496E+4	7.86665E+4	4.11261E+6	1.24136E+6	7.36080E+4	3.20478E+6
1.98000E+1	3.87990E+4	7.87838E+4	4.28954E+6	1.26083E+6	7.43756E+4	3.48700E+6
1.99000E+1	3.88468E+4	7.87066E+4	4.18413E+6	1.23812E+6	7.45276E+4	3.30296E+6
2.00000E+1	3.86465E+4	7.86336E+4	4.21330E+6	1.24666E+6	7.40334E+4	3.13520E+6
2.01000E+1	3.86465E+4	7.88240E+4	4.30574E+6	1.25047E+6	7.40168E+4	3.13655E+6
2.02000E+1	3.87277E+4	7.86531E+4	4.37304E+6	1.25815E+6	7.40490E+4	3.28589E+6
2.03000E+1	3.87048E+4	7.89714E+4	4.52569E+6	1.25123E+6	7.44275E+4	3.20126E+6
2.04000E+1	3.87389E+4	7.88023E+4	4.12926E+6	1.26262E+6	7.40764E+4	3.33383E+6
2.05000E+1	3.89115E+4	7.87539E+4	4.20612E+6	1.22668E+6	7.45531E+4	3.19635E+6
2.06000E+1	3.86763E+4	7.84990E+4	4.19183E+6	1.25934E+6	7.41692E+4	3.20513E+6
2.07000E+1	3.87004E+4	7.86613E+4	4.30075E+6	1.27056E+6	7.39028E+4	3.44805E+6
2.08000E+1	3.87203E+4	7.87076E+4	4.38403E+6	1.24386E+6	7.41379E+4	3.21360E+6
2.09000E+1	3.88618E+4	7.89147E+4	4.29701E+6	1.25993E+6	7.41985E+4	3.25478E+6
2.10000E+1	3.87494E+4	7.85801E+4	4.12868E+6	1.27262E+6	7.39505E+4	3.16652E+6
2.11000E+1	3.89239E+4	7.88003E+4	4.16060E+6	1.24508E+6	7.42767E+4	3.21678E+6
2.12000E+1	3.89612E+4	7.89621E+4	4.24287E+6	1.30157E+6	7.43785E+4	3.36565E+6
2.13000E+1	3.86979E+4	7.88240E+4	4.38922E+6	1.25441E+6	7.45875E+4	3.25950E+6
2.14000E+1	3.88245E+4	7.91749E+4	4.12293E+6	1.25987E+6	7.44452E+4	3.14636E+6
2.15000E+1	3.89395E+4	7.87447E+4	4.13734E+6	1.26766E+6	7.42943E+4	3.25261E+6
2.16000E+1	3.88823E+4	7.85986E+4	4.41074E+6	1.26113E+6	7.43315E+4	3.25116E+6
2.17000E+1	3.89818E+4	7.85041E+4	4.35763E+6	1.26935E+6	7.41858E+4	3.19635E+6
2.18000E+1	3.91550E+4	7.91274E+4	4.15768E+6	1.26592E+6	7.41555E+4	3.29924E+6
2.19000E+1	3.88413E+4	7.90261E+4	4.31954E+6	1.27725E+6	7.46267E+4	3.21466E+6
2.20000E+1	3.89444E+4	7.85093E+4	4.20075E+6	1.27020E+6	7.41770E+4	3.32172E+6
2.21000E+1	3.90914E+4	7.89549E+4	4.30950E+6	1.25791E+6	7.41604E+4	3.17479E+6
2.22000E+1	3.90970E+4	7.87601E+4	4.30199E+6	1.27609E+6	7.39866E+4	3.31757E+6
2.23000E+1	3.89475E+4	7.87962E+4	4.25567E+6	1.24988E+6	7.42112E+4	3.23926E+6
2.24000E+1	3.89301E+4	7.90313E+4	4.20492E+6	1.28803E+6	7.49979E+4	3.27594E+6
2.25000E+1	3.89818E+4	7.87406E+4	4.59496E+6	1.27026E+6	7.45197E+4	3.18902E+6
2.26000E+1	3.90646E+4	7.90581E+4	4.50101E+6	1.25394E+6	7.43237E+4	3.24466E+6
2.27000E+1	3.91475E+4	7.88745E+4	4.24956E+6	1.26376E+6	7.46867E+4	3.30558E+6
2.28000E+1	3.91169E+4	7.90809E+4	4.07802E+6	1.29133E+6	7.44177E+4	3.26387E+6
2.29000E+1	3.90459E+4	7.89838E+4	4.41928E+6	1.26436E+6	7.43100E+4	3.23639E+6
2.30000E+1	3.92168E+4	7.90365E+4	4.28273E+6	1.26881E+6	7.44697E+4	3.10414E+6
2.31000E+1	3.93111E+4	7.88992E+4	4.37950E+6	1.29759E+6	7.43090E+4	3.29477E+6
2.32000E+1	3.93912E+4	7.90075E+4	4.39246E+6	1.28130E+6	7.45884E+4	3.27594E+6
2.33000E+1	3.93505E+4	7.87364E+4	4.40028E+6	1.24072E+6	7.41389E+4	3.20337E+6
2.34000E+1	3.92692E+4	7.89580E+4	4.39767E+6	1.27603E+6	7.43991E+4	3.32852E+6
2.35000E+1	3.94914E+4	7.90819E+4	4.27963E+6	1.26376E+6	7.41164E+4	3.24394E+6
2.36000E+1	3.93130E+4	7.93385E+4	4.63868E+6	1.26029E+6	7.40920E+4	3.35601E+6
2.37000E+1	3.95165E+4	7.91139E+4	4.33787E+6	1.25916E+6	7.40920E+4	3.22460E+6
2.38000E+1	3.94889E+4	7.90003E+4	4.41534E+6	1.27378E+6	7.41096E+4	3.23711E+6
2.39000E+1	3.95453E+4	7.89075E+4	4.57375E+6	1.28166E+6	7.41838E+4	3.11642E+6
2.40000E+1	3.96427E+4	7.91274E+4	4.45576E+6	1.27098E+6	7.45845E+4	3.38003E+6
2.41000E+1	3.96747E+4	7.86541E+4	4.26117E+6	1.27396E+6	7.38239E+4	3.08703E+6
2.42000E+1	3.95215E+4	7.91853E+4	4.34932E+6	1.26328E+6	7.42493E+4	3.21042E+6
2.43000E+1	3.95930E+4	7.87190E+4	4.29514E+6	1.28996E+6	7.44903E+4	3.23926E+6
2.44000E+1	3.96339E+4	7.90334E+4	4.23498E+6	1.28921E+6	7.44481E+4	3.32966E+6
2.45000E+1	3.96376E+4	7.91470E+4	4.45376E+6	1.27414E+6	7.39408E+4	3.23174E+6
2.46000E+1	3.95253E+4	7.95616E+4	4.73087E+6	1.28940E+6	7.45011E+4	3.28958E+6
2.47000E+1	3.93793E+4	7.91801E+4	4.07634E+6	1.24882E+6	7.41203E+4	3.30707E+6
2.48000E+1	3.94582E+4	7.89828E+4	4.46716E+6	1.27129E+6	7.42259E+4	3.11476E+6
2.49000E+1	3.97112E+4	7.95875E+4	4.44110E+6	1.30233E+6	7.46523E+4	3.42268E+6
2.50000E+1	3.95472E+4	7.96353E+4	4.22592E+6	1.28308E+6	7.45394E+4	3.21607E+6
2.51000E+1	3.91749E+4	7.96062E+4	4.08140E+6	1.28179E+6	7.44266E+4	3.20021E+6
2.52000E+1	3.81627E+4	7.98039E+4	4.43314E+6	1.28265E+6	7.45011E+4	3.39374E+6
2.53000E+1	3.68054E+4	7.98654E+4	4.00671E+6	1.28203E+6	7.49969E+4	3.30259E+6
2.54000E+1	3.57785E+4	8.00427E+4	3.90136E+6	1.28068E+6	7.46435E+4	3.22175E+6
2.55000E+1	3.52731E+4	8.07894E+4	3.86964E+6	1.28290E+6	7.50226E+4	3.65493E+6
2.56000E+1	3.43864E+4	8.03105E+4	3.77112E+6	1.26778E+6	7.50759E+4	3.32285E+6
2.57000E+1	3.38781E+4	8.05412E+4	3.62077E+6	1.26005E+6	7.54113E+4	3.38276E+6
2.58000E+1	3.33043E+4	8.05727E+4	3.53196E+6	1.27536E+6	7.55273E+4	3.30184E+6
2.59000E+1	3.28274E+4	8.04258E+4	3.49161E+6	1.26250E+6	7.56535E+4	3.27631E+6
2.60000E+1	3.22969E+4	8.06768E+4	3.34492E+6	1.25129E+6	7.54381E+4	3.29403E+6
2.61000E+1	3.18770E+4	8.07083E+4	3.32856E+6	1.23181E+6	7.61599E+4	3.29998E+6
2.62000E+1	3.17886E+4	8.10583E+4	3.35951E+6	1.24818E+6	7.60310E+4	3.32814E+6
2.63000E+1	3.12336E+4	8.11101E+4	3.25736E+6	1.21377E+6	7.57112E+4	3.57057E+6
2.64000E+1	3.12752E+4	8.10403E+4	3.34339E+6	1.21511E+6	7.56823E+4	3.33118E+6
2.65000E+1	3.09695E+4	8.11640E+4	3.25954E+6	1.22953E+6	7.61599E+4	3.65312E+6
2.66000E+1	3.08646E+4	8.11270E+4	3.20411E+6	1.22771E+6	7.64393E+4	3.47132E+6
2.67000E+1	3.09507E+4	8.11587E+4	3.08870E+6	1.19367E+6	7.59462E+4	3.37263E+6
2.68000E+1	3.05327E+4	8.11735E+4	3.14844E+6	1.20356E+6	7.61239E+4	3.37108E+6
2.69000E+1	3.05036E+4	8.13354E+4	3.10483E+6	1.19308E+6	7.65206E+4	3.58014E+6
2.70000E+1	3.04691E+4	8.12560E+4	3.23930E+6	1.24038E+6	7.66743E+4	3.51668E+6
2.71000E+1	3.02348E+4	8.12200E+4	3.25554E+6	1.19438E+6	7.67598E+4	3.41590E+6
2.72000E+1	3.02802E+4	8.14892E+4	3.13557E+6	1.19800E+6	7.66823E+4	3.62788E+6
2.73000E+1	2.99670E+4	8.12835E+4	3.11612E+6	1.22566E+6	7.67487E+4	3.22995E+6
2.74000E+1	2.99839E+4	8.15975E+4	3.11479E+6	1.20269E+6	7.70492E+4	3.37925E+6
2.75000E+1	3.00356E+4	8.15316E+4	3.40720E+6	1.22544E+6	7.75860E+4	3.59504E+6
2.76000E+1	2.97459E+4	8.15242E+4	3.07891E+6	1.17812E+6	7.76074E+4	3.49781E+6
2.77000E+1	2.95759E+4	8.15125E+4	3.13928E+6	1.18330E+6	7.69916E+4	3.32890E+6
2.78000E+1	2.97769E+4	8.17814E+4	3.23930E+6	1.18927E+6	7.70078E+4	3.34259E+6
2.79000E+1	2.96598E+4	8.18006E+4	3.15627E+6	1.22765E+6	7.73081E+4	3.45781E+6
2.80000E+1	2.98349E+4	8.16368E+4	2.95290E+6	1.18718E+6	7.72382E+4	3.39728E+6
2.81000E+1	2.95229E+4	8.19722E+4	3.04031E+6	1.18964E+6	7.77121E+4	3.36992E+6
2.82000E+1	2.96630E+4	8.22457E+4	3.07403E+6	1.18729E+6	7.73719E+4	3.37886E+6
2.83000E+1	2.95575E+4	8.20693E+4	3.19569E+6	1.18399E+6	7.76328E+4	3.30483E+6
2.84000E+1	2.94527E+4	8.21473E+4	3.06884E+6	1.18335E+6	7.75515E+4	3.42308E+6
2.85000E+1	2.94564E+4	8.19551E+4	3.10682E+6	1.19104E+6	7.73790E+4	3.35678E+6
2.86000E+1	2.95115E+4	8.21741E+4	3.17344E+6	1.20834E+6	7.77050E+4	3.36759E+6
2.87000E+1	2.93518E+4	8.21687E+4	3.10583E+6	1.17163E+6	7.79005E+4	3.39060E+6
2.88000E+1	2.95586E+4	8.21773E+4	3.06303E+6	1.18686E+6	7.78088E+4	3.35601E+6
2.89000E+1	2.95586E+4	8.22671E+4	3.20657E+6	1.20757E+6	7.80556E+4	3.46476E+6
2.90000E+1	2.94095E+4	8.20939E+4	3.18870E+6	1.19029E+6	7.78761E+4	3.37769E+6
2.91000E+1	2.95575E+4	8.21078E+4	3.14946E+6	1.17033E+6	7.78761E+4	3.20689E+6
2.92000E+1	2.94451E+4	8.26683E+4	3.27231E+6	1.19942E+6	7.81394E+4	3.36102E+6
2.93000E+1	2.94402E+4	8.21067E+4	3.12046E+6	1.19855E+6	7.84251E+4	3.31870E+6
2.94000E+1	2.95045E+4	8.22768E+4	3.07793E+6	1.22487E+6	7.84805E+4	3.28330E+6
2.95000E+1	2.95175E+4	8.21366E+4	3.30225E+6	1.20724E+6	7.83421E+4	3.38315E+6
2.96000E+1	2.93933E+4	8.21516E+4	3.02702E+6	1.19362E+6	7.81343E+4	3.26205E+6
2.97000E+1	2.96110E+4	8.21655E+4	3.25627E+6	1.19546E+6	7.84887E+4	3.23819E+6
2.98000E+1	2.93992E+4	8.25297E+4	3.33083E+6	1.19297E+6	7.84754E+4	3.17825E+6
2.99000E+1	2.95294E+4	8.25630E+4	3.16106E+6	1.21388E+6	7.85257E+4	3.31532E+6
3.00000E+1	2.94705E+4	8.25287E+4	3.15286E+6	1.20438E+6	7.83032E+4	3.17203E+6
3.01000E+1	2.95916E+4	8.30572E+4	3.41674E+6	1.21935E+6	7.88961E+4	3.30632E+6
3.02000E+1	2.94861E+4	8.24246E+4	3.22606E+6	1.20045E+6	7.83800E+4	3.24178E+6
3.03000E+1	2.96024E+4	8.24761E+4	3.17932E+6	1.18745E+6	7.85462E+4	3.10878E+6
3.04000E+1	2.96040E+4	8.27307E+4	3.06561E+6	1.17215E+6	7.85175E+4	3.10282E+6
3.05000E+1	2.97514E+4	8.28739E+4	3.40166E+6	1.21116E+6	7.87622E+4	3.24899E+6
3.06000E+1	2.96614E+4	8.27888E+4	3.33273E+6	1.20515E+6	7.89167E+4	3.20618E+6
3.07000E+1	2.96316E+4	8.29094E+4	3.33159E+6	1.19335E+6	7.87251E+4	3.15078E+6
3.08000E+1	2.97259E+4	8.30205E+4	3.30263E+6	1.21155E+6	7.87642E+4	3.27045E+6
3.09000E+1	2.96668E+4	8.27425E+4	3.26136E+6	1.19524E+6	7.87787E+4	3.17410E+6
3.10000E+1	2.97345E+4	8.28340E+4	3.21151E+6	1.21505E+6	7.93302E+4	3.33004E+6
3.11000E+1	2.97606E+4	8.30529E+4	3.52771E+6	1.20939E+6	7.94993E+4	3.35293E+6
3.12000E+1	2.95959E+4	8.26973E+4	3.24146E+6	1.20389E+6	7.91460E+4	3.35178E+6
3.13000E+1	2.97449E+4	8.25394E+4	3.42472E+6	1.19589E+6	7.94256E+4	3.17860E+6
3.14000E+1	2.97828E+4	8.31468E+4	3.35797E+6	1.22731E+6	7.93458E+4	3.35332E+6
3.15000E+1	2.98045E+4	8.29364E+4	3.20376E+6	1.21784E+6	7.94598E+4	3.23209E+6
3.16000E+1	2.99616E+4	8.32593E+4	3.37929E+6	1.22295E+6	7.95678E+4	3.13385E+6
3.17000E+1	2.98686E+4	8.27285E+4	3.38985E+6	1.22805E+6	7.95107E+4	3.20830E+6
3.18000E+1	2.98409E+4	8.27619E+4	3.40364E+6	1.22566E+6	7.97446E+4	3.21749E+6
3.19000E+1	2.99029E+4	8.28221E+4	3.35643E+6	1.22419E+6	7.94671E+4	3.16927E+6
3.20000E+1	2.98078E+4	8.29698E+4	3.31686E+6	1.24148E+6	7.96447E+4	3.30558E+6
3.21000E+1	2.99143E+4	8.31836E+4	3.37929E+6	1.24200E+6	7.98008E+4	3.23926E+6
3.22000E+1	2.97709E+4	8.32550E+4	3.35913E+6	1.23599E+6	7.97466E+4	3.24034E+6
3.23000E+1	2.98849E+4	8.33730E+4	3.34378E+6	1.25011E+6	8.02770E+4	3.11542E+6
3.24000E+1	2.98904E+4	8.34293E+4	3.31799E+6	1.24900E+6	7.99968E+4	3.28109E+6
3.25000E+1	3.00177E+4	8.31263E+4	3.26719E+6	1.20537E+6	7.95605E+4	3.10745E+6
3.26000E+1	2.98322E+4	8.32160E+4	3.39142E+6	1.25483E+6	8.01127E+4	3.07790E+6
3.27000E+1	3.00825E+4	8.37018E+4	3.37034E+6	1.24113E+6	8.01838E+4	3.18762E+6
3.28000E+1	2.99502E+4	8.31663E+4	3.40562E+6	1.23778E+6	8.03398E+4	2.99982E+6
3.29000E+1	2.98024E+4	8.31609E+4	3.32818E+6	1.22725E+6	8.03492E+4	2.96948E+6
3.30000E+1	2.99349E+4	8.32236E+4	3.44000E+6	1.25211E+6	8.03021E+4	3.26752E+6
3.31000E+1	2.99992E+4	8.34792E+4	3.39417E+6	1.24906E+6	8.03325E+4	3.17306E+6
3.32000E+1	2.99094E+4	8.34044E+4	3.37968E+6	1.21583E+6	8.03430E+4	3.23209E+6
3.33000E+1	3.00831E+4	8.33881E+4	3.28777E+6	1.23496E+6	8.03859E+4	3.02983E+6
3.34000E+1	3.00215E+4	8.34326E+4	3.39693E+6	1.24142E+6	8.03409E+4	3.23532E+6
3.35000E+1	2.99126E+4	8.37551E+4	3.24867E+6	1.22600E+6	8.03136E+4	3.14602E+6
3.36000E+1	3.00809E+4	8.33264E+4	3.37151E+6	1.20867E+6	8.01211E+4	3.14568E+6
3.37000E+1	3.00019E+4	8.35638E+4	3.43315E+6	1.21033E+6	8.06789E+4	3.00416E+6
3.38000E+1	2.99529E+4	8.37442E+4	3.26537E+6	1.22810E+6	8.06789E+4	3.23066E+6
3.39000E+1	2.99311E+4	8.33806E+4	3.45785E+6	1.24090E+6	8.07178E+4	3.08605E+6
3.40000E+1	2.99453E+4	8.35139E+4	3.33349E+6	1.21622E+6	8.02006E+4	3.12612E+6
3.41000E+1	2.99377E+4	8.35183E+4	3.33008E+6	1.22081E+6	8.04289E+4	3.18033E+6
3.42000E+1	3.00100E+4	8.37453E+4	3.42113E+6	1.24217E+6	8.10382E+4	3.16996E+6
3.43000E+1	2.99932E+4	8.34944E+4	3.38828E+6	1.21321E+6	8.08926E+4	3.17617E+6
3.44000E+1	2.99638E+4	8.35204E+4	3.34492E+6	1.20636E+6	8.01734E+4	3.17410E+6
3.45000E+1	3.00100E+4	8.37475E+4	3.52432E+6	1.22239E+6	8.04709E+4	3.11309E+6
3.46000E+1	3.00683E+4	8.36333E+4	3.55462E+6	1.21784E+6	8.07609E+4	3.12076E+6
3.47000E+1	3.00231E+4	8.35345E+4	3.28962E+6	1.21874E+6	8.05790E+4	2.99488E+6
3.48000E+1	3.00041E+4	8.34456E+4	3.34837E+6	1.23853E+6	8.04929E+4	3.10646E+6
3.49000E+1	3.00967E+4	8.36246E+4	3.38750E+6	1.21577E+6	8.03765E+4	3.16652E+6
3.50000E+1	2.99007E+4	8.32463E+4	3.37306E+6	1.19784E+6	7.99999E+4	3.07822E+6
3.51000E+1	3.00907E+4	8.34152E+4	3.46890E+6	1.23807E+6	8.04625E+4	3.13452E+6
3.52000E+1	2.98768E+4	8.35693E+4	3.31235E+6	1.20007E+6	8.05423E+4	3.09820E+6
3.53000E+1	3.00264E+4	8.31166E+4	3.26902E+6	1.20482E+6	7.97820E+4	3.05817E+6
3.54000E+1	3.00090E+4	8.32485E+4	3.36608E+6	1.19583E+6	8.02906E+4	3.00541E+6
3.55000E+1	2.99709E+4	8.32420E+4	3.26391E+6	1.18452E+6	7.98445E+4	3.04601E+6
3.56000E+1	2.99605E+4	8.31296E+4	3.37929E+6	1.22816E+6	8.01912E+4	3.09064E+6
3.57000E+1	2.99094E+4	8.30874E+4	3.31498E+6	1.20763E+6	8.04520E+4	3.10183E+6
3.58000E+1	3.00220E+4	8.29525E+4	3.39417E+6	1.21105E+6	8.02990E+4	3.04251E+6
3.59000E+1	3.01496E+4	8.34033E+4	3.64140E+6	1.22166E+6	8.01671E+4	3.03552E+6
3.60000E+1	3.01518E+4	8.29396E+4	3.38241E+6	1.18484E+6	8.01472E+4	3.09260E+6
3.61000E+1	3.00269E+4	8.30043E+4	3.46726E+6	1.17340E+6	8.00354E+4	3.06590E+6
3.62000E+1	3.00591E+4	8.27543E+4	3.22713E+6	1.18943E+6	7.98122E+4	3.13318E+6
3.63000E+1	3.01578E+4	8.26393E+4	3.34263E+6	1.19324E+6	8.00145E+4	2.98044E+6
3.64000E+1	3.01071E+4	8.29223E+4	3.58762E+6	1.20121E+6	7.95200E+4	3.27852E+6
3.65000E+1	3.01027E+4	8.28060E+4	3.34530E+6	1.21488E+6	8.00657E+4	2.95768E+6
3.66000E+1	2.99915E+4	8.25899E+4	3.34454E+6	1.18293E+6	8.03492E+4	3.00634E+6
3.67000E+1	3.01065E+4	8.28760E+4	3.42793E+6	1.21723E+6	8.02131E+4	3.09293E+6
3.68000E+1	2.99469E+4	8.22907E+4	3.32251E+6	1.22104E+6	8.03608E+4	2.95438E+6
3.69000E+1	3.01665E+4	8.23839E+4	3.35913E+6	1.20089E+6	8.02079E+4	2.92963E+6
3.70000E+1	3.00536E+4	8.21260E+4	3.39890E+6	1.19378E+6	7.99571E+4	2.99921E+6
3.71000E+1	3.03392E+4	8.25759E+4	3.30300E+6	1.19632E+6	7.96260E+4	2.91814E+6
3.72000E+1	3.01381E+4	8.22147E+4	3.37617E+6	1.20334E+6	8.01242E+4	3.08050E+6
3.73000E+1	2.99589E+4	8.22650E+4	3.40245E+6	1.21266E+6	7.99843E+4	2.99735E+6
3.74000E+1	3.01501E+4	8.24568E+4	3.48208E+6	1.18788E+6	7.96977E+4	2.92255E+6
3.75000E+1	3.01081E+4	8.23946E+4	3.47383E+6	1.21105E+6	7.99332E+4	2.92609E+6
3.76000E+1	3.00090E+4	8.22425E+4	3.42913E+6	1.18644E+6	7.98237E+4	3.02573E+6
3.77000E+1	3.02446E+4	8.23464E+4	3.51546E+6	1.19184E+6	7.92256E+4	3.06203E+6
3.78000E+1	2.99290E+4	8.19978E+4	3.29407E+6	1.20895E+6	7.93644E+4	3.06623E+6
3.79000E+1	3.01693E+4	8.21954E+4	3.38124E+6	1.21639E+6	7.94577E+4	3.01601E+6
3.80000E+1	3.00841E+4	8.20960E+4	3.34339E+6	1.18553E+6	7.94961E+4	2.98903E+6
3.81000E+1	2.99649E+4	8.21131E+4	3.38593E+6	1.19254E+6	7.99154E+4	2.99026E+6
3.82000E+1	3.01583E+4	8.22532E+4	3.36918E+6	1.16820E+6	7.90385E+4	2.90558E+6
3.83000E+1	3.01234E+4	8.20309E+4	3.40799E+6	1.19120E+6	7.93240E+4	2.91141E+6
3.84000E+1	2.99426E+4	8.21848E+4	3.47671E+6	1.16355E+6	7.94194E+4	3.05914E+6
3.85000E+1	3.00520E+4	8.18379E+4	3.34148E+6	1.18569E+6	7.91729E+4	2.91609E+6
3.86000E+1	3.00613E+4	8.17740E+4	3.33008E+6	1.17012E+6	7.88807E+4	2.96735E+6
3.87000E+1	3.00498E+4	8.18208E+4	3.39299E+6	1.19535E+6	7.90437E+4	2.92520E+6
3.88000E+1	3.00160E+4	8.20918E+4	3.30337E+6	1.20422E+6	7.91863E+4	2.93348E+6
3.89000E+1	2.99709E+4	8.17921E+4	3.32780E+6	1.17424E+6	7.88827E+4	2.94121E+6
3.90000E+1	3.01283E+4	8.20032E+4	3.33425E+6	1.19497E+6	7.91470E+4	2.92049E+6
3.91000E+1	3.00095E+4	8.19434E+4	3.39457E+6	1.18002E+6	7.92536E+4	2.88477E+6
3.92000E+1	2.99355E+4	8.19381E+4	3.28962E+6	1.18686E+6	7.93323E+4	2.96342E+6
3.93000E+1	3.02222E+4	8.17644E+4	3.42113E+6	1.20116E+6	7.93800E+4	2.94419E+6
3.94000E+1	2.99273E+4	8.17804E+4	3.39850E+6	1.19319E+6	7.98039E+4	2.99334E+6
3.95000E+1	3.01578E+4	8.23089E+4	3.53706E+6	1.19980E+6	7.95657E+4	3.13217E+6
3.96000E+1	2.99344E+4	8.18347E+4	3.41514E+6	1.20521E+6	7.97383E+4	2.93467E+6
3.97000E+1	3.01665E+4	8.19882E+4	3.36492E+6	1.20023E+6	7.96644E+4	2.94748E+6
3.98000E+1	3.00716E+4	8.22736E+4	3.49911E+6	1.20598E+6	7.96967E+4	2.97708E+6
3.99000E+1	3.00809E+4	8.20309E+4	3.48787E+6	1.18018E+6	7.99478E+4	2.95197E+6
4.00000E+1	3.00749E+4	8.22736E+4	3.43919E+6	1.19741E+6	7.95605E+4	3.08965E+6
4.01000E+1	3.01409E+4	8.22436E+4	3.52432E+6	1.17126E+6	7.94048E+4	2.92461E+6
4.02000E+1	3.01392E+4	8.20042E+4	3.62122E+6	1.20181E+6	7.92308E+4	2.97800E+6
4.03000E+1	3.01147E+4	8.16495E+4	3.53323E+6	1.19627E+6	7.90179E+4	2.91609E+6
4.04000E+1	3.01234E+4	8.22222E+4	3.43194E+6	1.19217E+6	7.96405E+4	2.94270E+6
4.05000E+1	3.01491E+4	8.26210E+4	3.59816E+6	1.23175E+6	7.95325E+4	2.93229E+6
4.06000E+1	3.01905E+4	8.19466E+4	3.45378E+6	1.17633E+6	7.92049E+4	2.94180E+6
4.07000E+1	2.98817E+4	8.20085E+4	3.46153E+6	1.16042E+6	7.92494E+4	2.79054E+6
4.08000E+1	3.01856E+4	8.22736E+4	3.50831E+6	1.19703E+6	7.94017E+4	2.94151E+6
4.09000E+1	3.01545E+4	8.17761E+4	3.37656E+6	1.19018E+6	7.92432E+4	2.87048E+6
4.10000E+1	3.02162E+4	8.16060E+4	3.53068E+6	1.16329E+6	7.89250E+4	2.90966E+6
4.11000E+1	3.02698E+4	8.19754E+4	3.56844E+6	1.19405E+6	7.94640E+4	2.99118E+6
4.12000E+1	3.02561E+4	8.17921E+4	3.42472E+6	1.19686E+6	7.88827E+4	2.97465E+6
4.13000E+1	3.03004E+4	8.18240E+4	3.33767E+6	1.17823E+6	7.90447E+4	2.88764E+6
4.14000E+1	3.05179E+4	8.22404E+4	3.59640E+6	1.18441E+6	7.93634E+4	3.05240E+6
4.15000E+1	3.01889E+4	8.19519E+4	3.55893E+6	1.20603E+6	7.94463E+4	2.91345E+6
4.16000E+1	3.03195E+4	8.17751E+4	3.39064E+6	1.18319E+6	7.89106E+4	2.85324E+6
4.17000E+1	3.05476E+4	8.17740E+4	3.54005E+6	1.19163E+6	7.90261E+4	2.98811E+6
4.18000E+1	3.03584E+4	8.20042E+4	3.43718E+6	1.19676E+6	7.91853E+4	2.90122E+6
4.19000E+1	3.03633E+4	8.21655E+4	3.41276E+6	1.17854E+6	7.95044E+4	2.96463E+6
4.20000E+1	3.04570E+4	8.21719E+4	3.84943E+6	1.21835E+6	7.96748E+4	2.91668E+6
4.21000E+1	3.02550E+4	8.20106E+4	3.57844E+6	1.19088E+6	7.98414E+4	2.90995E+6
4.22000E+1	3.06503E+4	8.17389E+4	3.54689E+6	1.23899E+6	7.99405E+4	2.92402E+6
4.23000E+1	3.04866E+4	8.18390E+4	3.59376E+6	1.19952E+6	7.93717E+4	2.99550E+6
4.24000E+1	3.06228E+4	8.20629E+4	3.61810E+6	1.21133E+6	7.93841E+4	3.01319E+6
4.25000E+1	3.05415E+4	8.21388E+4	3.34798E+6	1.19947E+6	7.95138E+4	2.87219E+6
4.26000E+1	3.04000E+4	8.20053E+4	3.63510E+6	1.20675E+6	7.97009E+4	2.95979E+6
4.27000E+1	3.04768E+4	8.19829E+4	3.57626E+6	1.18585E+6	7.92174E+4	2.96402E+6
4.28000E+1	3.05767E+4	8.20982E+4	3.47136E+6	1.21394E+6	7.90695E+4	3.09195E+6
4.29000E+1	3.04636E+4	8.23121E+4	3.54218E+6	1.21399E+6	7.93883E+4	2.89658E+6
4.30000E+1	3.06811E+4	8.20672E+4	3.42673E+6	1.22149E+6	7.95138E+4	2.91170E+6
4.31000E+1	3.04395E+4	8.21687E+4	3.57539E+6	1.22228E+6	7.96509E+4	3.01757E+6
4.32000E+1	3.04307E+4	8.20458E+4	3.48415E+6	1.18970E+6	7.95854E+4	2.95708E+6
4.33000E+1	3.03234E+4	8.21260E+4	3.43758E+6	1.17670E+6	7.92443E+4	2.85775E+6
4.34000E+1	3.04351E+4	8.22939E+4	3.69306E+6	1.21969E+6	7.97820E+4	2.98136E+6
4.35000E+1	3.03557E+4	8.20971E+4	3.46112E+6	1.20061E+6	7.92629E+4	2.88965E+6
4.36000E+1	3.04252E+4	8.21505E+4	3.48870E+6	1.20127E+6	8.00856E+4	2.88937E+6
4.37000E+1	3.04751E+4	8.18496E+4	3.44081E+6	1.20307E+6	7.96291E+4	3.04792E+6
4.38000E+1	3.05684E+4	8.21057E+4	3.61810E+6	1.22465E+6	7.96769E+4	2.92432E+6
4.39000E+1	3.02616E+4	8.18475E+4	3.54646E+6	1.19546E+6	7.97175E+4	2.93912E+6
4.40000E+1	3.04537E+4	8.20298E+4	3.52517E+6	1.20263E+6	7.94069E+4	2.91082E+6
4.41000E+1	3.04028E+4	8.22575E+4	3.79150E+6	1.24275E+6	7.94422E+4	2.87533E+6
4.42000E+1	3.04263E+4	8.21965E+4	3.46521E+6	1.21427E+6	7.97602E+4	3.08769E+6
4.43000E+1	3.02785E+4	8.21463E+4	3.52813E+6	1.21723E+6	7.98289E+4	2.98780E+6
4.44000E+1	3.04817E+4	8.20373E+4	3.32327E+6	1.19817E+6	8.00417E+4	2.95979E+6
4.45000E+1	3.05305E+4	8.22500E+4	3.60213E+6	1.22369E+6	8.00260E+4	3.00945E+6
4.46000E+1	3.04422E+4	8.24589E+4	3.46112E+6	1.19088E+6	7.98779E+4	2.96372E+6
4.47000E+1	3.05185E+4	8.24514E+4	3.45419E+6	1.21650E+6	7.99300E+4	2.95588E+6
4.48000E+1	3.04790E+4	8.22158E+4	3.65407E+6	1.23496E+6	7.98133E+4	2.98534E+6
4.49000E+1	3.05404E+4	8.20928E+4	3.59728E+6	1.21388E+6	7.97456E+4	2.96191E+6
4.50000E+1	3.04960E+4	8.22725E+4	3.63780E+6	1.20040E+6	7.96062E+4	2.99026E+6
4.51000E+1	3.03683E+4	8.19274E+4	3.43315E+6	1.20471E+6	7.94650E+4	3.05336E+6
4.52000E+1	3.04154E+4	8.24718E+4	3.49286E+6	1.19730E+6	7.93893E+4	2.84121E+6
4.53000E+1	3.03989E+4	8.23828E+4	3.62971E+6	1.22436E+6	7.94245E+4	2.98136E+6
4.54000E+1	3.03694E+4	8.23603E+4	3.48912E+6	1.21511E+6	7.97508E+4	2.92137E+6
4.55000E+1	3.03409E+4	8.28555E+4	3.57888E+6	1.22239E+6	7.93116E+4	2.97039E+6
4.56000E+1	3.04932E+4	8.26382E+4	3.66911E+6	1.21083E+6	7.92909E+4	2.97617E+6
4.57000E+1	3.01987E+4	8.21644E+4	3.54903E+6	1.19416E+6	7.92205E+4	2.95588E+6
4.58000E+1	3.03573E+4	8.24943E+4	3.46275E+6	1.19362E+6	7.92225E+4	2.97282E+6
4.59000E+1	3.04225E+4	8.23571E+4	3.59640E+6	1.20220E+6	7.91284E+4	3.12210E+6
4.60000E+1	3.03009E+4	8.26597E+4	3.46521E+6	1.22873E+6	7.93634E+4	2.82734E+6
4.61000E+1	3.03677E+4	8.24428E+4	3.51883E+6	1.17539E+6	7.96769E+4	2.93793E+6
4.62000E+1	3.04274E+4	8.27985E+4	3.70936E+6	1.21628E+6	7.98591E+4	3.03046E+6
4.63000E+1	3.01578E+4	8.24729E+4	3.45175E+6	1.19427E+6	7.92401E+4	2.93289E+6
4.64000E+1	3.02681E+4	8.24696E+4	3.42633E+6	1.17717E+6	7.95117E+4	2.93734E+6
4.65000E+1	3.02315E+4	8.22447E+4	3.63151E+6	1.19281E+6	7.97935E+4	3.00572E+6
4.66000E+1	3.02091E+4	8.25834E+4	3.64682E+6	1.20576E+6	7.94671E+4	2.95738E+6
4.67000E+1	3.02736E+4	8.27092E+4	3.55936E+6	1.18266E+6	7.92308E+4	3.06203E+6
4.68000E+1	3.03217E+4	8.27909E+4	3.56065E+6	1.22014E+6	7.94536E+4	3.01914E+6
4.69000E+1	3.03360E+4	8.22404E+4	3.46849E+6	1.18590E+6	7.93540E+4	2.89716E+6
4.70000E+1	3.03042E+4	8.25544E+4	3.54646E+6	1.19963E+6	7.94660E+4	2.94628E+6
4.71000E+1	3.00248E+4	8.27006E+4	3.48870E+6	1.22572E+6	7.95584E+4	2.89687E+6
4.72000E+1	3.02299E+4	8.26973E+4	3.36995E+6	1.19082E+6	7.91987E+4	2.82679E+6
4.73000E+1	3.01807E+4	8.27081E+4	3.61498E+6	1.19594E+6	7.93924E+4	2.99087E+6
4.74000E+1	3.00820E+4	8.22864E+4	3.59728E+6	1.19556E+6	7.94536E+4	2.82046E+6
4.75000E+1	2.99687E+4	8.22372E+4	3.39535E+6	1.19583E+6	7.93095E+4	2.90296E+6
4.76000E+1	3.00820E+4	8.27135E+4	3.47177E+6	1.19034E+6	7.95917E+4	2.91521E+6
4.77000E+1	3.00994E+4	8.23785E+4	3.58412E+6	1.19822E+6	7.99008E+4	2.93259E+6
4.78000E+1	2.99371E+4	8.23614E+4	3.44809E+6	1.18633E+6	7.93841E+4	2.93526E+6
4.79000E+1	3.01136E+4	8.27425E+4	3.46808E+6	1.17413E+6	7.93706E+4	2.84652E+6
4.80000E+1	3.00291E+4	8.22843E+4	3.60832E+6	1.20045E+6	7.97081E+4	2.96644E+6
4.81000E+1	2.98616E+4	8.18059E+4	3.44728E+6	1.20587E+6	7.97820E+4	2.85972E+6
4.82000E+1	2.98556E+4	8.20661E+4	3.44202E+6	1.18129E+6	7.91667E+4	2.82321E+6
4.83000E+1	3.01229E+4	8.16719E+4	3.63825E+6	1.17539E+6	7.98685E+4	2.94270E+6
4.84000E+1	2.99143E+4	8.21848E+4	3.29704E+6	1.18388E+6	7.91801E+4	2.88391E+6
4.85000E+1	2.98398E+4	8.19989E+4	3.41793E+6	1.16587E+6	7.93219E+4	2.88793E+6
4.86000E+1	3.00585E+4	8.15136E+4	3.32478E+6	1.20362E+6	7.95262E+4	2.89340E+6
4.87000E+1	2.98985E+4	8.18379E+4	3.59904E+6	1.17949E+6	7.92432E+4	2.81087E+6
4.88000E+1	2.99148E+4	8.17293E+4	3.36685E+6	1.19400E+6	7.94816E+4	2.96191E+6
4.89000E+1	2.97595E+4	8.18699E+4	3.53153E+6	1.18601E+6	7.89900E+4	2.93972E+6
4.90000E+1	2.97855E+4	8.18304E+4	3.67003E+6	1.18394E+6	7.92474E+4	2.91141E+6
4.91000E+1	3.00738E+4	8.15890E+4	3.49744E+6	1.19394E+6	7.93002E+4	2.87647E+6
4.92000E+1	2.98572E+4	8.15327E+4	3.34837E+6	1.15401E+6	7.93105E+4	2.84205E+6
4.93000E+1	2.98214E+4	8.17932E+4	3.51883E+6	1.17618E+6	7.93872E+4	2.95077E+6
4.94000E+1	2.97861E+4	8.15656E+4	3.32063E+6	1.17351E+6	7.90747E+4	2.91141E+6
4.95000E+1	2.95964E+4	8.15465E+4	3.60655E+6	1.17981E+6	7.92401E+4	2.93348E+6
4.96000E+1	2.97161E+4	8.16995E+4	3.39064E+6	1.18574E+6	7.95283E+4	2.99057E+6
4.97000E+1	2.98214E+4	8.17602E+4	3.42153E+6	1.15833E+6	7.95491E+4	2.81634E+6
4.98000E+1	2.99834E+4	8.16272E+4	3.36028E+6	1.17090E+6	7.96353E+4	2.98350E+6
4.99000E+1	2.97524E+4	8.17985E+4	3.40048E+6	1.15991E+6	7.94411E+4	2.85718E+6
5.00000E+1	2.95596E+4	8.19136E+4	3.56541E+6	1.17455E+6	7.96322E+4	2.94002E+6
5.01000E+1	2.96706E+4	8.15900E+4	3.55161E+6	1.18039E+6	7.92463E+4	2.84038E+6
5.02000E+1	2.97470E+4	8.18805E+4	3.42753E+6	1.16546E+6	7.94577E+4	2.86283E+6
5.03000E+1	2.97123E+4	8.15613E+4	3.27305E+6	1.15986E+6	7.93727E+4	2.84261E+6
5.04000E+1	2.97828E+4	8.17953E+4	3.46153E+6	1.18574E+6	7.92629E+4	2.76334E+6
5.05000E+1	2.97807E+4	8.21302E+4	3.43114E+6	1.14936E+6	7.95771E+4	2.75124E+6
5.06000E+1	2.95661E+4	8.16240E+4	3.46767E+6	1.17717E+6	7.89900E+4	2.83731E+6
5.07000E+1	2.96354E+4	8.16400E+4	3.60567E+6	1.17178E+6	7.91232E+4	3.08638E+6
5.08000E+1	2.95780E+4	8.14711E+4	3.39575E+6	1.15492E+6	7.96145E+4	2.91492E+6
5.09000E+1	2.95337E+4	8.13767E+4	3.50747E+6	1.16063E+6	7.93883E+4	3.00603E+6
5.10000E+1	2.93712E+4	8.17357E+4	3.43194E+6	1.14976E+6	7.93499E+4	2.76917E+6
5.11000E+1	2.96435E+4	8.17240E+4	3.61721E+6	1.19055E+6	7.91284E+4	2.81306E+6
5.12000E+1	2.95245E+4	8.16921E+4	3.45419E+6	1.16196E+6	7.93520E+4	2.78169E+6
5.13000E+1	2.96246E+4	8.14923E+4	3.50203E+6	1.16965E+6	7.91294E+4	2.82872E+6
5.14000E+1	2.96305E+4	8.15486E+4	3.60390E+6	1.16634E+6	7.93022E+4	2.87561E+6
5.15000E+1	2.96127E+4	8.14457E+4	3.42232E+6	1.16150E+6	7.92391E+4	2.84261E+6
5.16000E+1	2.96051E+4	8.15720E+4	3.36376E+6	1.18542E+6	7.92142E+4	2.89340E+6
5.17000E+1	2.96403E+4	8.15433E+4	3.33920E+6	1.16515E+6	7.94806E+4	2.83509E+6
5.18000E+1	2.96820E+4	8.16123E+4	3.53451E+6	1.17707E+6	7.96312E+4	2.79918E+6
5.19000E+1	2.95104E+4	8.15284E+4	3.42913E+6	1.16851E+6	7.95522E+4	2.88448E+6
5.20000E+1	2.94462E+4	8.16910E+4	3.25881E+6	1.16386E+6	7.92246E+4	2.82183E+6
5.21000E+1	2.95753E+4	8.16804E+4	3.61232E+6	1.18841E+6	7.95636E+4	3.00261E+6
5.22000E+1	2.97308E+4	8.14085E+4	3.38554E+6	1.16140E+6	7.96520E+4	2.88534E+6
5.23000E+1	2.94921E+4	8.13799E+4	3.29890E+6	1.16882E+6	7.91739E+4	2.79404E+6
5.24000E+1	2.95477E+4	8.13386E+4	3.44647E+6	1.17707E+6	7.90488E+4	2.80923E+6
5.25000E+1	2.98203E+4	8.13661E+4	3.37851E+6	1.17880E+6	7.90860E+4	3.00479E+6
5.26000E+1	2.97134E+4	8.15518E+4	3.40206E+6	1.17319E+6	7.92929E+4	2.85409E+6
5.27000E+1	2.96999E+4	8.12814E+4	3.26281E+6	1.16551E+6	7.91739E+4	2.71683E+6
5.28000E+1	2.98632E+4	8.11851E+4	3.46153E+6	1.17309E+6	7.91729E+4	2.75754E+6
5.29000E+1	2.95916E+4	8.14775E+4	3.45949E+6	1.17854E+6	7.90282E+4	2.76784E+6
5.30000E+1	2.95002E+4	8.14711E+4	3.39260E+6	1.15558E+6	7.89301E+4	2.84038E+6
5.31000E+1	2.97026E+4	8.09538E+4	3.56065E+6	1.17597E+6	7.85709E+4	2.76202E+6
5.32000E+1	2.98045E+4	8.09190E+4	3.59376E+6	1.18750E+6	7.91636E+4	2.87704E+6
5.33000E+1	2.97351E+4	8.09886E+4	3.51756E+6	1.15766E+6	7.92546E+4	2.72787E+6
5.34000E+1	2.97264E+4	8.07231E+4	3.57713E+6	1.13514E+6	7.90695E+4	2.73303E+6
5.35000E+1	2.97638E+4	8.09063E+4	3.45908E+6	1.19066E+6	7.95553E+4	2.82734E+6
5.36000E+1	2.98719E+4	8.08600E+4	3.46439E+6	1.17780E+6	7.91026E+4	2.86113E+6
5.37000E+1	2.98138E+4	8.07388E+4	3.73382E+6	1.18654E+6	7.90633E+4	2.85944E+6
5.38000E+1	2.98741E+4	8.09095E+4	3.46112E+6	1.18081E+6	7.89817E+4	2.91053E+6
5.39000E+1	2.96554E+4	8.07346E+4	3.36376E+6	1.16944E+6	7.84498E+4	2.82955E+6
5.40000E+1	2.98273E+4	8.08715E+4	3.41873E+6	1.17607E+6	7.92318E+4	2.72093E+6
5.41000E+1	2.99165E+4	8.06421E+4	3.41117E+6	1.16830E+6	7.94411E+4	2.82955E+6
5.42000E+1	2.97991E+4	8.09591E+4	3.70982E+6	1.19670E+6	7.89126E+4	2.87390E+6
5.43000E+1	2.98605E+4	8.05507E+4	3.58193E+6	1.19341E+6	7.89405E+4	2.78142E+6
5.44000E+1	2.97535E+4	8.06642E+4	3.42553E+6	1.16448E+6	7.82806E+4	2.80461E+6
5.45000E+1	2.99768E+4	8.10424E+4	3.58543E+6	1.16794E+6	7.88229E+4	2.95468E+6
5.46000E+1	2.98909E+4	8.03377E+4	3.58587E+6	1.16856E+6	7.88559E+4	2.83454E+6
5.47000E+1	2.98284E+4	8.04174E+4	3.37656E+6	1.16711E+6	7.87117E+4	2.84792E+6
5.48000E+1	2.99823E+4	8.04100E+4	3.59288E+6	1.16628E+6	7.84108E+4	2.86509E+6
5.49000E+1	2.99311E+4	8.05013E+4	3.64185E+6	1.16109E+6	7.83267E+4	2.88706E+6
5.50000E+1	2.98648E+4	8.05549E+4	3.52052E+6	1.15507E+6	7.86356E+4	2.92550E+6
5.51000E+1	2.98561E+4	8.04184E+4	3.62837E+6	1.17335E+6	7.88065E+4	2.80216E+6
5.52000E+1	3.01600E+4	8.06105E+4	3.64863E+6	1.17744E+6	7.86973E+4	2.82211E+6
5.53000E+1	2.98942E+4	8.03912E+4	3.82298E+6	1.15578E+6	7.84703E+4	2.92049E+6
5.54000E+1	2.99273E+4	8.03901E+4	3.71170E+6	1.16861E+6	7.81670E+4	2.84428E+6
5.55000E+1	3.01916E+4	8.01201E+4	3.72296E+6	1.16186E+6	7.80924E+4	2.91024E+6
5.56000E+1	2.99475E+4	8.00166E+4	3.52983E+6	1.19029E+6	7.79107E+4	2.83843E+6
5.57000E+1	3.01005E+4	8.01190E+4	3.58806E+6	1.15751E+6	7.78271E+4	2.81415E+6
5.58000E+1	3.00493E+4	8.02707E+4	3.44809E+6	1.15629E+6	7.78047E+4	2.81744E+6
5.59000E+1	2.98263E+4	8.03922E+4	3.72296E+6	1.18372E+6	7.78292E+4	2.81579E+6
5.60000E+1	2.98398E+4	8.04017E+4	3.66774E+6	1.15279E+6	7.77671E+4	2.83926E+6
5.61000E+1	3.00880E+4	8.03157E+4	3.58193E+6	1.14992E+6	7.78282E+4	2.83315E+6
5.62000E+1	2.99594E+4	8.04184E+4	3.49161E+6	1.15761E+6	7.81855E+4	2.82156E+6
5.63000E+1	3.01649E+4	7.98789E+4	3.70936E+6	1.15971E+6	7.86192E+4	2.88563E+6
5.64000E+1	3.01512E+4	8.00772E+4	3.53408E+6	1.16453E+6	7.80015E+4	2.79945E+6
5.65000E+1	3.01638E+4	8.02246E+4	3.72815E+6	1.17314E+6	7.82622E+4	2.79566E+6
5.66000E+1	3.01398E+4	8.00657E+4	3.64140E+6	1.17064E+6	7.80026E+4	2.79135E+6
5.67000E+1	3.00989E+4	8.01922E+4	3.61899E+6	1.15644E+6	7.81231E+4	2.92461E+6
5.68000E+1	3.01027E+4	8.02068E+4	3.48580E+6	1.15817E+6	7.81517E+4	2.85128E+6
5.69000E+1	3.02813E+4	8.01608E+4	3.68659E+6	1.18596E+6	7.84159E+4	2.97892E+6
5.70000E+1	3.01927E+4	8.01901E+4	3.78225E+6	1.18745E+6	7.77009E+4	2.85775E+6
5.71000E+1	3.02200E+4	8.01420E+4	3.54989E+6	1.17142E+6	7.81292E+4	2.78088E+6
5.72000E+1	3.01758E+4	8.00908E+4	3.60567E+6	1.18505E+6	7.83759E+4	2.82266E+6
5.73000E+1	3.00847E+4	8.00615E+4	3.76630E+6	1.18654E+6	7.78547E+4	3.02636E+6
5.74000E+1	3.01774E+4	8.01033E+4	3.70749E+6	1.19882E+6	7.81885E+4	2.82238E+6
5.75000E+1	3.01687E+4	8.01148E+4	3.67599E+6	1.18139E+6	7.83810E+4	2.87990E+6
5.76000E+1	3.02752E+4	8.00448E+4	3.83442E+6	1.17392E+6	7.83083E+4	2.85016E+6
5.77000E+1	3.02572E+4	8.00626E+4	3.57539E+6	1.17618E+6	7.78210E+4	2.90470E+6
5.78000E+1	3.02359E+4	8.04205E+4	3.58543E+6	1.19448E+6	7.81691E+4	2.94300E+6
5.79000E+1	3.02189E+4	8.01566E+4	3.72721E+6	1.19703E+6	7.78353E+4	2.97221E+6
5.80000E+1	3.04148E+4	8.01870E+4	3.61676E+6	1.18644E+6	7.74206E+4	2.94927E+6
5.81000E+1	3.01540E+4	7.99978E+4	3.57496E+6	1.19287E+6	7.76145E+4	2.92049E+6
5.82000E+1	3.02337E+4	8.02382E+4	3.81902E+6	1.15986E+6	7.76135E+4	2.98749E+6
5.83000E+1	3.02698E+4	8.02602E+4	3.61098E+6	1.17733E+6	7.77946E+4	2.80515E+6
5.84000E+1	3.02506E+4	8.01378E+4	3.51251E+6	1.16145E+6	7.69644E+4	2.89890E+6
5.85000E+1	3.04466E+4	8.01566E+4	3.77934E+6	1.18431E+6	7.81681E+4	2.82073E+6
5.86000E+1	3.04428E+4	8.00052E+4	3.74951E+6	1.19023E+6	7.75210E+4	2.94957E+6
5.87000E+1	3.01540E+4	8.01347E+4	3.85396E+6	1.18857E+6	7.79668E+4	2.80461E+6
5.88000E+1	3.02129E+4	8.03031E+4	3.77498E+6	1.16639E+6	7.72949E+4	2.95829E+6
5.89000E+1	3.02572E+4	8.01127E+4	3.95574E+6	1.17938E+6	7.79403E+4	3.07465E+6
5.90000E+1	3.02676E+4	8.00741E+4	3.66774E+6	1.18144E+6	7.78261E+4	2.91287E+6
5.91000E+1	3.04921E+4	8.02791E+4	3.66317E+6	1.20083E+6	7.76724E+4	3.00354E+6
5.92000E+1	3.02856E+4	7.99644E+4	3.90446E+6	1.18144E+6	7.78506E+4	3.00665E+6
5.93000E+1	3.02260E+4	8.01295E+4	3.91534E+6	1.17612E+6	7.79332E+4	2.97586E+6
5.94000E+1	3.03743E+4	8.02225E+4	3.77498E+6	1.20258E+6	7.81354E+4	3.06075E+6
5.95000E+1	3.02037E+4	8.00427E+4	3.79590E+6	1.17780E+6	7.77019E+4	2.86170E+6
5.96000E+1	3.03814E+4	8.03608E+4	4.01052E+6	1.18203E+6	7.76023E+4	2.92343E+6
5.97000E+1	3.03113E+4	8.01974E+4	3.77015E+6	1.18574E+6	7.73233E+4	2.90558E+6
5.98000E+1	3.02277E+4	8.02780E+4	3.65680E+6	1.17817E+6	7.71007E+4	2.84904E+6
5.99000E+1	3.03234E+4	8.02341E+4	3.78809E+6	1.18884E+6	7.73699E+4	2.96191E+6
6.00000E+1	3.05898E+4	8.04719E+4	3.78906E+6	1.16830E+6	7.71320E+4	2.88850E+6
6.01000E+1	3.01381E+4	8.02246E+4	3.57191E+6	1.15527E+6	7.69694E+4	2.91580E+6
6.02000E+1	3.01944E+4	8.00918E+4	3.79736E+6	1.20351E+6	7.76277E+4	2.91961E+6
6.03000E+1	3.00651E+4	8.03608E+4	3.81210E+6	1.17137E+6	7.76460E+4	2.83426E+6
6.04000E+1	3.02452E+4	8.02236E+4	3.79639E+6	1.16727E+6	7.75992E+4	2.96402E+6
6.05000E+1	3.04082E+4	8.03052E+4	3.72390E+6	1.20312E+6	7.75251E+4	2.93526E+6
6.06000E+1	3.03031E+4	8.02717E+4	3.69260E+6	1.16304E+6	7.75962E+4	3.00354E+6
6.07000E+1	3.02452E+4	8.01044E+4	3.64772E+6	1.15259E+6	7.70401E+4	2.90122E+6
6.08000E+1	3.01294E+4	8.03901E+4	3.97277E+6	1.18911E+6	7.75413E+4	3.01507E+6
6.09000E+1	3.01971E+4	8.03660E+4	3.72390E+6	1.17403E+6	7.73952E+4	2.91287E+6
6.10000E+1	3.01403E+4	8.06105E+4	3.68520E+6	1.19952E+6	7.76968E+4	2.84960E+6
6.11000E+1	3.03245E+4	8.04310E+4	3.79541E+6	1.20116E+6	7.74520E+4	2.75439E+6
6.12000E+1	3.02463E+4	8.04709E+4	3.87676E+6	1.16412E+6	7.72595E+4	2.97586E+6
6.13000E+1	3.01114E+4	8.04321E+4	3.73240E+6	1.18181E+6	7.72797E+4	2.97953E+6
6.14000E+1	3.01742E+4	8.02121E+4	3.78322E+6	1.17257E+6	7.72726E+4	2.97069E+6
6.15000E+1	3.01229E+4	8.03346E+4	3.87370E+6	1.16752E+6	7.70492E+4	2.95227E+6
6.16000E+1	3.02534E+4	8.03189E+4	4.08591E+6	1.19589E+6	7.76867E+4	2.92461E+6
6.17000E+1	3.00455E+4	8.04300E+4	3.87218E+6	1.16047E+6	7.71229E+4	2.98167E+6
6.18000E+1	3.00008E+4	8.04730E+4	3.76389E+6	1.17576E+6	7.72028E+4	2.92137E+6
6.19000E+1	3.00542E+4	8.04940E+4	3.57583E+6	1.16898E+6	7.69109E+4	2.87162E+6
6.20000E+1	3.00689E+4	8.05853E+4	3.80816E+6	1.18585E+6	7.72929E+4	3.00510E+6
6.21000E+1	3.00302E+4	8.02048E+4	3.75621E+6	1.16278E+6	7.68867E+4	2.93972E+6
6.22000E+1	2.99279E+4	8.02675E+4	3.71685E+6	1.15052E+6	7.69250E+4	2.90907E+6
6.23000E+1	2.99339E+4	8.04604E+4	3.39181E+6	1.16232E+6	7.70371E+4	3.00447E+6
6.24000E+1	3.00765E+4	8.05822E+4	3.88902E+6	1.18814E+6	7.75200E+4	2.90674E+6
6.25000E+1	2.98290E+4	8.01295E+4	3.78080E+6	1.14102E+6	7.69271E+4	3.08213E+6
6.26000E+1	2.99436E+4	8.03545E+4	3.69075E+6	1.14415E+6	7.70754E+4	2.99550E+6
6.27000E+1	3.00215E+4	8.04289E+4	3.66181E+6	1.19007E+6	7.69129E+4	2.81963E+6
6.28000E+1	2.99545E+4	8.04426E+4	3.74046E+6	1.16851E+6	7.70259E+4	2.99797E+6
6.29000E+1	3.00193E+4	8.00772E+4	3.60788E+6	1.15158E+6	7.67910E+4	2.87561E+6
6.30000E+1	3.00062E+4	8.06684E+4	3.62122E+6	1.16381E+6	7.71573E+4	3.05112E+6
6.31000E+1	2.97980E+4	8.02456E+4	3.91846E+6	1.17996E+6	7.73293E+4	2.88104E+6
6.32000E+1	2.98713E+4	8.06568E+4	3.70189E+6	1.15736E+6	7.69260E+4	2.92638E+6
6.33000E+1	2.99311E+4	8.05591E+4	3.64999E+6	1.17304E+6	7.71937E+4	3.03489E+6
6.34000E+1	2.99159E+4	8.04163E+4	3.55548E+6	1.15446E+6	7.63561E+4	2.92226E+6
6.35000E+1	2.98387E+4	8.04992E+4	3.81358E+6	1.15178E+6	7.68061E+4	3.00416E+6
6.36000E+1	2.96646E+4	8.03000E+4	3.69121E+6	1.16006E+6	7.69694E+4	2.94748E+6
6.37000E+1	2.97926E+4	8.04132E+4	3.73904E+6	1.15685E+6	7.71047E+4	2.89485E+6
6.38000E+1	2.98920E+4	8.10372E+4	3.83791E+6	1.15148E+6	7.70310E+4	2.98197E+6
6.39000E+1	2.98263E+4	8.06116E+4	3.75334E+6	1.14655E+6	7.66542E+4	3.00727E+6
6.40000E+1	2.96874E+4	8.02539E+4	3.67875E+6	1.17844E+6	7.68898E+4	2.93823E+6
6.41000E+1	2.99970E+4	8.06547E+4	3.75142E+6	1.15087E+6	7.68333E+4	3.03267E+6
6.42000E+1	2.97026E+4	8.04447E+4	3.72155E+6	1.16165E+6	7.65969E+4	2.94061E+6
6.43000E+1	2.98339E+4	8.03828E+4	3.73098E+6	1.15705E+6	7.67075E+4	2.92993E+6
6.44000E+1	2.97763E+4	8.02225E+4	3.67875E+6	1.15153E+6	7.65858E+4	2.92167E+6
6.45000E+1	2.98719E+4	8.02749E+4	3.74332E+6	1.17059E+6	7.64393E+4	2.94868E+6
6.46000E+1	2.99360E+4	8.04866E+4	3.57713E+6	1.16237E+6	7.62780E+4	2.87134E+6
6.47000E+1	2.97454E+4	8.08168E+4	3.68520E+6	1.15782E+6	7.69018E+4	2.93289E+6
6.48000E+1	2.98344E+4	8.07957E+4	3.82001E+6	1.16773E+6	7.69654E+4	2.88793E+6
6.49000E+1	2.97400E+4	8.06600E+4	3.92523E+6	1.14455E+6	7.67930E+4	2.91375E+6
6.50000E+1	2.99562E+4	8.05234E+4	3.87931E+6	1.14555E+6	7.62029E+4	2.95197E+6
6.51000E+1	2.97888E+4	8.06578E+4	3.77160E+6	1.16134E+6	7.64594E+4	2.92638E+6
6.52000E+1	2.98295E+4	8.05843E+4	3.60301E+6	1.14585E+6	7.70058E+4	2.98596E+6
6.53000E+1	2.98062E+4	8.06663E+4	3.65498E+6	1.16216E+6	7.66964E+4	2.99365E+6
6.54000E+1	2.99241E+4	8.06989E+4	3.78031E+6	1.16114E+6	7.70906E+4	2.94598E+6
6.55000E+1	2.98420E+4	8.02717E+4	3.72108E+6	1.15042E+6	7.70037E+4	3.00230E+6
6.56000E+1	2.98197E+4	8.08125E+4	3.83591E+6	1.17712E+6	7.72686E+4	3.03299E+6
6.57000E+1	2.98980E+4	8.05643E+4	3.87421E+6	1.16150E+6	7.69593E+4	2.90849E+6
6.58000E+1	2.99301E+4	8.07125E+4	3.72815E+6	1.15986E+6	7.72321E+4	2.88133E+6
6.59000E+1	2.99050E+4	8.07410E+4	3.77547E+6	1.17111E+6	7.68766E+4	3.10811E+6
6.60000E+1	3.00215E+4	8.07915E+4	4.10633E+6	1.17817E+6	7.69301E+4	2.89514E+6
6.61000E+1	2.99279E+4	8.04982E+4	3.63061E+6	1.15158E+6	7.68142E+4	2.90791E+6
6.62000E+1	2.99344E+4	8.07862E+4	3.91638E+6	1.16582E+6	7.72311E+4	3.06461E+6
6.63000E+1	2.98664E+4	8.04310E+4	3.78274E+6	1.14371E+6	7.66481E+4	3.02039E+6
6.64000E+1	2.99388E+4	8.07525E+4	3.81161E+6	1.14296E+6	7.66421E+4	2.93289E+6
6.65000E+1	2.99023E+4	8.07662E+4	3.75382E+6	1.13495E+6	7.68575E+4	2.95077E+6
6.66000E+1	3.00286E+4	8.10171E+4	3.74522E+6	1.17158E+6	7.66019E+4	2.95949E+6
6.67000E+1	3.01436E+4	8.06715E+4	3.88084E+6	1.14831E+6	7.63110E+4	2.90878E+6
6.68000E+1	2.99981E+4	8.08389E+4	3.74379E+6	1.16443E+6	7.63471E+4	2.97221E+6
6.69000E+1	3.00798E+4	8.06883E+4	3.75717E+6	1.16093E+6	7.62660E+4	2.87675E+6
6.70000E+1	2.99502E+4	8.08210E+4	4.00998E+6	1.17116E+6	7.64945E+4	2.97769E+6
6.71000E+1	3.01027E+4	8.05171E+4	3.77063E+6	1.16073E+6	7.63100E+4	2.91492E+6
6.72000E+1	3.00057E+4	8.11365E+4	3.77547E+6	1.13451E+6	7.60390E+4	2.95498E+6
6.73000E+1	3.00858E+4	8.09369E+4	3.88544E+6	1.14600E+6	7.62680E+4	3.01726E+6
6.74000E+1	3.01720E+4	8.09380E+4	3.87727E+6	1.15777E+6	7.61549E+4	3.07595E+6
6.75000E+1	3.01889E+4	8.06326E+4	3.72202E+6	1.14997E+6	7.64343E+4	2.89138E+6
6.76000E+1	3.01480E+4	8.06295E+4	3.72532E+6	1.14490E+6	7.66833E+4	2.84288E+6
6.77000E+1	3.01469E+4	8.07904E+4	3.91274E+6	1.15879E+6	7.65005E+4	3.04665E+6
6.78000E+1	3.01687E+4	8.07831E+4	3.87778E+6	1.14530E+6	7.63481E+4	3.03711E+6
6.79000E+1	3.03710E+4	8.08916E+4	3.74760E+6	1.15421E+6	7.66270E+4	2.94598E+6
6.80000E+1	3.03852E+4	8.11978E+4	3.91794E+6	1.18900E+6	7.67357E+4	2.97769E+6
6.81000E+1	3.04252E+4	8.07273E+4	3.86103E+6	1.15178E+6	7.67377E+4	2.95528E+6
6.82000E+1	3.01758E+4	8.09359E+4	3.87829E+6	1.18081E+6	7.65346E+4	2.99611E+6
6.83000E+1	3.05355E+4	8.08800E+4	3.87676E+6	1.15466E+6	7.64604E+4	3.00137E+6
6.84000E+1	3.04504E+4	8.06989E+4	3.92889E+6	1.16623E+6	7.62369E+4	2.96644E+6
6.85000E+1	3.03283E+4	8.08947E+4	3.80030E+6	1.14346E+6	7.60760E+4	2.85916E+6
6.86000E+1	3.02752E+4	8.10921E+4	3.87472E+6	1.15543E+6	7.59542E+4	2.90354E+6
6.87000E+1	3.04362E+4	8.07041E+4	3.60523E+6	1.13054E+6	7.57261E+4	2.86339E+6
6.88000E+1	3.05465E+4	8.07757E+4	4.01379E+6	1.16150E+6	7.59821E+4	3.09392E+6
6.89000E+1	3.04976E+4	8.09411E+4	3.87269E+6	1.14750E+6	7.60500E+4	2.90791E+6
6.90000E+1	3.05223E+4	8.12380E+4	3.95733E+6	1.16706E+6	7.59233E+4	2.97282E+6
6.91000E+1	3.05069E+4	8.10076E+4	3.79004E+6	1.14400E+6	7.60750E+4	2.90238E+6
6.92000E+1	3.04345E+4	8.07241E+4	3.95680E+6	1.16427E+6	7.61029E+4	2.84149E+6
6.93000E+1	3.07312E+4	8.10836E+4	3.92576E+6	1.17356E+6	7.63020E+4	2.97831E+6
6.94000E+1	3.05750E+4	8.10329E+4	3.84492E+6	1.17314E+6	7.62680E+4	2.98197E+6
6.95000E+1	3.06932E+4	8.06757E+4	3.83242E+6	1.16815E+6	7.59163E+4	3.01663E+6
6.96000E+1	3.05558E+4	8.11883E+4	3.90860E+6	1.16412E+6	7.61329E+4	2.96100E+6
6.97000E+1	3.05552E+4	8.10836E+4	3.75047E+6	1.16680E+6	7.59283E+4	3.00634E+6
6.98000E+1	3.06366E+4	8.11185E+4	3.91119E+6	1.16898E+6	7.60131E+4	3.06752E+6
6.99000E+1	3.06085E+4	8.08262E+4	3.63960E+6	1.14635E+6	7.60131E+4	2.93734E+6
7.00000E+1	3.07433E+4	8.10171E+4	4.03076E+6	1.16201E+6	7.58804E+4	2.96402E+6
7.01000E+1	3.08353E+4	8.07567E+4	3.88544E+6	1.16541E+6	7.57689E+4	2.96523E+6
7.02000E+1	3.07907E+4	8.09833E+4	4.14661E+6	1.17507E+6	7.57181E+4	3.22353E+6
7.03000E+1	3.09281E+4	8.11249E+4	3.90498E+6	1.16551E+6	7.54222E+4	2.95107E+6
7.04000E+1	3.07494E+4	8.11227E+4	4.27100E+6	1.18282E+6	7.58924E+4	2.91697E+6
7.05000E+1	3.07615E+4	8.09886E+4	3.88493E+6	1.16186E+6	7.57898E+4	2.89745E+6
7.06000E+1	3.11028E+4	8.11830E+4	4.08309E+6	1.15726E+6	7.57828E+4	3.00852E+6
7.07000E+1	3.09734E+4	8.11957E+4	3.98241E+6	1.17823E+6	7.59004E+4	3.03331E+6
7.08000E+1	3.08657E+4	8.11629E+4	4.06122E+6	1.16119E+6	7.53419E+4	2.93170E+6
7.09000E+1	3.08469E+4	8.12856E+4	4.11948E+6	1.17902E+6	7.56336E+4	2.86311E+6
7.10000E+1	3.10170E+4	8.11460E+4	3.99642E+6	1.18788E+6	7.58276E+4	2.96281E+6
7.11000E+1	3.10602E+4	8.12888E+4	3.98725E+6	1.16737E+6	7.58984E+4	2.95949E+6
7.12000E+1	3.11322E+4	8.11566E+4	3.81803E+6	1.16649E+6	7.55045E+4	3.02668E+6
7.13000E+1	3.10812E+4	8.11418E+4	3.84793E+6	1.14987E+6	7.56207E+4	2.97983E+6
7.14000E+1	3.10629E+4	8.12825E+4	4.11719E+6	1.15761E+6	7.56793E+4	2.99519E+6
7.15000E+1	3.12530E+4	8.13577E+4	4.10690E+6	1.18102E+6	7.57450E+4	3.05560E+6
7.16000E+1	3.11970E+4	8.12010E+4	3.86609E+6	1.15112E+6	7.58306E+4	2.93674E+6
7.17000E+1	3.12070E+4	8.12528E+4	4.28396E+6	1.16820E+6	7.59043E+4	3.05689E+6
7.18000E+1	3.13319E+4	8.12655E+4	3.89159E+6	1.16381E+6	7.54638E+4	2.88649E+6
7.19000E+1	3.12347E+4	8.12878E+4	3.99156E+6	1.17090E+6	7.56595E+4	3.07562E+6
7.20000E+1	3.14660E+4	8.13460E+4	3.96158E+6	1.16934E+6	7.57729E+4	2.93407E+6
7.21000E+1	3.13441E+4	8.12814E+4	3.97223E+6	1.18346E+6	7.55959E+4	3.03457E+6
7.22000E+1	3.13213E+4	8.14488E+4	3.98779E+6	1.17665E+6	7.56863E+4	2.96100E+6
7.23000E+1	3.12752E+4	8.13545E+4	4.22351E+6	1.17639E+6	7.57002E+4	2.97191E+6
7.24000E+1	3.13386E+4	8.16644E+4	4.18472E+6	1.16572E+6	7.58525E+4	3.03584E+6
7.25000E+1	3.14303E+4	8.12867E+4	3.91274E+6	1.16160E+6	7.57151E+4	3.01914E+6
7.26000E+1	3.16315E+4	8.12973E+4	3.86964E+6	1.15782E+6	7.54113E+4	3.06010E+6
7.27000E+1	3.16477E+4	8.14541E+4	3.88800E+6	1.18234E+6	7.56525E+4	3.01538E+6
7.28000E+1	3.14342E+4	8.15146E+4	4.13387E+6	1.18745E+6	7.57400E+4	3.02952E+6
7.29000E+1	3.14749E+4	8.13121E+4	3.97544E+6	1.15649E+6	7.53251E+4	2.93793E+6
7.30000E+1	3.15094E+4	8.14732E+4	3.86103E+6	1.18097E+6	7.55442E+4	3.10944E+6
7.31000E+1	3.15100E+4	8.14266E+4	4.09496E+6	1.15828E+6	7.53548E+4	2.88477E+6
7.32000E+1	3.16198E+4	8.15921E+4	3.85195E+6	1.18065E+6	7.53499E+4	3.01382E+6
7.33000E+1	3.17237E+4	8.14488E+4	4.33850E+6	1.20274E+6	7.57321E+4	3.05304E+6
7.34000E+1	3.17131E+4	8.14011E+4	3.91742E+6	1.19427E+6	7.55313E+4	3.00789E+6
7.35000E+1	3.16617E+4	8.15157E+4	4.24165E+6	1.17717E+6	7.54807E+4	2.98657E+6
7.36000E+1	3.16031E+4	8.17250E+4	4.03461E+6	1.16078E+6	7.53152E+4	3.04473E+6
7.37000E+1	3.19791E+4	8.15943E+4	3.99588E+6	1.17618E+6	7.52934E+4	2.91258E+6
7.38000E+1	3.17259E+4	8.16878E+4	4.19777E+6	1.16872E+6	7.52360E+4	2.94658E+6
7.39000E+1	3.18765E+4	8.17431E+4	4.15127E+6	1.19903E+6	7.54192E+4	3.03584E+6
7.40000E+1	3.17987E+4	8.18027E+4	4.12753E+6	1.18729E+6	7.53736E+4	3.00914E+6
7.41000E+1	3.21077E+4	8.14573E+4	4.13329E+6	1.17717E+6	7.51441E+4	3.09162E+6
7.42000E+1	3.19410E+4	8.18208E+4	4.11375E+6	1.17681E+6	7.55333E+4	3.08050E+6
7.43000E+1	3.20549E+4	8.17272E+4	4.06401E+6	1.18097E+6	7.51668E+4	2.95889E+6
7.44000E+1	3.21387E+4	8.17783E+4	4.05509E+6	1.17639E+6	7.55015E+4	3.01039E+6
7.45000E+1	3.21719E+4	8.21302E+4	4.24530E+6	1.19082E+6	7.53499E+4	3.18693E+6
7.46000E+1	3.20965E+4	8.14425E+4	4.26485E+6	1.17702E+6	7.50976E+4	2.91433E+6
7.47000E+1	3.22563E+4	8.16517E+4	4.20313E+6	1.18203E+6	7.50759E+4	2.98106E+6
7.48000E+1	3.22924E+4	8.16389E+4	4.05176E+6	1.20449E+6	7.51935E+4	3.01476E+6
7.49000E+1	3.23528E+4	8.16038E+4	4.44176E+6	1.21100E+6	7.53112E+4	3.09392E+6
7.50000E+1	3.24177E+4	8.14414E+4	4.09893E+6	1.18097E+6	7.52410E+4	3.08867E+6
7.51000E+1	3.25891E+4	8.17048E+4	4.54368E+6	1.19991E+6	7.51767E+4	2.97100E+6
7.52000E+1	3.24753E+4	8.19050E+4	4.16002E+6	1.19746E+6	7.50976E+4	2.97708E+6
7.53000E+1	3.24867E+4	8.18368E+4	4.39898E+6	1.20658E+6	7.51045E+4	3.03426E+6
7.54000E+1	3.24951E+4	8.17772E+4	4.01270E+6	1.19540E+6	7.49959E+4	2.99457E+6
7.55000E+1	3.22969E+4	8.19295E+4	4.26547E+6	1.19735E+6	7.48688E+4	2.88908E+6
7.56000E+1	3.23945E+4	8.20288E+4	4.22291E+6	1.19898E+6	7.48333E+4	3.02071E+6
7.57000E+1	3.26033E+4	8.21452E+4	4.17292E+6	1.19481E+6	7.48895E+4	3.02762E+6
7.58000E+1	3.25596E+4	8.17357E+4	4.04013E+6	1.24090E+6	7.51935E+4	3.01444E+6
7.59000E+1	3.24635E+4	8.21441E+4	4.11547E+6	1.18601E+6	7.47221E+4	2.93704E+6
7.60000E+1	3.26129E+4	8.21997E+4	3.99156E+6	1.20007E+6	7.48638E+4	2.97739E+6
7.61000E+1	3.27093E+4	8.19381E+4	4.34804E+6	1.21555E+6	7.50680E+4	3.03299E+6
7.62000E+1	3.26259E+4	8.17580E+4	4.16763E+6	1.19659E+6	7.48865E+4	2.93170E+6
7.63000E+1	3.25449E+4	8.19317E+4	4.23438E+6	1.22036E+6	7.49062E+4	3.10216E+6
7.64000E+1	3.25642E+4	8.20597E+4	4.41862E+6	1.20433E+6	7.48619E+4	2.99828E+6
7.65000E+1	3.24426E+4	8.17964E+4	4.03958E+6	1.19039E+6	7.47782E+4	3.00945E+6
7.66000E+1	3.25908E+4	8.19829E+4	4.31891E+6	1.19855E+6	7.48146E+4	2.87732E+6
7.67000E+1	3.25195E+4	8.20042E+4	4.13850E+6	1.18606E+6	7.45884E+4	2.94270E+6
7.68000E+1	3.22558E+4	8.18603E+4	4.19361E+6	1.20230E+6	7.48244E+4	2.98442E+6
7.69000E+1	3.26242E+4	8.20426E+4	4.11948E+6	1.20609E+6	7.46602E+4	3.00572E+6
7.70000E+1	3.26293E+4	8.22051E+4	4.13734E+6	1.20609E+6	7.46179E+4	2.97769E+6
7.71000E+1	3.23364E+4	8.20341E+4	4.36596E+6	1.20373E+6	7.46769E+4	3.13486E+6
7.72000E+1	3.23753E+4	8.20725E+4	4.13734E+6	1.18505E+6	7.44717E+4	2.94957E+6
7.73000E+1	3.24194E+4	8.24782E+4	4.21750E+6	1.21000E+6	7.46729E+4	3.01694E+6
7.74000E+1	3.24657E+4	8.19861E+4	4.10462E+6	1.16525E+6	7.47172E+4	3.03078E+6
7.75000E+1	3.25031E+4	8.19690E+4	4.17410E+6	1.17053E+6	7.46739E+4	2.94658E+6
7.76000E+1	3.24833E+4	8.22297E+4	4.22532E+6	1.19195E+6	7.45924E+4	2.92373E+6
7.77000E+1	3.22349E+4	8.20982E+4	4.21750E+6	1.19844E+6	7.47664E+4	3.02794E+6
7.78000E+1	3.22327E+4	8.20683E+4	4.19896E+6	1.19045E+6	7.48569E+4	2.98995E+6
7.79000E+1	3.23866E+4	8.22596E+4	4.40616E+6	1.23175E+6	7.49762E+4	3.08148E+6
7.80000E+1	3.24403E+4	8.22639E+4	4.50237E+6	1.21088E+6	7.47860E+4	3.00230E+6
7.81000E+1	3.24454E+4	8.18688E+4	4.03186E+6	1.18596E+6	7.44109E+4	3.01882E+6
7.82000E+1	3.25449E+4	8.18890E+4	4.43380E+6	1.21294E+6	7.47801E+4	2.90558E+6
7.83000E+1	3.24895E+4	8.22896E+4	4.36532E+6	1.18092E+6	7.48865E+4	3.04314E+6
7.84000E+1	3.25093E+4	8.20725E+4	4.09383E+6	1.18383E+6	7.48481E+4	3.15453E+6
7.85000E+1	3.22969E+4	8.18059E+4	4.13676E+6	1.18261E+6	7.47762E+4	3.06946E+6
7.86000E+1	3.23674E+4	8.22736E+4	4.09666E+6	1.20138E+6	7.47595E+4	3.07692E+6
7.87000E+1	3.22000E+4	8.20971E+4	4.01434E+6	1.17723E+6	7.48116E+4	2.93764E+6
7.88000E+1	3.25868E+4	8.24021E+4	4.48402E+6	1.18761E+6	7.48520E+4	3.00572E+6
7.89000E+1	3.25268E+4	8.21463E+4	4.25872E+6	1.17059E+6	7.45374E+4	2.99766E+6
7.90000E+1	3.23404E+4	8.17580E+4	4.45042E+6	1.17335E+6	7.43139E+4	2.96433E+6
7.91000E+1	3.25274E+4	8.24525E+4	4.03296E+6	1.19319E+6	7.45904E+4	2.97983E+6
7.92000E+1	3.21961E+4	8.21751E+4	4.19480E+6	1.17886E+6	7.44540E+4	2.95708E+6
7.93000E+1	3.26191E+4	8.23882E+4	4.20791E+6	1.19367E+6	7.46444E+4	3.11976E+6
7.94000E+1	3.26225E+4	8.21580E+4	4.05065E+6	1.17131E+6	7.44217E+4	3.00075E+6
7.95000E+1	3.21347E+4	8.21388E+4	4.17822E+6	1.17917E+6	7.44373E+4	2.98657E+6
7.96000E+1	3.25738E+4	8.20886E+4	4.38208E+6	1.21321E+6	7.43776E+4	3.14094E+6
7.97000E+1	3.25240E+4	8.24439E+4	4.17704E+6	1.16365E+6	7.42983E+4	2.86906E+6
7.98000E+1	3.26406E+4	8.24514E+4	4.48741E+6	1.18420E+6	7.45806E+4	3.02825E+6
7.99000E+1	3.24833E+4	8.21858E+4	4.20015E+6	1.17591E+6	7.43854E+4	2.88678E+6
8.00000E+1	3.23861E+4	8.18667E+4	4.06401E+6	1.19211E+6	7.43736E+4	3.08703E+6
8.01000E+1	3.24188E+4	8.21783E+4	4.53052E+6	1.19806E+6	7.44011E+4	3.01820E+6
8.02000E+1	3.26038E+4	8.23892E+4	4.01270E+6	1.19023E+6	7.45511E+4	2.97526E+6
8.03000E+1	3.26106E+4	8.22671E+4	4.50989E+6	1.21144E+6	7.46120E+4	2.95227E+6
8.04000E+1	3.27093E+4	8.25115E+4	4.24348E+6	1.21600E+6	7.48323E+4	3.02825E+6
8.05000E+1	3.24985E+4	8.23442E+4	3.95892E+6	1.18351E+6	7.45786E+4	2.96161E+6
8.06000E+1	3.28564E+4	8.22211E+4	4.13850E+6	1.19996E+6	7.46022E+4	3.04537E+6
8.07000E+1	3.28501E+4	8.24761E+4	4.16587E+6	1.18644E+6	7.43805E+4	2.85156E+6
8.08000E+1	3.28007E+4	8.22736E+4	4.22833E+6	1.18431E+6	7.44462E+4	3.00137E+6
8.09000E+1	3.27893E+4	8.22778E+4	4.21390E+6	1.17513E+6	7.45934E+4	3.03837E+6
8.10000E+1	3.28524E+4	8.21559E+4	4.19361E+6	1.20170E+6	7.42894E+4	2.93645E+6
8.11000E+1	3.30580E+4	8.24686E+4	4.10975E+6	1.19681E+6	7.43903E+4	2.90616E+6
8.12000E+1	3.31025E+4	8.24032E+4	4.02144E+6	1.19535E+6	7.40832E+4	2.94002E+6
8.13000E+1	3.30186E+4	8.22896E+4	4.40812E+6	1.20873E+6	7.43923E+4	2.95678E+6
8.14000E+1	3.31882E+4	8.24428E+4	4.10975E+6	1.18601E+6	7.43736E+4	2.93318E+6
8.15000E+1	3.31990E+4	8.24793E+4	4.38922E+6	1.22924E+6	7.44099E+4	3.03996E+6
8.16000E+1	3.34493E+4	8.22628E+4	4.13156E+6	1.19958E+6	7.46916E+4	2.94091E+6
8.17000E+1	3.32940E+4	8.22500E+4	4.30324E+6	1.19991E+6	7.46081E+4	2.97769E+6
8.18000E+1	3.34975E+4	8.26737E+4	4.23015E+6	1.20061E+6	7.46336E+4	3.05016E+6
8.19000E+1	3.35411E+4	8.25899E+4	4.49896E+6	1.22256E+6	7.49762E+4	3.05753E+6
8.20000E+1	3.38261E+4	8.24653E+4	4.38922E+6	1.21449E+6	7.49733E+4	2.97312E+6
8.21000E+1	3.37800E+4	8.26189E+4	4.62641E+6	1.22776E+6	7.48205E+4	3.03204E+6
8.22000E+1	3.37322E+4	8.24675E+4	4.21510E+6	1.19287E+6	7.43629E+4	3.00416E+6
8.23000E+1	3.38729E+4	8.24686E+4	4.72486E+6	1.20576E+6	7.43736E+4	3.07173E+6
8.24000E+1	3.40041E+4	8.24321E+4	4.40485E+6	1.21851E+6	7.46277E+4	2.92373E+6
8.25000E+1	3.42167E+4	8.27468E+4	4.45443E+6	1.23980E+6	7.49200E+4	2.98014E+6
8.26000E+1	3.41953E+4	8.23624E+4	4.20791E+6	1.24409E+6	7.46100E+4	3.15692E+6
8.27000E+1	3.44260E+4	8.26156E+4	4.50442E+6	1.20433E+6	7.45698E+4	3.03331E+6
8.28000E+1	3.44033E+4	8.25566E+4	4.45443E+6	1.24020E+6	7.47113E+4	3.02322E+6
8.29000E+1	3.44505E+4	8.29730E+4	4.40420E+6	1.22561E+6	7.49644E+4	3.05176E+6
8.30000E+1	3.46645E+4	8.22917E+4	4.51126E+6	1.22720E+6	7.46248E+4	3.02416E+6
8.31000E+1	3.47663E+4	8.24836E+4	4.49692E+6	1.24026E+6	7.47526E+4	2.96735E+6
8.32000E+1	3.47768E+4	8.24889E+4	4.47254E+6	1.23479E+6	7.43913E+4	2.96070E+6
8.33000E+1	3.48969E+4	8.26887E+4	4.54299E+6	1.22448E+6	7.41985E+4	2.89803E+6
8.34000E+1	3.50266E+4	8.23946E+4	4.49964E+6	1.22104E+6	7.38492E+4	2.99426E+6
8.35000E+1	3.52195E+4	8.25007E+4	4.63579E+6	1.21863E+6	7.41340E+4	2.97922E+6
8.36000E+1	3.52478E+4	8.28803E+4	4.65392E+6	1.22216E+6	7.39583E+4	2.99704E+6
8.37000E+1	3.53852E+4	8.26952E+4	4.38532E+6	1.21711E+6	7.38453E+4	3.07952E+6
8.38000E+1	3.56710E+4	8.27274E+4	4.59994E+6	1.24456E+6	7.40451E+4	3.03679E+6
8.39000E+1	3.59872E+4	8.30486E+4	4.59638E+6	1.25459E+6	7.40373E+4	2.91082E+6
8.40000E+1	3.60510E+4	8.31447E+4	4.62066E+6	1.23341E+6	7.40451E+4	3.02322E+6
8.41000E+1	3.61435E+4	8.24965E+4	4.84319E+6	1.24183E+6	7.39174E+4	3.04155E+6
8.42000E+1	3.62433E+4	8.31404E+4	4.65101E+6	1.24491E+6	7.40315E+4	3.02353E+6
8.43000E+1	3.65087E+4	8.28103E+4	4.71513E+6	1.23697E+6	7.39261E+4	2.96070E+6
8.44000E+1	3.65682E+4	8.29482E+4	4.85108E+6	1.24368E+6	7.39028E+4	2.98964E+6
8.45000E+1	3.68663E+4	8.30453E+4	5.01929E+6	1.23812E+6	7.38726E+4	3.03141E+6
8.46000E+1	3.69085E+4	8.30378E+4	4.56883E+6	1.22970E+6	7.36518E+4	2.93674E+6
8.47000E+1	3.74968E+4	8.34369E+4	4.80182E+6	1.25684E+6	7.38940E+4	3.07140E+6
8.48000E+1	3.75181E+4	8.28932E+4	4.65829E+6	1.24941E+6	7.38580E+4	3.04251E+6
8.49000E+1	3.76029E+4	8.27253E+4	4.83298E+6	1.27481E+6	7.38599E+4	2.95438E+6
8.50000E+1	3.79386E+4	8.28652E+4	4.75581E+6	1.24392E+6	7.37198E+4	3.02290E+6
8.51000E+1	3.81978E+4	8.28383E+4	4.99241E+6	1.24392E+6	7.36605E+4	2.95949E+6
8.52000E+1	3.83000E+4	8.26984E+4	4.99576E+6	1.26065E+6	7.36683E+4	3.06881E+6
8.53000E+1	3.83647E+4	8.31955E+4	4.74142E+6	1.26089E+6	7.35488E+4	3.07530E+6
8.54000E+1	3.87314E+4	8.29213E+4	4.79872E+6	1.25264E+6	7.35615E+4	3.06849E+6
8.55000E+1	3.86862E+4	8.29385E+4	4.81268E+6	1.25619E+6	7.35682E+4	3.05400E+6
8.56000E+1	3.88872E+4	8.29569E+4	4.97410E+6	1.27359E+6	7.35547E+4	3.19775E+6
8.57000E+1	3.91444E+4	8.29019E+4	4.89168E+6	1.24637E+6	7.34693E+4	3.04123E+6
8.58000E+1	3.92180E+4	8.32723E+4	4.67146E+6	1.28210E+6	7.32988E+4	3.01976E+6
8.59000E+1	3.92849E+4	8.29040E+4	5.33480E+6	1.27572E+6	7.33259E+4	3.12880E+6
8.60000E+1	3.93805E+4	8.31177E+4	4.65757E+6	1.25235E+6	7.34674E+4	2.98657E+6
8.61000E+1	3.97269E+4	8.29817E+4	5.64247E+6	1.26664E+6	7.33453E+4	3.07173E+6
8.62000E+1	3.97678E+4	8.29773E+4	4.99659E+6	1.26724E+6	7.32747E+4	2.97221E+6
8.63000E+1	3.99499E+4	8.31793E+4	5.13234E+6	1.29602E+6	7.34858E+4	3.07043E+6
8.64000E+1	3.98786E+4	8.32095E+4	5.01591E+6	1.25188E+6	7.31413E+4	3.13756E+6
8.65000E+1	4.03866E+4	8.32571E+4	5.11826E+6	1.26388E+6	7.31751E+4	2.99118E+6
8.66000E+1	4.01040E+4	8.33362E+4	5.14471E+6	1.29201E+6	7.31906E+4	2.98504E+6
8.67000E+1	4.01907E+4	8.30205E+4	4.97576E+6	1.29646E+6	7.29744E+4	3.11742E+6
8.68000E+1	4.04661E+4	8.35334E+4	5.17681E+6	1.28007E+6	7.32418E+4	3.15419E+6
8.69000E+1	4.05577E+4	8.32561E+4	5.37313E+6	1.28927E+6	7.32398E+4	2.93615E+6
8.70000E+1	4.04998E+4	8.31631E+4	5.49951E+6	1.26436E+6	7.31220E+4	3.09655E+6
8.71000E+1	4.08370E+4	8.32961E+4	5.11038E+6	1.28425E+6	7.28713E+4	3.11742E+6
8.72000E+1	4.06812E+4	8.31566E+4	4.51332E+6	1.25738E+6	7.30872E+4	3.04920E+6
8.73000E+1	4.07316E+4	8.32928E+4	5.14560E+6	1.28074E+6	7.28405E+4	3.21077E+6
8.74000E+1	4.06672E+4	8.35280E+4	5.55048E+6	1.26869E+6	7.29811E+4	3.00634E+6
8.75000E+1	4.12652E+4	8.33925E+4	4.94769E+6	1.30043E+6	7.31133E+4	3.06461E+6
8.76000E+1	4.09182E+4	8.34076E+4	5.13587E+6	1.29797E+6	7.30718E+4	3.17306E+6
8.77000E+1	4.11720E+4	8.33849E+4	5.48541E+6	1.25512E+6	7.28299E+4	3.02762E+6
8.78000E+1	4.11835E+4	8.36453E+4	5.60238E+6	1.28983E+6	7.31577E+4	3.02668E+6
8.79000E+1	4.11636E+4	8.32279E+4	5.21294E+6	1.27135E+6	7.28164E+4	3.05721E+6
8.80000E+1	4.13494E+4	8.32604E+4	5.24680E+6	1.28413E+6	7.28241E+4	3.01226E+6
8.81000E+1	4.11919E+4	8.33524E+4	5.25326E+6	1.28815E+6	7.24458E+4	2.94987E+6
8.82000E+1	4.11887E+4	8.34564E+4	5.62869E+6	1.29608E+6	7.30149E+4	3.13116E+6
8.83000E+1	4.15602E+4	8.32074E+4	5.15181E+6	1.28357E+6	7.26357E+4	3.08998E+6
8.84000E+1	4.15176E+4	8.36409E+4	5.25418E+6	1.28846E+6	7.27424E+4	3.14942E+6
8.85000E+1	4.13121E+4	8.35356E+4	5.43363E+6	1.27286E+6	7.25849E+4	3.08083E+6
8.86000E+1	4.18066E+4	8.32106E+4	5.14029E+6	1.30933E+6	7.27847E+4	3.06364E+6
8.87000E+1	4.16358E+4	8.36714E+4	5.02775E+6	1.27872E+6	7.28039E+4	3.00821E+6
8.88000E+1	4.13803E+4	8.34044E+4	4.91264E+6	1.30595E+6	7.25733E+4	3.17203E+6
8.89000E+1	4.18779E+4	8.35932E+4	5.19120E+6	1.31893E+6	7.27779E+4	3.15453E+6
8.90000E+1	4.16752E+4	8.34087E+4	5.21112E+6	1.28784E+6	7.24937E+4	3.12948E+6
8.91000E+1	4.13520E+4	8.31522E+4	5.03623E+6	1.29401E+6	7.28694E+4	3.01007E+6
8.92000E+1	4.16726E+4	8.33914E+4	5.02521E+6	1.31376E+6	7.27828E+4	3.07562E+6
8.93000E+1	4.15751E+4	8.33946E+4	5.09294E+6	1.28123E+6	7.26242E+4	3.20689E+6
8.94000E+1	4.16629E+4	8.32582E+4	4.98574E+6	1.28996E+6	7.26002E+4	3.01101E+6
8.95000E+1	4.17458E+4	8.35671E+4	4.92319E+6	1.28296E+6	7.21627E+4	3.12310E+6
8.96000E+1	4.18941E+4	8.37464E+4	5.22296E+6	1.26604E+6	7.26069E+4	3.13284E+6
8.97000E+1	4.16778E+4	8.34835E+4	5.14737E+6	1.28222E+6	7.27183E+4	3.06429E+6
8.98000E+1	4.17160E+4	8.35899E+4	5.13234E+6	1.30188E+6	7.25407E+4	3.15351E+6
8.99000E+1	4.17218E+4	8.34499E+4	5.38862E+6	1.28210E+6	7.24401E+4	3.08115E+6
9.00000E+1	4.19480E+4	8.35877E+4	5.14560E+6	1.29345E+6	7.24554E+4	3.23066E+6
9.01000E+1	4.19486E+4	8.36475E+4	5.12002E+6	1.28283E+6	7.22544E+4	3.21360E+6
9.02000E+1	4.20695E+4	8.35107E+4	5.35007E+6	1.29973E+6	7.22726E+4	3.03774E+6
9.03000E+1	4.21345E+4	8.36062E+4	4.70395E+6	1.28234E+6	7.22525E+4	3.03964E+6
9.04000E+1	4.19889E+4	8.40067E+4	4.96664E+6	1.28772E+6	7.25196E+4	3.16446E+6
9.05000E+1	4.20435E+4	8.35606E+4	4.95262E+6	1.29583E+6	7.22535E+4	3.10712E+6
9.06000E+1	4.19117E+4	8.35964E+4	4.92970E+6	1.28797E+6	7.22315E+4	3.09031E+6
9.07000E+1	4.19376E+4	8.34272E+4	5.74630E+6	1.31299E+6	7.22554E+4	3.02794E+6
9.08000E+1	4.20623E+4	8.38509E+4	5.46638E+6	1.28580E+6	7.23510E+4	3.09721E+6
9.09000E+1	4.18740E+4	8.38705E+4	5.00582E+6	1.29251E+6	7.19862E+4	3.12545E+6
9.10000E+1	4.20675E+4	8.39795E+4	5.37024E+6	1.31389E+6	7.20358E+4	3.11010E+6
9.11000E+1	4.18312E+4	8.36855E+4	5.09034E+6	1.28062E+6	7.22076E+4	3.11243E+6
9.12000E+1	4.19960E+4	8.37083E+4	5.01676E+6	1.31498E+6	7.21789E+4	3.14942E+6
9.13000E+1	4.21404E+4	8.36790E+4	5.15092E+6	1.31286E+6	7.24602E+4	3.12612E+6
9.14000E+1	4.15783E+4	8.35172E+4	4.94523E+6	1.30378E+6	7.21446E+4	3.06493E+6
9.15000E+1	4.19311E+4	8.38574E+4	4.86374E+6	1.28234E+6	7.21073E+4	3.10282E+6
9.16000E+1	4.16474E+4	8.37660E+4	5.15982E+6	1.29602E+6	7.21837E+4	3.20759E+6
9.17000E+1	4.16791E+4	8.38182E+4	5.20205E+6	1.27232E+6	7.23166E+4	3.17617E+6
9.18000E+1	4.14873E+4	8.38487E+4	4.91345E+6	1.30005E+6	7.21828E+4	2.97586E+6
9.19000E+1	4.17852E+4	8.40231E+4	5.15092E+6	1.29126E+6	7.19748E+4	3.09031E+6
9.20000E+1	4.15009E+4	8.38030E+4	4.96169E+6	1.28376E+6	7.23214E+4	3.07985E+6
9.21000E+1	4.18805E+4	8.37790E+4	4.64230E+6	1.28314E+6	7.20053E+4	3.06236E+6
9.22000E+1	4.16203E+4	8.38825E+4	4.72711E+6	1.28996E+6	7.23204E+4	3.10878E+6
9.23000E+1	4.18954E+4	8.39958E+4	4.93704E+6	1.28685E+6	7.21875E+4	3.24286E+6
9.24000E+1	4.15157E+4	8.39696E+4	4.91183E+6	1.28921E+6	7.21407E+4	3.27705E+6
9.25000E+1	4.14145E+4	8.39577E+4	5.00750E+6	1.30296E+6	7.20988E+4	3.15898E+6
9.26000E+1	4.14667E+4	8.37682E+4	5.31773E+6	1.29879E+6	7.22334E+4	3.20830E+6
9.27000E+1	4.13745E+4	8.37812E+4	5.12793E+6	1.25732E+6	7.19348E+4	3.19006E+6
9.28000E+1	4.10290E+4	8.35682E+4	4.97410E+6	1.27086E+6	7.19119E+4	3.15795E+6
9.29000E+1	4.14409E+4	8.40340E+4	4.87648E+6	1.28741E+6	7.18938E+4	3.24286E+6
9.30000E+1	4.12221E+4	8.35921E+4	4.93459E+6	1.27208E+6	7.21723E+4	3.12880E+6
9.31000E+1	4.14093E+4	8.38160E+4	4.64448E+6	1.25815E+6	7.20253E+4	3.04728E+6
9.32000E+1	4.13385E+4	8.42601E+4	5.02859E+6	1.27323E+6	7.19453E+4	3.21643E+6
9.33000E+1	4.10366E+4	8.35671E+4	4.66414E+6	1.25477E+6	7.20434E+4	3.16790E+6
9.34000E+1	4.10085E+4	8.38106E+4	5.17771E+6	1.27080E+6	7.20778E+4	3.19635E+6
9.35000E+1	4.11919E+4	8.37823E+4	4.95592E+6	1.25441E+6	7.19996E+4	3.10579E+6
9.36000E+1	4.07463E+4	8.37181E+4	4.44842E+6	1.25406E+6	7.19710E+4	3.09195E+6
9.37000E+1	4.08210E+4	8.38008E+4	4.91507E+6	1.26658E+6	7.18662E+4	3.00044E+6
9.38000E+1	4.09732E+4	8.42022E+4	4.79641E+6	1.25512E+6	7.21980E+4	3.18033E+6
9.39000E+1	4.06513E+4	8.38008E+4	4.99492E+6	1.25886E+6	7.20081E+4	3.13149E+6
9.40000E+1	4.07833E+4	8.40264E+4	4.68691E+6	1.26029E+6	7.19481E+4	3.02133E+6
9.41000E+1	4.07252E+4	8.39151E+4	4.74066E+6	1.27365E+6	7.21016E+4	3.21643E+6
9.42000E+1	4.06060E+4	8.36105E+4	4.68249E+6	1.26478E+6	7.22745E+4	3.23317E+6
9.43000E+1	4.05959E+4	8.40733E+4	4.91750E+6	1.27311E+6	7.20978E+4	3.18206E+6
9.44000E+1	4.03993E+4	8.40264E+4	4.72636E+6	1.25625E+6	7.20453E+4	3.06849E+6
9.45000E+1	4.05443E+4	8.38618E+4	4.65319E+6	1.25868E+6	7.19300E+4	3.09392E+6
9.46000E+1	4.06385E+4	8.39206E+4	4.88847E+6	1.26556E+6	7.22592E+4	3.18241E+6
9.47000E+1	4.02782E+4	8.36355E+4	4.50715E+6	1.25856E+6	7.21971E+4	3.04314E+6
9.48000E+1	4.05201E+4	8.37562E+4	5.17502E+6	1.24607E+6	7.17018E+4	3.06171E+6
9.49000E+1	4.06334E+4	8.41454E+4	4.49352E+6	1.28314E+6	7.18092E+4	3.08671E+6
9.50000E+1	4.05367E+4	8.37377E+4	4.87728E+6	1.26712E+6	7.18425E+4	3.09491E+6
9.51000E+1	4.06054E+4	8.40777E+4	4.59212E+6	1.24748E+6	7.18748E+4	3.24971E+6
9.52000E+1	4.06545E+4	8.40362E+4	4.44442E+6	1.23755E+6	7.20988E+4	3.09064E+6
9.53000E+1	4.04762E+4	8.38835E+4	4.97078E+6	1.23830E+6	7.19900E+4	3.01538E+6
9.54000E+1	4.05793E+4	8.38433E+4	5.03963E+6	1.26388E+6	7.19815E+4	3.20372E+6
9.55000E+1	4.07418E+4	8.44474E+4	4.79795E+6	1.24293E+6	7.21350E+4	3.05336E+6
9.56000E+1	4.04769E+4	8.40253E+4	4.73915E+6	1.26418E+6	7.20902E+4	3.16858E+6
9.57000E+1	4.03625E+4	8.40220E+4	4.53883E+6	1.28971E+6	7.21302E+4	3.04251E+6
9.58000E+1	4.02915E+4	8.38977E+4	4.60207E+6	1.25589E+6	7.21484E+4	3.00013E+6
9.59000E+1	4.04343E+4	8.43170E+4	4.61206E+6	1.24835E+6	7.21742E+4	3.20056E+6
9.60000E+1	4.01192E+4	8.41213E+4	4.42389E+6	1.25047E+6	7.21522E+4	3.07270E+6
9.61000E+1	4.02921E+4	8.41858E+4	4.44243E+6	1.26095E+6	7.21589E+4	3.06429E+6
9.62000E+1	4.04305E+4	8.39075E+4	4.93133E+6	1.27682E+6	7.22802E+4	3.18519E+6
9.63000E+1	4.04413E+4	8.43072E+4	4.76494E+6	1.23737E+6	7.19653E+4	3.12143E+6
9.64000E+1	4.03283E+4	8.40962E+4	5.09468E+6	1.25194E+6	7.19710E+4	2.99395E+6
9.65000E+1	4.05640E+4	8.42547E+4	4.66414E+6	1.26388E+6	7.20453E+4	2.96675E+6
9.66000E+1	4.04692E+4	8.42197E+4	4.49556E+6	1.25619E+6	7.20501E+4	3.15453E+6
9.67000E+1	4.04356E+4	8.42372E+4	4.55134E+6	1.25371E+6	7.21092E+4	3.08801E+6
9.68000E+1	4.04794E+4	8.43159E+4	5.04048E+6	1.25076E+6	7.19862E+4	3.07920E+6
9.69000E+1	4.05697E+4	8.41956E+4	4.53536E+6	1.24275E+6	7.20959E+4	3.05849E+6
9.70000E+1	4.03029E+4	8.40078E+4	4.39702E+6	1.25070E+6	7.22755E+4	2.98718E+6
9.71000E+1	4.01743E+4	8.42558E+4	4.51881E+6	1.26400E+6	7.20406E+4	3.08703E+6
9.72000E+1	4.02173E+4	8.42153E+4	4.67660E+6	1.25684E+6	7.19291E+4	3.08736E+6
9.73000E+1	4.01350E+4	8.39991E+4	4.68470E+6	1.26412E+6	7.20453E+4	3.16412E+6
9.74000E+1	4.01420E+4	8.40842E+4	4.37885E+6	1.25147E+6	7.18767E+4	3.00572E+6
9.75000E+1	4.00301E+4	8.42580E+4	4.76799E+6	1.25654E+6	7.22420E+4	3.07335E+6
9.76000E+1	4.00073E+4	8.43794E+4	4.54716E+6	1.29621E+6	7.21598E+4	3.11143E+6
9.77000E+1	3.99266E+4	8.48109E+4	4.78946E+6	1.28468E+6	7.21474E+4	3.06752E+6
9.78000E+1	3.98774E+4	8.39086E+4	4.52983E+6	1.26875E+6	7.19100E+4	3.19006E+6
9.79000E+1	4.01198E+4	8.48197E+4	4.68765E+6	1.26358E+6	7.19262E+4	2.99149E+6
9.80000E+1	3.99379E+4	8.44770E+4	4.70544E+6	1.26520E+6	7.20120E+4	3.14806E+6
9.81000E+1	3.99379E+4	8.46559E+4	4.85582E+6	1.27749E+6	7.21446E+4	3.26278E+6
9.82000E+1	3.99202E+4	8.43521E+4	4.63940E+6	1.23772E+6	7.21885E+4	3.06203E+6
9.83000E+1	4.01243E+4	8.42503E+4	4.75505E+6	1.27621E+6	7.21761E+4	3.09458E+6
9.84000E+1	3.99928E+4	8.46932E+4	4.75050E+6	1.25041E+6	7.18938E+4	3.01945E+6
9.85000E+1	3.98717E+4	8.44266E+4	4.50169E+6	1.29151E+6	7.23309E+4	3.07595E+6
9.86000E+1	3.99638E+4	8.43499E+4	4.71513E+6	1.25483E+6	7.22468E+4	3.10712E+6
9.87000E+1	4.01920E+4	8.44189E+4	4.75885E+6	1.27670E+6	7.20577E+4	3.11976E+6
9.88000E+1	4.00036E+4	8.41978E+4	4.29514E+6	1.23680E+6	7.20787E+4	3.00044E+6
9.89000E+1	3.97709E+4	8.44978E+4	4.60564E+6	1.25773E+6	7.19519E+4	3.12076E+6
9.90000E+1	3.97565E+4	8.44211E+4	4.64883E+6	1.26053E+6	7.23147E+4	3.18658E+6
9.91000E+1	3.98648E+4	8.42667E+4	4.83455E+6	1.23997E+6	7.19529E+4	3.20724E+6
9.92000E+1	3.97369E+4	8.41137E+4	4.58504E+6	1.26562E+6	7.19148E+4	3.09919E+6
9.93000E+1	3.97955E+4	8.44035E+4	4.76113E+6	1.26065E+6	7.23453E+4	3.20091E+6
9.94000E+1	3.96351E+4	8.45944E+4	4.60136E+6	1.25276E+6	7.19110E+4	3.11044E+6
9.95000E+1	3.97143E+4	8.47174E+4	4.63651E+6	1.24508E+6	7.23826E+4	3.07757E+6
9.96000E+1	3.97281E+4	8.43904E+4	4.39767E+6	1.26304E+6	7.20720E+4	3.05882E+6
9.97000E+1	3.96678E+4	8.45812E+4	4.76494E+6	1.23951E+6	7.20749E+4	3.20161E+6
9.98000E+1	3.92811E+4	8.44419E+4	4.72111E+6	1.24020E+6	7.20339E+4	3.17445E+6
9.99000E+1	3.96056E+4	8.45801E+4	4.56462E+6	1.26820E+6	7.20787E+4	3.13217E+6
1.00000E+2	3.96980E+4	8.44715E+4	4.41928E+6	1.24491E+6	7.24219E+4	3.27815E+6
1.00100E+2	3.94225E+4	8.43718E+4	4.55343E+6	1.25809E+6	7.22430E+4	3.16515E+6
1.00200E+2	3.92930E+4	8.43170E+4	4.43645E+6	1.24067E+6	7.21417E+4	3.27521E+6
1.00300E+2	3.94338E+4	8.48054E+4	4.56883E+6	1.22941E+6	7.19786E+4	3.15351E+6
1.00400E+2	3.93167E+4	8.45592E+4	4.62930E+6	1.26604E+6	7.21197E+4	3.11676E+6
1.00500E+2	3.89718E+4	8.42077E+4	4.43248E+6	1.25406E+6	7.20644E+4	3.05592E+6
1.00600E+2	3.90702E+4	8.45538E+4	4.63002E+6	1.26130E+6	7.20930E+4	3.05336E+6
1.00700E+2	3.88916E+4	8.44452E+4	4.33406E+6	1.27646E+6	7.20587E+4	3.14331E+6
1.00800E+2	3.92180E+4	8.47350E+4	4.42257E+6	1.27603E+6	7.22353E+4	3.20021E+6
1.00900E+2	3.89189E+4	8.41366E+4	4.41862E+6	1.22748E+6	7.22669E+4	3.10018E+6
1.01000E+2	3.90309E+4	8.45603E+4	4.69283E+6	1.24964E+6	7.19576E+4	3.09129E+6
1.01100E+2	3.91712E+4	8.47064E+4	4.81813E+6	1.24876E+6	7.21474E+4	3.18415E+6
1.01200E+2	3.91088E+4	8.42558E+4	4.58928E+6	1.25643E+6	7.22191E+4	3.31532E+6
1.01300E+2	3.93161E+4	8.41727E+4	4.36982E+6	1.23261E+6	7.20587E+4	3.00013E+6
1.01400E+2	3.93680E+4	8.46405E+4	4.60778E+6	1.26863E+6	7.20425E+4	3.12009E+6
1.01500E+2	3.93680E+4	8.48384E+4	4.52431E+6	1.24777E+6	7.23549E+4	3.13857E+6
1.01600E+2	3.95422E+4	8.48461E+4	4.45309E+6	1.24043E+6	7.20491E+4	3.13351E+6
1.01700E+2	3.97527E+4	8.45176E+4	4.63074E+6	1.25341E+6	7.21866E+4	2.99766E+6
1.01800E+2	3.96841E+4	8.45933E+4	4.44509E+6	1.25946E+6	7.22678E+4	3.16858E+6
1.01900E+2	3.96445E+4	8.46460E+4	4.60778E+6	1.24374E+6	7.21255E+4	3.05657E+6
1.02000E+2	4.00288E+4	8.45263E+4	4.81112E+6	1.27074E+6	7.21255E+4	3.22424E+6
1.02100E+2	3.98767E+4	8.46042E+4	4.60065E+6	1.25755E+6	7.22477E+4	3.11542E+6
1.02200E+2	4.00137E+4	8.49001E+4	4.84319E+6	1.26857E+6	7.25369E+4	3.13621E+6
1.02300E+2	3.98812E+4	8.43499E+4	4.55134E+6	1.23986E+6	7.20005E+4	3.10811E+6
1.02400E+2	4.01850E+4	8.46042E+4	4.52225E+6	1.28105E+6	7.22458E+4	3.05400E+6
1.02500E+2	4.00832E+4	8.46592E+4	4.71513E+6	1.27737E+6	7.23520E+4	3.09129E+6
1.02600E+2	4.04343E+4	8.46185E+4	4.37369E+6	1.27652E+6	7.19596E+4	3.14467E+6
1.02700E+2	4.03689E+4	8.45735E+4	4.59070E+6	1.27208E+6	7.18919E+4	3.14365E+6
1.02800E+2	4.01350E+4	8.46229E+4	4.69579E+6	1.25400E+6	7.20511E+4	3.12645E+6
1.02900E+2	4.02769E+4	8.47108E+4	4.75429E+6	1.28117E+6	7.19576E+4	3.10018E+6
1.03000E+2	4.02801E+4	8.46789E+4	4.59709E+6	1.26124E+6	7.21742E+4	3.16824E+6
1.03100E+2	4.03213E+4	8.46251E+4	4.58292E+6	1.30436E+6	7.20196E+4	3.16893E+6
1.03200E+2	4.03517E+4	8.45483E+4	5.03793E+6	1.29608E+6	7.18358E+4	3.05368E+6
1.03300E+2	4.02528E+4	8.43893E+4	4.64520E+6	1.26670E+6	7.19176E+4	3.04856E+6
1.03400E+2	4.03536E+4	8.47603E+4	4.58221E+6	1.26881E+6	7.19862E+4	3.03015E+6
1.03500E+2	4.03676E+4	8.43992E+4	4.62282E+6	1.26358E+6	7.20816E+4	3.30222E+6
1.03600E+2	4.04127E+4	8.44660E+4	4.62498E+6	1.22964E+6	7.20720E+4	3.15761E+6
1.03700E+2	4.03022E+4	8.48395E+4	4.35955E+6	1.23859E+6	7.22181E+4	3.07465E+6
1.03800E+2	4.08300E+4	8.48835E+4	4.67366E+6	1.25530E+6	7.20406E+4	3.07432E+6
1.03900E+2	4.05297E+4	8.46767E+4	4.80647E+6	1.28080E+6	7.16980E+4	3.02952E+6
1.04000E+2	4.07016E+4	8.46174E+4	4.39572E+6	1.26598E+6	7.20778E+4	3.12511E+6
1.04100E+2	4.05309E+4	8.48461E+4	4.89570E+6	1.26101E+6	7.18035E+4	3.22246E+6
1.04200E+2	4.05277E+4	8.48263E+4	4.68249E+6	1.27208E+6	7.17588E+4	3.12210E+6
1.04300E+2	4.07450E+4	8.47284E+4	4.40354E+6	1.26292E+6	7.18834E+4	3.06397E+6
1.04400E+2	4.05959E+4	8.44233E+4	4.68691E+6	1.25952E+6	7.17379E+4	3.12713E+6
1.04500E+2	4.06455E+4	8.46295E+4	4.97659E+6	1.26178E+6	7.23702E+4	3.03078E+6
1.04600E+2	4.06953E+4	8.45746E+4	4.82828E+6	1.27414E+6	7.17920E+4	3.13790E+6
1.04700E+2	4.07227E+4	8.48076E+4	4.69357E+6	1.25253E+6	7.18463E+4	3.16686E+6
1.04800E+2	4.06475E+4	8.47592E+4	4.75050E+6	1.24637E+6	7.18196E+4	3.14908E+6
1.04900E+2	4.06137E+4	8.46317E+4	4.67366E+6	1.24537E+6	7.19157E+4	3.16618E+6
1.05000E+2	4.07840E+4	8.48813E+4	4.67881E+6	1.26298E+6	7.19576E+4	3.09293E+6
1.05100E+2	4.07438E+4	8.46976E+4	5.20840E+6	1.28142E+6	7.19939E+4	3.18972E+6
1.05200E+2	4.08012E+4	8.43455E+4	4.74520E+6	1.28877E+6	7.19443E+4	3.10513E+6
1.05300E+2	4.09208E+4	8.46515E+4	4.57023E+6	1.28450E+6	7.20120E+4	3.03742E+6
1.05400E+2	4.07725E+4	8.48439E+4	4.66780E+6	1.26863E+6	7.18862E+4	3.03837E+6
1.05500E+2	4.09233E+4	8.49529E+4	4.77258E+6	1.26382E+6	7.18710E+4	3.28552E+6
1.05600E+2	4.07961E+4	8.48813E+4	4.73614E+6	1.28253E+6	7.18196E+4	3.15044E+6
1.05700E+2	4.05468E+4	8.48791E+4	4.53329E+6	1.25874E+6	7.19291E+4	3.20372E+6
1.05800E+2	4.07923E+4	8.52864E+4	5.02521E+6	1.26682E+6	7.20291E+4	3.19530E+6
1.05900E+2	4.06385E+4	8.50092E+4	4.75961E+6	1.27633E+6	7.20625E+4	3.21962E+6
1.06000E+2	4.06863E+4	8.52145E+4	4.53536E+6	1.25880E+6	7.18472E+4	3.18068E+6
1.06100E+2	4.05723E+4	8.48186E+4	4.61851E+6	1.29220E+6	7.22420E+4	3.25478E+6
1.06200E+2	4.07386E+4	8.49166E+4	4.67293E+6	1.29189E+6	7.22344E+4	3.06720E+6
1.06300E+2	4.05316E+4	8.50908E+4	4.65829E+6	1.25649E+6	7.19376E+4	3.10977E+6
1.06400E+2	4.07431E+4	8.50114E+4	4.66560E+6	1.26514E+6	7.19453E+4	3.19356E+6
1.06500E+2	4.08325E+4	8.51107E+4	4.64375E+6	1.25631E+6	7.20539E+4	3.18728E+6
1.06600E+2	4.06812E+4	8.51206E+4	4.42653E+6	1.26142E+6	7.18472E+4	3.16069E+6
1.06700E+2	4.06730E+4	8.51460E+4	4.48809E+6	1.23847E+6	7.19500E+4	3.16446E+6
1.06800E+2	4.03543E+4	8.52676E+4	4.55134E+6	1.27749E+6	7.21245E+4	3.15215E+6
1.06900E+2	4.04673E+4	8.52167E+4	4.69283E+6	1.26412E+6	7.19005E+4	3.28773E+6
1.07000E+2	4.02028E+4	8.50147E+4	4.91102E+6	1.27256E+6	7.21608E+4	3.20795E+6
1.07100E+2	4.02883E+4	8.50411E+4	4.68691E+6	1.25773E+6	7.22506E+4	3.28478E+6
1.07200E+2	4.01743E+4	8.51217E+4	4.57234E+6	1.25827E+6	7.21904E+4	3.24214E+6
1.07300E+2	3.99751E+4	8.53162E+4	4.84555E+6	1.25815E+6	7.20883E+4	3.12110E+6
1.07400E+2	4.02382E+4	8.49309E+4	4.55483E+6	1.27579E+6	7.18472E+4	3.06590E+6
1.07500E+2	4.02053E+4	8.52631E+4	4.70098E+6	1.26160E+6	7.20177E+4	3.20196E+6
1.07600E+2	4.02541E+4	8.50059E+4	4.62066E+6	1.24119E+6	7.19291E+4	3.08083E+6
1.07700E+2	4.03498E+4	8.51305E+4	4.56883E+6	1.28246E+6	7.22124E+4	3.22140E+6
1.07800E+2	4.03143E+4	8.49640E+4	4.80569E+6	1.26178E+6	7.20558E+4	3.19740E+6
1.07900E+2	4.03898E+4	8.50941E+4	4.54647E+6	1.26077E+6	7.22458E+4	3.15522E+6
1.08000E+2	4.03517E+4	8.52244E+4	4.83376E+6	1.24363E+6	7.21207E+4	3.11010E+6
1.08100E+2	4.03244E+4	8.48670E+4	5.05072E+6	1.24865E+6	7.21761E+4	3.22495E+6
1.08200E+2	4.03613E+4	8.50809E+4	4.44044E+6	1.23421E+6	7.18539E+4	3.12847E+6
1.08300E+2	4.03892E+4	8.51096E+4	4.35571E+6	1.23795E+6	7.19453E+4	3.06752E+6
1.08400E+2	4.03295E+4	8.53317E+4	4.98324E+6	1.28246E+6	7.22458E+4	3.18102E+6
1.08500E+2	4.01787E+4	8.53793E+4	4.76265E+6	1.26520E+6	7.19157E+4	3.20126E+6
1.08600E+2	4.04108E+4	8.55977E+4	4.44376E+6	1.27493E+6	7.21112E+4	3.11843E+6
1.08700E+2	4.04565E+4	8.49805E+4	4.64520E+6	1.23582E+6	7.21054E+4	3.16206E+6
1.08800E+2	4.03042E+4	8.51394E+4	4.38922E+6	1.26376E+6	7.20825E+4	3.08507E+6
1.08900E+2	4.03238E+4	8.51162E+4	4.64448E+6	1.22436E+6	7.21847E+4	3.14026E+6
1.09000E+2	4.03543E+4	8.54846E+4	4.82984E+6	1.25041E+6	7.20110E+4	3.22282E+6
1.09100E+2	4.00490E+4	8.49463E+4	4.72711E+6	1.25323E+6	7.20892E+4	3.14704E+6
1.09200E+2	4.02205E+4	8.52399E+4	4.73463E+6	1.25696E+6	7.19986E+4	3.18068E+6
1.09300E+2	4.02953E+4	8.55455E+4	4.33280E+6	1.24894E+6	7.20120E+4	3.17341E+6
1.09400E+2	4.02370E+4	8.52167E+4	4.63362E+6	1.22222E+6	7.19786E+4	3.13655E+6
1.09500E+2	4.03657E+4	8.51316E+4	4.76189E+6	1.26670E+6	7.21207E+4	3.20971E+6
1.09600E+2	4.02224E+4	8.53959E+4	4.48673E+6	1.25158E+6	7.20816E+4	3.23890E+6
