0.00000E+0	1.33002E+6	3.85104E+4	4.66458E+6	5.15688E+6	1.54189E+6	4.16804E+6
1.00000E-1	1.27747E+6	3.57939E+4	4.59894E+6	4.95896E+6	1.49049E+6	4.13024E+6
2.00000E-1	1.27345E+6	3.57221E+4	4.70961E+6	4.94827E+6	1.47292E+6	4.17922E+6
3.00000E-1	1.27327E+6	3.56716E+4	4.27383E+6	4.74346E+6	1.46412E+6	4.16746E+6
4.00000E-1	1.28355E+6	3.57933E+4	4.44749E+6	4.87464E+6	1.49802E+6	4.20176E+6
5.00000E-1	1.26860E+6	3.57666E+4	4.48849E+6	5.35361E+6	1.51397E+6	4.33071E+6
6.00000E-1	1.26812E+6	3.58426E+4	4.36442E+6	4.81945E+6	1.49457E+6	4.17746E+6
7.00000E-1	1.24593E+6	3.57636E+4	4.19932E+6	4.68153E+6	1.49580E+6	4.16335E+6
8.00000E-1	1.28608E+6	3.57719E+4	4.22327E+6	4.84926E+6	1.50538E+6	4.05492E+6
9.00000E-1	1.24343E+6	3.57719E+4	4.80383E+6	4.86271E+6	1.49359E+6	4.48044E+6
1.00000E+0	1.26529E+6	3.56378E+4	4.41836E+6	4.82726E+6	1.46522E+6	4.09423E+6
1.10000E+0	1.27607E+6	3.57589E+4	4.69475E+6	5.30989E+6	1.49490E+6	4.20116E+6
1.20000E+0	1.28608E+6	3.57232E+4	4.57911E+6	4.75406E+6	1.48125E+6	4.24512E+6
1.30000E+0	1.25723E+6	3.56847E+4	4.46622E+6	5.04705E+6	1.48278E+6	4.50969E+6
1.40000E+0	1.26884E+6	3.57666E+4	4.28062E+6	4.76776E+6	1.49744E+6	4.23662E+6
1.50000E+0	1.26782E+6	3.56035E+4	4.28248E+6	4.88823E+6	1.50008E+6	4.08970E+6
1.60000E+0	1.27839E+6	3.58206E+4	4.26277E+6	4.89707E+6	1.49196E+6	4.01690E+6
1.70000E+0	1.26890E+6	3.55502E+4	4.56434E+6	4.90593E+6	1.48772E+6	4.20176E+6
1.80000E+0	1.28918E+6	3.56236E+4	4.28124E+6	4.67859E+6	1.48772E+6	4.21432E+6
1.90000E+0	1.25015E+6	3.55330E+4	4.65946E+6	4.75330E+6	1.49245E+6	4.00981E+6
2.00000E+0	1.24669E+6	3.57037E+4	4.43222E+6	4.66611E+6	1.50223E+6	4.14354E+6
2.10000E+0	1.26021E+6	3.57108E+4	4.29925E+6	4.69631E+6	1.48294E+6	4.12275E+6
2.20000E+0	1.26680E+6	3.58575E+4	4.47227E+6	4.82101E+6	1.49556E+6	4.22695E+6
2.30000E+0	1.28047E+6	3.55519E+4	4.34079E+6	4.50763E+6	1.50779E+6	4.02182E+6
2.40000E+0	1.27296E+6	3.56693E+4	4.43222E+6	4.66977E+6	1.49753E+6	4.06776E+6
2.50000E+0	1.27223E+6	3.57992E+4	4.79301E+6	4.57847E+6	1.51062E+6	4.05882E+6
2.60000E+0	1.27980E+6	3.56224E+4	4.34142E+6	5.21722E+6	1.49400E+6	4.04162E+6
2.70000E+0	1.27187E+6	3.56124E+4	4.55315E+6	4.67197E+6	1.48642E+6	4.25060E+6
2.80000E+0	1.28683E+6	3.56722E+4	4.53994E+6	5.11800E+6	1.48650E+6	4.08970E+6
2.90000E+0	1.25522E+6	3.55638E+4	4.61536E+6	4.77311E+6	1.49687E+6	4.06496E+6
3.00000E+0	1.25439E+6	3.56005E+4	4.36057E+6	4.61185E+6	1.49515E+6	3.94132E+6
3.10000E+0	1.26577E+6	3.57102E+4	4.71558E+6	5.03088E+6	1.49695E+6	4.19759E+6
3.20000E+0	1.26385E+6	3.58052E+4	4.28310E+6	4.82648E+6	1.49934E+6	4.16746E+6
3.30000E+0	1.26872E+6	3.56930E+4	4.44216E+6	5.03343E+6	1.49482E+6	4.01417E+6
3.40000E+0	1.29964E+6	3.56455E+4	4.23777E+6	5.18643E+6	1.49802E+6	3.87966E+6
3.50000E+0	1.25848E+6	3.56959E+4	4.49597E+6	4.70671E+6	1.48569E+6	4.13370E+6
3.60000E+0	1.26146E+6	3.56242E+4	4.24202E+6	4.63919E+6	1.49802E+6	4.08687E+6
3.70000E+0	1.28807E+6	3.55709E+4	4.40198E+6	4.81556E+6	1.49228E+6	4.16687E+6
3.80000E+0	1.29380E+6	3.58474E+4	4.57558E+6	4.71790E+6	1.49204E+6	4.06161E+6
3.90000E+0	1.27839E+6	3.58200E+4	4.34970E+6	5.16401E+6	1.50571E+6	4.33578E+6
4.00000E+0	1.24180E+6	3.57725E+4	4.40852E+6	4.66319E+6	1.48618E+6	4.00275E+6
4.10000E+0	1.27698E+6	3.56378E+4	4.42957E+6	4.95485E+6	1.50165E+6	4.24208E+6
4.20000E+0	1.27132E+6	3.56598E+4	4.58617E+6	5.09964E+6	1.49008E+6	4.43030E+6
4.30000E+0	1.27570E+6	3.57725E+4	4.46286E+6	4.64208E+6	1.49786E+6	3.98924E+6
4.40000E+0	1.25451E+6	3.56331E+4	4.40067E+6	4.78231E+6	1.51246E+6	4.35424E+6
4.50000E+0	1.27937E+6	3.57137E+4	4.82406E+6	4.49808E+6	1.48173E+6	4.21612E+6
4.60000E+0	1.27363E+6	3.57155E+4	4.34015E+6	5.07969E+6	1.52165E+6	4.05048E+6
4.70000E+0	1.27643E+6	3.57102E+4	4.40917E+6	4.79463E+6	1.49638E+6	4.30431E+6
4.80000E+0	1.25818E+6	3.57790E+4	4.70440E+6	4.52962E+6	1.49049E+6	4.08687E+6
4.90000E+0	1.26613E+6	3.57286E+4	4.48240E+6	5.18373E+6	1.50248E+6	4.16628E+6
5.00000E+0	1.27986E+6	3.58272E+4	4.46488E+6	4.72014E+6	1.50671E+6	4.02950E+6
5.10000E+0	1.23430E+6	3.59140E+4	4.39155E+6	4.68374E+6	1.49474E+6	4.22936E+6
5.20000E+0	1.29650E+6	3.58058E+4	4.64927E+6	4.61973E+6	1.51818E+6	4.06552E+6
5.30000E+0	1.28881E+6	3.57541E+4	4.14754E+6	4.53723E+6	1.49326E+6	4.44223E+6
5.40000E+0	1.25091E+6	3.58575E+4	4.50210E+6	4.97717E+6	1.49851E+6	3.92664E+6
5.50000E+0	1.25162E+6	3.57749E+4	4.91799E+6	4.82570E+6	1.50372E+6	4.25671E+6
5.60000E+0	1.25356E+6	3.57404E+4	4.55036E+6	4.83902E+6	1.46483E+6	4.07392E+6
5.70000E+0	1.24500E+6	3.56805E+4	4.20528E+6	4.77847E+6	1.50082E+6	4.03941E+6
5.80000E+0	1.23908E+6	3.58355E+4	4.10098E+6	4.87066E+6	1.48667E+6	4.19759E+6
5.90000E+0	1.24389E+6	3.57042E+4	4.33254E+6	4.87464E+6	1.49457E+6	4.33008E+6
6.00000E+0	1.23580E+6	3.57951E+4	4.35865E+6	4.71267E+6	1.49515E+6	4.09479E+6
6.10000E+0	1.26098E+6	3.59158E+4	4.02834E+6	5.09268E+6	1.49310E+6	3.94976E+6
6.20000E+0	1.23608E+6	3.58432E+4	4.31050E+6	5.27430E+6	1.49343E+6	4.36577E+6
6.30000E+0	1.23064E+6	3.57630E+4	4.60820E+6	4.69112E+6	1.48602E+6	4.16511E+6
6.40000E+0	1.23419E+6	3.58515E+4	4.39937E+6	5.09703E+6	1.49991E+6	4.25671E+6
6.50000E+0	1.23516E+6	3.57042E+4	4.24020E+6	5.12766E+6	1.48723E+6	4.07224E+6
6.60000E+0	1.26529E+6	3.57713E+4	4.64129E+6	4.95073E+6	1.48141E+6	4.07000E+6
6.70000E+0	1.28565E+6	3.56272E+4	4.60892E+6	4.69853E+6	1.46728E+6	4.14412E+6
6.80000E+0	1.22276E+6	3.58307E+4	4.20409E+6	4.82101E+6	1.49695E+6	4.01199E+6
6.90000E+0	1.22169E+6	3.56942E+4	4.25787E+6	4.95649E+6	1.47101E+6	4.36449E+6
7.00000E+0	1.22638E+6	3.57624E+4	4.65800E+6	4.57988E+6	1.47459E+6	3.92247E+6
7.10000E+0	1.24012E+6	3.60403E+4	4.48104E+6	4.66977E+6	1.48319E+6	4.37737E+6
7.20000E+0	1.23373E+6	3.58337E+4	4.14232E+6	4.83431E+6	1.48853E+6	4.11530E+6
7.30000E+0	1.23167E+6	3.56639E+4	4.31301E+6	4.91402E+6	1.48943E+6	3.88887E+6
7.40000E+0	1.25109E+6	3.55614E+4	4.40328E+6	4.95485E+6	1.46958E+6	4.24877E+6
7.50000E+0	1.27436E+6	3.56586E+4	4.13942E+6	4.90270E+6	1.48375E+6	4.13197E+6
7.60000E+0	1.24215E+6	3.58682E+4	4.37536E+6	5.27244E+6	1.48327E+6	4.05826E+6
7.70000E+0	1.23482E+6	3.58153E+4	4.17151E+6	5.03853E+6	1.47419E+6	4.16218E+6
7.80000E+0	1.22888E+6	3.58379E+4	4.23898E+6	4.50900E+6	1.48133E+6	4.08687E+6
7.90000E+0	1.24030E+6	3.57594E+4	4.47160E+6	5.03258E+6	1.46176E+6	4.06105E+6
8.00000E+0	1.22090E+6	3.55922E+4	4.37795E+6	4.65662E+6	1.46239E+6	4.03886E+6
8.10000E+0	1.24227E+6	3.56924E+4	4.40983E+6	4.86351E+6	1.47077E+6	4.08687E+6
8.20000E+0	1.25516E+6	3.57042E+4	4.14871E+6	4.88984E+6	1.46657E+6	4.17098E+6
8.30000E+0	1.25250E+6	3.59974E+4	4.13884E+6	4.57213E+6	1.49057E+6	3.87101E+6
8.40000E+0	1.24704E+6	3.58420E+4	4.28930E+6	4.81167E+6	1.47355E+6	4.05994E+6
8.50000E+0	1.23839E+6	3.54945E+4	4.32749E+6	4.60756E+6	1.46199E+6	4.14064E+6
8.60000E+0	1.24856E+6	3.56936E+4	4.61607E+6	4.86589E+6	1.47196E+6	4.05270E+6
8.70000E+0	1.26517E+6	3.55395E+4	4.67410E+6	4.91564E+6	1.45659E+6	4.08292E+6
8.80000E+0	1.23539E+6	3.59158E+4	4.28681E+6	4.74497E+6	1.45425E+6	3.93922E+6
8.90000E+0	1.26218E+6	3.55940E+4	4.51030E+6	4.42633E+6	1.46349E+6	3.94080E+6
9.00000E+0	1.23608E+6	3.58230E+4	4.36763E+6	4.72464E+6	1.45698E+6	3.94132E+6
9.10000E+0	1.23327E+6	3.57719E+4	4.40002E+6	5.01397E+6	1.46966E+6	3.95611E+6
9.20000E+0	1.24927E+6	3.57731E+4	4.43486E+6	4.66831E+6	1.47188E+6	4.10445E+6
9.30000E+0	1.24221E+6	3.56414E+4	4.07555E+6	4.56231E+6	1.49424E+6	4.06384E+6
9.40000E+0	1.25227E+6	3.56041E+4	4.10382E+6	5.14622E+6	1.45620E+6	3.99788E+6
9.50000E+0	1.23793E+6	3.55721E+4	4.43486E+6	5.04790E+6	1.43808E+6	4.16981E+6
9.60000E+0	1.27145E+6	3.58010E+4	4.55245E+6	4.84689E+6	1.48658E+6	4.15634E+6
9.70000E+0	1.24413E+6	3.57007E+4	4.58193E+6	4.96640E+6	1.47475E+6	4.15751E+6
9.80000E+0	1.24273E+6	3.57577E+4	4.35225E+6	4.51311E+6	1.47164E+6	4.17392E+6
9.90000E+0	1.24810E+6	3.56758E+4	4.25848E+6	5.38251E+6	1.46097E+6	4.04605E+6
1.00000E+1	1.25587E+6	3.57482E+4	4.33825E+6	4.84296E+6	1.48053E+6	3.85583E+6
1.01000E+1	1.24628E+6	3.56841E+4	4.48985E+6	5.11362E+6	1.47069E+6	4.11759E+6
1.02000E+1	1.23718E+6	3.58438E+4	4.37021E+6	4.64789E+6	1.49334E+6	3.92403E+6
1.03000E+1	1.25079E+6	3.56112E+4	4.31364E+6	4.48450E+6	1.46074E+6	3.91415E+6
1.04000E+1	1.26649E+6	3.57209E+4	4.17327E+6	4.92051E+6	1.44628E+6	4.06049E+6
1.05000E+1	1.25392E+6	3.58177E+4	4.14813E+6	4.81867E+6	1.46223E+6	4.24816E+6
1.06000E+1	1.26152E+6	3.55833E+4	4.33191E+6	4.94171E+6	1.46121E+6	4.34340E+6
1.07000E+1	1.26487E+6	3.56408E+4	4.09644E+6	4.95238E+6	1.48496E+6	4.32566E+6
1.08000E+1	1.27906E+6	3.58646E+4	4.50688E+6	4.73893E+6	1.47132E+6	4.01363E+6
1.09000E+1	1.24634E+6	3.56218E+4	4.29551E+6	4.69112E+6	1.48788E+6	4.18395E+6
1.10000E+1	1.25085E+6	3.57054E+4	4.12557E+6	4.57354E+6	1.48529E+6	3.91052E+6
1.11000E+1	1.25646E+6	3.57084E+4	4.37021E+6	4.68153E+6	1.46696E+6	4.05659E+6
1.12000E+1	1.25109E+6	3.56954E+4	4.34843E+6	4.61042E+6	1.46894E+6	3.86847E+6
1.13000E+1	1.25842E+6	3.55330E+4	4.39741E+6	4.72539E+6	1.46688E+6	4.12218E+6
1.14000E+1	1.26939E+6	3.56337E+4	4.37214E+6	4.94827E+6	1.48943E+6	4.09083E+6
1.15000E+1	1.28410E+6	3.57042E+4	4.34270E+6	4.65225E+6	1.47900E+6	4.04494E+6
1.16000E+1	1.25967E+6	3.56758E+4	4.48375E+6	4.52411E+6	1.47411E+6	4.05771E+6
1.17000E+1	1.25973E+6	3.56853E+4	4.57981E+6	4.85400E+6	1.46436E+6	4.22695E+6
1.18000E+1	1.25890E+6	3.57161E+4	4.50825E+6	4.93272E+6	1.48165E+6	4.14354E+6
1.19000E+1	1.28769E+6	3.56118E+4	4.51030E+6	4.62764E+6	1.47037E+6	4.09706E+6
1.20000E+1	1.25374E+6	3.56681E+4	4.62397E+6	5.00388E+6	1.47507E+6	4.23904E+6
1.21000E+1	1.28466E+6	3.57779E+4	4.19813E+6	4.73893E+6	1.45215E+6	3.91986E+6
1.22000E+1	1.26686E+6	3.57577E+4	4.31301E+6	4.90674E+6	1.49016E+6	4.26406E+6
1.23000E+1	1.26349E+6	3.59122E+4	4.34524E+6	4.97634E+6	1.50646E+6	4.22092E+6
1.24000E+1	1.24384E+6	3.56598E+4	4.54271E+6	4.59475E+6	1.48529E+6	3.98332E+6
1.25000E+1	1.26601E+6	3.56983E+4	4.25603E+6	4.69334E+6	1.48951E+6	4.08179E+6
1.26000E+1	1.28219E+6	3.59164E+4	4.37472E+6	5.05303E+6	1.49277E+6	3.99788E+6
1.27000E+1	1.27054E+6	3.57636E+4	4.31866E+6	5.00221E+6	1.49147E+6	4.08913E+6
1.28000E+1	1.26499E+6	3.58129E+4	4.59113E+6	5.29860E+6	1.50405E+6	4.02127E+6
1.29000E+1	1.27912E+6	3.57131E+4	4.27075E+6	4.80779E+6	1.46467E+6	4.00329E+6
1.30000E+1	1.26571E+6	3.56295E+4	4.25848E+6	4.63485E+6	1.47852E+6	4.20474E+6
1.31000E+1	1.24909E+6	3.57672E+4	4.37407E+6	4.94663E+6	1.48577E+6	4.25365E+6
1.32000E+1	1.27570E+6	3.58301E+4	4.54341E+6	4.98382E+6	1.48992E+6	4.28007E+6
1.33000E+1	1.24105E+6	3.59378E+4	4.52611E+6	4.70150E+6	1.47611E+6	4.04494E+6
1.34000E+1	1.26505E+6	3.57559E+4	4.70143E+6	4.71939E+6	1.48715E+6	3.90637E+6
1.35000E+1	1.24980E+6	3.57339E+4	4.77686E+6	4.76471E+6	1.52462E+6	4.07785E+6
1.36000E+1	1.24529E+6	3.57553E+4	4.31741E+6	4.79695E+6	1.47916E+6	4.13717E+6
1.37000E+1	1.24786E+6	3.58652E+4	4.50278E+6	4.69779E+6	1.49196E+6	4.21612E+6
1.38000E+1	1.24186E+6	3.58325E+4	4.41507E+6	4.77082E+6	1.48262E+6	4.07448E+6
1.39000E+1	1.24880E+6	3.57618E+4	4.26215E+6	4.75406E+6	1.47699E+6	4.01308E+6
1.40000E+1	1.21291E+6	3.59378E+4	4.30050E+6	4.81011E+6	1.49441E+6	4.03335E+6
1.41000E+1	1.22395E+6	3.57048E+4	4.44482E+6	4.69112E+6	1.48699E+6	4.21372E+6
1.42000E+1	1.19728E+6	3.58718E+4	4.65218E+6	4.76166E+6	1.47172E+6	4.26160E+6
1.43000E+1	1.16953E+6	3.57862E+4	4.48510E+6	4.61328E+6	1.49572E+6	4.12851E+6
1.44000E+1	1.16184E+6	3.54975E+4	4.45817E+6	4.89626E+6	1.47852E+6	4.01254E+6
1.45000E+1	1.14733E+6	3.51606E+4	4.41902E+6	4.90270E+6	1.50854E+6	4.10502E+6
1.46000E+1	1.12127E+6	3.47440E+4	4.34843E+6	5.08921E+6	1.49187E+6	4.28502E+6
1.47000E+1	1.10529E+6	3.42208E+4	4.48849E+6	4.59262E+6	1.46799E+6	4.05659E+6
1.48000E+1	1.05743E+6	3.30597E+4	4.23716E+6	5.14533E+6	1.46176E+6	4.16335E+6
1.49000E+1	1.02549E+6	3.17394E+4	4.48646E+6	4.88023E+6	1.47387E+6	4.25060E+6
1.50000E+1	1.00774E+6	3.00776E+4	3.90891E+6	4.88103E+6	1.48278E+6	4.14586E+6
1.51000E+1	9.84780E+5	2.82211E+4	4.11696E+6	4.94417E+6	1.48359E+6	4.03775E+6
1.52000E+1	9.29515E+5	2.58919E+4	3.97844E+6	4.87544E+6	1.46089E+6	4.13254E+6
1.53000E+1	9.10841E+5	2.36024E+4	3.91150E+6	4.83824E+6	1.45021E+6	3.83028E+6
1.54000E+1	8.88657E+5	2.11053E+4	3.79082E+6	5.29016E+6	1.43815E+6	4.20833E+6
1.55000E+1	8.65711E+5	1.86835E+4	3.62774E+6	5.77585E+6	1.42560E+6	4.10388E+6
1.56000E+1	8.40859E+5	1.65288E+4	3.59975E+6	5.14002E+6	1.42127E+6	4.33578E+6
1.57000E+1	8.17878E+5	1.42857E+4	3.62416E+6	5.00640E+6	1.37781E+6	3.78843E+6
1.58000E+1	7.90313E+5	1.22803E+4	3.27877E+6	5.27244E+6	1.37067E+6	3.84878E+6
1.59000E+1	7.69781E+5	1.05405E+4	3.43581E+6	4.96061E+6	1.34810E+6	3.95134E+6
1.60000E+1	7.42719E+5	9.06417E+3	3.33828E+6	5.43629E+6	1.32248E+6	3.89195E+6
1.61000E+1	7.25924E+5	7.83277E+3	3.38382E+6	4.77082E+6	1.33035E+6	3.95240E+6
1.62000E+1	7.06628E+5	6.82447E+3	3.19450E+6	5.05902E+6	1.30465E+6	3.84577E+6
1.63000E+1	6.85223E+5	5.90056E+3	3.22200E+6	4.73441E+6	1.29631E+6	3.59187E+6
1.64000E+1	6.67079E+5	5.20423E+3	3.04368E+6	4.74270E+6	1.26074E+6	3.63317E+6
1.65000E+1	6.54273E+5	4.66361E+3	3.12401E+6	4.88984E+6	1.22802E+6	3.52335E+6
1.66000E+1	6.24266E+5	4.05904E+3	3.04336E+6	4.55671E+6	1.22231E+6	3.51702E+6
1.67000E+1	6.21153E+5	3.72799E+3	2.85288E+6	4.81089E+6	1.19912E+6	3.62064E+6
1.68000E+1	6.06994E+5	3.46039E+3	2.73709E+6	4.54209E+6	1.19166E+6	3.31487E+6
1.69000E+1	5.91372E+5	3.20995E+3	2.69117E+6	4.69779E+6	1.15790E+6	3.37450E+6
1.70000E+1	5.82180E+5	2.96276E+3	2.73476E+6	4.82179E+6	1.14433E+6	3.28176E+6
1.71000E+1	5.61788E+5	2.82224E+3	2.60177E+6	4.67271E+6	1.12252E+6	3.12003E+6
1.72000E+1	5.52825E+5	2.68244E+3	2.58633E+6	4.37543E+6	1.08193E+6	3.16130E+6
1.73000E+1	5.40459E+5	2.59386E+3	2.55123E+6	4.34467E+6	1.07384E+6	3.11503E+6
1.74000E+1	5.35021E+5	2.48140E+3	2.60813E+6	4.62548E+6	1.05907E+6	2.93698E+6
1.75000E+1	5.24368E+5	2.40364E+3	2.56328E+6	4.49128E+6	1.04695E+6	2.87784E+6
1.76000E+1	5.16653E+5	2.31621E+3	2.51328E+6	4.01854E+6	1.02106E+6	2.91867E+6
1.77000E+1	5.02622E+5	2.23197E+3	2.42876E+6	4.36128E+6	1.01266E+6	2.71040E+6
1.78000E+1	5.03313E+5	2.22624E+3	2.50560E+6	4.05938E+6	9.77624E+5	2.78404E+6
1.79000E+1	4.90684E+5	2.16635E+3	2.40995E+6	4.06384E+6	9.74565E+5	2.64407E+6
1.80000E+1	4.84565E+5	2.09444E+3	2.33340E+6	3.75033E+6	9.69603E+5	2.68169E+6
1.81000E+1	4.75718E+5	2.08101E+3	2.31054E+6	3.83726E+6	9.39131E+5	2.62503E+6
1.82000E+1	4.66451E+5	2.02699E+3	2.27131E+6	3.95770E+6	9.40036E+5	2.51286E+6
1.83000E+1	4.59660E+5	2.01324E+3	2.22269E+6	3.75224E+6	9.14210E+5	2.41934E+6
1.84000E+1	4.55245E+5	2.00083E+3	2.21801E+6	3.91882E+6	9.02775E+5	2.33533E+6
1.85000E+1	4.47247E+5	1.99011E+3	2.14281E+6	3.68276E+6	8.89824E+5	2.36963E+6
1.86000E+1	4.38549E+5	1.91543E+3	2.11291E+6	3.61529E+6	8.75851E+5	2.37101E+6
1.87000E+1	4.34037E+5	1.88533E+3	2.17120E+6	3.53481E+6	8.57194E+5	2.26177E+6
1.88000E+1	4.28671E+5	1.87429E+3	2.15847E+6	3.59187E+6	8.47349E+5	2.27660E+6
1.89000E+1	4.20977E+5	1.86058E+3	2.11971E+6	3.44594E+6	8.41801E+5	2.20392E+6
1.90000E+1	4.15449E+5	1.82149E+3	2.08949E+6	3.40075E+6	8.31234E+5	2.19421E+6
1.91000E+1	4.10666E+5	1.82516E+3	1.98549E+6	3.27771E+6	8.18475E+5	2.12689E+6
1.92000E+1	4.01589E+5	1.80412E+3	2.05858E+6	3.46304E+6	8.02217E+5	2.13572E+6
1.93000E+1	3.93722E+5	1.77475E+3	2.05499E+6	3.32618E+6	8.01038E+5	2.10022E+6
1.94000E+1	3.89348E+5	1.74106E+3	1.99903E+6	3.23238E+6	7.91566E+5	2.08335E+6
1.95000E+1	3.83419E+5	1.72639E+3	1.94603E+6	3.31901E+6	7.77849E+5	2.04399E+6
1.96000E+1	3.82750E+5	1.72172E+3	2.00031E+6	2.96608E+6	7.58688E+5	1.93973E+6
1.97000E+1	3.71902E+5	1.68173E+3	1.92481E+6	3.13345E+6	7.58807E+5	1.91405E+6
1.98000E+1	3.65812E+5	1.66042E+3	1.90584E+6	3.12773E+6	7.45036E+5	1.89502E+6
1.99000E+1	3.58918E+5	1.67507E+3	1.82761E+6	3.17196E+6	7.42673E+5	1.86459E+6
2.00000E+1	3.51278E+5	1.63212E+3	1.87194E+6	2.91779E+6	7.29233E+5	1.83074E+6
2.01000E+1	3.44716E+5	1.62680E+3	1.85308E+6	2.99760E+6	7.16839E+5	1.81089E+6
2.02000E+1	3.38143E+5	1.59420E+3	1.79931E+6	2.82839E+6	7.03746E+5	1.81360E+6
2.03000E+1	3.31025E+5	1.57259E+3	1.74030E+6	3.03008E+6	7.00038E+5	1.76385E+6
2.04000E+1	3.21582E+5	1.56129E+3	1.78066E+6	2.91047E+6	6.88654E+5	1.74578E+6
2.05000E+1	3.15782E+5	1.54501E+3	1.74533E+6	2.92338E+6	6.81172E+5	1.69477E+6
2.06000E+1	3.07652E+5	1.53472E+3	1.73042E+6	2.85150E+6	6.72270E+5	1.67152E+6
2.07000E+1	3.02973E+5	1.51280E+3	1.71141E+6	2.88385E+6	6.62126E+5	1.66970E+6
2.08000E+1	2.96214E+5	1.51944E+3	1.65171E+6	2.80075E+6	6.52335E+5	1.64945E+6
2.09000E+1	2.89058E+5	1.52077E+3	1.67191E+6	2.80048E+6	6.41056E+5	1.59824E+6
2.10000E+1	2.82188E+5	1.47596E+3	1.60317E+6	2.77709E+6	6.30865E+5	1.54070E+6
2.11000E+1	2.74118E+5	1.45208E+3	1.58532E+6	2.85713E+6	6.23135E+5	1.48458E+6
2.12000E+1	2.68526E+5	1.45374E+3	1.58991E+6	2.70456E+6	6.08996E+5	1.48515E+6
2.13000E+1	2.61310E+5	1.40734E+3	1.51181E+6	2.61764E+6	5.99868E+5	1.48442E+6
2.14000E+1	2.56125E+5	1.41131E+3	1.50639E+6	2.65234E+6	5.93334E+5	1.42600E+6
2.15000E+1	2.48101E+5	1.39011E+3	1.42046E+6	2.62074E+6	5.80549E+5	1.38761E+6
2.16000E+1	2.43167E+5	1.36561E+3	1.42592E+6	2.54245E+6	5.65135E+5	1.37572E+6
2.17000E+1	2.35511E+5	1.31764E+3	1.40272E+6	2.53572E+6	5.59342E+5	1.33979E+6
2.18000E+1	2.30534E+5	1.34708E+3	1.35088E+6	2.55670E+6	5.47770E+5	1.30441E+6
2.19000E+1	2.25536E+5	1.33980E+3	1.30638E+6	2.36806E+6	5.35489E+5	1.26261E+6
2.20000E+1	2.19218E+5	1.29152E+3	1.27944E+6	2.36708E+6	5.22702E+5	1.20625E+6
2.21000E+1	2.15042E+5	1.26805E+3	1.25659E+6	2.34223E+6	5.12141E+5	1.19707E+6
2.22000E+1	2.09275E+5	1.24790E+3	1.20872E+6	2.28079E+6	5.04264E+5	1.15097E+6
2.23000E+1	2.02857E+5	1.24955E+3	1.20999E+6	2.21302E+6	4.88121E+5	1.11899E+6
2.24000E+1	1.98664E+5	1.20631E+3	1.15167E+6	2.16310E+6	4.76563E+5	1.09455E+6
2.25000E+1	1.92950E+5	1.20664E+3	1.12471E+6	2.15931E+6	4.63204E+5	1.03108E+6
2.26000E+1	1.88737E+5	1.19608E+3	1.09615E+6	2.09819E+6	4.52566E+5	1.02461E+6
2.27000E+1	1.83350E+5	1.16804E+3	1.06543E+6	2.02389E+6	4.39908E+5	9.75805E+5
2.28000E+1	1.78130E+5	1.14266E+3	1.05464E+6	1.95295E+6	4.27243E+5	9.61857E+5
2.29000E+1	1.74793E+5	1.12750E+3	1.03384E+6	1.95444E+6	4.19895E+5	9.08453E+5
2.30000E+1	1.70024E+5	1.11136E+3	1.00443E+6	1.93893E+6	4.06120E+5	8.92492E+5
2.31000E+1	1.66477E+5	1.11268E+3	9.72790E+5	1.88749E+6	3.96002E+5	8.61442E+5
2.32000E+1	1.62673E+5	1.06330E+3	9.46495E+5	1.84709E+6	3.84831E+5	8.32669E+5
2.33000E+1	1.60185E+5	1.04816E+3	9.13355E+5	1.86596E+6	3.74303E+5	8.02671E+5
2.34000E+1	1.55161E+5	1.04060E+3	9.04403E+5	1.80901E+6	3.66022E+5	7.82298E+5
2.35000E+1	1.51636E+5	1.02547E+3	8.72921E+5	1.72860E+6	3.54470E+5	7.62921E+5
2.36000E+1	1.48788E+5	1.01791E+3	8.45536E+5	1.68815E+6	3.45450E+5	7.31038E+5
2.37000E+1	1.45037E+5	1.00311E+3	8.27372E+5	1.70952E+6	3.36369E+5	6.99076E+5
2.38000E+1	1.42269E+5	9.76828E+2	7.98228E+5	1.62361E+6	3.27140E+5	6.92486E+5
2.39000E+1	1.39527E+5	9.77485E+2	7.97189E+5	1.65380E+6	3.19565E+5	6.66820E+5
2.40000E+1	1.36591E+5	9.32501E+2	7.66218E+5	1.60543E+6	3.11849E+5	6.44652E+5
2.41000E+1	1.33072E+5	9.67631E+2	7.57389E+5	1.49854E+6	3.03665E+5	6.29634E+5
2.42000E+1	1.30426E+5	9.22000E+2	7.43754E+5	1.49689E+6	2.94537E+5	6.07789E+5
2.43000E+1	1.28321E+5	9.17406E+2	7.13397E+5	1.44800E+6	2.87446E+5	5.93276E+5
2.44000E+1	1.25749E+5	8.93460E+2	6.99980E+5	1.44322E+6	2.81404E+5	5.76180E+5
2.45000E+1	1.23021E+5	8.92804E+2	6.80724E+5	1.38462E+6	2.74547E+5	5.63788E+5
2.46000E+1	1.20878E+5	8.45930E+2	6.65891E+5	1.39441E+6	2.68290E+5	5.47598E+5
2.47000E+1	1.18908E+5	8.53139E+2	6.57813E+5	1.35887E+6	2.62251E+5	5.30600E+5
2.48000E+1	1.16781E+5	8.22345E+2	6.40652E+5	1.32348E+6	2.55708E+5	5.19475E+5
2.49000E+1	1.14962E+5	8.38395E+2	6.28964E+5	1.31086E+6	2.49567E+5	5.06310E+5
2.50000E+1	1.12797E+5	8.27913E+2	6.24185E+5	1.26850E+6	2.44313E+5	4.96373E+5
2.51000E+1	1.11358E+5	7.98444E+2	6.09242E+5	1.24153E+6	2.39337E+5	4.82813E+5
2.52000E+1	1.08904E+5	8.15469E+2	5.95387E+5	1.23043E+6	2.34654E+5	4.73859E+5
2.53000E+1	1.07200E+5	7.72592E+2	5.78455E+5	1.22929E+6	2.29384E+5	4.63913E+5
2.54000E+1	1.05799E+5	7.91898E+2	5.73202E+5	1.19572E+6	2.25406E+5	4.51136E+5
2.55000E+1	1.03622E+5	7.53620E+2	5.67914E+5	1.16211E+6	2.19804E+5	4.40503E+5
2.56000E+1	1.02468E+5	7.37924E+2	5.53487E+5	1.15842E+6	2.15773E+5	4.35865E+5
2.57000E+1	1.00670E+5	7.35963E+2	5.49019E+5	1.13588E+6	2.11376E+5	4.27523E+5
2.58000E+1	9.94538E+4	7.31059E+2	5.47489E+5	1.12143E+6	2.07639E+5	4.18872E+5
2.59000E+1	9.80021E+4	7.25502E+2	5.29014E+5	1.09763E+6	2.04658E+5	4.09897E+5
2.60000E+1	9.72259E+4	7.15697E+2	5.28022E+5	1.08610E+6	2.00511E+5	4.01211E+5
2.61000E+1	9.51060E+4	7.00667E+2	5.16582E+5	1.07363E+6	1.96600E+5	3.92378E+5
2.62000E+1	9.40436E+4	6.99687E+2	5.03198E+5	1.03963E+6	1.92875E+5	3.88442E+5
2.63000E+1	9.25438E+4	6.92500E+2	5.03620E+5	1.02075E+6	1.90176E+5	3.81329E+5
2.64000E+1	9.12354E+4	6.66702E+2	4.94943E+5	1.01724E+6	1.86829E+5	3.72904E+5
2.65000E+1	9.01005E+4	6.40917E+2	4.81186E+5	1.00838E+6	1.84135E+5	3.68627E+5
2.66000E+1	8.90688E+4	6.40917E+2	4.82549E+5	9.88252E+5	1.81295E+5	3.63636E+5
2.67000E+1	8.81040E+4	6.54624E+2	4.72672E+5	9.86082E+5	1.77605E+5	3.55659E+5
2.68000E+1	8.70093E+4	6.33738E+2	4.66381E+5	9.87490E+5	1.75034E+5	3.53463E+5
2.69000E+1	8.62518E+4	6.33412E+2	4.62145E+5	9.73127E+5	1.72224E+5	3.48282E+5
2.70000E+1	8.50239E+4	6.19059E+2	4.56222E+5	9.55682E+5	1.70294E+5	3.44050E+5
2.71000E+1	8.42759E+4	6.14493E+2	4.51008E+5	9.48230E+5	1.67131E+5	3.35563E+5
2.72000E+1	8.28980E+4	6.08296E+2	4.45623E+5	9.36297E+5	1.65838E+5	3.30023E+5
2.73000E+1	8.25677E+4	5.88082E+2	4.40314E+5	9.17144E+5	1.63288E+5	3.28114E+5
2.74000E+1	8.13952E+4	5.95906E+2	4.36930E+5	9.00231E+5	1.61335E+5	3.22640E+5
2.75000E+1	8.05994E+4	6.06014E+2	4.30479E+5	8.93127E+5	1.59209E+5	3.18255E+5
2.76000E+1	7.95973E+4	5.83519E+2	4.29710E+5	8.76874E+5	1.57193E+5	3.15517E+5
2.77000E+1	7.89068E+4	5.64292E+2	4.21574E+5	8.80206E+5	1.54782E+5	3.10451E+5
2.78000E+1	7.79173E+4	5.78304E+2	4.13362E+5	8.59392E+5	1.52309E+5	3.05746E+5
2.79000E+1	7.62533E+4	5.44747E+2	4.07180E+5	8.35001E+5	1.50029E+5	3.00221E+5
2.80000E+1	7.51227E+4	5.53216E+2	4.09570E+5	8.40354E+5	1.48338E+5	2.96120E+5
2.81000E+1	7.48445E+4	5.49958E+2	4.00023E+5	8.32753E+5	1.45780E+5	2.91464E+5
2.82000E+1	7.40162E+4	5.47678E+2	4.00951E+5	8.16774E+5	1.44185E+5	2.87413E+5
2.83000E+1	7.34619E+4	5.54193E+2	3.97052E+5	8.11525E+5	1.42931E+5	2.84715E+5
2.84000E+1	7.26697E+4	4.98521E+2	3.91504E+5	8.00889E+5	1.41593E+5	2.81828E+5
2.85000E+1	7.20944E+4	5.50610E+2	3.88034E+5	8.01701E+5	1.40337E+5	2.79689E+5
2.86000E+1	7.16604E+4	5.40513E+2	3.84340E+5	7.95380E+5	1.39066E+5	2.77197E+5
2.87000E+1	7.08948E+4	5.19025E+2	3.79663E+5	7.95122E+5	1.37977E+5	2.73575E+5
2.88000E+1	7.05521E+4	5.14142E+2	3.82181E+5	7.82474E+5	1.36589E+5	2.70887E+5
2.89000E+1	7.05821E+4	5.16746E+2	3.77596E+5	7.75974E+5	1.35180E+5	2.68908E+5
2.90000E+1	6.99079E+4	5.14142E+2	3.74624E+5	7.72502E+5	1.34196E+5	2.68230E+5
2.91000E+1	6.96433E+4	5.29768E+2	3.70823E+5	7.67867E+5	1.33065E+5	2.65528E+5
2.92000E+1	6.93647E+4	5.14467E+2	3.64836E+5	7.63065E+5	1.31777E+5	2.63704E+5
2.93000E+1	6.90161E+4	5.10236E+2	3.64732E+5	7.60362E+5	1.31323E+5	2.61918E+5
2.94000E+1	6.86185E+4	4.97870E+2	3.65415E+5	7.64700E+5	1.30704E+5	2.60502E+5
2.95000E+1	6.88377E+4	4.95593E+2	3.59803E+5	7.63545E+5	1.29469E+5	2.57776E+5
2.96000E+1	6.84017E+4	4.86808E+2	3.57931E+5	7.55524E+5	1.28754E+5	2.56261E+5
2.97000E+1	6.87982E+4	4.85832E+2	3.58059E+5	7.54159E+5	1.27854E+5	2.56007E+5
2.98000E+1	6.86203E+4	4.98846E+2	3.59585E+5	7.44009E+5	1.27221E+5	2.53578E+5
2.99000E+1	6.90308E+4	5.08284E+2	3.57162E+5	7.38718E+5	1.27210E+5	2.51998E+5
3.00000E+1	6.90685E+4	5.07633E+2	3.53687E+5	7.42680E+5	1.26002E+5	2.51122E+5
3.01000E+1	6.94358E+4	4.68269E+2	3.55826E+5	7.39875E+5	1.25349E+5	2.48646E+5
3.02000E+1	6.98261E+4	4.96243E+2	3.55518E+5	7.25908E+5	1.25039E+5	2.47895E+5
3.03000E+1	7.00979E+4	5.03077E+2	3.53502E+5	7.24877E+5	1.25122E+5	2.46640E+5
3.04000E+1	7.01324E+4	4.68269E+2	3.53933E+5	7.26568E+5	1.24521E+5	2.45922E+5
3.05000E+1	7.06440E+4	4.97219E+2	3.57364E+5	7.30127E+5	1.24339E+5	2.45787E+5
3.06000E+1	7.09598E+4	4.78026E+2	3.58662E+5	7.16652E+5	1.23817E+5	2.43891E+5
3.07000E+1	7.14158E+4	4.71846E+2	3.60396E+5	7.24045E+5	1.23977E+5	2.43776E+5
3.08000E+1	7.18904E+4	4.82580E+2	3.59062E+5	7.23301E+5	1.23355E+5	2.43769E+5
3.09000E+1	7.24328E+4	5.04053E+2	3.61656E+5	7.23695E+5	1.23794E+5	2.41928E+5
3.10000E+1	7.29738E+4	4.96894E+2	3.61828E+5	7.21623E+5	1.23527E+5	2.42956E+5
3.11000E+1	7.34183E+4	4.77700E+2	3.65792E+5	7.28598E+5	1.24066E+5	2.41733E+5
3.12000E+1	7.35609E+4	4.90062E+2	3.66156E+5	7.26766E+5	1.24200E+5	2.42483E+5
3.13000E+1	7.42781E+4	4.89411E+2	3.66632E+5	7.28244E+5	1.24291E+5	2.41733E+5
3.14000E+1	7.47618E+4	4.81604E+2	3.70658E+5	7.26678E+5	1.24576E+5	2.44693E+5
3.15000E+1	7.50871E+4	5.09260E+2	3.76277E+5	7.32376E+5	1.24863E+5	2.42979E+5
3.16000E+1	7.57912E+4	4.86158E+2	3.78982E+5	7.31929E+5	1.25089E+5	2.42755E+5
3.17000E+1	7.63204E+4	4.88110E+2	3.77258E+5	7.33739E+5	1.25480E+5	2.42653E+5
3.18000E+1	7.72113E+4	4.87459E+2	3.80889E+5	7.30905E+5	1.25816E+5	2.43917E+5
3.19000E+1	7.75753E+4	4.86808E+2	3.85765E+5	7.35400E+5	1.26659E+5	2.42438E+5
3.20000E+1	7.78347E+4	5.04704E+2	3.86161E+5	7.35063E+5	1.27087E+5	2.43024E+5
3.21000E+1	7.84255E+4	4.76725E+2	3.87505E+5	7.29750E+5	1.27183E+5	2.45471E+5
3.22000E+1	7.90503E+4	5.00473E+2	3.90641E+5	7.36977E+5	1.27521E+5	2.45849E+5
3.23000E+1	7.94914E+4	4.98196E+2	3.91130E+5	7.52189E+5	1.28304E+5	2.46146E+5
3.24000E+1	8.01654E+4	5.11213E+2	3.98746E+5	7.41196E+5	1.28882E+5	2.46679E+5
3.25000E+1	8.06089E+4	4.92014E+2	4.02289E+5	7.56918E+5	1.29661E+5	2.48470E+5
3.26000E+1	8.11559E+4	5.05355E+2	4.02736E+5	7.46310E+5	1.30704E+5	2.48122E+5
3.27000E+1	8.20014E+4	5.07633E+2	4.06940E+5	7.56279E+5	1.31627E+5	2.48853E+5
3.28000E+1	8.25914E+4	4.91363E+2	4.06816E+5	7.58577E+5	1.31684E+5	2.49931E+5
3.29000E+1	8.31159E+4	5.08934E+2	4.10937E+5	7.64266E+5	1.33152E+5	2.50813E+5
3.30000E+1	8.35198E+4	5.05355E+2	4.15442E+5	7.58506E+5	1.33452E+5	2.51823E+5
3.31000E+1	8.44632E+4	5.12515E+2	4.16446E+5	7.71840E+5	1.33777E+5	2.52546E+5
3.32000E+1	8.47519E+4	5.05680E+2	4.24288E+5	7.66534E+5	1.35150E+5	2.54301E+5
3.33000E+1	8.57525E+4	5.56799E+2	4.26779E+5	7.73042E+5	1.35841E+5	2.56768E+5
3.34000E+1	8.58437E+4	5.21954E+2	4.30788E+5	7.74912E+5	1.36001E+5	2.56904E+5
3.35000E+1	8.67887E+4	5.24559E+2	4.29972E+5	7.84536E+5	1.36611E+5	2.57863E+5
3.36000E+1	8.73343E+4	5.24884E+2	4.36124E+5	7.81246E+5	1.37826E+5	2.58619E+5
3.37000E+1	8.82820E+4	5.20652E+2	4.37088E+5	7.85217E+5	1.38801E+5	2.60397E+5
3.38000E+1	8.87400E+4	5.06005E+2	4.42723E+5	7.87165E+5	1.39849E+5	2.62552E+5
3.39000E+1	8.96893E+4	5.40188E+2	4.46536E+5	7.80346E+5	1.40783E+5	2.63521E+5
3.40000E+1	9.03336E+4	5.30093E+2	4.50627E+5	7.93473E+5	1.41587E+5	2.64875E+5
3.41000E+1	9.08638E+4	5.41165E+2	4.59268E+5	8.01072E+5	1.42686E+5	2.67011E+5
3.42000E+1	9.16783E+4	5.40513E+2	4.56391E+5	7.94271E+5	1.43641E+5	2.67698E+5
3.43000E+1	9.19141E+4	5.46050E+2	4.63277E+5	8.10295E+5	1.44087E+5	2.68707E+5
3.44000E+1	9.32439E+4	5.32047E+2	4.71543E+5	8.16071E+5	1.45151E+5	2.70083E+5
3.45000E+1	9.41990E+4	5.51913E+2	4.73582E+5	8.18538E+5	1.46596E+5	2.72722E+5
3.46000E+1	9.50202E+4	5.60383E+2	4.79926E+5	8.23869E+5	1.47710E+5	2.74575E+5
3.47000E+1	9.54857E+4	5.53867E+2	4.78704E+5	8.26904E+5	1.48350E+5	2.75023E+5
3.48000E+1	9.64507E+4	5.44422E+2	4.84084E+5	8.45798E+5	1.50333E+5	2.79044E+5
3.49000E+1	9.69581E+4	5.66899E+2	4.91260E+5	8.25053E+5	1.50778E+5	2.80643E+5
3.50000E+1	9.84553E+4	5.58102E+2	4.97359E+5	8.47994E+5	1.52104E+5	2.81635E+5
3.51000E+1	9.81652E+4	5.50936E+2	5.04184E+5	8.53293E+5	1.53382E+5	2.83730E+5
3.52000E+1	9.98622E+4	5.45724E+2	5.00804E+5	8.53176E+5	1.53566E+5	2.85063E+5
3.53000E+1	1.00516E+5	5.92972E+2	5.05433E+5	8.62784E+5	1.55518E+5	2.87796E+5
3.54000E+1	1.01634E+5	5.68202E+2	5.14701E+5	8.65299E+5	1.56423E+5	2.90705E+5
3.55000E+1	1.02591E+5	5.73090E+2	5.19511E+5	8.70491E+5	1.57915E+5	2.93239E+5
3.56000E+1	1.03824E+5	6.03079E+2	5.24534E+5	8.79618E+5	1.58540E+5	2.94213E+5
3.57000E+1	1.04689E+5	5.79282E+2	5.32282E+5	8.81476E+5	1.60283E+5	2.96646E+5
3.58000E+1	1.05651E+5	5.83519E+2	5.34790E+5	8.81321E+5	1.61381E+5	2.98305E+5
3.59000E+1	1.06238E+5	6.01775E+2	5.38643E+5	8.84902E+5	1.62929E+5	3.02411E+5
3.60000E+1	1.07366E+5	5.78304E+2	5.43769E+5	9.14087E+5	1.64380E+5	3.03305E+5
3.61000E+1	1.07652E+5	5.91994E+2	5.53198E+5	9.10094E+5	1.65368E+5	3.07959E+5
3.62000E+1	1.09297E+5	6.19059E+2	5.55973E+5	9.07602E+5	1.65736E+5	3.06761E+5
3.63000E+1	1.09933E+5	6.09927E+2	5.64824E+5	9.13491E+5	1.67781E+5	3.10744E+5
3.64000E+1	1.10838E+5	5.80911E+2	5.76650E+5	9.08486E+5	1.69134E+5	3.13524E+5
3.65000E+1	1.11479E+5	6.21668E+2	5.77907E+5	9.23247E+5	1.70431E+5	3.15489E+5
3.66000E+1	1.12600E+5	6.30150E+2	5.82558E+5	9.26427E+5	1.71617E+5	3.15790E+5
3.67000E+1	1.14214E+5	6.17428E+2	5.77581E+5	9.33399E+5	1.73154E+5	3.19198E+5
3.68000E+1	1.14716E+5	6.35370E+2	5.87958E+5	9.36020E+5	1.74307E+5	3.22542E+5
3.69000E+1	1.16198E+5	6.33086E+2	5.94267E+5	9.25072E+5	1.75312E+5	3.21830E+5
3.70000E+1	1.17069E+5	6.18080E+2	6.00946E+5	9.35329E+5	1.76502E+5	3.25490E+5
3.71000E+1	1.17687E+5	6.46791E+2	6.01992E+5	9.53603E+5	1.78000E+5	3.28587E+5
3.72000E+1	1.18630E+5	6.33738E+2	6.10932E+5	9.68583E+5	1.78992E+5	3.31081E+5
3.73000E+1	1.19140E+5	6.29171E+2	6.16859E+5	9.70352E+5	1.80619E+5	3.30477E+5
3.74000E+1	1.20098E+5	6.33738E+2	6.15339E+5	9.72794E+5	1.82342E+5	3.36175E+5
3.75000E+1	1.21551E+5	6.47117E+2	6.24912E+5	9.75507E+5	1.83037E+5	3.36095E+5
3.76000E+1	1.22605E+5	6.31781E+2	6.33841E+5	9.64990E+5	1.84677E+5	3.40771E+5
3.77000E+1	1.23464E+5	6.59193E+2	6.34988E+5	1.00629E+6	1.86387E+5	3.42121E+5
3.78000E+1	1.24560E+5	6.53318E+2	6.50339E+5	9.84526E+5	1.86607E+5	3.43055E+5
3.79000E+1	1.25575E+5	6.32433E+2	6.53581E+5	9.73721E+5	1.89467E+5	3.47539E+5
3.80000E+1	1.26337E+5	6.38633E+2	6.61980E+5	9.95860E+5	1.90073E+5	3.49913E+5
3.81000E+1	1.26966E+5	6.47770E+2	6.56262E+5	9.92542E+5	1.91087E+5	3.49920E+5
3.82000E+1	1.28681E+5	6.61805E+2	6.71391E+5	1.00448E+6	1.93460E+5	3.52003E+5
3.83000E+1	1.29858E+5	6.63111E+2	6.88238E+5	1.01108E+6	1.94599E+5	3.56846E+5
3.84000E+1	1.30515E+5	6.71599E+2	6.91898E+5	1.03290E+6	1.95922E+5	3.58040E+5
3.85000E+1	1.31647E+5	6.79763E+2	6.93984E+5	1.02943E+6	1.97481E+5	3.62014E+5
3.86000E+1	1.33254E+5	6.59193E+2	6.98889E+5	1.04917E+6	2.00139E+5	3.65353E+5
3.87000E+1	1.34645E+5	6.64090E+2	6.99280E+5	1.02518E+6	2.01100E+5	3.67723E+5
3.88000E+1	1.36463E+5	6.80742E+2	7.11037E+5	1.05087E+6	2.02892E+5	3.69662E+5
3.89000E+1	1.36377E+5	6.80416E+2	7.14314E+5	1.04578E+6	2.05216E+5	3.72155E+5
3.90000E+1	1.37882E+5	6.74864E+2	7.25050E+5	1.06030E+6	2.06351E+5	3.75119E+5
3.91000E+1	1.39082E+5	6.90867E+2	7.30658E+5	1.06965E+6	2.08247E+5	3.81449E+5
3.92000E+1	1.40298E+5	6.77803E+2	7.44926E+5	1.08492E+6	2.08627E+5	3.82669E+5
3.93000E+1	1.41273E+5	6.96747E+2	7.50296E+5	1.09074E+6	2.11601E+5	3.85038E+5
3.94000E+1	1.42842E+5	7.14390E+2	7.60407E+5	1.09175E+6	2.12228E+5	3.88303E+5
3.95000E+1	1.43704E+5	7.11122E+2	7.69469E+5	1.09514E+6	2.14895E+5	3.93301E+5
3.96000E+1	1.45258E+5	7.26483E+2	7.62655E+5	1.11365E+6	2.16898E+5	3.97994E+5
3.97000E+1	1.46894E+5	7.20926E+2	7.68642E+5	1.12805E+6	2.18403E+5	4.01600E+5
3.98000E+1	1.48090E+5	7.00994E+2	7.77532E+5	1.13445E+6	2.19669E+5	4.01332E+5
3.99000E+1	1.50212E+5	7.21580E+2	7.86859E+5	1.13122E+6	2.22240E+5	4.06949E+5
4.00000E+1	1.50794E+5	7.21253E+2	7.99138E+5	1.14375E+6	2.23658E+5	4.09621E+5
4.01000E+1	1.52798E+5	7.28444E+2	8.11924E+5	1.14635E+6	2.26268E+5	4.11612E+5
4.02000E+1	1.53324E+5	7.35636E+2	8.12513E+5	1.16913E+6	2.27867E+5	4.15846E+5
4.03000E+1	1.54604E+5	7.24848E+2	8.14907E+5	1.15669E+6	2.29496E+5	4.18916E+5
4.04000E+1	1.55781E+5	7.62778E+2	8.30374E+5	1.16406E+6	2.30869E+5	4.19741E+5
4.05000E+1	1.57171E+5	7.58526E+2	8.35533E+5	1.20383E+6	2.33281E+5	4.26601E+5
4.06000E+1	1.58579E+5	7.25829E+2	8.42379E+5	1.17413E+6	2.34362E+5	4.28502E+5
4.07000E+1	1.59186E+5	7.42502E+2	8.50953E+5	1.17141E+6	2.37393E+5	4.30644E+5
4.08000E+1	1.61324E+5	7.56563E+2	8.53700E+5	1.20592E+6	2.38257E+5	4.35191E+5
4.09000E+1	1.62911E+5	7.43156E+2	8.76717E+5	1.20702E+6	2.39924E+5	4.36134E+5
4.10000E+1	1.63668E+5	7.71283E+2	8.79028E+5	1.20312E+6	2.42637E+5	4.41625E+5
4.11000E+1	1.64734E+5	7.43482E+2	8.88947E+5	1.20729E+6	2.43791E+5	4.43617E+5
4.12000E+1	1.66493E+5	7.65068E+2	8.85556E+5	1.24531E+6	2.44768E+5	4.49225E+5
4.13000E+1	1.67982E+5	7.60488E+2	8.93664E+5	1.22998E+6	2.48199E+5	4.51352E+5
4.14000E+1	1.68313E+5	7.63432E+2	9.04241E+5	1.22662E+6	2.49237E+5	4.52785E+5
4.15000E+1	1.69752E+5	7.76191E+2	9.01067E+5	1.24484E+6	2.51738E+5	4.54811E+5
4.16000E+1	1.70747E+5	8.07938E+2	9.11638E+5	1.27401E+6	2.53058E+5	4.56153E+5
4.17000E+1	1.72645E+5	7.75209E+2	9.27818E+5	1.24648E+6	2.53843E+5	4.60896E+5
4.18000E+1	1.72868E+5	7.71937E+2	9.55140E+5	1.25993E+6	2.56374E+5	4.61180E+5
4.19000E+1	1.74584E+5	8.14814E+2	9.53850E+5	1.28369E+6	2.57861E+5	4.64733E+5
4.20000E+1	1.75437E+5	8.09902E+2	9.50782E+5	1.27146E+6	2.59536E+5	4.69604E+5
4.21000E+1	1.77354E+5	8.08265E+2	9.45579E+5	1.28172E+6	2.61580E+5	4.69625E+5
4.22000E+1	1.78536E+5	7.92880E+2	9.55104E+5	1.29426E+6	2.64544E+5	4.77467E+5
4.23000E+1	1.79809E+5	8.16123E+2	9.68616E+5	1.27426E+6	2.65777E+5	4.81078E+5
4.24000E+1	1.80748E+5	8.15469E+2	9.79881E+5	1.28777E+6	2.67439E+5	4.79397E+5
4.25000E+1	1.82764E+5	8.01718E+2	9.88020E+5	1.32426E+6	2.69025E+5	4.84305E+5
4.26000E+1	1.84346E+5	7.97462E+2	9.80445E+5	1.30868E+6	2.73362E+5	4.91013E+5
4.27000E+1	1.85749E+5	8.25293E+2	9.95353E+5	1.33407E+6	2.74344E+5	4.93681E+5
4.28000E+1	1.86729E+5	8.17433E+2	1.02115E+6	1.33719E+6	2.76062E+5	4.93692E+5
4.29000E+1	1.87547E+5	8.37740E+2	1.01941E+6	1.39376E+6	2.77848E+5	4.98373E+5
4.30000E+1	1.89208E+5	8.24965E+2	1.01828E+6	1.35035E+6	2.80502E+5	5.01982E+5
4.31000E+1	1.90586E+5	8.09247E+2	1.02026E+6	1.39025E+6	2.81944E+5	5.07211E+5
4.32000E+1	1.92602E+5	8.16123E+2	1.04106E+6	1.32852E+6	2.83885E+5	5.11361E+5
4.33000E+1	1.94244E+5	8.37084E+2	1.06855E+6	1.37938E+6	2.86625E+5	5.10447E+5
4.34000E+1	1.96094E+5	8.60020E+2	1.05986E+6	1.36548E+6	2.88080E+5	5.17037E+5
4.35000E+1	1.97964E+5	8.38395E+2	1.07319E+6	1.35853E+6	2.90935E+5	5.25227E+5
4.36000E+1	1.99482E+5	8.39050E+2	1.07768E+6	1.40368E+6	2.93123E+5	5.29067E+5
4.37000E+1	2.00823E+5	8.53466E+2	1.08969E+6	1.40178E+6	2.94788E+5	5.32515E+5
4.38000E+1	2.02391E+5	8.77065E+2	1.12606E+6	1.38768E+6	3.00008E+5	5.35532E+5
4.39000E+1	2.04288E+5	8.79360E+2	1.10367E+6	1.43894E+6	3.01400E+5	5.38487E+5
4.40000E+1	2.06657E+5	8.43309E+2	1.11109E+6	1.49019E+6	3.03078E+5	5.43664E+5
4.41000E+1	2.08274E+5	8.60348E+2	1.12664E+6	1.45935E+6	3.05569E+5	5.51513E+5
4.42000E+1	2.09967E+5	8.74115E+2	1.14061E+6	1.48499E+6	3.07165E+5	5.52664E+5
4.43000E+1	2.10656E+5	8.88541E+2	1.15435E+6	1.44414E+6	3.09432E+5	5.57851E+5
4.44000E+1	2.12014E+5	8.64937E+2	1.15137E+6	1.47175E+6	3.13688E+5	5.62499E+5
4.45000E+1	2.14831E+5	8.71820E+2	1.16385E+6	1.47398E+6	3.13826E+5	5.70281E+5
4.46000E+1	2.17241E+5	8.82311E+2	1.18207E+6	1.46825E+6	3.16156E+5	5.65382E+5
4.47000E+1	2.17329E+5	8.88869E+2	1.15238E+6	1.51308E+6	3.19180E+5	5.73627E+5
4.48000E+1	2.18707E+5	8.77721E+2	1.20055E+6	1.52566E+6	3.20953E+5	5.78234E+5
4.49000E+1	2.21193E+5	8.89525E+2	1.20366E+6	1.53689E+6	3.24204E+5	5.86803E+5
4.50000E+1	2.23331E+5	8.67887E+2	1.17953E+6	1.50906E+6	3.24831E+5	5.86150E+5
4.51000E+1	2.23726E+5	8.87557E+2	1.21415E+6	1.52049E+6	3.28958E+5	5.85408E+5
4.52000E+1	2.24457E+5	9.09532E+2	1.22906E+6	1.57804E+6	3.31169E+5	5.94533E+5
4.53000E+1	2.28885E+5	9.04284E+2	1.22650E+6	1.57614E+6	3.33142E+5	6.02916E+5
4.54000E+1	2.29063E+5	9.07236E+2	1.24548E+6	1.59694E+6	3.37150E+5	6.09293E+5
4.55000E+1	2.29863E+5	8.89525E+2	1.24758E+6	1.56830E+6	3.38651E+5	6.12435E+5
4.56000E+1	2.31711E+5	8.96084E+2	1.24741E+6	1.55885E+6	3.39521E+5	6.12778E+5
4.57000E+1	2.33927E+5	8.95100E+2	1.27535E+6	1.61220E+6	3.42478E+5	6.14369E+5
4.58000E+1	2.34611E+5	9.04940E+2	1.27395E+6	1.57551E+6	3.44417E+5	6.16100E+5
4.59000E+1	2.36997E+5	9.13469E+2	1.25016E+6	1.63711E+6	3.47092E+5	6.21174E+5
4.60000E+1	2.38541E+5	9.19047E+2	1.28061E+6	1.62265E+6	3.49000E+5	6.23967E+5
4.61000E+1	2.39868E+5	9.31517E+2	1.28920E+6	1.59500E+6	3.51508E+5	6.27002E+5
4.62000E+1	2.41743E+5	9.23641E+2	1.32367E+6	1.60159E+6	3.55283E+5	6.29291E+5
4.63000E+1	2.42660E+5	9.27579E+2	1.35129E+6	1.61532E+6	3.56790E+5	6.37399E+5
4.64000E+1	2.44111E+5	9.28235E+2	1.30957E+6	1.65598E+6	3.59502E+5	6.44063E+5
4.65000E+1	2.47159E+5	9.42677E+2	1.31853E+6	1.65212E+6	3.61442E+5	6.36280E+5
4.66000E+1	2.47996E+5	9.30860E+2	1.30989E+6	1.67516E+6	3.63703E+5	6.55270E+5
4.67000E+1	2.49587E+5	9.29548E+2	1.33845E+6	1.67608E+6	3.64995E+5	6.49181E+5
4.68000E+1	2.48833E+5	9.32173E+2	1.38376E+6	1.64169E+6	3.68292E+5	6.60283E+5
4.69000E+1	2.51881E+5	9.40707E+2	1.34286E+6	1.69591E+6	3.73739E+5	6.61141E+5
4.70000E+1	2.54008E+5	9.18062E+2	1.38270E+6	1.62822E+6	3.74564E+5	6.63237E+5
4.71000E+1	2.55704E+5	9.56466E+2	1.38199E+6	1.71058E+6	3.76495E+5	6.69882E+5
4.72000E+1	2.57527E+5	9.48586E+2	1.39823E+6	1.72409E+6	3.78759E+5	6.77129E+5
4.73000E+1	2.56956E+5	9.39394E+2	1.37959E+6	1.72173E+6	3.80731E+5	6.75750E+5
4.74000E+1	2.60647E+5	9.35127E+2	1.42637E+6	1.72173E+6	3.83758E+5	6.81669E+5
4.75000E+1	2.62137E+5	9.60406E+2	1.42442E+6	1.75339E+6	3.86991E+5	6.88801E+5
4.76000E+1	2.63818E+5	9.35455E+2	1.42652E+6	1.78261E+6	3.89672E+5	6.89483E+5
4.77000E+1	2.63362E+5	9.66975E+2	1.44398E+6	1.73087E+6	3.92547E+5	6.97126E+5
4.78000E+1	2.68093E+5	9.45960E+2	1.45170E+6	1.76206E+6	3.91946E+5	6.99879E+5
4.79000E+1	2.68824E+5	9.84384E+2	1.43824E+6	1.73998E+6	3.96685E+5	7.07348E+5
4.80000E+1	2.68732E+5	9.69930E+2	1.52429E+6	1.78307E+6	3.98192E+5	7.10425E+5
4.81000E+1	2.71201E+5	9.69274E+2	1.49820E+6	1.74666E+6	4.04631E+5	7.21210E+5
4.82000E+1	2.74064E+5	9.78471E+2	1.46801E+6	1.79260E+6	4.02938E+5	7.11506E+5
4.83000E+1	2.75226E+5	1.00476E+3	1.53965E+6	1.84380E+6	4.05230E+5	7.31194E+5
4.84000E+1	2.78170E+5	9.92598E+2	1.51131E+6	1.87121E+6	4.08192E+5	7.19152E+5
4.85000E+1	2.78876E+5	1.01035E+3	1.48143E+6	1.81148E+6	4.11011E+5	7.28886E+5
4.86000E+1	2.81409E+5	9.78471E+2	1.55257E+6	1.81940E+6	4.16092E+5	7.42451E+5
4.87000E+1	2.82782E+5	9.92598E+2	1.50407E+6	1.86995E+6	4.18419E+5	7.40854E+5
4.88000E+1	2.84408E+5	9.84384E+2	1.54121E+6	1.86908E+6	4.20820E+5	7.48346E+5
4.89000E+1	2.85655E+5	9.75843E+2	1.59120E+6	1.83399E+6	4.23270E+5	7.46749E+5
4.90000E+1	2.87509E+5	9.91613E+2	1.54810E+6	1.80199E+6	4.25173E+5	7.54041E+5
4.91000E+1	2.89727E+5	1.00936E+3	1.54078E+6	1.95078E+6	4.26384E+5	7.57273E+5
4.92000E+1	2.92293E+5	1.00870E+3	1.58277E+6	1.88039E+6	4.31213E+5	7.63569E+5
4.93000E+1	2.93976E+5	1.02087E+3	1.59351E+6	1.90326E+6	4.32644E+5	7.62969E+5
4.94000E+1	2.96346E+5	1.00804E+3	1.63681E+6	1.90404E+6	4.39195E+5	7.70862E+5
4.95000E+1	2.98100E+5	1.00147E+3	1.60233E+6	1.88927E+6	4.38036E+5	7.74198E+5
4.96000E+1	2.97977E+5	1.04158E+3	1.63895E+6	1.95730E+6	4.42749E+5	7.78776E+5
4.97000E+1	3.00385E+5	1.03270E+3	1.66707E+6	1.93452E+6	4.42332E+5	7.91804E+5
4.98000E+1	3.01862E+5	1.03500E+3	1.63594E+6	1.98368E+6	4.48252E+5	8.08058E+5
4.99000E+1	3.05601E+5	1.02645E+3	1.64757E+6	1.96937E+6	4.50557E+5	7.96907E+5
5.00000E+1	3.07791E+5	1.03566E+3	1.69362E+6	1.95512E+6	4.52861E+5	8.05991E+5
5.01000E+1	3.08548E+5	1.04323E+3	1.67668E+6	2.00459E+6	4.56589E+5	8.10696E+5
5.02000E+1	3.12385E+5	1.01824E+3	1.66566E+6	1.97546E+6	4.59902E+5	8.10936E+5
5.03000E+1	3.12626E+5	1.05704E+3	1.66446E+6	2.03823E+6	4.60964E+5	8.16829E+5
5.04000E+1	3.13920E+5	1.03533E+3	1.68178E+6	2.01954E+6	4.60731E+5	8.21319E+5
5.05000E+1	3.15743E+5	1.05375E+3	1.70373E+6	2.13170E+6	4.67705E+5	8.44360E+5
5.06000E+1	3.19219E+5	1.06757E+3	1.68649E+6	2.05665E+6	4.69957E+5	8.30683E+5
5.07000E+1	3.20560E+5	1.06659E+3	1.71025E+6	2.09462E+6	4.74865E+5	8.31801E+5
5.08000E+1	3.22604E+5	1.06099E+3	1.73529E+6	2.04695E+6	4.77185E+5	8.39757E+5
5.09000E+1	3.22782E+5	1.05211E+3	1.73032E+6	2.10444E+6	4.79166E+5	8.40982E+5
5.10000E+1	3.26289E+5	1.07778E+3	1.73313E+6	2.09338E+6	4.84874E+5	8.58000E+5
5.11000E+1	3.28183E+5	1.07975E+3	1.72848E+6	2.11403E+6	4.85161E+5	8.69975E+5
5.12000E+1	3.30290E+5	1.07218E+3	1.76585E+6	2.08719E+6	4.92329E+5	8.67556E+5
5.13000E+1	3.32563E+5	1.08107E+3	1.78592E+6	2.10710E+6	4.91066E+5	8.75033E+5
5.14000E+1	3.36412E+5	1.05935E+3	1.78959E+6	2.08935E+6	4.95866E+5	8.79278E+5
5.15000E+1	3.36707E+5	1.06099E+3	1.77623E+6	2.16459E+6	4.97081E+5	8.90180E+5
5.16000E+1	3.39446E+5	1.08568E+3	1.78971E+6	2.05201E+6	4.99410E+5	9.04537E+5
5.17000E+1	3.41961E+5	1.08996E+3	1.82678E+6	2.10303E+6	5.03818E+5	8.95228E+5
5.18000E+1	3.44697E+5	1.11564E+3	1.83109E+6	2.19337E+6	5.05585E+5	8.95484E+5
5.19000E+1	3.47286E+5	1.09720E+3	1.85456E+6	2.16657E+6	5.13314E+5	9.14816E+5
5.20000E+1	3.48365E+5	1.10214E+3	1.83253E+6	2.18897E+6	5.12745E+5	9.21597E+5
5.21000E+1	3.48520E+5	1.07383E+3	1.84757E+6	2.18190E+6	5.18237E+5	9.15580E+5
5.22000E+1	3.52819E+5	1.11861E+3	1.82989E+6	2.26411E+6	5.19521E+5	9.25817E+5
5.23000E+1	3.53918E+5	1.11498E+3	1.85999E+6	2.22080E+6	5.23528E+5	9.25647E+5
5.24000E+1	3.56757E+5	1.13739E+3	1.87848E+6	2.19982E+6	5.29803E+5	9.33227E+5
5.25000E+1	3.57504E+5	1.11136E+3	1.90209E+6	2.28867E+6	5.29893E+5	9.54534E+5
5.26000E+1	3.61278E+5	1.14727E+3	1.92270E+6	2.18728E+6	5.37185E+5	9.35536E+5
5.27000E+1	3.62040E+5	1.14497E+3	1.89719E+6	2.23231E+6	5.37041E+5	9.55287E+5
5.28000E+1	3.63655E+5	1.17134E+3	1.91535E+6	2.23688E+6	5.42075E+5	9.61458E+5
5.29000E+1	3.69248E+5	1.14727E+3	1.91313E+6	2.35731E+6	5.43206E+5	9.90508E+5
5.30000E+1	3.68483E+5	1.14925E+3	1.97642E+6	2.35615E+6	5.47054E+5	9.78160E+5
5.31000E+1	3.71565E+5	1.15486E+3	1.96702E+6	2.28152E+6	5.48068E+5	9.98963E+5
5.32000E+1	3.72613E+5	1.15156E+3	2.00230E+6	2.22881E+6	5.54104E+5	9.86842E+5
5.33000E+1	3.77845E+5	1.15189E+3	2.00758E+6	2.32449E+6	5.56900E+5	9.94160E+5
5.34000E+1	3.79713E+5	1.14134E+3	1.98647E+6	2.28885E+6	5.60155E+5	1.02571E+6
5.35000E+1	3.81484E+5	1.16244E+3	1.96482E+6	2.30495E+6	5.62664E+5	1.02018E+6
5.36000E+1	3.84498E+5	1.17860E+3	1.99704E+6	2.43581E+6	5.64537E+5	1.03087E+6
5.37000E+1	3.87580E+5	1.15222E+3	2.02737E+6	2.34994E+6	5.67753E+5	1.00905E+6
5.38000E+1	3.86495E+5	1.17299E+3	1.98283E+6	2.30291E+6	5.72222E+5	1.03186E+6
5.39000E+1	3.88255E+5	1.19212E+3	2.04842E+6	2.31074E+6	5.76205E+5	1.01841E+6
5.40000E+1	3.90314E+5	1.16310E+3	2.12624E+6	2.40571E+6	5.80355E+5	1.04287E+6
5.41000E+1	3.94801E+5	1.19146E+3	2.06884E+6	2.34069E+6	5.82404E+5	1.04295E+6
5.42000E+1	3.97696E+5	1.20037E+3	2.09538E+6	2.44370E+6	5.83336E+5	1.04346E+6
5.43000E+1	3.97800E+5	1.18948E+3	2.12210E+6	2.41791E+6	5.88352E+5	1.06408E+6
5.44000E+1	3.99772E+5	1.18717E+3	2.15061E+6	2.48415E+6	5.91311E+5	1.06017E+6
5.45000E+1	4.01962E+5	1.19707E+3	2.08472E+6	2.49495E+6	6.00642E+5	1.08253E+6
5.46000E+1	4.11584E+5	1.19245E+3	2.09973E+6	2.41180E+6	5.98435E+5	1.06992E+6
5.47000E+1	4.08092E+5	1.18156E+3	2.09740E+6	2.45249E+6	5.99505E+5	1.10878E+6
5.48000E+1	4.11921E+5	1.20136E+3	2.16655E+6	2.54854E+6	6.09709E+5	1.08109E+6
5.49000E+1	4.11137E+5	1.20598E+3	2.20887E+6	2.37396E+6	6.10099E+5	1.11465E+6
5.50000E+1	4.12208E+5	1.21126E+3	2.13667E+6	2.43726E+6	6.14513E+5	1.10559E+6
5.51000E+1	4.16272E+5	1.21324E+3	2.21214E+6	2.53549E+6	6.16426E+5	1.12312E+6
5.52000E+1	4.18134E+5	1.21720E+3	2.13699E+6	2.48587E+6	6.22075E+5	1.13093E+6
5.53000E+1	4.22029E+5	1.22182E+3	2.12019E+6	2.34185E+6	6.26469E+5	1.13844E+6
5.54000E+1	4.21731E+5	1.23668E+3	2.17870E+6	2.48028E+6	6.31675E+5	1.12239E+6
5.55000E+1	4.25734E+5	1.23205E+3	2.22374E+6	2.50453E+6	6.29834E+5	1.16411E+6
5.56000E+1	4.27494E+5	1.20961E+3	2.26499E+6	2.51860E+6	6.35925E+5	1.13534E+6
5.57000E+1	4.31258E+5	1.22743E+3	2.16904E+6	2.51396E+6	6.38446E+5	1.17528E+6
5.58000E+1	4.29762E+5	1.22545E+3	2.17786E+6	2.66534E+6	6.39661E+5	1.16129E+6
5.59000E+1	4.33863E+5	1.24757E+3	2.22949E+6	2.68169E+6	6.40437E+5	1.17402E+6
5.60000E+1	4.40867E+5	1.25253E+3	2.22217E+6	2.71193E+6	6.47930E+5	1.18223E+6
5.61000E+1	4.42114E+5	1.24724E+3	2.27168E+6	2.61289E+6	6.54989E+5	1.16902E+6
5.62000E+1	4.46900E+5	1.26475E+3	2.24604E+6	2.57294E+6	6.53870E+5	1.20246E+6
5.63000E+1	4.45947E+5	1.27499E+3	2.20373E+6	2.71448E+6	6.58161E+5	1.18186E+6
5.64000E+1	4.46688E+5	1.28788E+3	2.27458E+6	2.63488E+6	6.61303E+5	1.21055E+6
5.65000E+1	4.55255E+5	1.27235E+3	2.28535E+6	2.66978E+6	6.64943E+5	1.22047E+6
5.66000E+1	4.48989E+5	1.24757E+3	2.31204E+6	2.67821E+6	6.67364E+5	1.22509E+6
5.67000E+1	4.57488E+5	1.27763E+3	2.37848E+6	2.68294E+6	6.68713E+5	1.24089E+6
5.68000E+1	4.58080E+5	1.27400E+3	2.33646E+6	2.77923E+6	6.73791E+5	1.23633E+6
5.69000E+1	4.61522E+5	1.26211E+3	2.47427E+6	2.69774E+6	6.78292E+5	1.24929E+6
5.70000E+1	4.62194E+5	1.30441E+3	2.35283E+6	2.65210E+6	6.81408E+5	1.26327E+6
5.71000E+1	4.63418E+5	1.31499E+3	2.32732E+6	2.66755E+6	6.88474E+5	1.23945E+6
5.72000E+1	4.68141E+5	1.30441E+3	2.31073E+6	2.71040E+6	6.89437E+5	1.28166E+6
5.73000E+1	4.72997E+5	1.30441E+3	2.48026E+6	2.66312E+6	6.94224E+5	1.27761E+6
5.74000E+1	4.76756E+5	1.31730E+3	2.41850E+6	2.79480E+6	6.98166E+5	1.29557E+6
5.75000E+1	4.72015E+5	1.33285E+3	2.44619E+6	2.73246E+6	7.05331E+5	1.27395E+6
5.76000E+1	4.77185E+5	1.31764E+3	2.39221E+6	2.77709E+6	7.06733E+5	1.28493E+6
5.77000E+1	4.81979E+5	1.32855E+3	2.37631E+6	2.83504E+6	7.14844E+5	1.30207E+6
5.78000E+1	4.83950E+5	1.33351E+3	2.46089E+6	2.74857E+6	7.04558E+5	1.30849E+6
5.79000E+1	4.82886E+5	1.33318E+3	2.36314E+6	2.78163E+6	7.15401E+5	1.31549E+6
5.80000E+1	4.85370E+5	1.33881E+3	2.48930E+6	2.83254E+6	7.17054E+5	1.31756E+6
5.81000E+1	4.84213E+5	1.33748E+3	2.39201E+6	2.73816E+6	7.14032E+5	1.30996E+6
5.82000E+1	4.91156E+5	1.35866E+3	2.41728E+6	2.86929E+6	7.16301E+5	1.34569E+6
5.83000E+1	4.94053E+5	1.34476E+3	2.43807E+6	2.76514E+6	7.31544E+5	1.33972E+6
5.84000E+1	4.97656E+5	1.35701E+3	2.48091E+6	2.81328E+6	7.31321E+5	1.33294E+6
5.85000E+1	4.98024E+5	1.38415E+3	2.46089E+6	2.76065E+6	7.37196E+5	1.38490E+6
5.86000E+1	5.03172E+5	1.38117E+3	2.51284E+6	2.91281E+6	7.38371E+5	1.34461E+6
5.87000E+1	5.08064E+5	1.36032E+3	2.53033E+6	2.98436E+6	7.47389E+5	1.40674E+6
5.88000E+1	5.05608E+5	1.40369E+3	2.41707E+6	2.76435E+6	7.37038E+5	1.37341E+6
5.89000E+1	5.08171E+5	1.37289E+3	2.56351E+6	2.76991E+6	7.50990E+5	1.39096E+6
5.90000E+1	5.09676E+5	1.38515E+3	2.52433E+6	2.82756E+6	7.56012E+5	1.39340E+6
5.91000E+1	5.17426E+5	1.39111E+3	2.61643E+6	2.94891E+6	7.54787E+5	1.41846E+6
5.92000E+1	5.18841E+5	1.40767E+3	2.66162E+6	2.98927E+6	7.53541E+5	1.43986E+6
5.93000E+1	5.19954E+5	1.42225E+3	2.44953E+6	2.81903E+6	7.66019E+5	1.43650E+6
5.94000E+1	5.19966E+5	1.43816E+3	2.64356E+6	2.89768E+6	7.69342E+5	1.40426E+6
5.95000E+1	5.25249E+5	1.40369E+3	2.64720E+6	2.80319E+6	7.69927E+5	1.39147E+6
5.96000E+1	5.26460E+5	1.40734E+3	2.65012E+6	2.88241E+6	7.78545E+5	1.45958E+6
5.97000E+1	5.28986E+5	1.43551E+3	2.60766E+6	2.92750E+6	7.74141E+5	1.43430E+6
5.98000E+1	5.33854E+5	1.40171E+3	2.58123E+6	2.96004E+6	7.78918E+5	1.41950E+6
5.99000E+1	5.30289E+5	1.40668E+3	2.67421E+6	2.94622E+6	7.89956E+5	1.45388E+6
6.00000E+1	5.39944E+5	1.42026E+3	2.51924E+6	2.99729E+6	7.85184E+5	1.48442E+6
6.01000E+1	5.42873E+5	1.48691E+3	2.71701E+6	3.15583E+6	7.93131E+5	1.48321E+6
6.02000E+1	5.46206E+5	1.43783E+3	2.66187E+6	3.07946E+6	7.87995E+5	1.50209E+6
6.03000E+1	5.39773E+5	1.44976E+3	2.63582E+6	2.93016E+6	8.00934E+5	1.46865E+6
6.04000E+1	5.49165E+5	1.45076E+3	2.60577E+6	3.06294E+6	8.07121E+5	1.50465E+6
6.05000E+1	5.46852E+5	1.45606E+3	2.70606E+6	3.07978E+6	8.03504E+5	1.49772E+6
6.06000E+1	5.53732E+5	1.44413E+3	2.61524E+6	3.05554E+6	8.07466E+5	1.50052E+6
6.07000E+1	5.59090E+5	1.47994E+3	2.72933E+6	3.17887E+6	8.07201E+5	1.52481E+6
6.08000E+1	5.59552E+5	1.50118E+3	2.68241E+6	3.06713E+6	8.16820E+5	1.56446E+6
6.09000E+1	5.57666E+5	1.46336E+3	2.69670E+6	3.06197E+6	8.20409E+5	1.56187E+6
6.10000E+1	5.59889E+5	1.46933E+3	2.69771E+6	3.12203E+6	8.27062E+5	1.52320E+6
6.11000E+1	5.65691E+5	1.49587E+3	2.75064E+6	3.14155E+6	8.19373E+5	1.57515E+6
6.12000E+1	5.65677E+5	1.49919E+3	2.72521E+6	3.16886E+6	8.36374E+5	1.54723E+6
6.13000E+1	5.69655E+5	1.52675E+3	2.75143E+6	3.09057E+6	8.24411E+5	1.59676E+6
6.14000E+1	5.72091E+5	1.49587E+3	2.76274E+6	3.11569E+6	8.29365E+5	1.55003E+6
6.15000E+1	5.71655E+5	1.48359E+3	2.75746E+6	3.23345E+6	8.34486E+5	1.61960E+6
6.16000E+1	5.71771E+5	1.52841E+3	2.82423E+6	3.07166E+6	8.43605E+5	1.58707E+6
6.17000E+1	5.75999E+5	1.50483E+3	2.85851E+6	3.09254E+6	8.46309E+5	1.60010E+6
6.18000E+1	5.73432E+5	1.51180E+3	2.83251E+6	3.10242E+6	8.48072E+5	1.63556E+6
6.19000E+1	5.83155E+5	1.54667E+3	2.69192E+6	3.29656E+6	8.55367E+5	1.61201E+6
6.20000E+1	5.89177E+5	1.51712E+3	2.81681E+6	3.17300E+6	8.64361E+5	1.66980E+6
6.21000E+1	5.87589E+5	1.50616E+3	2.64890E+6	3.15378E+6	8.50947E+5	1.63285E+6
6.22000E+1	5.93767E+5	1.51944E+3	2.89216E+6	3.31299E+6	8.61017E+5	1.63072E+6
6.23000E+1	5.92792E+5	1.51745E+3	2.84643E+6	3.17749E+6	8.65891E+5	1.64218E+6
6.24000E+1	5.96539E+5	1.53837E+3	2.96817E+6	3.26489E+6	8.74473E+5	1.63130E+6
6.25000E+1	6.00421E+5	1.54169E+3	2.86983E+6	3.21636E+6	8.74473E+5	1.65132E+6
6.26000E+1	5.93519E+5	1.55398E+3	2.88525E+6	3.19383E+6	8.75208E+5	1.67476E+6
6.27000E+1	6.03532E+5	1.56296E+3	2.92393E+6	3.14358E+6	8.79887E+5	1.67903E+6
6.28000E+1	6.08430E+5	1.57126E+3	2.87495E+6	3.13749E+6	8.86238E+5	1.66798E+6
6.29000E+1	6.05644E+5	1.55598E+3	2.84169E+6	3.30363E+6	8.89508E+5	1.72109E+6
6.30000E+1	6.07042E+5	1.60418E+3	3.05423E+6	3.37411E+6	8.87022E+5	1.68722E+6
6.31000E+1	6.16161E+5	1.57426E+3	2.92541E+6	3.26088E+6	8.85393E+5	1.69664E+6
6.32000E+1	6.17204E+5	1.60285E+3	2.88095E+6	3.17680E+6	8.95953E+5	1.72720E+6
6.33000E+1	6.18216E+5	1.59653E+3	2.93309E+6	3.36829E+6	9.04722E+5	1.73900E+6
6.34000E+1	6.22714E+5	1.59653E+3	2.84448E+6	3.33148E+6	9.07331E+5	1.70794E+6
6.35000E+1	6.19781E+5	1.60052E+3	2.86077E+6	3.23955E+6	9.12522E+5	1.71174E+6
6.36000E+1	6.17353E+5	1.58888E+3	3.01716E+6	3.43867E+6	9.00673E+5	1.73552E+6
6.37000E+1	6.18915E+5	1.58755E+3	3.00345E+6	3.18895E+6	9.12886E+5	1.71470E+6
6.38000E+1	6.31227E+5	1.62846E+3	2.94948E+6	3.40312E+6	9.03780E+5	1.74282E+6
6.39000E+1	6.27372E+5	1.63379E+3	3.01748E+6	3.27367E+6	9.22327E+5	1.81431E+6
6.40000E+1	6.31554E+5	1.64277E+3	3.01060E+6	3.54035E+6	9.19238E+5	1.75195E+6
6.41000E+1	6.34689E+5	1.64710E+3	3.03289E+6	3.46509E+6	9.23844E+5	1.77624E+6
6.42000E+1	6.38816E+5	1.62447E+3	3.05808E+6	3.24603E+6	9.37672E+5	1.80561E+6
6.43000E+1	6.43862E+5	1.64644E+3	2.97760E+6	3.46386E+6	9.29686E+5	1.80363E+6
6.44000E+1	6.42989E+5	1.65043E+3	3.06742E+6	3.30849E+6	9.38505E+5	1.86870E+6
6.45000E+1	6.49447E+5	1.67007E+3	2.96635E+6	3.40471E+6	9.40141E+5	1.85383E+6
6.46000E+1	6.45631E+5	1.66741E+3	3.00625E+6	3.55148E+6	9.36390E+5	1.79711E+6
6.47000E+1	6.47246E+5	1.67607E+3	2.90578E+6	3.45732E+6	9.38054E+5	1.83255E+6
6.48000E+1	6.43612E+5	1.64677E+3	3.04241E+6	3.35824E+6	9.36806E+5	1.85938E+6
6.49000E+1	6.51461E+5	1.68306E+3	2.95068E+6	3.66395E+6	9.56461E+5	1.83628E+6
6.50000E+1	6.53669E+5	1.68906E+3	3.08008E+6	3.53268E+6	9.55384E+5	1.80890E+6
6.51000E+1	6.49411E+5	1.66275E+3	3.00004E+6	3.59715E+6	9.42587E+5	1.92219E+6
6.52000E+1	6.57735E+5	1.72372E+3	3.33524E+6	3.53013E+6	9.62791E+5	1.90923E+6
6.53000E+1	6.56664E+5	1.71305E+3	3.01873E+6	3.33756E+6	9.63666E+5	1.84746E+6
6.54000E+1	6.61434E+5	1.72572E+3	3.17434E+6	3.44676E+6	9.80889E+5	1.85408E+6
6.55000E+1	6.62407E+5	1.71272E+3	3.02218E+6	3.65031E+6	9.60721E+5	1.85642E+6
6.56000E+1	6.65943E+5	1.73472E+3	2.95188E+6	3.45610E+6	9.80062E+5	1.87409E+6
6.57000E+1	6.68028E+5	1.70005E+3	2.99911E+6	3.50609E+6	9.70858E+5	1.92258E+6
6.58000E+1	6.64416E+5	1.74272E+3	3.00562E+6	3.48941E+6	9.72708E+5	1.88380E+6
6.59000E+1	6.64623E+5	1.74406E+3	3.25250E+6	3.48651E+6	9.81153E+5	1.90288E+6
6.60000E+1	6.73733E+5	1.70905E+3	3.00469E+6	3.69757E+6	9.77624E+5	1.89297E+6
6.61000E+1	6.71886E+5	1.74706E+3	3.12233E+6	3.62465E+6	9.77101E+5	1.91353E+6
6.62000E+1	6.72424E+5	1.73972E+3	3.06613E+6	3.53992E+6	9.87135E+5	1.95990E+6
6.63000E+1	6.79720E+5	1.77041E+3	3.03606E+6	3.64397E+6	9.94843E+5	1.93933E+6
6.64000E+1	6.74699E+5	1.77775E+3	3.22342E+6	3.44838E+6	9.97087E+5	1.95254E+6
6.65000E+1	6.83004E+5	1.78109E+3	3.15102E+6	3.69339E+6	9.98252E+5	1.92973E+6
6.66000E+1	6.77630E+5	1.76708E+3	3.11666E+6	3.62376E+6	9.91148E+5	1.98564E+6
6.67000E+1	6.85939E+5	1.74873E+3	3.21774E+6	3.61174E+6	9.98641E+5	1.96731E+6
6.68000E+1	6.90120E+5	1.75873E+3	3.19800E+6	3.47948E+6	1.00321E+6	1.94834E+6
6.69000E+1	6.85700E+5	1.80279E+3	3.11499E+6	3.63406E+6	9.98757E+5	1.97936E+6
6.70000E+1	6.90120E+5	1.76507E+3	3.15716E+6	3.63631E+6	1.00447E+6	2.01233E+6
6.71000E+1	6.92055E+5	1.79144E+3	3.23664E+6	3.62108E+6	1.02647E+6	1.94659E+6
6.72000E+1	6.94570E+5	1.79377E+3	3.13915E+6	3.75415E+6	9.97592E+5	2.02549E+6
6.73000E+1	6.86636E+5	1.77675E+3	3.09975E+6	3.63092E+6	1.01614E+6	2.00331E+6
6.74000E+1	6.91470E+5	1.81013E+3	3.23056E+6	3.76711E+6	1.02897E+6	2.00018E+6
6.75000E+1	6.95751E+5	1.82216E+3	3.14864E+6	3.69757E+6	1.00900E+6	1.99621E+6
6.76000E+1	7.03975E+5	1.80646E+3	3.35051E+6	3.58573E+6	1.01997E+6	2.05995E+6
6.77000E+1	6.97653E+5	1.86092E+3	3.00842E+6	3.60908E+6	1.01964E+6	2.02505E+6
6.78000E+1	6.97468E+5	1.85123E+3	3.22058E+6	3.77435E+6	1.01458E+6	2.05965E+6
6.79000E+1	6.90221E+5	1.84688E+3	3.14423E+6	3.60686E+6	1.03359E+6	1.98466E+6
6.80000E+1	7.01691E+5	1.83552E+3	3.19905E+6	3.67172E+6	1.01819E+6	2.09881E+6
6.81000E+1	6.98350E+5	1.83619E+3	3.17953E+6	3.43383E+6	1.02272E+6	2.06613E+6
6.82000E+1	6.93716E+5	1.83886E+3	3.22378E+6	3.59847E+6	1.02223E+6	2.05037E+6
6.83000E+1	6.97591E+5	1.85156E+3	3.24095E+6	3.65939E+6	1.03758E+6	2.05306E+6
6.84000E+1	6.99378E+5	1.85691E+3	3.13139E+6	3.60509E+6	1.02537E+6	2.01261E+6
6.85000E+1	7.03330E+5	1.82316E+3	3.18613E+6	3.86340E+6	1.03041E+6	2.05425E+6
6.86000E+1	7.03871E+5	1.83017E+3	3.12334E+6	3.66030E+6	1.02864E+6	2.07478E+6
6.87000E+1	7.00203E+5	1.89034E+3	3.12033E+6	3.74746E+6	1.05369E+6	2.04029E+6
6.88000E+1	6.97694E+5	1.87295E+3	3.21455E+6	3.70036E+6	1.02835E+6	2.11056E+6
6.89000E+1	7.13797E+5	1.87596E+3	3.11200E+6	3.69293E+6	1.03641E+6	2.05725E+6
6.90000E+1	7.02478E+5	1.92413E+3	3.13173E+6	3.79331E+6	1.04686E+6	2.10131E+6
6.91000E+1	7.04579E+5	1.86928E+3	3.09876E+6	3.57831E+6	1.02280E+6	2.04547E+6
6.92000E+1	7.06272E+5	1.87128E+3	3.10801E+6	3.88836E+6	1.04560E+6	2.05590E+6
6.93000E+1	7.20249E+5	1.91242E+3	3.12100E+6	3.96940E+6	1.04984E+6	2.07463E+6
6.94000E+1	7.15594E+5	1.93049E+3	3.16401E+6	3.90224E+6	1.04407E+6	2.01780E+6
6.95000E+1	7.11500E+5	1.88499E+3	3.09152E+6	3.82481E+6	1.06302E+6	2.15833E+6
6.96000E+1	7.21378E+5	1.91911E+3	3.07552E+6	3.94132E+6	1.03119E+6	2.13427E+6
6.97000E+1	7.08877E+5	1.96498E+3	3.11799E+6	3.88171E+6	1.04126E+6	2.17055E+6
6.98000E+1	7.13264E+5	1.96632E+3	3.16195E+6	4.04328E+6	1.05399E+6	2.13009E+6
6.99000E+1	7.19015E+5	1.95694E+3	3.02281E+6	3.81738E+6	1.05193E+6	2.10162E+6
7.00000E+1	7.13137E+5	1.94690E+3	3.13847E+6	3.96408E+6	1.04080E+6	2.10365E+6
7.01000E+1	7.17958E+5	1.93920E+3	3.13274E+6	3.95029E+6	1.05480E+6	2.13250E+6
7.02000E+1	7.21900E+5	1.92480E+3	3.11067E+6	3.78648E+6	1.05920E+6	2.13797E+6
7.03000E+1	7.22096E+5	1.96465E+3	3.18926E+6	3.93974E+6	1.06845E+6	2.09959E+6
7.04000E+1	7.19881E+5	1.98709E+3	3.04655E+6	3.88938E+6	1.06159E+6	2.16955E+6
7.05000E+1	7.16173E+5	1.99581E+3	3.14253E+6	3.77387E+6	1.06819E+6	2.10553E+6
7.06000E+1	7.16452E+5	1.97403E+3	3.19205E+6	3.76182E+6	1.06828E+6	2.12833E+6
7.07000E+1	7.20900E+5	1.98207E+3	3.14762E+6	3.85835E+6	1.05605E+6	2.15439E+6
7.08000E+1	7.14759E+5	1.96833E+3	3.18369E+6	3.85331E+6	1.04193E+6	2.16740E+6
7.09000E+1	7.20574E+5	1.96465E+3	3.18578E+6	3.75654E+6	1.06285E+6	2.16492E+6
7.10000E+1	7.22902E+5	2.00251E+3	3.29466E+6	4.17216E+6	1.05570E+6	2.23389E+6
7.11000E+1	7.28260E+5	2.03436E+3	3.05230E+6	3.75750E+6	1.06167E+6	2.12689E+6
7.12000E+1	7.28879E+5	2.01056E+3	3.20678E+6	3.89297E+6	1.06446E+6	2.12482E+6
7.13000E+1	7.26056E+5	2.03202E+3	3.23557E+6	3.83876E+6	1.04984E+6	2.15177E+6
7.14000E+1	7.24848E+5	2.02598E+3	3.05487E+6	3.96940E+6	1.06420E+6	2.16872E+6
7.15000E+1	7.35685E+5	2.03369E+3	3.15716E+6	3.87050E+6	1.06328E+6	2.11213E+6
7.16000E+1	7.30232E+5	2.00821E+3	3.17296E+6	3.93030E+6	1.06929E+6	2.17022E+6
7.17000E+1	7.37263E+5	2.01894E+3	3.09678E+6	3.87253E+6	1.07602E+6	2.25193E+6
7.18000E+1	7.42422E+5	2.04174E+3	3.28652E+6	4.02237E+6	1.06595E+6	2.23459E+6
7.19000E+1	7.26848E+5	2.03000E+3	3.21172E+6	3.88477E+6	1.07705E+6	2.28701E+6
7.20000E+1	7.34966E+5	2.04309E+3	3.22984E+6	3.90069E+6	1.06753E+6	2.15718E+6
