0.00000E+0	3.25045E+4	7.07203E+4	3.30091E+6	1.08335E+6	8.59872E+4	2.83484E+6
1.00000E-1	2.57901E+4	6.21998E+4	3.09803E+6	1.00413E+6	7.76229E+4	2.72609E+6
2.00000E-1	2.58891E+4	6.20440E+4	3.15641E+6	9.97922E+5	7.72709E+4	2.59062E+6
3.00000E-1	2.59979E+4	6.22091E+4	3.14246E+6	9.95674E+5	7.69364E+4	2.72892E+6
4.00000E-1	2.57555E+4	6.21244E+4	3.24845E+6	1.00022E+6	7.78947E+4	2.71226E+6
5.00000E-1	2.57759E+4	6.20736E+4	3.18710E+6	1.01688E+6	7.78764E+4	2.74422E+6
6.00000E-1	2.56308E+4	6.19831E+4	3.13166E+6	1.03307E+6	7.78132E+4	2.65461E+6
7.00000E-1	2.57876E+4	6.18817E+4	3.15778E+6	1.02723E+6	7.75538E+4	2.66196E+6
8.00000E-1	2.57035E+4	6.21176E+4	3.12931E+6	1.00685E+6	7.75548E+4	2.65046E+6
9.00000E-1	2.56003E+4	6.19873E+4	3.14009E+6	1.03055E+6	7.84973E+4	2.63905E+6
1.00000E+0	2.56303E+4	6.20254E+4	3.10629E+6	1.02185E+6	7.82687E+4	2.72609E+6
1.10000E+0	2.58610E+4	6.18750E+4	3.17393E+6	1.01995E+6	7.79182E+4	2.69781E+6
1.20000E+0	2.56877E+4	6.19738E+4	3.11959E+6	1.00970E+6	7.79274E+4	2.69605E+6
1.30000E+0	2.55520E+4	6.17602E+4	3.24845E+6	1.01777E+6	7.74807E+4	2.62774E+6
1.40000E+0	2.57855E+4	6.18420E+4	3.10100E+6	1.02518E+6	7.73175E+4	2.69504E+6
1.50000E+0	2.56883E+4	6.19983E+4	3.25170E+6	1.00693E+6	7.71525E+4	2.76311E+6
1.60000E+0	2.56582E+4	6.17215E+4	3.21980E+6	1.02027E+6	7.78081E+4	2.72070E+6
1.70000E+0	2.59729E+4	6.17198E+4	3.10695E+6	1.00863E+6	7.77755E+4	2.69353E+6
1.80000E+0	2.57896E+4	6.17687E+4	3.28459E+6	9.98543E+5	7.72810E+4	2.66590E+6
1.90000E+0	2.60215E+4	6.18083E+4	3.20989E+6	1.00902E+6	7.73641E+4	2.62822E+6
2.00000E+0	2.59049E+4	6.18353E+4	3.23156E+6	1.02201E+6	7.77552E+4	2.67332E+6
2.10000E+0	2.59867E+4	6.16650E+4	3.02400E+6	9.96680E+5	7.76026E+4	2.60374E+6
2.20000E+0	2.59458E+4	6.16364E+4	3.18293E+6	1.00205E+6	7.74858E+4	2.68776E+6
2.30000E+0	2.60624E+4	6.15792E+4	3.06091E+6	1.01656E+6	7.73600E+4	2.73409E+6
2.40000E+0	2.62953E+4	6.18041E+4	3.41570E+6	1.00026E+6	7.77094E+4	2.74839E+6
2.50000E+0	2.61736E+4	6.15952E+4	3.17358E+6	9.97417E+5	7.70303E+4	2.68851E+6
2.60000E+0	2.61582E+4	6.16019E+4	3.19548E+6	9.84041E+5	7.76026E+4	2.62870E+6
2.70000E+0	2.62218E+4	6.17636E+4	3.32417E+6	1.00229E+6	7.73023E+4	2.76469E+6
2.80000E+0	2.62106E+4	6.15472E+4	3.27944E+6	1.02437E+6	7.72659E+4	2.61914E+6
2.90000E+0	2.63056E+4	6.16196E+4	3.27466E+6	1.01983E+6	7.72193E+4	2.74996E+6
3.00000E+0	2.61988E+4	6.15540E+4	3.19303E+6	1.01761E+6	7.70162E+4	2.67208E+6
3.10000E+0	2.64223E+4	6.17147E+4	3.22157E+6	1.02209E+6	7.72679E+4	2.66664E+6
3.20000E+0	2.63462E+4	6.16987E+4	3.17531E+6	1.00602E+6	7.71161E+4	2.62535E+6
3.30000E+0	2.64388E+4	6.15237E+4	3.23657E+6	1.01276E+6	7.69929E+4	2.63038E+6
3.40000E+0	2.64424E+4	6.16937E+4	3.28165E+6	1.02592E+6	7.71364E+4	2.64827E+6
3.50000E+0	2.63194E+4	6.17021E+4	3.18850E+6	1.03448E+6	7.69072E+4	2.69479E+6
3.60000E+0	2.65502E+4	6.18978E+4	3.23836E+6	1.03357E+6	7.71293E+4	2.63978E+6
3.70000E+0	2.65631E+4	6.14892E+4	3.27833E+6	1.01484E+6	7.72567E+4	2.69681E+6
3.80000E+0	2.67248E+4	6.15641E+4	3.24881E+6	1.02128E+6	7.71252E+4	2.67332E+6
3.90000E+0	2.66602E+4	6.16852E+4	3.33630E+6	1.03158E+6	7.70828E+4	2.59436E+6
4.00000E+0	2.66168E+4	6.15287E+4	3.26953E+6	1.03092E+6	7.68628E+4	2.62057E+6
4.10000E+0	2.67300E+4	6.16440E+4	3.21342E+6	1.02858E+6	7.69536E+4	2.59834E+6
4.20000E+0	2.66689E+4	6.16322E+4	3.22406E+6	1.02173E+6	7.69627E+4	2.64705E+6
4.30000E+0	2.67859E+4	6.13751E+4	3.14518E+6	1.01544E+6	7.70808E+4	2.68676E+6
4.40000E+0	2.67279E+4	6.15279E+4	3.28570E+6	1.03801E+6	7.70343E+4	2.65510E+6
4.50000E+0	2.67362E+4	6.16574E+4	3.30763E+6	1.03622E+6	7.71505E+4	2.55995E+6
4.60000E+0	2.66333E+4	6.15876E+4	3.38023E+6	1.03191E+6	7.70677E+4	2.58364E+6
4.70000E+0	2.65068E+4	6.14162E+4	3.22691E+6	1.04304E+6	7.67098E+4	2.68977E+6
4.80000E+0	2.66224E+4	6.14380E+4	3.29645E+6	1.02400E+6	7.69294E+4	2.64681E+6
4.90000E+0	2.67176E+4	6.17265E+4	3.20530E+6	1.01781E+6	7.71343E+4	2.59109E+6
5.00000E+0	2.67046E+4	6.13675E+4	3.13604E+6	1.00657E+6	7.68205E+4	2.66344E+6
5.10000E+0	2.67170E+4	6.14271E+4	3.21519E+6	1.03768E+6	7.68780E+4	2.65583E+6
5.20000E+0	2.66038E+4	6.12233E+4	3.27173E+6	1.02165E+6	7.69899E+4	2.58526E+6
5.30000E+0	2.67072E+4	6.11756E+4	3.18328E+6	1.01954E+6	7.73053E+4	2.68052E+6
5.40000E+0	2.66276E+4	6.12443E+4	3.24232E+6	1.01975E+6	7.71384E+4	2.67604E+6
5.50000E+0	2.66948E+4	6.12208E+4	3.17566E+6	1.00303E+6	7.69697E+4	2.55972E+6
5.60000E+0	2.66441E+4	6.13063E+4	3.30203E+6	1.01576E+6	7.70202E+4	2.63567E+6
5.70000E+0	2.66054E+4	6.14237E+4	3.29014E+6	1.02392E+6	7.72335E+4	2.55268E+6
5.80000E+0	2.66462E+4	6.13457E+4	3.35658E+6	1.01640E+6	7.71546E+4	2.51888E+6
5.90000E+0	2.65120E+4	6.13122E+4	3.29125E+6	1.01420E+6	7.70747E+4	2.54747E+6
6.00000E+0	2.66850E+4	6.13340E+4	3.13773E+6	1.02258E+6	7.70747E+4	2.62057E+6
6.10000E+0	2.65368E+4	6.14531E+4	3.34011E+6	1.01328E+6	7.72132E+4	2.57140E+6
6.20000E+0	2.65130E+4	6.12946E+4	3.22691E+6	1.01312E+6	7.70071E+4	2.58875E+6
6.30000E+0	2.64069E+4	6.16490E+4	3.21307E+6	1.01789E+6	7.69011E+4	2.55381E+6
6.40000E+0	2.65507E+4	6.14540E+4	3.23657E+6	1.02510E+6	7.71768E+4	2.63495E+6
6.50000E+0	2.66405E+4	6.14179E+4	3.24917E+6	1.00986E+6	7.73155E+4	2.61035E+6
6.60000E+0	2.66498E+4	6.10176E+4	3.29942E+6	1.01196E+6	7.71394E+4	2.66369E+6
6.70000E+0	2.65584E+4	6.14993E+4	3.18016E+6	1.02084E+6	7.72466E+4	2.55813E+6
6.80000E+0	2.65847E+4	6.12451E+4	3.14246E+6	1.01504E+6	7.71283E+4	2.59482E+6
6.90000E+0	2.63734E+4	6.10970E+4	3.32342E+6	1.01701E+6	7.70131E+4	2.57577E+6
7.00000E+0	2.64924E+4	6.12837E+4	3.26953E+6	1.03440E+6	7.69445E+4	2.55790E+6
7.10000E+0	2.65553E+4	6.10260E+4	3.29533E+6	1.03295E+6	7.70747E+4	2.57716E+6
7.20000E+0	2.64234E+4	6.11781E+4	3.29459E+6	1.03556E+6	7.71980E+4	2.55927E+6
7.30000E+0	2.65068E+4	6.12267E+4	3.33821E+6	1.02641E+6	7.72983E+4	2.56933E+6
7.40000E+0	2.65760E+4	6.11748E+4	3.15129E+6	1.02148E+6	7.72952E+4	2.55290E+6
7.50000E+0	2.66307E+4	6.13256E+4	3.19094E+6	1.00724E+6	7.72324E+4	2.63447E+6
7.60000E+0	2.65414E+4	6.11246E+4	3.21095E+6	1.01528E+6	7.70212E+4	2.58596E+6
7.70000E+0	2.65584E+4	6.13759E+4	3.23299E+6	1.01870E+6	7.71940E+4	2.60870E+6
7.80000E+0	2.65223E+4	6.15422E+4	3.18258E+6	1.02323E+6	7.70464E+4	2.56178E+6
7.90000E+0	2.65889E+4	6.12602E+4	3.22193E+6	1.01025E+6	7.71040E+4	2.56292E+6
8.00000E+0	2.64136E+4	6.15010E+4	3.28275E+6	1.02339E+6	7.70818E+4	2.62463E+6
8.10000E+0	2.66400E+4	6.13700E+4	3.31438E+6	1.03154E+6	7.72132E+4	2.57255E+6
8.20000E+0	2.65940E+4	6.12225E+4	3.27283E+6	1.02051E+6	7.70374E+4	2.48335E+6
8.30000E+0	2.64373E+4	6.15245E+4	3.22335E+6	1.02862E+6	7.71384E+4	2.65779E+6
8.40000E+0	2.66850E+4	6.11380E+4	3.20777E+6	1.01733E+6	7.70040E+4	2.53578E+6
8.50000E+0	2.66917E+4	6.10861E+4	3.32379E+6	1.02874E+6	7.69839E+4	2.63978E+6
8.60000E+0	2.68325E+4	6.14397E+4	3.39787E+6	1.01596E+6	7.70131E+4	2.57094E+6
8.70000E+0	2.67714E+4	6.11681E+4	3.30203E+6	1.03527E+6	7.72061E+4	2.62750E+6
8.80000E+0	2.69731E+4	6.10377E+4	3.25098E+6	1.02368E+6	7.72314E+4	2.59109E+6
8.90000E+0	2.67093E+4	6.12619E+4	3.41451E+6	1.02437E+6	7.73854E+4	2.60233E+6
9.00000E+0	2.69394E+4	6.11597E+4	3.21767E+6	1.01809E+6	7.69818E+4	2.61914E+6
9.10000E+0	2.68372E+4	6.11882E+4	3.26990E+6	1.01400E+6	7.69395E+4	2.59482E+6
9.20000E+0	2.67372E+4	6.12887E+4	3.25134E+6	1.02825E+6	7.71414E+4	2.65559E+6
9.30000E+0	2.66855E+4	6.11932E+4	3.22086E+6	1.04031E+6	7.70636E+4	2.50613E+6
9.40000E+0	2.69342E+4	6.10602E+4	3.21802E+6	1.03117E+6	7.71071E+4	2.51095E+6
9.50000E+0	2.68009E+4	6.10067E+4	3.37711E+6	1.02392E+6	7.70909E+4	2.51734E+6
9.60000E+0	2.68227E+4	6.11330E+4	3.37633E+6	1.03039E+6	7.71455E+4	2.58550E+6
9.70000E+0	2.67253E+4	6.10560E+4	3.38883E+6	1.04292E+6	7.71495E+4	2.58225E+6
9.80000E+0	2.67905E+4	6.11924E+4	3.23013E+6	1.03977E+6	7.71313E+4	2.52820E+6
9.90000E+0	2.68916E+4	6.14321E+4	3.28755E+6	1.01950E+6	7.67964E+4	2.54770E+6
1.00000E+1	2.69435E+4	6.10168E+4	3.21271E+6	1.03531E+6	7.71849E+4	2.69958E+6
1.01000E+1	2.67885E+4	6.09917E+4	3.16738E+6	1.02653E+6	7.70495E+4	2.55722E+6
1.02000E+1	2.68050E+4	6.11095E+4	3.23335E+6	1.02563E+6	7.69828E+4	2.63954E+6
1.03000E+1	2.69778E+4	6.13231E+4	3.52619E+6	1.02915E+6	7.70838E+4	2.48551E+6
1.04000E+1	2.67258E+4	6.13734E+4	3.30651E+6	1.02616E+6	7.68507E+4	2.57970E+6
1.05000E+1	2.69160E+4	6.10694E+4	3.38648E+6	1.02788E+6	7.72314E+4	2.56155E+6
1.06000E+1	2.69093E+4	6.08749E+4	3.22798E+6	1.01224E+6	7.74767E+4	2.44899E+6
1.07000E+1	2.67895E+4	6.11137E+4	3.21059E+6	1.01954E+6	7.70475E+4	2.54928E+6
1.08000E+1	2.68714E+4	6.09066E+4	3.34164E+6	1.03539E+6	7.72739E+4	2.56956E+6
1.09000E+1	2.67377E+4	6.10151E+4	3.30913E+6	1.03357E+6	7.69818E+4	2.57439E+6
1.10000E+1	2.69056E+4	6.12116E+4	3.28829E+6	1.02193E+6	7.72405E+4	2.49654E+6
1.11000E+1	2.68102E+4	6.10962E+4	3.15470E+6	1.03606E+6	7.68225E+4	2.53221E+6
1.12000E+1	2.68309E+4	6.11480E+4	3.15300E+6	1.02674E+6	7.71970E+4	2.56750E+6
1.13000E+1	2.67460E+4	6.09383E+4	3.27173E+6	1.03743E+6	7.71728E+4	2.61866E+6
1.14000E+1	2.67108E+4	6.09742E+4	3.17981E+6	1.02653E+6	7.71495E+4	2.58294E+6
1.15000E+1	2.67331E+4	6.09817E+4	3.19373E+6	1.03751E+6	7.66304E+4	2.55449E+6
1.16000E+1	2.68061E+4	6.13893E+4	3.27099E+6	1.02928E+6	7.69929E+4	2.55427E+6
1.17000E+1	2.69253E+4	6.09074E+4	3.23657E+6	1.01934E+6	7.71182E+4	2.55109E+6
1.18000E+1	2.68807E+4	6.08024E+4	3.23729E+6	1.02952E+6	7.74675E+4	2.57970E+6
1.19000E+1	2.67584E+4	6.09575E+4	3.41292E+6	1.02201E+6	7.70757E+4	2.64365E+6
1.20000E+1	2.68693E+4	6.08266E+4	3.26405E+6	1.03162E+6	7.73742E+4	2.56269E+6
1.21000E+1	2.67657E+4	6.11832E+4	3.29682E+6	1.03022E+6	7.69707E+4	2.51866E+6
1.22000E+1	2.67082E+4	6.09166E+4	3.35658E+6	1.02482E+6	7.69163E+4	2.56018E+6
1.23000E+1	2.68268E+4	6.12225E+4	3.47976E+6	1.02608E+6	7.74371E+4	2.59062E+6
1.24000E+1	2.67776E+4	6.10460E+4	3.29273E+6	1.02015E+6	7.72335E+4	2.53601E+6
1.25000E+1	2.68102E+4	6.10786E+4	3.19408E+6	1.03072E+6	7.72021E+4	2.50329E+6
1.26000E+1	2.69508E+4	6.12501E+4	3.35312E+6	1.04229E+6	7.67994E+4	2.56818E+6
1.27000E+1	2.68361E+4	6.08866E+4	3.20460E+6	1.02965E+6	7.72001E+4	2.63978E+6
1.28000E+1	2.68361E+4	6.11706E+4	3.33099E+6	1.04735E+6	7.69939E+4	2.44585E+6
1.29000E+1	2.67315E+4	6.10962E+4	3.22478E+6	1.04279E+6	7.70242E+4	2.54072E+6
1.30000E+1	2.69196E+4	6.10184E+4	3.16807E+6	1.03340E+6	7.70172E+4	2.53601E+6
1.31000E+1	2.67942E+4	6.09750E+4	3.39433E+6	1.02796E+6	7.70616E+4	2.52909E+6
1.32000E+1	2.67854E+4	6.11355E+4	3.31213E+6	1.03577E+6	7.71475E+4	2.52531E+6
1.33000E+1	2.69871E+4	6.08749E+4	3.21590E+6	1.03031E+6	7.69667E+4	2.56360E+6
1.34000E+1	2.66979E+4	6.07949E+4	3.30801E+6	1.01188E+6	7.68638E+4	2.52065E+6
1.35000E+1	2.68538E+4	6.10377E+4	3.13200E+6	1.03760E+6	7.68588E+4	2.54838E+6
1.36000E+1	2.68149E+4	6.09733E+4	3.17358E+6	1.03964E+6	7.72173E+4	2.51712E+6
1.37000E+1	2.67631E+4	6.10235E+4	3.24196E+6	1.02891E+6	7.72760E+4	2.49915E+6
1.38000E+1	2.67103E+4	6.08799E+4	3.34393E+6	1.04464E+6	7.70808E+4	2.56818E+6
1.39000E+1	2.67916E+4	6.10836E+4	3.15709E+6	1.03224E+6	7.68830E+4	2.64949E+6
1.40000E+1	2.67238E+4	6.09091E+4	3.25750E+6	1.04393E+6	7.70343E+4	2.52397E+6
1.41000E+1	2.67600E+4	6.07033E+4	3.20530E+6	1.03710E+6	7.70313E+4	2.62033E+6
1.42000E+1	2.66715E+4	6.11832E+4	3.30017E+6	1.04540E+6	7.73428E+4	2.54004E+6
1.43000E+1	2.67346E+4	6.10101E+4	3.20671E+6	1.02043E+6	7.69687E+4	2.49025E+6
1.44000E+1	2.65863E+4	6.07949E+4	3.22977E+6	1.03031E+6	7.72638E+4	2.51513E+6
1.45000E+1	2.65264E+4	6.09283E+4	3.52280E+6	1.04439E+6	7.77409E+4	2.54815E+6
1.46000E+1	2.67377E+4	6.10853E+4	3.20848E+6	1.01588E+6	7.68407E+4	2.55654E+6
1.47000E+1	2.66245E+4	6.09325E+4	3.32644E+6	1.02973E+6	7.69839E+4	2.40598E+6
1.48000E+1	2.65909E+4	6.08141E+4	3.15061E+6	1.03639E+6	7.70949E+4	2.57462E+6
1.49000E+1	2.68315E+4	6.10009E+4	3.24700E+6	1.03506E+6	7.71819E+4	2.51447E+6
1.50000E+1	2.66255E+4	6.09141E+4	3.18120E+6	1.02547E+6	7.71627E+4	2.49458E+6
1.51000E+1	2.66230E+4	6.09333E+4	3.38374E+6	1.02531E+6	7.71627E+4	2.55222E+6
1.52000E+1	2.65244E+4	6.07091E+4	3.31927E+6	1.02813E+6	7.70565E+4	2.53087E+6
1.53000E+1	2.63565E+4	6.07075E+4	3.18710E+6	1.02478E+6	7.69415E+4	2.43421E+6
1.54000E+1	2.66245E+4	6.09016E+4	3.42129E+6	1.01930E+6	7.70656E+4	2.48615E+6
1.55000E+1	2.64666E+4	6.10368E+4	3.12964E+6	1.02242E+6	7.71536E+4	2.60351E+6
1.56000E+1	2.64744E+4	6.10377E+4	3.39945E+6	1.01765E+6	7.70020E+4	2.47564E+6
1.57000E+1	2.66783E+4	6.06817E+4	3.24160E+6	1.02690E+6	7.71839E+4	2.47607E+6
1.58000E+1	2.65605E+4	6.09917E+4	3.10232E+6	1.01749E+6	7.69395E+4	2.51667E+6
1.59000E+1	2.64857E+4	6.09742E+4	3.26917E+6	1.02157E+6	7.72304E+4	2.61533E+6
1.60000E+1	2.63410E+4	6.12250E+4	3.13334E+6	1.02327E+6	7.69405E+4	2.48121E+6
1.61000E+1	2.63529E+4	6.10301E+4	3.20530E+6	1.01817E+6	7.71940E+4	2.59412E+6
1.62000E+1	2.63740E+4	6.07899E+4	3.04840E+6	1.02148E+6	7.68105E+4	2.48960E+6
1.63000E+1	2.64821E+4	6.10845E+4	3.38922E+6	1.01793E+6	7.74036E+4	2.54747E+6
1.64000E+1	2.62845E+4	6.05811E+4	3.19408E+6	9.98582E+5	7.70818E+4	2.53221E+6
1.65000E+1	2.63143E+4	6.07724E+4	3.36469E+6	1.00342E+6	7.72294E+4	2.50722E+6
1.66000E+1	2.62542E+4	6.06917E+4	3.12361E+6	1.01849E+6	7.71778E+4	2.47436E+6
1.67000E+1	2.62665E+4	6.08024E+4	3.25678E+6	1.01436E+6	7.71697E+4	2.50876E+6
1.68000E+1	2.63770E+4	6.08999E+4	3.26807E+6	1.02051E+6	7.74523E+4	2.52775E+6
1.69000E+1	2.62742E+4	6.07316E+4	3.12998E+6	1.01348E+6	7.68558E+4	2.49480E+6
1.70000E+1	2.63015E+4	6.08449E+4	3.42009E+6	1.02514E+6	7.74909E+4	2.51888E+6
1.71000E+1	2.61772E+4	6.07682E+4	3.11326E+6	1.01656E+6	7.72729E+4	2.51844E+6
1.72000E+1	2.62773E+4	6.06825E+4	3.20003E+6	1.00563E+6	7.70424E+4	2.49719E+6
1.73000E+1	2.59673E+4	6.08924E+4	3.18120E+6	1.00768E+6	7.73185E+4	2.56887E+6
1.74000E+1	2.60629E+4	6.06700E+4	3.19303E+6	1.02217E+6	7.73874E+4	2.44376E+6
1.75000E+1	2.59560E+4	6.08507E+4	3.19863E+6	1.01009E+6	7.72800E+4	2.44210E+6
1.76000E+1	2.60368E+4	6.08241E+4	3.36817E+6	1.01749E+6	7.72790E+4	2.47308E+6
1.77000E+1	2.58024E+4	6.05089E+4	3.10695E+6	1.00460E+6	7.74483E+4	2.46457E+6
1.78000E+1	2.58891E+4	6.08874E+4	3.12729E+6	1.02494E+6	7.73884E+4	2.58294E+6
1.79000E+1	2.58156E+4	6.06035E+4	3.13807E+6	1.00511E+6	7.73874E+4	2.50220E+6
1.80000E+1	2.57911E+4	6.07166E+4	3.21095E+6	1.00421E+6	7.77378E+4	2.52264E+6
1.81000E+1	2.58340E+4	6.06335E+4	3.10298E+6	1.02559E+6	7.75396E+4	2.52753E+6
1.82000E+1	2.57448E+4	6.07424E+4	3.14823E+6	1.00108E+6	7.73570E+4	2.44982E+6
1.83000E+1	2.57973E+4	6.05562E+4	3.11293E+6	1.00831E+6	7.72061E+4	2.48164E+6
1.84000E+1	2.57173E+4	6.06825E+4	3.20355E+6	1.00712E+6	7.72507E+4	2.46733E+6
1.85000E+1	2.57269E+4	6.06484E+4	3.18154E+6	9.89367E+5	7.71778E+4	2.40598E+6
1.86000E+1	2.58064E+4	6.06310E+4	3.33668E+6	1.02051E+6	7.78264E+4	2.44899E+6
1.87000E+1	2.56150E+4	6.06451E+4	3.12461E+6	1.00225E+6	7.74878E+4	2.48314E+6
1.88000E+1	2.55693E+4	6.07266E+4	3.25315E+6	1.01882E+6	7.74097E+4	2.48314E+6
1.89000E+1	2.56557E+4	6.04359E+4	3.19618E+6	1.00705E+6	7.72011E+4	2.46648E+6
1.90000E+1	2.56715E+4	6.05089E+4	3.12629E+6	9.90324E+5	7.74432E+4	2.46224E+6
1.91000E+1	2.55043E+4	6.07108E+4	3.22015E+6	1.00649E+6	7.75152E+4	2.39310E+6
1.92000E+1	2.52961E+4	6.06567E+4	3.01804E+6	1.00342E+6	7.74817E+4	2.41797E+6
1.93000E+1	2.54454E+4	6.04881E+4	3.06606E+6	9.90861E+5	7.70424E+4	2.49350E+6
1.94000E+1	2.54237E+4	6.01891E+4	3.02118E+6	1.00614E+6	7.74848E+4	2.44085E+6
1.95000E+1	2.53300E+4	6.06983E+4	3.13908E+6	1.00131E+6	7.75599E+4	2.53132E+6
1.96000E+1	2.52162E+4	6.04184E+4	3.18154E+6	9.90784E+5	7.75041E+4	2.47393E+6
1.97000E+1	2.52122E+4	6.04334E+4	3.05705E+6	9.85899E+5	7.73570E+4	2.39049E+6
1.98000E+1	2.51541E+4	6.04807E+4	3.11359E+6	9.94168E+5	7.73448E+4	2.47992E+6
1.99000E+1	2.53725E+4	6.06651E+4	3.16566E+6	9.84647E+5	7.74878E+4	2.42309E+6
2.00000E+1	2.50034E+4	6.04077E+4	2.97449E+6	9.81624E+5	7.75873E+4	2.46988E+6
2.01000E+1	2.51586E+4	6.08449E+4	3.19583E+6	9.93127E+5	7.75721E+4	2.51667E+6
2.02000E+1	2.51935E+4	6.04657E+4	3.06445E+6	9.87840E+5	7.74533E+4	2.46967E+6
2.03000E+1	2.48641E+4	6.01181E+4	3.03094E+6	9.78542E+5	7.72972E+4	2.37146E+6
2.04000E+1	2.50034E+4	6.05595E+4	3.15949E+6	9.77568E+5	7.77063E+4	2.50220E+6
2.05000E+1	2.48139E+4	6.03919E+4	3.05833E+6	9.93628E+5	7.77236E+4	2.46161E+6
2.06000E+1	2.48727E+4	6.03803E+4	3.07643E+6	9.89291E+5	7.76626E+4	2.51778E+6
2.07000E+1	2.49179E+4	6.03861E+4	3.00712E+6	9.80607E+5	7.74513E+4	2.40739E+6
2.08000E+1	2.48295E+4	6.02586E+4	3.04139E+6	9.75626E+5	7.77236E+4	2.43566E+6
2.09000E+1	2.48305E+4	6.03530E+4	3.01117E+6	9.79592E+5	7.75609E+4	2.43111E+6
2.10000E+1	2.48054E+4	6.03422E+4	3.08654E+6	9.78392E+5	7.79580E+4	2.37836E+6
2.11000E+1	2.46825E+4	6.02603E+4	3.11060E+6	9.81134E+5	7.76097E+4	2.44794E+6
2.12000E+1	2.47221E+4	6.02354E+4	3.15641E+6	9.90669E+5	7.74929E+4	2.47137E+6
2.13000E+1	2.47923E+4	6.02106E+4	3.05898E+6	9.63064E+5	7.74432E+4	2.37639E+6
2.14000E+1	2.47647E+4	6.02991E+4	2.94434E+6	9.83474E+5	7.75406E+4	2.45003E+6
2.15000E+1	2.44576E+4	6.02205E+4	3.10397E+6	9.79104E+5	7.78030E+4	2.39811E+6
2.16000E+1	2.44785E+4	6.02230E+4	3.00743E+6	9.77531E+5	7.76870E+4	2.47009E+6
2.17000E+1	2.41981E+4	6.00520E+4	3.00961E+6	9.83209E+5	7.77124E+4	2.49893E+6
2.18000E+1	2.41837E+4	6.02313E+4	3.17531E+6	9.83549E+5	7.77837E+4	2.41715E+6
2.19000E+1	2.40339E+4	6.00471E+4	3.13773E+6	9.81360E+5	7.75833E+4	2.48400E+6
2.20000E+1	2.38537E+4	6.03811E+4	2.85142E+6	9.59183E+5	7.79335E+4	2.37738E+6
2.21000E+1	2.35795E+4	5.99885E+4	2.95663E+6	9.57631E+5	7.75223E+4	2.38770E+6
2.22000E+1	2.35510E+4	5.99250E+4	2.78209E+6	9.59183E+5	7.78081E+4	2.37836E+6
2.23000E+1	2.33894E+4	6.00108E+4	2.90543E+6	9.42709E+5	7.77521E+4	2.38094E+6
2.24000E+1	2.33816E+4	5.97456E+4	2.89326E+6	9.44534E+5	7.77409E+4	2.37817E+6
2.25000E+1	2.31774E+4	5.98649E+4	2.94853E+6	9.54075E+5	7.81520E+4	2.44210E+6
2.26000E+1	2.32087E+4	5.99019E+4	2.93155E+6	9.77680E+5	7.80519E+4	2.35620E+6
2.27000E+1	2.31930E+4	5.98492E+4	2.86665E+6	9.38384E+5	7.82420E+4	2.34229E+6
2.28000E+1	2.32048E+4	5.99094E+4	2.89499E+6	9.45132E+5	7.79539E+4	2.34517E+6
2.29000E+1	2.31627E+4	5.96281E+4	2.73756E+6	9.33543E+5	7.80743E+4	2.28048E+6
2.30000E+1	2.31134E+4	5.99530E+4	3.03378E+6	9.30900E+5	7.79855E+4	2.29370E+6
2.31000E+1	2.31403E+4	5.97061E+4	2.86212E+6	9.44463E+5	7.79988E+4	2.39711E+6
2.32000E+1	2.31129E+4	5.95034E+4	2.77381E+6	9.37794E+5	7.78937E+4	2.30371E+6
2.33000E+1	2.32841E+4	5.96478E+4	2.89557E+6	9.42429E+5	7.80600E+4	2.36596E+6
2.34000E+1	2.33090E+4	5.98789E+4	2.94344E+6	9.47671E+5	7.82277E+4	2.35252E+6
2.35000E+1	2.32924E+4	5.98476E+4	2.86325E+6	9.32168E+5	7.79263E+4	2.30464E+6
2.36000E+1	2.33781E+4	5.94707E+4	2.98029E+6	9.41554E+5	7.79600E+4	2.34691E+6
2.37000E+1	2.34817E+4	5.96774E+4	2.91829E+6	9.37481E+5	7.81694E+4	2.30632E+6
2.38000E+1	2.33017E+4	5.94928E+4	2.99689E+6	9.58858E+5	7.82011E+4	2.36088E+6
2.39000E+1	2.33340E+4	5.95387E+4	2.95814E+6	9.40612E+5	7.80478E+4	2.37935E+6
2.40000E+1	2.34950E+4	5.94870E+4	3.00184E+6	9.54004E+5	7.78906E+4	2.31418E+6
2.41000E+1	2.37688E+4	5.94346E+4	3.03378E+6	9.60921E+5	7.82912E+4	2.32682E+6
2.42000E+1	2.25075E+4	5.95764E+4	2.77728E+6	9.56947E+5	7.82359E+4	2.37935E+6
2.43000E+1	1.74039E+4	5.96536E+4	1.71733E+6	9.49265E+5	7.82492E+4	2.27139E+6
2.44000E+1	1.14324E+4	5.95444E+4	1.03417E+6	8.87101E+5	7.99376E+4	2.12455E+6
2.45000E+1	7.93011E+3	5.96848E+4	7.13094E+5	7.57372E+5	8.22856E+4	1.97342E+6
2.46000E+1	5.01864E+3	5.92939E+4	4.59428E+5	6.01204E+5	8.53343E+4	1.63123E+6
2.47000E+1	3.08230E+3	5.89952E+4	2.78345E+5	4.58858E+5	8.83928E+4	1.28063E+6
2.48000E+1	2.04564E+3	5.81600E+4	1.75039E+5	3.26187E+5	9.34449E+4	8.98825E+5
2.49000E+1	1.45726E+3	5.69230E+4	1.14975E+5	2.11334E+5	9.98608E+4	6.19625E+5
2.50000E+1	1.13824E+3	5.47504E+4	8.03392E+4	1.37004E+5	1.06259E+5	4.30528E+5
2.51000E+1	9.93453E+2	5.16002E+4	5.92029E+4	9.49718E+4	1.14652E+5	3.08417E+5
2.52000E+1	8.99232E+2	4.76407E+4	4.58418E+4	7.12829E+4	1.23409E+5	2.33627E+5
2.53000E+1	7.97004E+2	4.24271E+4	3.72537E+4	5.45811E+4	1.32341E+5	1.84742E+5
2.54000E+1	7.70825E+2	3.70479E+4	3.16864E+4	4.47883E+4	1.41399E+5	1.52548E+5
2.55000E+1	7.36159E+2	3.14417E+4	2.81138E+4	3.79832E+4	1.49841E+5	1.30147E+5
2.56000E+1	7.54143E+2	2.66224E+4	2.59860E+4	3.25555E+4	1.56788E+5	1.16376E+5
2.57000E+1	7.01190E+2	2.23201E+4	2.51751E+4	2.92299E+4	1.62913E+5	1.06104E+5
2.58000E+1	7.62974E+2	1.88878E+4	2.46979E+4	2.72261E+4	1.68306E+5	9.96599E+4
2.59000E+1	7.55778E+2	1.59570E+4	2.43985E+4	2.53832E+4	1.72401E+5	9.50614E+4
2.60000E+1	7.68535E+2	1.38295E+4	2.46173E+4	2.42449E+4	1.76504E+5	9.20347E+4
2.61000E+1	7.68535E+2	1.21061E+4	2.47811E+4	2.35929E+4	1.79698E+5	8.90660E+4
2.62000E+1	7.31255E+2	1.07367E+4	2.47490E+4	2.28771E+4	1.81137E+5	8.75252E+4
2.63000E+1	7.60357E+2	9.54511E+3	2.48890E+4	2.26431E+4	1.84479E+5	8.65447E+4
2.64000E+1	7.91767E+2	8.67259E+3	2.46188E+4	2.20245E+4	1.86176E+5	8.49915E+4
2.65000E+1	7.65264E+2	7.87118E+3	2.44309E+4	2.19713E+4	1.88576E+5	8.45219E+4
2.66000E+1	7.38447E+2	7.22541E+3	2.38856E+4	2.14112E+4	1.89902E+5	8.24600E+4
2.67000E+1	7.38774E+2	6.66680E+3	2.38036E+4	2.14264E+4	1.92547E+5	8.22104E+4
2.68000E+1	7.37467E+2	6.20947E+3	2.32095E+4	2.08209E+4	1.94160E+5	8.09949E+4
2.69000E+1	7.33870E+2	5.78380E+3	2.31572E+4	2.05839E+4	1.97250E+5	8.05801E+4
2.70000E+1	7.57087E+2	5.47360E+3	2.26738E+4	2.01684E+4	1.98718E+5	7.93012E+4
2.71000E+1	7.61011E+2	5.17553E+3	2.25402E+4	1.99538E+4	2.01703E+5	7.85432E+4
2.72000E+1	7.47603E+2	4.86923E+3	2.24324E+4	1.95754E+4	2.01964E+5	7.80495E+4
2.73000E+1	7.48584E+2	4.56999E+3	2.22843E+4	1.93868E+4	2.04628E+5	7.76511E+4
2.74000E+1	7.44987E+2	4.38361E+3	2.20794E+4	1.89412E+4	2.05486E+5	7.66763E+4
2.75000E+1	7.21776E+2	4.15489E+3	2.23518E+4	1.90589E+4	2.07081E+5	7.65788E+4
2.76000E+1	7.44660E+2	3.94701E+3	2.26012E+4	1.87583E+4	2.07882E+5	7.64995E+4
2.77000E+1	7.55778E+2	3.84859E+3	2.30820E+4	1.86289E+4	2.09130E+5	7.60031E+4
2.78000E+1	7.48257E+2	3.67066E+3	2.35912E+4	1.87347E+4	2.11282E+5	7.63561E+4
2.79000E+1	7.49238E+2	3.55790E+3	2.38002E+4	1.84655E+4	2.10243E+5	7.65005E+4
2.80000E+1	7.59376E+2	3.42988E+3	2.42123E+4	1.87242E+4	2.11188E+5	7.67377E+4
2.81000E+1	7.76060E+2	3.30527E+3	2.45393E+4	1.86906E+4	2.11307E+5	7.69271E+4
2.82000E+1	7.62647E+2	3.23209E+3	2.47049E+4	1.88260E+4	2.11098E+5	7.64263E+4
2.83000E+1	7.42371E+2	3.17375E+3	2.47761E+4	1.91604E+4	2.12485E+5	7.72149E+4
2.84000E+1	7.82931E+2	3.06310E+3	2.46388E+4	1.87837E+4	2.13334E+5	7.68152E+4
2.85000E+1	7.84895E+2	3.03163E+3	2.43781E+4	1.88815E+4	2.13441E+5	7.68625E+4
2.86000E+1	7.79332E+2	2.92640E+3	2.40436E+4	1.87692E+4	2.14834E+5	7.68343E+4
2.87000E+1	7.34524E+2	2.88512E+3	2.33348E+4	1.88961E+4	2.15480E+5	7.62690E+4
2.88000E+1	7.54143E+2	2.80504E+3	2.33128E+4	1.87992E+4	2.17790E+5	7.63320E+4
2.89000E+1	7.23737E+2	2.78155E+3	2.29727E+4	1.84018E+4	2.17024E+5	7.54877E+4
2.90000E+1	7.35832E+2	2.68227E+3	2.30561E+4	1.84863E+4	2.19803E+5	7.54123E+4
2.91000E+1	7.22757E+2	2.61879E+3	2.29713E+4	1.81184E+4	2.20414E+5	7.50374E+4
2.92000E+1	7.04783E+2	2.53506E+3	2.27578E+4	1.80357E+4	2.20712E+5	7.45983E+4
2.93000E+1	7.69189E+2	2.47447E+3	2.29343E+4	1.81044E+4	2.21983E+5	7.48658E+4
2.94000E+1	7.63628E+2	2.51508E+3	2.28827E+4	1.77509E+4	2.21686E+5	7.46582E+4
2.95000E+1	7.07397E+2	2.41969E+3	2.27704E+4	1.78086E+4	2.22351E+5	7.41223E+4
2.96000E+1	7.47276E+2	2.37679E+3	2.28350E+4	1.77876E+4	2.24013E+5	7.44923E+4
2.97000E+1	7.09031E+2	2.35957E+3	2.26884E+4	1.74751E+4	2.23638E+5	7.40110E+4
2.98000E+1	7.27006E+2	2.29682E+3	2.23885E+4	1.75253E+4	2.23543E+5	7.34674E+4
2.99000E+1	7.16547E+2	2.24796E+3	2.23002E+4	1.76113E+4	2.26388E+5	7.35925E+4
3.00000E+1	7.60684E+2	2.22910E+3	2.22289E+4	1.73175E+4	2.25078E+5	7.30380E+4
3.01000E+1	7.52508E+2	2.21025E+3	2.22718E+4	1.74875E+4	2.26364E+5	7.31683E+4
3.02000E+1	7.32890E+2	2.14399E+3	2.21145E+4	1.71775E+4	2.26398E+5	7.30969E+4
3.03000E+1	7.22430E+2	2.15845E+3	2.21448E+4	1.74386E+4	2.27597E+5	7.25647E+4
3.04000E+1	7.11645E+2	2.10670E+3	2.20967E+4	1.71890E+4	2.28662E+5	7.28540E+4
3.05000E+1	7.23737E+2	2.07782E+3	2.23566E+4	1.73024E+4	2.29520E+5	7.25858E+4
3.06000E+1	7.43679E+2	2.06137E+3	2.25779E+4	1.70463E+4	2.29066E+5	7.26242E+4
3.07000E+1	7.34197E+2	2.03286E+3	2.26423E+4	1.73458E+4	2.29674E+5	7.30284E+4
3.08000E+1	7.64282E+2	2.02279E+3	2.29874E+4	1.72049E+4	2.30936E+5	7.32137E+4
3.09000E+1	7.73770E+2	1.96113E+3	2.29396E+4	1.70856E+4	2.30081E+5	7.33230E+4
3.10000E+1	7.57087E+2	1.99899E+3	2.32447E+4	1.72563E+4	2.30869E+5	7.30978E+4
3.11000E+1	7.71152E+2	1.95209E+3	2.33887E+4	1.75218E+4	2.31363E+5	7.33037E+4
3.12000E+1	7.61011E+2	1.95611E+3	2.34609E+4	1.73747E+4	2.31391E+5	7.34596E+4
3.13000E+1	7.64282E+2	1.90924E+3	2.35916E+4	1.71647E+4	2.30915E+5	7.31056E+4
3.14000E+1	7.59376E+2	1.90790E+3	2.36616E+4	1.75031E+4	2.30922E+5	7.29599E+4
3.15000E+1	8.07152E+2	1.86175E+3	2.36685E+4	1.75489E+4	2.31944E+5	7.36634E+4
3.16000E+1	7.31582E+2	1.89218E+3	2.32369E+4	1.73077E+4	2.32165E+5	7.33995E+4
3.17000E+1	7.27006E+2	1.87078E+3	2.28020E+4	1.71762E+4	2.31554E+5	7.29060E+4
3.18000E+1	7.63628E+2	1.81431E+3	2.22285E+4	1.71293E+4	2.32133E+5	7.26857E+4
3.19000E+1	7.42371E+2	1.83736E+3	2.17834E+4	1.71342E+4	2.34041E+5	7.22410E+4
3.20000E+1	7.13279E+2	1.82600E+3	2.12904E+4	1.70948E+4	2.35990E+5	7.23453E+4
3.21000E+1	7.14913E+2	1.76858E+3	2.07445E+4	1.66921E+4	2.36085E+5	7.16049E+4
3.22000E+1	7.17854E+2	1.80129E+3	2.01533E+4	1.65947E+4	2.36694E+5	7.07553E+4
3.23000E+1	7.24718E+2	1.76424E+3	1.98860E+4	1.66118E+4	2.38733E+5	7.05573E+4
3.24000E+1	7.29948E+2	1.73822E+3	1.96936E+4	1.63709E+4	2.41089E+5	7.03570E+4
3.25000E+1	7.22103E+2	1.79528E+3	1.93898E+4	1.59891E+4	2.40662E+5	6.98899E+4
3.26000E+1	7.10665E+2	1.70655E+3	1.93214E+4	1.58139E+4	2.41243E+5	6.92516E+4
3.27000E+1	6.92696E+2	1.71055E+3	1.94215E+4	1.58791E+4	2.43604E+5	6.94124E+4
3.28000E+1	7.09358E+2	1.69956E+3	1.94992E+4	1.54817E+4	2.42259E+5	6.90507E+4
3.29000E+1	7.19161E+2	1.68090E+3	1.95784E+4	1.54628E+4	2.41968E+5	6.90056E+4
3.30000E+1	7.10992E+2	1.65393E+3	2.00339E+4	1.56141E+4	2.43357E+5	6.89366E+4
3.31000E+1	7.35178E+2	1.62264E+3	2.01709E+4	1.56852E+4	2.44087E+5	6.89329E+4
3.32000E+1	7.19488E+2	1.64827E+3	2.05069E+4	1.57409E+4	2.43836E+5	6.91917E+4
3.33000E+1	7.69844E+2	1.61033E+3	2.03457E+4	1.54482E+4	2.43254E+5	6.92793E+4
3.34000E+1	7.43352E+2	1.65259E+3	2.01984E+4	1.56650E+4	2.43004E+5	6.89016E+4
3.35000E+1	7.20142E+2	1.63628E+3	2.03881E+4	1.56809E+4	2.42818E+5	6.87621E+4
3.36000E+1	7.23083E+2	1.61366E+3	2.03634E+4	1.58130E+4	2.45416E+5	6.94706E+4
3.37000E+1	7.34524E+2	1.60335E+3	2.02808E+4	1.56223E+4	2.44171E+5	6.87767E+4
3.38000E+1	7.45314E+2	1.60302E+3	2.02706E+4	1.57970E+4	2.45805E+5	6.92396E+4
3.39000E+1	7.33543E+2	1.60734E+3	2.03634E+4	1.54786E+4	2.44695E+5	6.88778E+4
3.40000E+1	7.23737E+2	1.57608E+3	2.05537E+4	1.58229E+4	2.44879E+5	6.90194E+4
3.41000E+1	7.36813E+2	1.56678E+3	2.08602E+4	1.59393E+4	2.45685E+5	6.93375E+4
3.42000E+1	7.56759E+2	1.56279E+3	2.11825E+4	1.59034E+4	2.46283E+5	6.96318E+4
3.43000E+1	7.80313E+2	1.54983E+3	2.15759E+4	1.57098E+4	2.45955E+5	6.97115E+4
3.44000E+1	7.42698E+2	1.55681E+3	2.18480E+4	1.57568E+4	2.44485E+5	6.99829E+4
3.45000E+1	7.71807E+2	1.56844E+3	2.23716E+4	1.60902E+4	2.45743E+5	7.04281E+4
3.46000E+1	7.66572E+2	1.53123E+3	2.29849E+4	1.61919E+4	2.45159E+5	7.07394E+4
3.47000E+1	7.75078E+2	1.52260E+3	2.32868E+4	1.61697E+4	2.43216E+5	7.06549E+4
3.48000E+1	7.82604E+2	1.50467E+3	2.37868E+4	1.65470E+4	2.43493E+5	7.16059E+4
3.49000E+1	7.66572E+2	1.52558E+3	2.42869E+4	1.65982E+4	2.43969E+5	7.20186E+4
3.50000E+1	8.05188E+2	1.50865E+3	2.44165E+4	1.66684E+4	2.42285E+5	7.20635E+4
3.51000E+1	7.96677E+2	1.53256E+3	2.47219E+4	1.72200E+4	2.42051E+5	7.23338E+4
3.52000E+1	8.20577E+2	1.54717E+3	2.50309E+4	1.73046E+4	2.42557E+5	7.28607E+4
3.53000E+1	8.11736E+2	1.49537E+3	2.50470E+4	1.73445E+4	2.42251E+5	7.30274E+4
3.54000E+1	7.99950E+2	1.50002E+3	2.48775E+4	1.73237E+4	2.41566E+5	7.30496E+4
3.55000E+1	7.79005E+2	1.48310E+3	2.50223E+4	1.76371E+4	2.40606E+5	7.31394E+4
3.56000E+1	7.83586E+2	1.47845E+3	2.50692E+4	1.78457E+4	2.42758E+5	7.39223E+4
3.57000E+1	8.00605E+2	1.51695E+3	2.48679E+4	1.77282E+4	2.41844E+5	7.39671E+4
3.58000E+1	7.97004E+2	1.49969E+3	2.46884E+4	1.75471E+4	2.40890E+5	7.31268E+4
3.59000E+1	7.96677E+2	1.49504E+3	2.44574E+4	1.77670E+4	2.41483E+5	7.36479E+4
3.60000E+1	7.88494E+2	1.49571E+3	2.45513E+4	1.77563E+4	2.42890E+5	7.37285E+4
3.61000E+1	8.15010E+2	1.47381E+3	2.40986E+4	1.77224E+4	2.42553E+5	7.34208E+4
3.62000E+1	7.69189E+2	1.50002E+3	2.40257E+4	1.78896E+4	2.42587E+5	7.34092E+4
3.63000E+1	8.09444E+2	1.47049E+3	2.36773E+4	1.76033E+4	2.43512E+5	7.31741E+4
3.64000E+1	7.83913E+2	1.46585E+3	2.34825E+4	1.74529E+4	2.41682E+5	7.26617E+4
3.65000E+1	7.79005E+2	1.51097E+3	2.31709E+4	1.76403E+4	2.43345E+5	7.25120E+4
3.66000E+1	7.65918E+2	1.49703E+3	2.31078E+4	1.74946E+4	2.44213E+5	7.26146E+4
3.67000E+1	7.68208E+2	1.43965E+3	2.26603E+4	1.72058E+4	2.44603E+5	7.23893E+4
3.68000E+1	7.64282E+2	1.47513E+3	2.23740E+4	1.73330E+4	2.44485E+5	7.19939E+4
3.69000E+1	7.87513E+2	1.50301E+3	2.21376E+4	1.72559E+4	2.46044E+5	7.19157E+4
3.70000E+1	7.29621E+2	1.45523E+3	2.19820E+4	1.69792E+4	2.46310E+5	7.17388E+4
3.71000E+1	7.74097E+2	1.43700E+3	2.19495E+4	1.70736E+4	2.46198E+5	7.16818E+4
3.72000E+1	7.82931E+2	1.41910E+3	2.22169E+4	1.68506E+4	2.46840E+5	7.13293E+4
3.73000E+1	7.92095E+2	1.43335E+3	2.23180E+4	1.68075E+4	2.46732E+5	7.11810E+4
3.74000E+1	7.62320E+2	1.41778E+3	2.26268E+4	1.68392E+4	2.47252E+5	7.17407E+4
3.75000E+1	8.04533E+2	1.41778E+3	2.25029E+4	1.67680E+4	2.45705E+5	7.12131E+4
3.76000E+1	7.64937E+2	1.42341E+3	2.25300E+4	1.70767E+4	2.46875E+5	7.16258E+4
3.77000E+1	7.53816E+2	1.41811E+3	2.25029E+4	1.70088E+4	2.46241E+5	7.13936E+4
3.78000E+1	7.73442E+2	1.37670E+3	2.25929E+4	1.69920E+4	2.47804E+5	7.16704E+4
3.79000E+1	7.72788E+2	1.40088E+3	2.25658E+4	1.67794E+4	2.46067E+5	7.10508E+4
3.80000E+1	7.69844E+2	1.38829E+3	2.25871E+4	1.69559E+4	2.45651E+5	7.10432E+4
3.81000E+1	7.66245E+2	1.38366E+3	2.27185E+4	1.70741E+4	2.48042E+5	7.12679E+4
3.82000E+1	7.70825E+2	1.40817E+3	2.27456E+4	1.71121E+4	2.47831E+5	7.14798E+4
3.83000E+1	7.96022E+2	1.39856E+3	2.28015E+4	1.71567E+4	2.48069E+5	7.13199E+4
3.84000E+1	7.97331E+2	1.40187E+3	2.28418E+4	1.72231E+4	2.48190E+5	7.13009E+4
3.85000E+1	7.84240E+2	1.32144E+3	2.27937E+4	1.72311E+4	2.47746E+5	7.10423E+4
3.86000E+1	7.43352E+2	1.37869E+3	2.29323E+4	1.71461E+4	2.47987E+5	7.12263E+4
3.87000E+1	7.87840E+2	1.40850E+3	2.32320E+4	1.71271E+4	2.47863E+5	7.17255E+4
3.88000E+1	7.52835E+2	1.40220E+3	2.31831E+4	1.69162E+4	2.47520E+5	7.13671E+4
3.89000E+1	7.96349E+2	1.38167E+3	2.34157E+4	1.71735E+4	2.47353E+5	7.17008E+4
3.90000E+1	7.94386E+2	1.38895E+3	2.37597E+4	1.73463E+4	2.47941E+5	7.18777E+4
3.91000E+1	7.96022E+2	1.36346E+3	2.42780E+4	1.73978E+4	2.49134E+5	7.21570E+4
3.92000E+1	8.46126E+2	1.36644E+3	2.49428E+4	1.74182E+4	2.47462E+5	7.26876E+4
3.93000E+1	8.24834E+2	1.37770E+3	2.55523E+4	1.73818E+4	2.46736E+5	7.32041E+4
3.94000E+1	8.44161E+2	1.37306E+3	2.62530E+4	1.73698E+4	2.45382E+5	7.31751E+4
3.95000E+1	8.45471E+2	1.36445E+3	2.74227E+4	1.80838E+4	2.44779E+5	7.40568E+4
3.96000E+1	8.54646E+2	1.36478E+3	2.85505E+4	1.82565E+4	2.44699E+5	7.49121E+4
3.97000E+1	8.98249E+2	1.37803E+3	2.97254E+4	1.84691E+4	2.43269E+5	7.58864E+4
3.98000E+1	9.04481E+2	1.37372E+3	3.13176E+4	1.89198E+4	2.40278E+5	7.64624E+4
3.99000E+1	9.08417E+2	1.37306E+3	3.26164E+4	1.93666E+4	2.38847E+5	7.71057E+4
4.00000E+1	9.14322E+2	1.38299E+3	3.38574E+4	1.99613E+4	2.37532E+5	7.76999E+4
4.01000E+1	9.19572E+2	1.37505E+3	3.47629E+4	2.04164E+4	2.36924E+5	7.88435E+4
4.02000E+1	9.28760E+2	1.39955E+3	3.51849E+4	2.08924E+4	2.33145E+5	7.89735E+4
4.03000E+1	9.16291E+2	1.41049E+3	3.54326E+4	2.13846E+4	2.32261E+5	7.97081E+4
4.04000E+1	9.10713E+2	1.37770E+3	3.55870E+4	2.19636E+4	2.31349E+5	8.01347E+4
4.05000E+1	9.36965E+2	1.36578E+3	3.53588E+4	2.25138E+4	2.32471E+5	8.05465E+4
4.06000E+1	9.22525E+2	1.40518E+3	3.50261E+4	2.26310E+4	2.31742E+5	8.06105E+4
4.07000E+1	9.43530E+2	1.39690E+3	3.39961E+4	2.25346E+4	2.30890E+5	8.07431E+4
4.08000E+1	8.93657E+2	1.36809E+3	3.30096E+4	2.28032E+4	2.30936E+5	8.01263E+4
4.09000E+1	8.38264E+2	1.36180E+3	3.24704E+4	2.29365E+4	2.32624E+5	8.05444E+4
4.10000E+1	8.78246E+2	1.38233E+3	3.17154E+4	2.27333E+4	2.32506E+5	8.00689E+4
4.11000E+1	8.94313E+2	1.42208E+3	3.04840E+4	2.24341E+4	2.32574E+5	7.95771E+4
4.12000E+1	8.41212E+2	1.37836E+3	2.95873E+4	2.22311E+4	2.33413E+5	7.88662E+4
4.13000E+1	8.34333E+2	1.38134E+3	2.89398E+4	2.19368E+4	2.34174E+5	7.86408E+4
4.14000E+1	8.34988E+2	1.38498E+3	2.84776E+4	2.17588E+4	2.35344E+5	7.83298E+4
4.15000E+1	8.59889E+2	1.37306E+3	2.80995E+4	2.12916E+4	2.36172E+5	7.80342E+4
4.16000E+1	8.45471E+2	1.35320E+3	2.78178E+4	2.13637E+4	2.36690E+5	7.76104E+4
4.17000E+1	8.61200E+2	1.37571E+3	2.75217E+4	2.11411E+4	2.37569E+5	7.73952E+4
4.18000E+1	8.62511E+2	1.39028E+3	2.74290E+4	2.12632E+4	2.38489E+5	7.74094E+4
4.19000E+1	8.33350E+2	1.40353E+3	2.72827E+4	2.08063E+4	2.38833E+5	7.74185E+4
4.20000E+1	8.04860E+2	1.37041E+3	2.72310E+4	2.07283E+4	2.38190E+5	7.69321E+4
4.21000E+1	8.41867E+2	1.38697E+3	2.71409E+4	2.07997E+4	2.40076E+5	7.68928E+4
4.22000E+1	8.05188E+2	1.38399E+3	2.67665E+4	2.05900E+4	2.40950E+5	7.71785E+4
4.23000E+1	8.32367E+2	1.36545E+3	2.65417E+4	2.04444E+4	2.39656E+5	7.63010E+4
4.24000E+1	8.39902E+2	1.35353E+3	2.63871E+4	2.05464E+4	2.40248E+5	7.63862E+4
4.25000E+1	8.53007E+2	1.38299E+3	2.65139E+4	2.04627E+4	2.42104E+5	7.66431E+4
4.26000E+1	8.36953E+2	1.37902E+3	2.64170E+4	2.01103E+4	2.43212E+5	7.62329E+4
4.27000E+1	8.58251E+2	1.34824E+3	2.62062E+4	2.01005E+4	2.43072E+5	7.62199E+4
4.28000E+1	8.22542E+2	1.39094E+3	2.62319E+4	1.98519E+4	2.42837E+5	7.61289E+4
4.29000E+1	8.31712E+2	1.37902E+3	2.59354E+4	1.96893E+4	2.40980E+5	7.53954E+4
4.30000E+1	8.44488E+2	1.37935E+3	2.59114E+4	1.97756E+4	2.41991E+5	7.55591E+4
4.31000E+1	8.43505E+2	1.36379E+3	2.55691E+4	1.98075E+4	2.43288E+5	7.54896E+4
4.32000E+1	8.29747E+2	1.37008E+3	2.54559E+4	1.96454E+4	2.44580E+5	7.55393E+4
4.33000E+1	8.22214E+2	1.35519E+3	2.51085E+4	1.96634E+4	2.44423E+5	7.49387E+4
4.34000E+1	7.94713E+2	1.34691E+3	2.47259E+4	1.95339E+4	2.45732E+5	7.46297E+4
4.35000E+1	7.93076E+2	1.37736E+3	2.44609E+4	1.92767E+4	2.44963E+5	7.40490E+4
4.36000E+1	7.88822E+2	1.35088E+3	2.41249E+4	1.92478E+4	2.44439E+5	7.37830E+4
4.37000E+1	7.90458E+2	1.32838E+3	2.39435E+4	1.89640E+4	2.45747E+5	7.33240E+4
4.38000E+1	7.88167E+2	1.36843E+3	2.38683E+4	1.88265E+4	2.46376E+5	7.32892E+4
4.39000E+1	8.03224E+2	1.33500E+3	2.37044E+4	1.86902E+4	2.47419E+5	7.33647E+4
4.40000E+1	7.93404E+2	1.32045E+3	2.35793E+4	1.85813E+4	2.47567E+5	7.32350E+4
4.41000E+1	7.74751E+2	1.31516E+3	2.35159E+4	1.83756E+4	2.47870E+5	7.27366E+4
4.42000E+1	7.73115E+2	1.34857E+3	2.35100E+4	1.82646E+4	2.48159E+5	7.25321E+4
4.43000E+1	7.97659E+2	1.33434E+3	2.35375E+4	1.81606E+4	2.48308E+5	7.26434E+4
4.44000E+1	7.84895E+2	1.30986E+3	2.36163E+4	1.81930E+4	2.47703E+5	7.23817E+4
4.45000E+1	7.82277E+2	1.31945E+3	2.35961E+4	1.79178E+4	2.48409E+5	7.26156E+4
4.46000E+1	7.86531E+2	1.36876E+3	2.36236E+4	1.78855E+4	2.49295E+5	7.25052E+4
4.47000E+1	8.10754E+2	1.34029E+3	2.35867E+4	1.81741E+4	2.50154E+5	7.26837E+4
4.48000E+1	8.00932E+2	1.33401E+3	2.35523E+4	1.82349E+4	2.51192E+5	7.25081E+4
4.49000E+1	7.95368E+2	1.34857E+3	2.34781E+4	1.81390E+4	2.50657E+5	7.21742E+4
4.50000E+1	8.01914E+2	1.30854E+3	2.34859E+4	1.81157E+4	2.51109E+5	7.24439E+4
4.51000E+1	8.28109E+2	1.31549E+3	2.38224E+4	1.81534E+4	2.51582E+5	7.25820E+4
4.52000E+1	7.57414E+2	1.29928E+3	2.42770E+4	1.79805E+4	2.51153E+5	7.24688E+4
4.53000E+1	8.36298E+2	1.32375E+3	2.48915E+4	1.79232E+4	2.49476E+5	7.25330E+4
4.54000E+1	7.97331E+2	1.33566E+3	2.55990E+4	1.82079E+4	2.50261E+5	7.29483E+4
4.55000E+1	8.38264E+2	1.27549E+3	2.66667E+4	1.83833E+4	2.48429E+5	7.37451E+4
4.56000E+1	8.65461E+2	1.31615E+3	2.80071E+4	1.83666E+4	2.46349E+5	7.40793E+4
4.57000E+1	8.83492E+2	1.31218E+3	2.93185E+4	1.87815E+4	2.45951E+5	7.48441E+4
4.58000E+1	8.92017E+2	1.34658E+3	3.07385E+4	1.91403E+4	2.44680E+5	7.55601E+4
4.59000E+1	9.15635E+2	1.30259E+3	3.25320E+4	1.97909E+4	2.43368E+5	7.66311E+4
4.60000E+1	9.52066E+2	1.31813E+3	3.43173E+4	2.03244E+4	2.43087E+5	7.82366E+4
4.61000E+1	9.63887E+2	1.31086E+3	3.55953E+4	2.11151E+4	2.41889E+5	7.92215E+4
4.62000E+1	9.48783E+2	1.33566E+3	3.63512E+4	2.16643E+4	2.40304E+5	7.98414E+4
4.63000E+1	9.58962E+2	1.33169E+3	3.61556E+4	2.23024E+4	2.38995E+5	8.08831E+4
4.64000E+1	9.41232E+2	1.32971E+3	3.55829E+4	2.29121E+4	2.38441E+5	8.09570E+4
4.65000E+1	9.31714E+2	1.30292E+3	3.50943E+4	2.31081E+4	2.38485E+5	8.14626E+4
4.66000E+1	9.20228E+2	1.33599E+3	3.40389E+4	2.32538E+4	2.38072E+5	8.13640E+4
4.67000E+1	9.19572E+2	1.34625E+3	3.27207E+4	2.34749E+4	2.37165E+5	8.11862E+4
4.68000E+1	8.86770E+2	1.34426E+3	3.16060E+4	2.35658E+4	2.38014E+5	8.07252E+4
4.69000E+1	8.86770E+2	1.31086E+3	2.99204E+4	2.33453E+4	2.40076E+5	8.02341E+4
4.70000E+1	8.39902E+2	1.34261E+3	2.84329E+4	2.31164E+4	2.39203E+5	7.94764E+4
4.71000E+1	8.64478E+2	1.32508E+3	2.72008E+4	2.28644E+4	2.41344E+5	7.86254E+4
4.72000E+1	8.47765E+2	1.31317E+3	2.63336E+4	2.22200E+4	2.42591E+5	7.81834E+4
4.73000E+1	8.53663E+2	1.32673E+3	2.56535E+4	2.14316E+4	2.44026E+5	7.76562E+4
4.74000E+1	8.13045E+2	1.29995E+3	2.51045E+4	2.11576E+4	2.44343E+5	7.64313E+4
4.75000E+1	8.44488E+2	1.33533E+3	2.49262E+4	2.07466E+4	2.45562E+5	7.59692E+4
4.76000E+1	8.28764E+2	1.32938E+3	2.45243E+4	2.02690E+4	2.45285E+5	7.53409E+4
4.77000E+1	8.08462E+2	1.34029E+3	2.40882E+4	2.01307E+4	2.45994E+5	7.46346E+4
4.78000E+1	8.03224E+2	1.32508E+3	2.40446E+4	2.00912E+4	2.46272E+5	7.43688E+4
4.79000E+1	8.28764E+2	1.30953E+3	2.36374E+4	2.00322E+4	2.49665E+5	7.41525E+4
4.80000E+1	7.85549E+2	1.32541E+3	2.33201E+4	1.97784E+4	2.49445E+5	7.37470E+4
4.81000E+1	7.77696E+2	1.31449E+3	2.31235E+4	1.95321E+4	2.48856E+5	7.36673E+4
4.82000E+1	8.05843E+2	1.30854E+3	2.28705E+4	1.90498E+4	2.49697E+5	7.25858E+4
4.83000E+1	7.66572E+2	1.30226E+3	2.26811E+4	1.86720E+4	2.49232E+5	7.23864E+4
4.84000E+1	8.24834E+2	1.30490E+3	2.25576E+4	1.85795E+4	2.49949E+5	7.23740E+4
4.85000E+1	8.14683E+2	1.28210E+3	2.26748E+4	1.84641E+4	2.51933E+5	7.25791E+4
4.86000E+1	7.96349E+2	1.29796E+3	2.29323E+4	1.84049E+4	2.51518E+5	7.22936E+4
4.87000E+1	8.04860E+2	1.27582E+3	2.32320E+4	1.83066E+4	2.52737E+5	7.26386E+4
4.88000E+1	7.93404E+2	1.24972E+3	2.35961E+4	1.85030E+4	2.51642E+5	7.29021E+4
4.89000E+1	8.46126E+2	1.30755E+3	2.40788E+4	1.87079E+4	2.54109E+5	7.33530E+4
4.90000E+1	8.42195E+2	1.29168E+3	2.48132E+4	1.87937E+4	2.52769E+5	7.33163E+4
4.91000E+1	8.30075E+2	1.26591E+3	2.53956E+4	1.87774E+4	2.51367E+5	7.35721E+4
4.92000E+1	8.68739E+2	1.28342E+3	2.62011E+4	1.88219E+4	2.50617E+5	7.40578E+4
4.93000E+1	8.58906E+2	1.28606E+3	2.67769E+4	1.89048E+4	2.49677E+5	7.43805E+4
4.94000E+1	8.89066E+2	1.26888E+3	2.73025E+4	1.92025E+4	2.47664E+5	7.48983E+4
4.95000E+1	8.97265E+2	1.31350E+3	2.81164E+4	1.95279E+4	2.47038E+5	7.50512E+4
4.96000E+1	9.19900E+2	1.30094E+3	2.88969E+4	2.00062E+4	2.47629E+5	7.60910E+4
4.97000E+1	8.70378E+2	1.29102E+3	2.95230E+4	2.03244E+4	2.46194E+5	7.64283E+4
4.98000E+1	8.67756E+2	1.29168E+3	3.02453E+4	2.07927E+4	2.45682E+5	7.70815E+4
4.99000E+1	8.99560E+2	1.30887E+3	3.08708E+4	2.10154E+4	2.44607E+5	7.73375E+4
5.00000E+1	9.54364E+2	1.26756E+3	3.15976E+4	2.14577E+4	2.43794E+5	7.80781E+4
5.01000E+1	9.32370E+2	1.28904E+3	3.17590E+4	2.17259E+4	2.43038E+5	7.86326E+4
5.02000E+1	8.99232E+2	1.28210E+3	3.19186E+4	2.17641E+4	2.42625E+5	7.84200E+4
5.03000E+1	9.39919E+2	1.31945E+3	3.15491E+4	2.20039E+4	2.41085E+5	7.81302E+4
5.04000E+1	9.34339E+2	1.30424E+3	3.12149E+4	2.21022E+4	2.41382E+5	7.85103E+4
5.05000E+1	9.16947E+2	1.32706E+3	3.09044E+4	2.21594E+4	2.41138E+5	7.90953E+4
5.06000E+1	9.25150E+2	1.30259E+3	3.03109E+4	2.23771E+4	2.40700E+5	7.85267E+4
5.07000E+1	8.71361E+2	1.29135E+3	2.99171E+4	2.23622E+4	2.41588E+5	7.84980E+4
5.08000E+1	8.68411E+2	1.35320E+3	2.93363E+4	2.24312E+4	2.42089E+5	7.81435E+4
5.09000E+1	8.61856E+2	1.28177E+3	2.90003E+4	2.24278E+4	2.42293E+5	7.79709E+4
5.10000E+1	8.72672E+2	1.28110E+3	2.90818E+4	2.22032E+4	2.43455E+5	7.83944E+4
5.11000E+1	8.93657E+2	1.29499E+3	3.03952E+4	2.20610E+4	2.43585E+5	7.79923E+4
5.12000E+1	9.06121E+2	1.28177E+3	3.16629E+4	2.20926E+4	2.43341E+5	7.80567E+4
5.13000E+1	9.19572E+2	1.29862E+3	3.34540E+4	2.21412E+4	2.41987E+5	7.89931E+4
5.14000E+1	9.81625E+2	1.31879E+3	3.53617E+4	2.24104E+4	2.41097E+5	7.94982E+4
5.15000E+1	1.03849E+3	1.30490E+3	3.73260E+4	2.28625E+4	2.39247E+5	8.06736E+4
5.16000E+1	1.04671E+3	1.31251E+3	4.00018E+4	2.33836E+4	2.36902E+5	8.16878E+4
5.17000E+1	1.03948E+3	1.30953E+3	4.29259E+4	2.42240E+4	2.34437E+5	8.26049E+4
5.18000E+1	1.13198E+3	1.33765E+3	4.62375E+4	2.50145E+4	2.31802E+5	8.39511E+4
5.19000E+1	1.16824E+3	1.32475E+3	4.99268E+4	2.59336E+4	2.27974E+5	8.57321E+4
5.20000E+1	1.22796E+3	1.33169E+3	5.40750E+4	2.69077E+4	2.25583E+5	8.71317E+4
5.21000E+1	1.25041E+3	1.35022E+3	5.84197E+4	2.82575E+4	2.23533E+5	8.92608E+4
5.22000E+1	1.26627E+3	1.33930E+3	6.32282E+4	2.97886E+4	2.20550E+5	9.08223E+4
5.23000E+1	1.34297E+3	1.33930E+3	6.85215E+4	3.15321E+4	2.17969E+5	9.29311E+4
5.24000E+1	1.38866E+3	1.35121E+3	7.44309E+4	3.36658E+4	2.16723E+5	9.50822E+4
5.25000E+1	1.44466E+3	1.35982E+3	8.14143E+4	3.53974E+4	2.12791E+5	9.70789E+4
5.26000E+1	1.48048E+3	1.36511E+3	8.81930E+4	3.74242E+4	2.10621E+5	9.96881E+4
5.27000E+1	1.52163E+3	1.38531E+3	9.55497E+4	3.99617E+4	2.07654E+5	1.02053E+5
5.28000E+1	1.58277E+3	1.37836E+3	1.03966E+5	4.25462E+4	2.05919E+5	1.03840E+5
5.29000E+1	1.66828E+3	1.39955E+3	1.12596E+5	4.51438E+4	2.03135E+5	1.06199E+5
5.30000E+1	1.70259E+3	1.37902E+3	1.21854E+5	4.84046E+4	2.00890E+5	1.08596E+5
5.31000E+1	1.75060E+3	1.39856E+3	1.32852E+5	5.15079E+4	1.98721E+5	1.11936E+5
5.32000E+1	1.85577E+3	1.39657E+3	1.43535E+5	5.51753E+4	1.97111E+5	1.14566E+5
5.33000E+1	1.90325E+3	1.42208E+3	1.55381E+5	5.88725E+4	1.95094E+5	1.17315E+5
5.34000E+1	1.93705E+3	1.45590E+3	1.67707E+5	6.24776E+4	1.92767E+5	1.20463E+5
5.35000E+1	2.05100E+3	1.44363E+3	1.80294E+5	6.64462E+4	1.89739E+5	1.22986E+5
5.36000E+1	2.09229E+3	1.46419E+3	1.93218E+5	7.08586E+4	1.87110E+5	1.25497E+5
5.37000E+1	2.16554E+3	1.46983E+3	2.09797E+5	7.55104E+4	1.85902E+5	1.28930E+5
5.38000E+1	2.29146E+3	1.45722E+3	2.26230E+5	8.04183E+4	1.83860E+5	1.32652E+5
5.39000E+1	2.32755E+3	1.48708E+3	2.40850E+5	8.52011E+4	1.81750E+5	1.35483E+5
5.40000E+1	2.47687E+3	1.52326E+3	2.56870E+5	9.00801E+4	1.79592E+5	1.38365E+5
5.41000E+1	2.49243E+3	1.51197E+3	2.75412E+5	9.55097E+4	1.77930E+5	1.41370E+5
5.42000E+1	2.66634E+3	1.49936E+3	2.95009E+5	1.01488E+5	1.75439E+5	1.45740E+5
5.43000E+1	2.72274E+3	1.52857E+3	3.12594E+5	1.07433E+5	1.74208E+5	1.47510E+5
5.44000E+1	2.80201E+3	1.56013E+3	3.32448E+5	1.13650E+5	1.71892E+5	1.51952E+5
5.45000E+1	2.91483E+3	1.49836E+3	3.52812E+5	1.19778E+5	1.70492E+5	1.55856E+5
5.46000E+1	2.99987E+3	1.56312E+3	3.75670E+5	1.27246E+5	1.68657E+5	1.59710E+5
5.47000E+1	3.13128E+3	1.54651E+3	3.97385E+5	1.34760E+5	1.67411E+5	1.64314E+5
5.48000E+1	3.31115E+3	1.59503E+3	4.21853E+5	1.41261E+5	1.66331E+5	1.68043E+5
5.49000E+1	3.27849E+3	1.58905E+3	4.41452E+5	1.48371E+5	1.63793E+5	1.71309E+5
5.50000E+1	3.43439E+3	1.59071E+3	4.66803E+5	1.56469E+5	1.62473E+5	1.74722E+5
5.51000E+1	3.53237E+3	1.59138E+3	4.90336E+5	1.63560E+5	1.60784E+5	1.81200E+5
5.52000E+1	3.71572E+3	1.58373E+3	5.18385E+5	1.71314E+5	1.59257E+5	1.85959E+5
5.53000E+1	3.79514E+3	1.62530E+3	5.44435E+5	1.79310E+5	1.58624E+5	1.90321E+5
5.54000E+1	4.00416E+3	1.67790E+3	5.74061E+5	1.87697E+5	1.57143E+5	1.94942E+5
5.55000E+1	4.07565E+3	1.66491E+3	5.97102E+5	1.95219E+5	1.55455E+5	1.99559E+5
5.56000E+1	4.20563E+3	1.65559E+3	6.16756E+5	2.01919E+5	1.53719E+5	2.03995E+5
5.57000E+1	4.36189E+3	1.67790E+3	6.50952E+5	2.10984E+5	1.52452E+5	2.08417E+5
5.58000E+1	4.48414E+3	1.67524E+3	6.70373E+5	2.20376E+5	1.51536E+5	2.14645E+5
5.59000E+1	4.63559E+3	1.66358E+3	7.00326E+5	2.26420E+5	1.49566E+5	2.18643E+5
5.60000E+1	4.83066E+3	1.67923E+3	7.17011E+5	2.36499E+5	1.48064E+5	2.24442E+5
5.61000E+1	4.93237E+3	1.72955E+3	7.42582E+5	2.43587E+5	1.46994E+5	2.29127E+5
5.62000E+1	5.11360E+3	1.71522E+3	7.76907E+5	2.54670E+5	1.46113E+5	2.36229E+5
5.63000E+1	5.31653E+3	1.73822E+3	8.05216E+5	2.64508E+5	1.44645E+5	2.41444E+5
5.64000E+1	5.46861E+3	1.79261E+3	8.37477E+5	2.73477E+5	1.43665E+5	2.48937E+5
5.65000E+1	5.65493E+3	1.79060E+3	8.53284E+5	2.81210E+5	1.42614E+5	2.54221E+5
5.66000E+1	5.79754E+3	1.78727E+3	8.78682E+5	2.88822E+5	1.40925E+5	2.60520E+5
5.67000E+1	5.92354E+3	1.77458E+3	9.13580E+5	2.98957E+5	1.39651E+5	2.66488E+5
5.68000E+1	6.19207E+3	1.76991E+3	9.45114E+5	3.08895E+5	1.38950E+5	2.74559E+5
5.69000E+1	6.26551E+3	1.77558E+3	9.69935E+5	3.14896E+5	1.37623E+5	2.77070E+5
5.70000E+1	6.55332E+3	1.84504E+3	9.99769E+5	3.24624E+5	1.36795E+5	2.87875E+5
5.71000E+1	6.75525E+3	1.81898E+3	1.01803E+6	3.31190E+5	1.35150E+5	2.92594E+5
5.72000E+1	6.87729E+3	1.83903E+3	1.02889E+6	3.37837E+5	1.34178E+5	2.97420E+5
5.73000E+1	7.05127E+3	1.86643E+3	1.04627E+6	3.47218E+5	1.32912E+5	3.04826E+5
5.74000E+1	7.22804E+3	1.88248E+3	1.08112E+6	3.54826E+5	1.32052E+5	3.12306E+5
5.75000E+1	7.42361E+3	1.89252E+3	1.11773E+6	3.66158E+5	1.31734E+5	3.21786E+5
5.76000E+1	7.66468E+3	1.90724E+3	1.15216E+6	3.73735E+5	1.30782E+5	3.30144E+5
5.77000E+1	7.88997E+3	1.90556E+3	1.16153E+6	3.81951E+5	1.29532E+5	3.34985E+5
5.78000E+1	8.09963E+3	1.95946E+3	1.19129E+6	3.86949E+5	1.28789E+5	3.42034E+5
5.79000E+1	8.19873E+3	1.94238E+3	1.21637E+6	3.93232E+5	1.27609E+5	3.52559E+5
5.80000E+1	8.52179E+3	1.92966E+3	1.22933E+6	4.01593E+5	1.27233E+5	3.59608E+5
5.81000E+1	8.71183E+3	1.97788E+3	1.27223E+6	4.08921E+5	1.26386E+5	3.69018E+5
5.82000E+1	8.92547E+3	2.00100E+3	1.26661E+6	4.13968E+5	1.25158E+5	3.73122E+5
5.83000E+1	8.96868E+3	1.98860E+3	1.27869E+6	4.20336E+5	1.24406E+5	3.78925E+5
5.84000E+1	9.23020E+3	2.00502E+3	1.31631E+6	4.28162E+5	1.23415E+5	3.90691E+5
5.85000E+1	9.50341E+3	2.01274E+3	1.32359E+6	4.30020E+5	1.22381E+5	3.98188E+5
5.86000E+1	9.68567E+3	2.02481E+3	1.32105E+6	4.42289E+5	1.21694E+5	4.07109E+5
5.87000E+1	9.86814E+3	2.03554E+3	1.36139E+6	4.49285E+5	1.21592E+5	4.19405E+5
5.88000E+1	1.01195E+4	2.01542E+3	1.41017E+6	4.62790E+5	1.20972E+5	4.29415E+5
5.89000E+1	1.03180E+4	2.10602E+3	1.42134E+6	4.64674E+5	1.20168E+5	4.38985E+5
5.90000E+1	1.05211E+4	2.07513E+3	1.43140E+6	4.71705E+5	1.18900E+5	4.45665E+5
5.91000E+1	1.07039E+4	2.10199E+3	1.43019E+6	4.73882E+5	1.18436E+5	4.54982E+5
5.92000E+1	1.09374E+4	2.12349E+3	1.43709E+6	4.86759E+5	1.17611E+5	4.61854E+5
5.93000E+1	1.11189E+4	2.13996E+3	1.45441E+6	4.86903E+5	1.17166E+5	4.69545E+5
5.94000E+1	1.12934E+4	2.17224E+3	1.48521E+6	4.97213E+5	1.16545E+5	4.78547E+5
5.95000E+1	1.14901E+4	2.12685E+3	1.54485E+6	5.01705E+5	1.15930E+5	4.91456E+5
5.96000E+1	1.17381E+4	2.16316E+3	1.59192E+6	5.08547E+5	1.15373E+5	5.05249E+5
5.97000E+1	1.19743E+4	2.16719E+3	1.57349E+6	5.14328E+5	1.15242E+5	5.15181E+5
5.98000E+1	1.21693E+4	2.22372E+3	1.57214E+6	5.15022E+5	1.14217E+5	5.21065E+5
5.99000E+1	1.22537E+4	2.22877E+3	1.57756E+6	5.19119E+5	1.13715E+5	5.25433E+5
6.00000E+1	1.24954E+4	2.23281E+3	1.63427E+6	5.29171E+5	1.13168E+5	5.44389E+5
6.01000E+1	1.25725E+4	2.27997E+3	1.67361E+6	5.36747E+5	1.12657E+5	5.53080E+5
6.02000E+1	1.28233E+4	2.28637E+3	1.67250E+6	5.34379E+5	1.11694E+5	5.57604E+5
6.03000E+1	1.30106E+4	2.24864E+3	1.62195E+6	5.37742E+5	1.11244E+5	5.74466E+5
6.04000E+1	1.30394E+4	2.26076E+3	1.67381E+6	5.54497E+5	1.10685E+5	5.79560E+5
6.05000E+1	1.32742E+4	2.30390E+3	1.74148E+6	5.59349E+5	1.10559E+5	5.94025E+5
6.06000E+1	1.36104E+4	2.32785E+3	1.70486E+6	5.62063E+5	1.09833E+5	6.06569E+5
6.07000E+1	1.35418E+4	2.37139E+3	1.70917E+6	5.62544E+5	1.09208E+5	6.11753E+5
6.08000E+1	1.38454E+4	2.37206E+3	1.71829E+6	5.65085E+5	1.08884E+5	6.15445E+5
6.09000E+1	1.39641E+4	2.36666E+3	1.70391E+6	5.68235E+5	1.08449E+5	6.32445E+5
6.10000E+1	1.40688E+4	2.42341E+3	1.73386E+6	5.74420E+5	1.07457E+5	6.40112E+5
6.11000E+1	1.42923E+4	2.41462E+3	1.75358E+6	5.81693E+5	1.07356E+5	6.54853E+5
6.12000E+1	1.43904E+4	2.43389E+3	1.79800E+6	5.83268E+5	1.07457E+5	6.67736E+5
6.13000E+1	1.45673E+4	2.47480E+3	1.86232E+6	5.99104E+5	1.06947E+5	6.88987E+5
6.14000E+1	1.46401E+4	2.45755E+3	1.78521E+6	5.97580E+5	1.06376E+5	6.86150E+5
6.15000E+1	1.48029E+4	2.49274E+3	1.79395E+6	5.94039E+5	1.05801E+5	6.91280E+5
6.16000E+1	1.49679E+4	2.52591E+3	1.90284E+6	6.11948E+5	1.05741E+5	7.12830E+5
6.17000E+1	1.50570E+4	2.49578E+3	1.91414E+6	6.06873E+5	1.05167E+5	7.22261E+5
6.18000E+1	1.53092E+4	2.49037E+3	1.84328E+6	6.14356E+5	1.05032E+5	7.28074E+5
6.19000E+1	1.52860E+4	2.57233E+3	1.94790E+6	6.22000E+5	1.04820E+5	7.46825E+5
6.20000E+1	1.54490E+4	2.58182E+3	1.91663E+6	6.34072E+5	1.04644E+5	7.65623E+5
6.21000E+1	1.55169E+4	2.57945E+3	1.92730E+6	6.17958E+5	1.03795E+5	7.57896E+5
6.22000E+1	1.56266E+4	2.60013E+3	1.88465E+6	6.29534E+5	1.03424E+5	7.66058E+5
6.23000E+1	1.57089E+4	2.62456E+3	1.88809E+6	6.38139E+5	1.03264E+5	7.80754E+5
6.24000E+1	1.58039E+4	2.62693E+3	1.96081E+6	6.34976E+5	1.02584E+5	7.78137E+5
6.25000E+1	1.59328E+4	2.64254E+3	1.92717E+6	6.36056E+5	1.02082E+5	8.04178E+5
6.26000E+1	1.60472E+4	2.66189E+3	1.90039E+6	6.37858E+5	1.02050E+5	8.07243E+5
6.27000E+1	1.61223E+4	2.71183E+3	1.95074E+6	6.47867E+5	1.01705E+5	8.23135E+5
6.28000E+1	1.62397E+4	2.71931E+3	1.95264E+6	6.46249E+5	1.01716E+5	8.22806E+5
6.29000E+1	1.63831E+4	2.70945E+3	1.98029E+6	6.50126E+5	1.01138E+5	8.37183E+5
6.30000E+1	1.64486E+4	2.72271E+3	1.95237E+6	6.59208E+5	1.01045E+5	8.47279E+5
6.31000E+1	1.66000E+4	2.77032E+3	2.03465E+6	6.62941E+5	1.01019E+5	8.74705E+5
6.32000E+1	1.67188E+4	2.76794E+3	2.00255E+6	6.69218E+5	1.00433E+5	8.78053E+5
6.33000E+1	1.67908E+4	2.77679E+3	2.02967E+6	6.69790E+5	1.00408E+5	8.91518E+5
6.34000E+1	1.68673E+4	2.84149E+3	2.01142E+6	6.71474E+5	1.00014E+5	9.01241E+5
6.35000E+1	1.69074E+4	2.82071E+3	2.01718E+6	6.75773E+5	9.98222E+4	9.13600E+5
6.36000E+1	1.70930E+4	2.82377E+3	2.03114E+6	6.80102E+5	9.94857E+4	9.16255E+5
6.37000E+1	1.72315E+4	2.92469E+3	2.07443E+6	6.78576E+5	9.91581E+4	9.14263E+5
6.38000E+1	1.73911E+4	2.88341E+3	2.06790E+6	6.79925E+5	9.93755E+4	9.38214E+5
6.39000E+1	1.76153E+4	2.89296E+3	2.18909E+6	6.93422E+5	9.90840E+4	9.58681E+5
6.40000E+1	1.75035E+4	2.91002E+3	2.12701E+6	7.01308E+5	9.89258E+4	9.65989E+5
6.41000E+1	1.75965E+4	2.93186E+3	2.14732E+6	7.07772E+5	9.86813E+4	9.77759E+5
6.42000E+1	1.77710E+4	3.00086E+3	2.15107E+6	7.05091E+5	9.84197E+4	9.80385E+5
6.43000E+1	1.78900E+4	3.01658E+3	2.12190E+6	7.14855E+5	9.80576E+4	9.89218E+5
6.44000E+1	1.79218E+4	3.00701E+3	2.11398E+6	7.12232E+5	9.84019E+4	1.00292E+6
6.45000E+1	1.78730E+4	3.01829E+3	2.20524E+6	7.15583E+5	9.79275E+4	1.01613E+6
6.46000E+1	1.80801E+4	3.11549E+3	2.21832E+6	7.23328E+5	9.76779E+4	1.01304E+6
6.47000E+1	1.81682E+4	3.09768E+3	2.13165E+6	7.17086E+5	9.72809E+4	1.02323E+6
6.48000E+1	1.81484E+4	3.12097E+3	2.18858E+6	7.16677E+5	9.70955E+4	1.02821E+6
6.49000E+1	1.83029E+4	3.11549E+3	2.21971E+6	7.21193E+5	9.69017E+4	1.07752E+6
6.50000E+1	1.83886E+4	3.13090E+3	2.26118E+6	7.30643E+5	9.70430E+4	1.06821E+6
6.51000E+1	1.83801E+4	3.20531E+3	2.19281E+6	7.23677E+5	9.64854E+4	1.04965E+6
6.52000E+1	1.85125E+4	3.20566E+3	2.26531E+6	7.25408E+5	9.63947E+4	1.06131E+6
6.53000E+1	1.86779E+4	3.21080E+3	2.26658E+6	7.35854E+5	9.66086E+4	1.09530E+6
6.54000E+1	1.86520E+4	3.21492E+3	2.40525E+6	7.50233E+5	9.67046E+4	1.09848E+6
6.55000E+1	1.86325E+4	3.33450E+3	2.28092E+6	7.33274E+5	9.60052E+4	1.09945E+6
6.56000E+1	1.87560E+4	3.25132E+3	2.21607E+6	7.31021E+5	9.57420E+4	1.10247E+6
6.57000E+1	1.89230E+4	3.23930E+3	2.32899E+6	7.44588E+5	9.57901E+4	1.11267E+6
6.58000E+1	1.88988E+4	3.29495E+3	2.29008E+6	7.53647E+5	9.55151E+4	1.12559E+6
6.59000E+1	1.91576E+4	3.36685E+3	2.33451E+6	7.48884E+5	9.56877E+4	1.15839E+6
6.60000E+1	1.90794E+4	3.37339E+3	2.39197E+6	7.55765E+5	9.53539E+4	1.19660E+6
6.61000E+1	1.91901E+4	3.39818E+3	2.36115E+6	7.63862E+5	9.54671E+4	1.18050E+6
6.62000E+1	1.91288E+4	3.40473E+3	2.34352E+6	7.55930E+5	9.51034E+4	1.14782E+6
6.63000E+1	1.91361E+4	3.46987E+3	2.31388E+6	7.55883E+5	9.48022E+4	1.16982E+6
6.64000E+1	1.93037E+4	3.50472E+3	2.33853E+6	7.63454E+5	9.44191E+4	1.17613E+6
6.65000E+1	1.93037E+4	3.45746E+3	2.38978E+6	7.65766E+5	9.44142E+4	1.17195E+6
6.66000E+1	1.96952E+4	3.59523E+3	2.42872E+6	7.78408E+5	9.46483E+4	1.20319E+6
6.67000E+1	1.94640E+4	3.56792E+3	2.43740E+6	7.76894E+5	9.44861E+4	1.22234E+6
6.68000E+1	1.96233E+4	3.61010E+3	2.42337E+6	7.84793E+5	9.42305E+4	1.23119E+6
6.69000E+1	1.97589E+4	3.57276E+3	2.34448E+6	7.72482E+5	9.39623E+4	1.20698E+6
6.70000E+1	1.97040E+4	3.64054E+3	2.43347E+6	7.81727E+5	9.40993E+4	1.23188E+6
6.71000E+1	1.98153E+4	3.66512E+3	2.40586E+6	7.84667E+5	9.35945E+4	1.23291E+6
6.72000E+1	1.98204E+4	3.69317E+3	2.37963E+6	7.75238E+5	9.34425E+4	1.23606E+6
6.73000E+1	2.00229E+4	3.75417E+3	2.51831E+6	7.82780E+5	9.36187E+4	1.25089E+6
6.74000E+1	2.00447E+4	3.69178E+3	2.49576E+6	7.95463E+5	9.40763E+4	1.26347E+6
6.75000E+1	2.00935E+4	3.76562E+3	2.36977E+6	7.84264E+5	9.31223E+4	1.26617E+6
6.76000E+1	2.02377E+4	3.66927E+3	2.39779E+6	7.94663E+5	9.34003E+4	1.27904E+6
6.77000E+1	2.02796E+4	3.78852E+3	2.49424E+6	8.02729E+5	9.34124E+4	1.28723E+6
6.78000E+1	2.02871E+4	3.76666E+3	2.47188E+6	7.94972E+5	9.31380E+4	1.28779E+6
6.79000E+1	2.02014E+4	3.83018E+3	2.37765E+6	7.94147E+5	9.26752E+4	1.29679E+6
6.80000E+1	2.03893E+4	3.83226E+3	2.46444E+6	7.99824E+5	9.30551E+4	1.28451E+6
6.81000E+1	2.03860E+4	3.92821E+3	2.42563E+6	8.00999E+5	9.29027E+4	1.30928E+6
6.82000E+1	2.05787E+4	3.98078E+3	2.48280E+6	8.18706E+5	9.25270E+4	1.31836E+6
6.83000E+1	2.06865E+4	3.98636E+3	2.50863E+6	8.12468E+5	9.27733E+4	1.34268E+6
6.84000E+1	2.07724E+4	4.01807E+3	2.55073E+6	8.20696E+5	9.26860E+4	1.35322E+6
6.85000E+1	2.09244E+4	4.02365E+3	2.57356E+6	8.12924E+5	9.24864E+4	1.38514E+6
6.86000E+1	2.06978E+4	4.01389E+3	2.58211E+6	8.33207E+5	9.25198E+4	1.34517E+6
6.87000E+1	2.07348E+4	4.09027E+3	2.62976E+6	8.27131E+5	9.23302E+4	1.36710E+6
6.88000E+1	2.09838E+4	4.09446E+3	2.58072E+6	8.29073E+5	9.23624E+4	1.40268E+6
6.89000E+1	2.09447E+4	4.14720E+3	2.54126E+6	8.28379E+5	9.18061E+4	1.35010E+6
6.90000E+1	2.09564E+4	4.13043E+3	2.43678E+6	8.13219E+5	9.16355E+4	1.35098E+6
6.91000E+1	2.12276E+4	4.20734E+3	2.53319E+6	8.29602E+5	9.20386E+4	1.38955E+6
6.92000E+1	2.11486E+4	4.17517E+3	2.60337E+6	8.38909E+5	9.20862E+4	1.38485E+6
6.93000E+1	2.11387E+4	4.25144E+3	2.70019E+6	8.41130E+5	9.18025E+4	1.37708E+6
6.94000E+1	2.11335E+4	4.30890E+3	2.68962E+6	8.36643E+5	9.17717E+4	1.40130E+6
6.95000E+1	2.12409E+4	4.28612E+3	2.56713E+6	8.20559E+5	9.12270E+4	1.40764E+6
6.96000E+1	2.13034E+4	4.36677E+3	2.61709E+6	8.40303E+5	9.13744E+4	1.43462E+6
6.97000E+1	2.14396E+4	4.37519E+3	2.52562E+6	8.47103E+5	9.10728E+4	1.39566E+6
6.98000E+1	2.14510E+4	4.37133E+3	2.61900E+6	8.30661E+5	9.11011E+4	1.39386E+6
6.99000E+1	2.15038E+4	4.41838E+3	2.66822E+6	8.51749E+5	9.11964E+4	1.44949E+6
7.00000E+1	2.17015E+4	4.45562E+3	2.67888E+6	8.52479E+5	9.13331E+4	1.48202E+6
7.01000E+1	2.15599E+4	4.56576E+3	2.71287E+6	8.56913E+5	9.10117E+4	1.45243E+6
7.02000E+1	2.17196E+4	4.53900E+3	2.57149E+6	8.43361E+5	9.08003E+4	1.43152E+6
7.03000E+1	2.16815E+4	4.55097E+3	2.64036E+6	8.47623E+5	9.07534E+4	1.44532E+6
7.04000E+1	2.17812E+4	4.63838E+3	2.65789E+6	8.54823E+5	9.07652E+4	1.45430E+6
7.05000E+1	2.19664E+4	4.59254E+3	2.65056E+6	8.42359E+5	9.05380E+4	1.45375E+6
7.06000E+1	2.18769E+4	4.68108E+3	2.59937E+6	8.50234E+5	9.03907E+4	1.43759E+6
7.07000E+1	2.18285E+4	4.80797E+3	2.71135E+6	8.54530E+5	9.04234E+4	1.44125E+6
7.08000E+1	2.20940E+4	4.82284E+3	2.65814E+6	8.60259E+5	9.05754E+4	1.48114E+6
7.09000E+1	2.19952E+4	4.76658E+3	2.73006E+6	8.58036E+5	9.03219E+4	1.51789E+6
7.10000E+1	2.22359E+4	4.85860E+3	2.81620E+6	8.80026E+5	9.04643E+4	1.52543E+6
7.11000E+1	2.21546E+4	4.82425E+3	2.77515E+6	8.76573E+5	9.05403E+4	1.48948E+6
7.12000E+1	2.19889E+4	4.83558E+3	2.63384E+6	8.54002E+5	9.01610E+4	1.47169E+6
7.13000E+1	2.22176E+4	4.94404E+3	2.60832E+6	8.54500E+5	8.98458E+4	1.48388E+6
7.14000E+1	2.23346E+4	4.92560E+3	2.72516E+6	8.71256E+5	9.01773E+4	1.53580E+6
7.15000E+1	2.23472E+4	4.97670E+3	2.80094E+6	8.67110E+5	9.01027E+4	1.51293E+6
7.16000E+1	2.23944E+4	5.01043E+3	2.77915E+6	8.69466E+5	8.99899E+4	1.54055E+6
7.17000E+1	2.24959E+4	5.02642E+3	2.71135E+6	8.74519E+5	8.99759E+4	1.52348E+6
7.18000E+1	2.25118E+4	5.06197E+3	2.86722E+6	8.79253E+5	8.93293E+4	1.55331E+6
7.19000E+1	2.25675E+4	5.06233E+3	2.72799E+6	8.83224E+5	8.98098E+4	1.52739E+6
7.20000E+1	2.25926E+4	5.11320E+3	2.87120E+6	8.83691E+5	8.95895E+4	1.54586E+6
7.21000E+1	2.28133E+4	5.21368E+3	2.85535E+6	8.86850E+5	8.97552E+4	1.54090E+6
7.22000E+1	2.27269E+4	5.18480E+3	2.90339E+6	8.88673E+5	8.96092E+4	1.59271E+6
7.23000E+1	2.27788E+4	5.17803E+3	2.86665E+6	8.83878E+5	8.96173E+4	1.56448E+6
7.24000E+1	2.28299E+4	5.25721E+3	2.80338E+6	8.89461E+5	8.93755E+4	1.57238E+6
7.25000E+1	2.30217E+4	5.29720E+3	2.88090E+6	8.93387E+5	8.91828E+4	1.56323E+6
7.26000E+1	2.29101E+4	5.31006E+3	2.86864E+6	8.89966E+5	8.94657E+4	1.54691E+6
7.27000E+1	2.29330E+4	5.35903E+3	2.81347E+6	8.93451E+5	8.94576E+4	1.58628E+6
7.28000E+1	2.30817E+4	5.43813E+3	2.91155E+6	8.97890E+5	8.90019E+4	1.58481E+6
7.29000E+1	2.30100E+4	5.45890E+3	2.87918E+6	9.06726E+5	8.91793E+4	1.61848E+6
7.30000E+1	2.31246E+4	5.57189E+3	2.92653E+6	8.92847E+5	8.91770E+4	1.61630E+6
7.31000E+1	2.32224E+4	5.57763E+3	2.95483E+6	9.05813E+5	8.88834E+4	1.62536E+6
7.32000E+1	2.32449E+4	5.56866E+3	3.04076E+6	9.08755E+5	8.92670E+4	1.64456E+6
7.33000E+1	2.32983E+4	5.55358E+3	2.94374E+6	9.20663E+5	8.92554E+4	1.64761E+6
7.34000E+1	2.32924E+4	5.67324E+3	2.96902E+6	9.13895E+5	8.91897E+4	1.62048E+6
7.35000E+1	2.36696E+4	5.69015E+3	2.88980E+6	9.09148E+5	8.88042E+4	1.63958E+6
7.36000E+1	2.33772E+4	5.78957E+3	2.77648E+6	8.96897E+5	8.85221E+4	1.58445E+6
7.37000E+1	2.34125E+4	5.75605E+3	2.82693E+6	8.92530E+5	8.86733E+4	1.60134E+6
7.38000E+1	2.35736E+4	5.80255E+3	2.82969E+6	8.99465E+5	8.79240E+4	1.58655E+6
7.39000E+1	2.35643E+4	5.78489E+3	2.86410E+6	9.07739E+5	8.84648E+4	1.63782E+6
7.40000E+1	2.36682E+4	5.87907E+3	2.95242E+6	9.10429E+5	8.79422E+4	1.61753E+6
7.41000E+1	2.37357E+4	5.88087E+3	2.77995E+6	9.08263E+5	8.80401E+4	1.63656E+6
7.42000E+1	2.37441E+4	5.94773E+3	2.80393E+6	9.15421E+5	8.83413E+4	1.63007E+6
7.43000E+1	2.37224E+4	5.96184E+3	2.98335E+6	9.20495E+5	8.82317E+4	1.66781E+6
7.44000E+1	2.39492E+4	5.97993E+3	3.00805E+6	9.28611E+5	8.83379E+4	1.68561E+6
7.45000E+1	2.40076E+4	6.10636E+3	3.10728E+6	9.27556E+5	8.82522E+4	1.67175E+6
7.46000E+1	2.39313E+4	6.09294E+3	2.99164E+6	9.28986E+5	8.80390E+4	1.69719E+6
7.47000E+1	2.38290E+4	6.09222E+3	2.95723E+6	9.11417E+5	8.78739E+4	1.63841E+6
7.48000E+1	2.40785E+4	6.21747E+3	2.91360E+6	9.19824E+5	8.82043E+4	1.65254E+6
7.49000E+1	2.40344E+4	6.24801E+3	3.08818E+6	9.39984E+5	8.80697E+4	1.68039E+6
7.50000E+1	2.41564E+4	6.23528E+3	3.24412E+6	9.38592E+5	8.82728E+4	1.73653E+6
7.51000E+1	2.39586E+4	6.28075E+3	3.00867E+6	9.49478E+5	8.78865E+4	1.70881E+6
7.52000E+1	2.40735E+4	6.33282E+3	2.94017E+6	9.24537E+5	8.75935E+4	1.65860E+6
7.53000E+1	2.41256E+4	6.39660E+3	3.05512E+6	9.35543E+5	8.77319E+4	1.70000E+6
7.54000E+1	2.42623E+4	6.59207E+3	2.94017E+6	9.35578E+5	8.78489E+4	1.71760E+6
7.55000E+1	2.43883E+4	6.53866E+3	3.05416E+6	9.36062E+5	8.77569E+4	1.74878E+6
7.56000E+1	2.42463E+4	6.57817E+3	2.89644E+6	9.31654E+5	8.73942E+4	1.70892E+6
7.57000E+1	2.43100E+4	6.60013E+3	2.99133E+6	9.35232E+5	8.75402E+4	1.74494E+6
7.58000E+1	2.44137E+4	6.61770E+3	3.01085E+6	9.53825E+5	8.76252E+4	1.70314E+6
7.59000E+1	2.43185E+4	6.71851E+3	2.93452E+6	9.32477E+5	8.73534E+4	1.69656E+6
7.60000E+1	2.44711E+4	6.71777E+3	3.02684E+6	9.29635E+5	8.74010E+4	1.68223E+6
7.61000E+1	2.45320E+4	6.79819E+3	3.07773E+6	9.68885E+5	8.78569E+4	1.79576E+6
7.62000E+1	2.45130E+4	6.79708E+3	3.05256E+6	9.48238E+5	8.73930E+4	1.74198E+6
7.63000E+1	2.43823E+4	6.78643E+3	2.88807E+6	9.32512E+5	8.71625E+4	1.72498E+6
7.64000E+1	2.45185E+4	6.89786E+3	3.11459E+6	9.48061E+5	8.73286E+4	1.76792E+6
7.65000E+1	2.42857E+4	6.93432E+3	3.01366E+6	9.28986E+5	8.72303E+4	1.72134E+6
7.66000E+1	2.45370E+4	7.02207E+3	3.00246E+6	9.41310E+5	8.70351E+4	1.71760E+6
7.67000E+1	2.44681E+4	7.06157E+3	3.03790E+6	9.44428E+5	8.74179E+4	1.81022E+6
7.68000E+1	2.47617E+4	7.10368E+3	3.12093E+6	9.49655E+5	8.75550E+4	1.79448E+6
7.69000E+1	2.46070E+4	7.16543E+3	3.27209E+6	9.43691E+5	8.72009E+4	1.79229E+6
7.70000E+1	2.45345E+4	7.21726E+3	3.01085E+6	9.38696E+5	8.67976E+4	1.73436E+6
7.71000E+1	2.45560E+4	7.25764E+3	3.17635E+6	9.43550E+5	8.69315E+4	1.77639E+6
7.72000E+1	2.46240E+4	7.29101E+3	3.07059E+6	9.43410E+5	8.66572E+4	1.80506E+6
7.73000E+1	2.47577E+4	7.24022E+3	2.88836E+6	9.50366E+5	8.67470E+4	1.77119E+6
7.74000E+1	2.46150E+4	7.41911E+3	3.20953E+6	9.71690E+5	8.70182E+4	1.80694E+6
7.75000E+1	2.45770E+4	7.41019E+3	3.07383E+6	9.48804E+5	8.68504E+4	1.78436E+6
7.76000E+1	2.47362E+4	7.43770E+3	3.10894E+6	9.68480E+5	8.70407E+4	1.76422E+6
7.77000E+1	2.48064E+4	7.47118E+3	3.02652E+6	9.41065E+5	8.66033E+4	1.80052E+6
7.78000E+1	2.48335E+4	7.56801E+3	3.16669E+6	9.62664E+5	8.67560E+4	1.80436E+6
7.79000E+1	2.48711E+4	7.63030E+3	2.99226E+6	9.37447E+5	8.64878E+4	1.79726E+6
7.80000E+1	2.47783E+4	7.62321E+3	3.22264E+6	9.52039E+5	8.68111E+4	1.79761E+6
7.81000E+1	2.47166E+4	7.72667E+3	2.91712E+6	9.44393E+5	8.67212E+4	1.77752E+6
7.82000E+1	2.48455E+4	7.73789E+3	3.17462E+6	9.58172E+5	8.63725E+4	1.81683E+6
7.83000E+1	2.48440E+4	7.67436E+3	3.12260E+6	9.68554E+5	8.67897E+4	1.85868E+6
7.84000E+1	2.48315E+4	7.79589E+3	3.03157E+6	9.60087E+5	8.65887E+4	1.80928E+6
7.85000E+1	2.48355E+4	7.84907E+3	3.09080E+6	9.61175E+5	8.66561E+4	1.77616E+6
7.86000E+1	2.50674E+4	7.93458E+3	3.12595E+6	9.53968E+5	8.64307E+4	1.81932E+6
7.87000E+1	2.50245E+4	7.95522E+3	2.98580E+6	9.64961E+5	8.65103E+4	1.75597E+6
7.88000E+1	2.49460E+4	7.98564E+3	3.19863E+6	9.95829E+5	8.67167E+4	1.83801E+6
7.89000E+1	2.51728E+4	8.12558E+3	3.29570E+6	9.83284E+5	8.64890E+4	1.84104E+6
7.90000E+1	2.51763E+4	8.14893E+3	3.26078E+6	9.80231E+5	8.67459E+4	1.88371E+6
7.91000E+1	2.51667E+4	8.21605E+3	3.30614E+6	9.80720E+5	8.63692E+4	1.82443E+6
7.92000E+1	2.51319E+4	8.29949E+3	3.03917E+6	9.64121E+5	8.60430E+4	1.82790E+6
7.93000E+1	2.51531E+4	8.25190E+3	3.15641E+6	9.61901E+5	8.59817E+4	1.86115E+6
7.94000E+1	2.51763E+4	8.31801E+3	3.09935E+6	9.58569E+5	8.59549E+4	1.79217E+6
7.95000E+1	2.52541E+4	8.45653E+3	2.97999E+6	9.77606E+5	8.59360E+4	1.83222E+6
7.96000E+1	2.53037E+4	8.41562E+3	3.14993E+6	9.83700E+5	8.62808E+4	1.92039E+6
7.97000E+1	2.52122E+4	8.52061E+3	3.13503E+6	9.75887E+5	8.59349E+4	1.81081E+6
7.98000E+1	2.55292E+4	8.55819E+3	3.21024E+6	9.82680E+5	8.61266E+4	1.87929E+6
7.99000E+1	2.54069E+4	8.60187E+3	3.15334E+6	9.78317E+5	8.58948E+4	1.88283E+6
8.00000E+1	2.53482E+4	8.69733E+3	3.18085E+6	9.73692E+5	8.58825E+4	1.84970E+6
8.01000E+1	2.56557E+4	8.74836E+3	3.19198E+6	9.82151E+5	8.61032E+4	1.89519E+6
8.02000E+1	2.54176E+4	8.77275E+3	3.10728E+6	9.73989E+5	8.60653E+4	1.84408E+6
8.03000E+1	2.56384E+4	8.80706E+3	3.23549E+6	1.00002E+6	8.61613E+4	1.92831E+6
8.04000E+1	2.55550E+4	8.84178E+3	3.35620E+6	9.81737E+5	8.61345E+4	1.88638E+6
8.05000E+1	2.55094E+4	8.92925E+3	3.27539E+6	9.69253E+5	8.56646E+4	1.85868E+6
8.06000E+1	2.56455E+4	9.01571E+3	3.41730E+6	9.85671E+5	8.59382E+4	1.94057E+6
8.07000E+1	2.57320E+4	9.02797E+3	3.16463E+6	9.69290E+5	8.56924E+4	1.86887E+6
8.08000E+1	2.57835E+4	9.07432E+3	3.28091E+6	9.98738E+5	8.56757E+4	1.88956E+6
8.09000E+1	2.58554E+4	9.18214E+3	3.31213E+6	9.92242E+5	8.58569E+4	1.88207E+6
8.10000E+1	2.57687E+4	9.21018E+3	3.16291E+6	9.80456E+5	8.55603E+4	1.85658E+6
8.11000E+1	2.58743E+4	9.29285E+3	3.44785E+6	9.96603E+5	8.54793E+4	1.94461E+6
8.12000E+1	2.57224E+4	9.36101E+3	3.18850E+6	9.91436E+5	8.55836E+4	1.91266E+6
8.13000E+1	2.60727E+4	9.49256E+3	3.23801E+6	1.00772E+6	8.55836E+4	1.88486E+6
8.14000E+1	2.58901E+4	9.44970E+3	3.30502E+6	1.01970E+6	8.57291E+4	1.95871E+6
8.15000E+1	2.58743E+4	9.54008E+3	3.28238E+6	9.79592E+5	8.57435E+4	1.86302E+6
8.16000E+1	2.60230E+4	9.50955E+3	3.26953E+6	9.96719E+5	8.54971E+4	1.92632E+6
8.17000E+1	2.62568E+4	9.61165E+3	3.30203E+6	1.02295E+6	8.55004E+4	1.94272E+6
8.18000E+1	2.61136E+4	9.65657E+3	3.15880E+6	9.84837E+5	8.54040E+4	1.87300E+6
8.19000E+1	2.61244E+4	9.77446E+3	3.25932E+6	9.89903E+5	8.52668E+4	1.92592E+6
8.20000E+1	2.62855E+4	9.71820E+3	3.37750E+6	1.00910E+6	8.56757E+4	2.03196E+6
8.21000E+1	2.60911E+4	9.80591E+3	3.27283E+6	1.01468E+6	8.56391E+4	1.91122E+6
8.22000E+1	2.61249E+4	9.84205E+3	3.13537E+6	9.85178E+5	8.53265E+4	1.88068E+6
8.23000E+1	2.62968E+4	9.95022E+3	3.32795E+6	1.01524E+6	8.53951E+4	1.92658E+6
8.24000E+1	2.63236E+4	9.94749E+3	3.60187E+6	1.02120E+6	8.54394E+4	1.96942E+6
8.25000E+1	2.61916E+4	1.00707E+4	3.25388E+6	9.92858E+5	8.50293E+4	1.91148E+6
8.26000E+1	2.62475E+4	1.01363E+4	3.46292E+6	1.01797E+6	8.54627E+4	1.94690E+6
8.27000E+1	2.61459E+4	1.02040E+4	3.39197E+6	1.01141E+6	8.51044E+4	1.90021E+6
8.28000E+1	2.64203E+4	1.02153E+4	3.23120E+6	1.01632E+6	8.53143E+4	1.93069E+6
8.29000E+1	2.62758E+4	1.03372E+4	3.40657E+6	1.01857E+6	8.52436E+4	1.96076E+6
8.30000E+1	2.62131E+4	1.03226E+4	3.18258E+6	1.01668E+6	8.51784E+4	1.93149E+6
8.31000E+1	2.64718E+4	1.04082E+4	3.38726E+6	1.01516E+6	8.51717E+4	1.99611E+6
8.32000E+1	2.62485E+4	1.04939E+4	3.23013E+6	1.00127E+6	8.48828E+4	1.91318E+6
8.33000E+1	2.63935E+4	1.05356E+4	3.48638E+6	1.00057E+6	8.52226E+4	1.93536E+6
8.34000E+1	2.64074E+4	1.05659E+4	3.40815E+6	1.02116E+6	8.54350E+4	2.00349E+6
8.35000E+1	2.65264E+4	1.06171E+4	3.28533E+6	1.01902E+6	8.50768E+4	1.97940E+6
8.36000E+1	2.64909E+4	1.06151E+4	3.43291E+6	1.02185E+6	8.52038E+4	2.01496E+6
8.37000E+1	2.66069E+4	1.07608E+4	3.39315E+6	1.02817E+6	8.48806E+4	1.92210E+6
8.38000E+1	2.64888E+4	1.08676E+4	3.48763E+6	1.01845E+6	8.52745E+4	2.00635E+6
8.39000E+1	2.65522E+4	1.08446E+4	3.26442E+6	1.02817E+6	8.46167E+4	1.94717E+6
8.40000E+1	2.64945E+4	1.08914E+4	3.41093E+6	1.00594E+6	8.49411E+4	2.04211E+6
8.41000E+1	2.67388E+4	1.10528E+4	3.34316E+6	1.02866E+6	8.50823E+4	1.99088E+6
8.42000E+1	2.67191E+4	1.10751E+4	3.36778E+6	1.01368E+6	8.47287E+4	1.96377E+6
8.43000E+1	2.66044E+4	1.11762E+4	3.52195E+6	1.02547E+6	8.47496E+4	2.07864E+6
8.44000E+1	2.67103E+4	1.11881E+4	3.33364E+6	1.01785E+6	8.45299E+4	1.97884E+6
8.45000E+1	2.66307E+4	1.12240E+4	3.58560E+6	1.03278E+6	8.49434E+4	2.07498E+6
8.46000E+1	2.67486E+4	1.12606E+4	3.41769E+6	1.01995E+6	8.47650E+4	2.00735E+6
8.47000E+1	2.67320E+4	1.13900E+4	3.37166E+6	1.02977E+6	8.45245E+4	1.96172E+6
8.48000E+1	2.68968E+4	1.14636E+4	3.39197E+6	1.04178E+6	8.50249E+4	2.00621E+6
8.49000E+1	2.69513E+4	1.15253E+4	3.39551E+6	1.01524E+6	8.44269E+4	2.02306E+6
8.50000E+1	2.70084E+4	1.15874E+4	3.51605E+6	1.04850E+6	8.52347E+4	2.00935E+6
8.51000E+1	2.68304E+4	1.16794E+4	3.27833E+6	1.00784E+6	8.44992E+4	1.92315E+6
8.52000E+1	2.69700E+4	1.17348E+4	3.69325E+6	1.03080E+6	8.45299E+4	2.02641E+6
8.53000E+1	2.69736E+4	1.17175E+4	3.47235E+6	1.02282E+6	8.45881E+4	1.99710E+6
8.54000E+1	2.72114E+4	1.17827E+4	3.45720E+6	1.02641E+6	8.47045E+4	2.06225E+6
8.55000E+1	2.70017E+4	1.18826E+4	3.38140E+6	1.02555E+6	8.45914E+4	2.02918E+6
8.56000E+1	2.70349E+4	1.18867E+4	3.56385E+6	1.05775E+6	8.47309E+4	2.07452E+6
8.57000E+1	2.70916E+4	1.20276E+4	3.31588E+6	1.03556E+6	8.43951E+4	2.05072E+6
8.58000E+1	2.73262E+4	1.20434E+4	3.42408E+6	1.04790E+6	8.43480E+4	2.02031E+6
8.59000E+1	2.70604E+4	1.21669E+4	3.50974E+6	1.02883E+6	8.46265E+4	1.99809E+6
8.60000E+1	2.69856E+4	1.22557E+4	3.49677E+6	1.03760E+6	8.47903E+4	2.07971E+6
8.61000E+1	2.71312E+4	1.22622E+4	3.43855E+6	1.02792E+6	8.43152E+4	2.00549E+6
8.62000E+1	2.73644E+4	1.23801E+4	3.65652E+6	1.03010E+6	8.44477E+4	1.99951E+6
8.63000E+1	2.73168E+4	1.23634E+4	3.49178E+6	1.04452E+6	8.45431E+4	2.06376E+6
8.64000E+1	2.71734E+4	1.24375E+4	3.54835E+6	1.03564E+6	8.46331E+4	2.06165E+6
8.65000E+1	2.70568E+4	1.25386E+4	3.45924E+6	1.02678E+6	8.40933E+4	2.02292E+6
8.66000E+1	2.74407E+4	1.26235E+4	3.45557E+6	1.04422E+6	8.43250E+4	2.08585E+6
8.67000E+1	2.71442E+4	1.26337E+4	3.71751E+6	1.04965E+6	8.41839E+4	2.04522E+6
8.68000E+1	2.72271E+4	1.27037E+4	3.44501E+6	1.02392E+6	8.44159E+4	2.06270E+6
8.69000E+1	2.72229E+4	1.28028E+4	3.60939E+6	1.04069E+6	8.43590E+4	2.12758E+6
8.70000E+1	2.72026E+4	1.28426E+4	3.43291E+6	1.02801E+6	8.40092E+4	2.02045E+6
8.71000E+1	2.72109E+4	1.29017E+4	3.41730E+6	1.04271E+6	8.42484E+4	2.04804E+6
8.72000E+1	2.72448E+4	1.30143E+4	3.44663E+6	1.03088E+6	8.41118E+4	2.05565E+6
8.73000E+1	2.72819E+4	1.31061E+4	3.56039E+6	1.04448E+6	8.40900E+4	2.08048E+6
8.74000E+1	2.74282E+4	1.32278E+4	3.41650E+6	1.03121E+6	8.42944E+4	2.02611E+6
8.75000E+1	2.72886E+4	1.32027E+4	3.50053E+6	1.04031E+6	8.41457E+4	2.03504E+6
8.76000E+1	2.74418E+4	1.32055E+4	3.48680E+6	1.03332E+6	8.43382E+4	2.12550E+6
8.77000E+1	2.73900E+4	1.32535E+4	3.48680E+6	1.03514E+6	8.41337E+4	2.06467E+6
8.78000E+1	2.74601E+4	1.33031E+4	3.63753E+6	1.07453E+6	8.39722E+4	2.06905E+6
8.79000E+1	2.74287E+4	1.35140E+4	3.54150E+6	1.04266E+6	8.46046E+4	2.08524E+6
8.80000E+1	2.75580E+4	1.34360E+4	3.54749E+6	1.04262E+6	8.40223E+4	2.05310E+6
8.81000E+1	2.77281E+4	1.36520E+4	3.64610E+6	1.04224E+6	8.41839E+4	2.05385E+6
8.82000E+1	2.76661E+4	1.35896E+4	3.31965E+6	1.02883E+6	8.40125E+4	2.04759E+6
8.83000E+1	2.76950E+4	1.36557E+4	3.44623E+6	1.03681E+6	8.39340E+4	2.06482E+6
8.84000E+1	2.79603E+4	1.38341E+4	3.61383E+6	1.05148E+6	8.40824E+4	2.10261E+6
8.85000E+1	2.76210E+4	1.38203E+4	3.49886E+6	1.04795E+6	8.42594E+4	2.03196E+6
8.86000E+1	2.77660E+4	1.38387E+4	3.57339E+6	1.03332E+6	8.40889E+4	2.03445E+6
8.87000E+1	2.78391E+4	1.40730E+4	3.64881E+6	1.06222E+6	8.42222E+4	2.13641E+6
8.88000E+1	2.78786E+4	1.39808E+4	3.48266E+6	1.03831E+6	8.36206E+4	2.07483E+6
8.89000E+1	2.79176E+4	1.40898E+4	3.44057E+6	1.03510E+6	8.35891E+4	2.13657E+6
8.90000E+1	2.78739E+4	1.41443E+4	3.63168E+6	1.06361E+6	8.35652E+4	2.17060E+6
8.91000E+1	2.77807E+4	1.41330E+4	3.66838E+6	1.04279E+6	8.36913E+4	2.08847E+6
8.92000E+1	2.79071E+4	1.44030E+4	3.48100E+6	1.05289E+6	8.37837E+4	2.10229E+6
8.93000E+1	2.80437E+4	1.43819E+4	3.56688E+6	1.05844E+6	8.39286E+4	2.10903E+6
8.94000E+1	2.79862E+4	1.44752E+4	3.47976E+6	1.03179E+6	8.36630E+4	2.08171E+6
8.95000E+1	2.78944E+4	1.45043E+4	3.79707E+6	1.06834E+6	8.39820E+4	2.12487E+6
8.96000E+1	2.81182E+4	1.45588E+4	3.72976E+6	1.07529E+6	8.37391E+4	2.14190E+6
8.97000E+1	2.80807E+4	1.46506E+4	3.43010E+6	1.04486E+6	8.32023E+4	2.15985E+6
8.98000E+1	2.80575E+4	1.46854E+4	3.64474E+6	1.05892E+6	8.38556E+4	2.14840E+6
8.99000E+1	2.81913E+4	1.48203E+4	3.73307E+6	1.05487E+6	8.34633E+4	2.12806E+6
9.00000E+1	2.82500E+4	1.47850E+4	3.61383E+6	1.05831E+6	8.39580E+4	2.11218E+6
9.01000E+1	2.82522E+4	1.48033E+4	3.67480E+6	1.06637E+6	8.38338E+4	2.20483E+6
9.02000E+1	2.81637E+4	1.50800E+4	3.53681E+6	1.05422E+6	8.36728E+4	2.19596E+6
9.03000E+1	2.81336E+4	1.49321E+4	3.49719E+6	1.05435E+6	8.35566E+4	2.18413E+6
9.04000E+1	2.82108E+4	1.50088E+4	3.55393E+6	1.06035E+6	8.35045E+4	2.13383E+6
9.05000E+1	2.82204E+4	1.51679E+4	3.69743E+6	1.05611E+6	8.34134E+4	2.10182E+6
9.06000E+1	2.83158E+4	1.52851E+4	3.68631E+6	1.06070E+6	8.33332E+4	2.15444E+6
9.07000E+1	2.82755E+4	1.52684E+4	3.61205E+6	1.05914E+6	8.33701E+4	2.17726E+6
9.08000E+1	2.83901E+4	1.54296E+4	3.80295E+6	1.06200E+6	8.35468E+4	2.14563E+6
9.09000E+1	2.84459E+4	1.53657E+4	3.38922E+6	1.06900E+6	8.31818E+4	2.22189E+6
9.10000E+1	2.82659E+4	1.54940E+4	3.85820E+6	1.05482E+6	8.34741E+4	2.17160E+6
9.11000E+1	2.83524E+4	1.55947E+4	3.70861E+6	1.06230E+6	8.33668E+4	2.15297E+6
9.12000E+1	2.84831E+4	1.56804E+4	3.40380E+6	1.06812E+6	8.33029E+4	2.14661E+6
9.13000E+1	2.83444E+4	1.57853E+4	3.54492E+6	1.05749E+6	8.32131E+4	2.17043E+6
9.14000E+1	2.84321E+4	1.57900E+4	3.48100E+6	1.07222E+6	8.33192E+4	2.11946E+6
9.15000E+1	2.83912E+4	1.58350E+4	3.52703E+6	1.08038E+6	8.34199E+4	2.17827E+6
9.16000E+1	2.84028E+4	1.58708E+4	3.66062E+6	1.07604E+6	8.33246E+4	2.14190E+6
9.17000E+1	2.85342E+4	1.59349E+4	3.78585E+6	1.06061E+6	8.32088E+4	2.17843E+6
9.18000E+1	2.85273E+4	1.60493E+4	3.76360E+6	1.08011E+6	8.30370E+4	2.24222E+6
9.19000E+1	2.86007E+4	1.61640E+4	3.69371E+6	1.05779E+6	8.32347E+4	2.21947E+6
9.20000E+1	2.85097E+4	1.61240E+4	3.67939E+6	1.06755E+6	8.30888E+4	2.15575E+6
9.21000E+1	2.86583E+4	1.62632E+4	3.63438E+6	1.05944E+6	8.34568E+4	2.15870E+6
9.22000E+1	2.86151E+4	1.63364E+4	3.78828E+6	1.06527E+6	8.30802E+4	2.19443E+6
9.23000E+1	2.86482E+4	1.64127E+4	3.81427E+6	1.07068E+6	8.30316E+4	2.19698E+6
9.24000E+1	2.86482E+4	1.64883E+4	3.78536E+6	1.06083E+6	8.32867E+4	2.21135E+6
9.25000E+1	2.86258E+4	1.65189E+4	3.82764E+6	1.06984E+6	8.31612E+4	2.23939E+6
9.26000E+1	2.85560E+4	1.65841E+4	3.50471E+6	1.06566E+6	8.30305E+4	2.08801E+6
9.27000E+1	2.87010E+4	1.66871E+4	3.86224E+6	1.09080E+6	8.31396E+4	2.23816E+6
9.28000E+1	2.86908E+4	1.68228E+4	3.63618E+6	1.07107E+6	8.30349E+4	2.18902E+6
9.29000E+1	2.86882E+4	1.68255E+4	3.77711E+6	1.07533E+6	8.30154E+4	2.21877E+6
9.30000E+1	2.86487E+4	1.68712E+4	3.67250E+6	1.06971E+6	8.30867E+4	2.18430E+6
9.31000E+1	2.87800E+4	1.69236E+4	3.82020E+6	1.06313E+6	8.30122E+4	2.21531E+6
9.32000E+1	2.89368E+4	1.70524E+4	3.68124E+6	1.07854E+6	8.29615E+4	2.20637E+6
9.33000E+1	2.87138E+4	1.70908E+4	3.78196E+6	1.08947E+6	8.31623E+4	2.31888E+6
9.34000E+1	2.85959E+4	1.71469E+4	3.77566E+6	1.06733E+6	8.28753E+4	2.20090E+6
9.35000E+1	2.87859E+4	1.72035E+4	3.63438E+6	1.07783E+6	8.27719E+4	2.23009E+6
9.36000E+1	2.88089E+4	1.72531E+4	3.84061E+6	1.08209E+6	8.33506E+4	2.29665E+6
9.37000E+1	2.86071E+4	1.73724E+4	3.55135E+6	1.08236E+6	8.27138E+4	2.14726E+6
9.38000E+1	2.88698E+4	1.74572E+4	3.60010E+6	1.07529E+6	8.28720E+4	2.25519E+6
9.39000E+1	2.87715E+4	1.75515E+4	3.61827E+6	1.08843E+6	8.30748E+4	2.30557E+6
9.40000E+1	2.88420E+4	1.75435E+4	3.61649E+6	1.06361E+6	8.28225E+4	2.16447E+6
9.41000E+1	2.87490E+4	1.76509E+4	3.66792E+6	1.05667E+6	8.26665E+4	2.20637E+6
9.42000E+1	2.87314E+4	1.77441E+4	3.79267E+6	1.07546E+6	8.27988E+4	2.25501E+6
9.43000E+1	2.87202E+4	1.76589E+4	3.68124E+6	1.07917E+6	8.27783E+4	2.21739E+6
9.44000E+1	2.88415E+4	1.78877E+4	3.72409E+6	1.07262E+6	8.29345E+4	2.21273E+6
9.45000E+1	2.88099E+4	1.79374E+4	3.70161E+6	1.06087E+6	8.28106E+4	2.32020E+6
9.46000E+1	2.88458E+4	1.79293E+4	3.73259E+6	1.07538E+6	8.28580E+4	2.18212E+6
9.47000E+1	2.88484E+4	1.80460E+4	3.80737E+6	1.08843E+6	8.28699E+4	2.25573E+6
9.48000E+1	2.88249E+4	1.80787E+4	3.72645E+6	1.08213E+6	8.29485E+4	2.16728E+6
9.49000E+1	2.89127E+4	1.81583E+4	3.80737E+6	1.07015E+6	8.26213E+4	2.19223E+6
9.50000E+1	2.90177E+4	1.83385E+4	3.87340E+6	1.10466E+6	8.29874E+4	2.31624E+6
9.51000E+1	2.89432E+4	1.83827E+4	3.66792E+6	1.07440E+6	8.26826E+4	2.15346E+6
9.52000E+1	2.89957E+4	1.84405E+4	3.73970E+6	1.06597E+6	8.27988E+4	2.20963E+6
9.53000E+1	2.88538E+4	1.83453E+4	3.67296E+6	1.07311E+6	8.28117E+4	2.29277E+6
9.54000E+1	2.91062E+4	1.84604E+4	3.86578E+6	1.07582E+6	8.27579E+4	2.24204E+6
9.55000E+1	2.90966E+4	1.86688E+4	3.76120E+6	1.09437E+6	8.28279E+4	2.30315E+6
9.56000E+1	2.89855E+4	1.85844E+4	3.64519E+6	1.06637E+6	8.26246E+4	2.21687E+6
9.57000E+1	2.89818E+4	1.86756E+4	3.82417E+6	1.08674E+6	8.26407E+4	2.28799E+6
9.58000E+1	2.90429E+4	1.88109E+4	3.76649E+6	1.09103E+6	8.26417E+4	2.27702E+6
9.59000E+1	2.92363E+4	1.88596E+4	3.80737E+6	1.07289E+6	8.27622E+4	2.27229E+6
9.60000E+1	2.91755E+4	1.88878E+4	3.74827E+6	1.08137E+6	8.27439E+4	2.25430E+6
9.61000E+1	2.90998E+4	1.90319E+4	3.60010E+6	1.08034E+6	8.26224E+4	2.24434E+6
9.62000E+1	2.91438E+4	1.90794E+4	3.76890E+6	1.08457E+6	8.25054E+4	2.16994E+6
9.63000E+1	2.92288E+4	1.92038E+4	3.65789E+6	1.07515E+6	8.27310E+4	2.23359E+6
9.64000E+1	2.91987E+4	1.92931E+4	3.68908E+6	1.11390E+6	8.25397E+4	2.22398E+6
9.65000E+1	2.90649E+4	1.93326E+4	4.01564E+6	1.08434E+6	8.24871E+4	2.22851E+6
9.66000E+1	2.92315E+4	1.93812E+4	3.83013E+6	1.08679E+6	8.27149E+4	2.28689E+6
9.67000E+1	2.92551E+4	1.94763E+4	3.84512E+6	1.08756E+6	8.26063E+4	2.38970E+6
9.68000E+1	2.92955E+4	1.94809E+4	3.74208E+6	1.09208E+6	8.28505E+4	2.23922E+6
9.69000E+1	2.93402E+4	1.96481E+4	3.72551E+6	1.09290E+6	8.24431E+4	2.27030E+6
9.70000E+1	2.91712E+4	1.96555E+4	3.74113E+6	1.07112E+6	8.27643E+4	2.28909E+6
9.71000E+1	2.92740E+4	1.96966E+4	3.76890E+6	1.08254E+6	8.24474E+4	2.26218E+6
9.72000E+1	2.92864E+4	1.97769E+4	4.04477E+6	1.08915E+6	8.27224E+4	2.27048E+6
9.73000E+1	2.92734E+4	1.97612E+4	3.75880E+6	1.09359E+6	8.24667E+4	2.22799E+6
9.74000E+1	2.92686E+4	1.98593E+4	3.87187E+6	1.11143E+6	8.26138E+4	2.26362E+6
9.75000E+1	2.93149E+4	2.00173E+4	3.91295E+6	1.10065E+6	8.26353E+4	2.31418E+6
9.76000E+1	2.92293E+4	2.00772E+4	3.69001E+6	1.08884E+6	8.24496E+4	2.27665E+6
9.77000E+1	2.91906E+4	2.00089E+4	3.67893E+6	1.09423E+6	8.25945E+4	2.26272E+6
9.78000E+1	2.94049E+4	2.01381E+4	3.69650E+6	1.08389E+6	8.25429E+4	2.38551E+6
9.79000E+1	2.92659E+4	2.02442E+4	4.00151E+6	1.10019E+6	8.22696E+4	2.25626E+6
9.80000E+1	2.92492E+4	2.04242E+4	3.74351E+6	1.10583E+6	8.26718E+4	2.30055E+6
9.81000E+1	2.91761E+4	2.03822E+4	3.73117E+6	1.08852E+6	8.26718E+4	2.29462E+6
9.82000E+1	2.92955E+4	2.04906E+4	3.76986E+6	1.08697E+6	8.26224E+4	2.29869E+6
9.83000E+1	2.90171E+4	2.05927E+4	3.80148E+6	1.09635E+6	8.27600E+4	2.38213E+6
9.84000E+1	2.92229E+4	2.07062E+4	3.88257E+6	1.08670E+6	8.25913E+4	2.32190E+6
9.85000E+1	2.89576E+4	2.06545E+4	3.62810E+6	1.09345E+6	8.25279E+4	2.26164E+6
9.86000E+1	2.90923E+4	2.08683E+4	3.92440E+6	1.12313E+6	8.26106E+4	2.29684E+6
9.87000E+1	2.91132E+4	2.07578E+4	3.61827E+6	1.09630E+6	8.25977E+4	2.30203E+6
9.88000E+1	2.90971E+4	2.09069E+4	3.90105E+6	1.10345E+6	8.31612E+4	2.31794E+6
9.89000E+1	2.90906E+4	2.09413E+4	3.71845E+6	1.09677E+6	8.29022E+4	2.30017E+6
9.90000E+1	2.91132E+4	2.10319E+4	3.77276E+6	1.09695E+6	8.26493E+4	2.33749E+6
9.91000E+1	2.89700E+4	2.11878E+4	3.91971E+6	1.12303E+6	8.25311E+4	2.35097E+6
9.92000E+1	2.90381E+4	2.11263E+4	3.64023E+6	1.08715E+6	8.26331E+4	2.29407E+6
9.93000E+1	2.91025E+4	2.12134E+4	3.93224E+6	1.09221E+6	8.26579E+4	2.29517E+6
9.94000E+1	2.89084E+4	2.11973E+4	3.74113E+6	1.08970E+6	8.24946E+4	2.33596E+6
9.95000E+1	2.90842E+4	2.14353E+4	3.73591E+6	1.09281E+6	8.28440E+4	2.32077E+6
9.96000E+1	2.91911E+4	2.14058E+4	3.64384E+6	1.09630E+6	8.25580E+4	2.30594E+6
9.97000E+1	2.93704E+4	2.15004E+4	3.77179E+6	1.09626E+6	8.23563E+4	2.25234E+6
9.98000E+1	2.91358E+4	2.16056E+4	3.89590E+6	1.09368E+6	8.25021E+4	2.31249E+6
9.99000E+1	2.92288E+4	2.14757E+4	3.88053E+6	1.10794E+6	8.20611E+4	2.36557E+6
1.00000E+2	2.92648E+4	2.17860E+4	3.79560E+6	1.10298E+6	8.24217E+4	2.30017E+6
1.00100E+2	2.92525E+4	2.17993E+4	3.71892E+6	1.08584E+6	8.23917E+4	2.29758E+6
1.00200E+2	2.90858E+4	2.16318E+4	3.76168E+6	1.08516E+6	8.23295E+4	2.30538E+6
1.00300E+2	2.93596E+4	2.17941E+4	3.67801E+6	1.10098E+6	8.24110E+4	2.32815E+6
1.00400E+2	2.89866E+4	2.20388E+4	3.87951E+6	1.09221E+6	8.23124E+4	2.31926E+6
1.00500E+2	2.92740E+4	2.20167E+4	3.74303E+6	1.10997E+6	8.23403E+4	2.35893E+6
1.00600E+2	2.91943E+4	2.19712E+4	3.72080E+6	1.09963E+6	8.21359E+4	2.28799E+6
1.00700E+2	2.93613E+4	2.21286E+4	3.74732E+6	1.08025E+6	8.20942E+4	2.33196E+6
1.00800E+2	2.93225E+4	2.20700E+4	3.87136E+6	1.10522E+6	8.22439E+4	2.32455E+6
1.00900E+2	2.92584E+4	2.22724E+4	3.65153E+6	1.08434E+6	8.19011E+4	2.33196E+6
1.01000E+2	2.92627E+4	2.23447E+4	3.90312E+6	1.09025E+6	8.21519E+4	2.38770E+6
1.01100E+2	2.93187E+4	2.22503E+4	3.55479E+6	1.07462E+6	8.19053E+4	2.33482E+6
1.01200E+2	2.93731E+4	2.25050E+4	3.89848E+6	1.08326E+6	8.20088E+4	2.38173E+6
1.01300E+2	2.93521E+4	2.25147E+4	3.84562E+6	1.08733E+6	8.20974E+4	2.31775E+6
1.01400E+2	2.91906E+4	2.25161E+4	3.63933E+6	1.09908E+6	8.18457E+4	2.25216E+6
1.01500E+2	2.93915E+4	2.25597E+4	3.83661E+6	1.09414E+6	8.19149E+4	2.28872E+6
1.01600E+2	2.93392E+4	2.27531E+4	3.70814E+6	1.09350E+6	8.21359E+4	2.29480E+6
1.01700E+2	2.95016E+4	2.25442E+4	3.71939E+6	1.08838E+6	8.16530E+4	2.33616E+6
1.01800E+2	2.94022E+4	2.27244E+4	3.74923E+6	1.09075E+6	8.15903E+4	2.32986E+6
1.01900E+2	2.93138E+4	2.28279E+4	3.72221E+6	1.08155E+6	8.17988E+4	2.34826E+6
1.02000E+2	2.91863E+4	2.28760E+4	3.75688E+6	1.07685E+6	8.16190E+4	2.30706E+6
1.02100E+2	2.91578E+4	2.29690E+4	4.04422E+6	1.11323E+6	8.16966E+4	2.30762E+6
1.02200E+2	2.91196E+4	2.29875E+4	3.90725E+6	1.09071E+6	8.16328E+4	2.37975E+6
1.02300E+2	2.91379E+4	2.31143E+4	3.76168E+6	1.09492E+6	8.16073E+4	2.40557E+6
1.02400E+2	2.89678E+4	2.31646E+4	3.77857E+6	1.08952E+6	8.17222E+4	2.31511E+6
1.02500E+2	2.89346E+4	2.32400E+4	3.87238E+6	1.07689E+6	8.16988E+4	2.27647E+6
1.02600E+2	2.89389E+4	2.32062E+4	3.99447E+6	1.08765E+6	8.16945E+4	2.39010E+6
1.02700E+2	2.88148E+4	2.31573E+4	3.82665E+6	1.08661E+6	8.17062E+4	2.42617E+6
1.02800E+2	2.85890E+4	2.32801E+4	3.75784E+6	1.08779E+6	8.16254E+4	2.33960E+6
1.02900E+2	2.88682E+4	2.34488E+4	3.61294E+6	1.07613E+6	8.15203E+4	2.40902E+6
1.03000E+2	2.85619E+4	2.35185E+4	3.55393E+6	1.08874E+6	8.14449E+4	2.36107E+6
1.03100E+2	2.86898E+4	2.34384E+4	4.00151E+6	1.08177E+6	8.15160E+4	2.35834E+6
1.03200E+2	2.87111E+4	2.35834E+4	3.79023E+6	1.07063E+6	8.16562E+4	2.36812E+6
1.03300E+2	2.87314E+4	2.37278E+4	3.80050E+6	1.08047E+6	8.14980E+4	2.34768E+6
1.03400E+2	2.87079E+4	2.36868E+4	3.67067E+6	1.07315E+6	8.15967E+4	2.30837E+6
1.03500E+2	2.85581E+4	2.36809E+4	3.97298E+6	1.08566E+6	8.11675E+4	2.28249E+6
1.03600E+2	2.87298E+4	2.38660E+4	3.62631E+6	1.06803E+6	8.14057E+4	2.30520E+6
1.03700E+2	2.85672E+4	2.39912E+4	3.76312E+6	1.07068E+6	8.13124E+4	2.36537E+6
1.03800E+2	2.87111E+4	2.39011E+4	3.54835E+6	1.08308E+6	8.11696E+4	2.37955E+6
1.03900E+2	2.86892E+4	2.40983E+4	3.68492E+6	1.08110E+6	8.14725E+4	2.36381E+6
1.04000E+2	2.88864E+4	2.41762E+4	3.74113E+6	1.08870E+6	8.12722E+4	2.37698E+6
1.04100E+2	2.85997E+4	2.42021E+4	3.60319E+6	1.07555E+6	8.11854E+4	2.37916E+6
1.04200E+2	2.89480E+4	2.41459E+4	3.72080E+6	1.10611E+6	8.15818E+4	2.35679E+6
1.04300E+2	2.90874E+4	2.42612E+4	3.58036E+6	1.07320E+6	8.12870E+4	2.42206E+6
1.04400E+2	2.91266E+4	2.43234E+4	3.78342E+6	1.08575E+6	8.13400E+4	2.39269E+6
1.04500E+2	2.90075E+4	2.44042E+4	3.65971E+6	1.09116E+6	8.13442E+4	2.36616E+6
1.04600E+2	2.91610E+4	2.43777E+4	3.87492E+6	1.08155E+6	8.12214E+4	2.36479E+6
1.04700E+2	2.93844E+4	2.44670E+4	3.68539E+6	1.07783E+6	8.12754E+4	2.31155E+6
1.04800E+2	2.91347E+4	2.46795E+4	3.72551E+6	1.06374E+6	8.14439E+4	2.42411E+6
1.04900E+2	2.92062E+4	2.46730E+4	3.90467E+6	1.08756E+6	8.12500E+4	2.40053E+6
1.05000E+2	2.91847E+4	2.47441E+4	3.88462E+6	1.07160E+6	8.11537E+4	2.35174E+6
1.05100E+2	2.90509E+4	2.47562E+4	3.75880E+6	1.07386E+6	8.09478E+4	2.37323E+6
1.05200E+2	2.93392E+4	2.48254E+4	3.84662E+6	1.07707E+6	8.13559E+4	2.41267E+6
1.05300E+2	2.91669E+4	2.48786E+4	3.61161E+6	1.08693E+6	8.12426E+4	2.35698E+6
1.05400E+2	2.96715E+4	2.50472E+4	3.84011E+6	1.08733E+6	8.13898E+4	2.43276E+6
1.05500E+2	2.95037E+4	2.49686E+4	3.85014E+6	1.08534E+6	8.12849E+4	2.31587E+6
1.05600E+2	2.96081E+4	2.50860E+4	3.81131E+6	1.10359E+6	8.11537E+4	2.33711E+6
1.05700E+2	2.97511E+4	2.51419E+4	3.78877E+6	1.08331E+6	8.10586E+4	2.36792E+6
1.05800E+2	2.96509E+4	2.51102E+4	3.70254E+6	1.08290E+6	8.11685E+4	2.33463E+6
1.05900E+2	2.98543E+4	2.53233E+4	3.90054E+6	1.09080E+6	8.08455E+4	2.35232E+6
1.06000E+2	2.98869E+4	2.53249E+4	3.70115E+6	1.08911E+6	8.08919E+4	2.37836E+6
1.06100E+2	3.00387E+4	2.54079E+4	3.86933E+6	1.09649E+6	8.09847E+4	2.38213E+6
1.06200E+2	3.02297E+4	2.55184E+4	3.76360E+6	1.07707E+6	8.09625E+4	2.32531E+6
1.06300E+2	3.01587E+4	2.53643E+4	3.83412E+6	1.10079E+6	8.10597E+4	2.40436E+6
1.06400E+2	3.02160E+4	2.55413E+4	3.80885E+6	1.08970E+6	8.10333E+4	2.40476E+6
1.06500E+2	3.04277E+4	2.57748E+4	3.87187E+6	1.09635E+6	8.11992E+4	2.40760E+6
1.06600E+2	3.04623E+4	2.56516E+4	3.78682E+6	1.09212E+6	8.14683E+4	2.31737E+6
1.06700E+2	3.02860E+4	2.57386E+4	3.93959E+6	1.11413E+6	8.11389E+4	2.46119E+6
1.06800E+2	3.02805E+4	2.59330E+4	4.04920E+6	1.11461E+6	8.10649E+4	2.43463E+6
1.06900E+2	3.02674E+4	2.58768E+4	3.90932E+6	1.09557E+6	8.09193E+4	2.32739E+6
1.07000E+2	3.03960E+4	2.58987E+4	3.81181E+6	1.10154E+6	8.08139E+4	2.35756E+6
1.07100E+2	3.02920E+4	2.59534E+4	3.90725E+6	1.09783E+6	8.09067E+4	2.45992E+6
1.07200E+2	3.02466E+4	2.60716E+4	3.77518E+6	1.09686E+6	8.10048E+4	2.33596E+6
1.07300E+2	3.04267E+4	2.60757E+4	3.83611E+6	1.08412E+6	8.07581E+4	2.44627E+6
1.07400E+2	3.04288E+4	2.62269E+4	3.92440E+6	1.08579E+6	8.08476E+4	2.51557E+6
1.07500E+2	3.05243E+4	2.62485E+4	3.82764E+6	1.08227E+6	8.07318E+4	2.45465E+6
1.07600E+2	3.05638E+4	2.63410E+4	3.97138E+6	1.09635E+6	8.08181E+4	2.43877E+6
1.07700E+2	3.05144E+4	2.63976E+4	3.80787E+6	1.09935E+6	8.08993E+4	2.33616E+6
1.07800E+2	3.06259E+4	2.64084E+4	3.89642E+6	1.10714E+6	8.07297E+4	2.34691E+6
1.07900E+2	3.07877E+4	2.65728E+4	3.91088E+6	1.09898E+6	8.05258E+4	2.39590E+6
1.08000E+2	3.07321E+4	2.65542E+4	3.90002E+6	1.09968E+6	8.07392E+4	2.35776E+6
1.08100E+2	3.06429E+4	2.66555E+4	4.01455E+6	1.11570E+6	8.07855E+4	2.48508E+6
1.08200E+2	3.05550E+4	2.66756E+4	4.11685E+6	1.09029E+6	8.02553E+4	2.36010E+6
1.08300E+2	3.06715E+4	2.67817E+4	4.21354E+6	1.08797E+6	8.05709E+4	2.38950E+6
1.08400E+2	3.06341E+4	2.68008E+4	3.99772E+6	1.09801E+6	8.04135E+4	2.39470E+6
1.08500E+2	3.07194E+4	2.68661E+4	4.07769E+6	1.10279E+6	8.03925E+4	2.47222E+6
1.08600E+2	3.07673E+4	2.68283E+4	3.96551E+6	1.09566E+6	8.06529E+4	2.44168E+6
1.08700E+2	3.06952E+4	2.69949E+4	4.13122E+6	1.09875E+6	8.07434E+4	2.40983E+6
1.08800E+2	3.05243E+4	2.70042E+4	3.72127E+6	1.09309E+6	8.05069E+4	2.37087E+6
1.08900E+2	3.07690E+4	2.70656E+4	3.98477E+6	1.10964E+6	8.04292E+4	2.40537E+6
1.09000E+2	3.06490E+4	2.71801E+4	3.76842E+6	1.08797E+6	8.09119E+4	2.33654E+6
1.09100E+2	3.07167E+4	2.71041E+4	4.03153E+6	1.11252E+6	8.04166E+4	2.39109E+6
1.09200E+2	3.06600E+4	2.72677E+4	4.02933E+6	1.09704E+6	8.03558E+4	2.35562E+6
1.09300E+2	3.07574E+4	2.73690E+4	4.03043E+6	1.11427E+6	8.00733E+4	2.51007E+6
1.09400E+2	3.07442E+4	2.74914E+4	3.94749E+6	1.09894E+6	8.03370E+4	2.37481E+6
1.09500E+2	3.07101E+4	2.75134E+4	3.92544E+6	1.14083E+6	8.03045E+4	2.44982E+6
1.09600E+2	3.08693E+4	2.74752E+4	4.08670E+6	1.09584E+6	8.03758E+4	2.47649E+6
1.09700E+2	3.07596E+4	2.75155E+4	3.95966E+6	1.10625E+6	8.02249E+4	2.40153E+6
1.09800E+2	3.07569E+4	2.76403E+4	3.96126E+6	1.09171E+6	8.06603E+4	2.42411E+6
1.09900E+2	3.08076E+4	2.78606E+4	3.71469E+6	1.10527E+6	8.03087E+4	2.44585E+6
1.10000E+2	3.08743E+4	2.78680E+4	3.91036E+6	1.09469E+6	8.03485E+4	2.40295E+6
1.10100E+2	3.08004E+4	2.78117E+4	3.94327E+6	1.10354E+6	8.04376E+4	2.43919E+6
1.10200E+2	3.08688E+4	2.79471E+4	4.01292E+6	1.09949E+6	8.01841E+4	2.37836E+6
1.10300E+2	3.09372E+4	2.78854E+4	3.89436E+6	1.10452E+6	8.04376E+4	2.43029E+6
1.10400E+2	3.10600E+4	2.80648E+4	3.89745E+6	1.09787E+6	8.02323E+4	2.50154E+6
1.10500E+2	3.09604E+4	2.79956E+4	4.10884E+6	1.11039E+6	8.07307E+4	2.40881E+6
1.10600E+2	3.08798E+4	2.80955E+4	4.04201E+6	1.10564E+6	8.03255E+4	2.42309E+6
1.10700E+2	3.09074E+4	2.81494E+4	3.89796E+6	1.08715E+6	8.02312E+4	2.49090E+6
1.10800E+2	3.10998E+4	2.81409E+4	3.96818E+6	1.10154E+6	8.07244E+4	2.40780E+6
1.10900E+2	3.09925E+4	2.82887E+4	3.96924E+6	1.09922E+6	8.01507E+4	2.38491E+6
1.11000E+2	3.10810E+4	2.84187E+4	3.83461E+6	1.09520E+6	8.03024E+4	2.39650E+6
1.11100E+2	3.10345E+4	2.84453E+4	4.01237E+6	1.09996E+6	8.02919E+4	2.43670E+6
1.11200E+2	3.08919E+4	2.83248E+4	3.92805E+6	1.09112E+6	8.01643E+4	2.40214E+6
1.11300E+2	3.09836E+4	2.85464E+4	4.08896E+6	1.09834E+6	8.01590E+4	2.46967E+6
1.11400E+2	3.09842E+4	2.85442E+4	3.88667E+6	1.10898E+6	8.02658E+4	2.47052E+6
1.11500E+2	3.10329E+4	2.85597E+4	3.99880E+6	1.10959E+6	8.02239E+4	2.45886E+6
1.11600E+2	3.09941E+4	2.87084E+4	4.06591E+6	1.10898E+6	8.01455E+4	2.44815E+6
1.11700E+2	3.11264E+4	2.86471E+4	3.92440E+6	1.10135E+6	8.02406E+4	2.49350E+6
1.11800E+2	3.10467E+4	2.86668E+4	4.00965E+6	1.08507E+6	8.00744E+4	2.59623E+6
1.11900E+2	3.10644E+4	2.88249E+4	3.99123E+6	1.10000E+6	8.00305E+4	2.46797E+6
1.12000E+2	3.08942E+4	2.87848E+4	3.78342E+6	1.10457E+6	8.00326E+4	2.35854E+6
1.12100E+2	3.11674E+4	2.90579E+4	4.16201E+6	1.11134E+6	8.03097E+4	2.46245E+6
1.12200E+2	3.11369E+4	2.90525E+4	4.07207E+6	1.08407E+6	8.02082E+4	2.37540E+6
1.12300E+2	3.13567E+4	2.91422E+4	3.95966E+6	1.10340E+6	8.01465E+4	2.55019E+6
1.12400E+2	3.10943E+4	2.91889E+4	4.07600E+6	1.10780E+6	8.02009E+4	2.38352E+6
1.12500E+2	3.12245E+4	2.91234E+4	3.80787E+6	1.10168E+6	8.00159E+4	2.44731E+6
1.12600E+2	3.12323E+4	2.92169E+4	4.19920E+6	1.12168E+6	8.00002E+4	2.45066E+6
1.12700E+2	3.11397E+4	2.92788E+4	4.01074E+6	1.10275E+6	7.99376E+4	2.48035E+6
1.12800E+2	3.13250E+4	2.94087E+4	4.12258E+6	1.11489E+6	8.04366E+4	2.57255E+6
1.12900E+2	3.13272E+4	2.96162E+4	4.10998E+6	1.10766E+6	7.98980E+4	2.47180E+6
1.13000E+2	3.14485E+4	2.95086E+4	4.10030E+6	1.11661E+6	8.00901E+4	2.52442E+6
1.13100E+2	3.14129E+4	2.94518E+4	4.05865E+6	1.14922E+6	8.00462E+4	2.44106E+6
1.13200E+2	3.12878E+4	2.96037E+4	3.90467E+6	1.09465E+6	8.00535E+4	2.49112E+6
1.13300E+2	3.12195E+4	2.96043E+4	3.83162E+6	1.11551E+6	8.02124E+4	2.49762E+6
1.13400E+2	3.11347E+4	2.96963E+4	4.19028E+6	1.11646E+6	7.99888E+4	2.51822E+6
1.13500E+2	3.14351E+4	2.98043E+4	4.08501E+6	1.10902E+6	7.97428E+4	2.51955E+6
1.13600E+2	3.12939E+4	2.97630E+4	3.95489E+6	1.11718E+6	7.96419E+4	2.50372E+6
1.13700E+2	3.11790E+4	2.99488E+4	4.20935E+6	1.11871E+6	8.00817E+4	2.47478E+6
1.13800E+2	3.10666E+4	3.00844E+4	3.86832E+6	1.10940E+6	7.97365E+4	2.43545E+6
1.13900E+2	3.08109E+4	3.01193E+4	4.00911E+6	1.10771E+6	7.99961E+4	2.54117E+6
1.14000E+2	3.07547E+4	2.99358E+4	4.34511E+6	1.11295E+6	7.98469E+4	2.41613E+6
1.14100E+2	3.08417E+4	3.01395E+4	4.10485E+6	1.13584E+6	7.97313E+4	2.48572E+6
1.14200E+2	3.03752E+4	3.01450E+4	3.83511E+6	1.11852E+6	7.99940E+4	2.48013E+6
1.14300E+2	3.05611E+4	3.01897E+4	3.71188E+6	1.11852E+6	7.97199E+4	2.59225E+6
1.14400E+2	3.03954E+4	3.03850E+4	3.91295E+6	1.11143E+6	8.00190E+4	2.46606E+6
1.14500E+2	3.02242E+4	3.04041E+4	3.83661E+6	1.10247E+6	7.98167E+4	2.46860E+6
1.14600E+2	3.02182E+4	3.02624E+4	3.99988E+6	1.10163E+6	7.96845E+4	2.51227E+6
1.14700E+2	3.01723E+4	3.03811E+4	3.83761E+6	1.10307E+6	7.96097E+4	2.51756E+6
1.14800E+2	3.01832E+4	3.03773E+4	4.08840E+6	1.11594E+6	7.99773E+4	2.57232E+6
1.14900E+2	3.03927E+4	3.05544E+4	4.00639E+6	1.10775E+6	7.97803E+4	2.55404E+6
1.15000E+2	3.02739E+4	3.04332E+4	4.11055E+6	1.10261E+6	7.99043E+4	2.49047E+6
