0.00000E+0	3.96487E+4	9.14241E+4	4.04571E+6	1.26857E+6	8.02157E+4	3.20717E+6
1.00000E-1	3.55749E+4	8.55049E+4	4.00786E+6	1.21361E+6	7.43898E+4	2.98038E+6
2.00000E-1	3.57165E+4	8.52680E+4	4.53405E+6	1.25071E+6	7.44055E+4	3.21884E+6
3.00000E-1	3.58383E+4	8.55604E+4	4.53543E+6	1.26203E+6	7.47531E+4	3.34290E+6
4.00000E-1	3.58627E+4	8.54795E+4	4.44516E+6	1.25006E+6	7.45153E+4	3.24892E+6
5.00000E-1	3.55974E+4	8.51244E+4	4.27846E+6	1.26149E+6	7.46489E+4	3.31037E+6
6.00000E-1	3.57694E+4	8.50526E+4	3.99431E+6	1.22641E+6	7.42146E+4	3.16680E+6
7.00000E-1	3.55932E+4	8.44851E+4	3.91591E+6	1.19212E+6	7.38536E+4	2.97398E+6
8.00000E-1	3.57094E+4	8.48598E+4	3.87834E+6	1.22578E+6	7.39062E+4	3.04818E+6
9.00000E-1	3.60568E+4	8.53167E+4	4.30893E+6	1.26310E+6	7.41257E+4	3.34519E+6
1.00000E+0	3.60753E+4	8.51464E+4	4.41672E+6	1.24754E+6	7.42733E+4	3.26526E+6
1.10000E+0	3.58436E+4	8.44117E+4	3.80084E+6	1.22862E+6	7.42469E+4	3.02284E+6
1.20000E+0	3.58234E+4	8.42267E+4	4.00351E+6	1.22414E+6	7.40173E+4	3.01813E+6
1.30000E+0	3.56661E+4	8.45037E+4	4.06462E+6	1.25436E+6	7.45605E+4	3.05137E+6
1.40000E+0	3.59079E+4	8.45202E+4	4.26062E+6	1.27299E+6	7.42224E+4	3.22952E+6
1.50000E+0	3.58424E+4	8.43448E+4	4.07639E+6	1.25631E+6	7.42400E+4	3.12270E+6
1.60000E+0	3.60783E+4	8.47101E+4	4.42990E+6	1.27476E+6	7.41364E+4	3.28618E+6
1.70000E+0	3.61087E+4	8.50603E+4	4.68256E+6	1.30094E+6	7.44231E+4	3.40075E+6
1.80000E+0	3.58995E+4	8.44380E+4	4.26246E+6	1.27033E+6	7.41784E+4	3.21813E+6
1.90000E+0	3.57670E+4	8.40006E+4	3.94786E+6	1.24690E+6	7.39237E+4	3.13580E+6
2.00000E+0	3.58436E+4	8.40061E+4	4.14609E+6	1.21122E+6	7.39734E+4	3.00379E+6
2.10000E+0	3.57397E+4	8.41862E+4	4.00786E+6	1.22375E+6	7.37942E+4	3.02945E+6
2.20000E+0	3.55151E+4	8.38774E+4	4.14261E+6	1.23882E+6	7.39890E+4	3.03040E+6
2.30000E+0	3.58424E+4	8.38557E+4	4.09899E+6	1.22527E+6	7.39734E+4	3.12471E+6
2.40000E+0	3.60336E+4	8.43667E+4	4.55280E+6	1.28315E+6	7.42723E+4	3.35978E+6
2.50000E+0	3.62061E+4	8.44982E+4	4.53059E+6	1.29433E+6	7.44016E+4	3.32731E+6
2.60000E+0	3.60681E+4	8.43711E+4	4.68773E+6	1.26978E+6	7.42635E+4	3.39209E+6
2.70000E+0	3.59996E+4	8.41207E+4	4.36796E+6	1.24027E+6	7.41267E+4	3.16748E+6
2.80000E+0	3.57480E+4	8.41261E+4	3.86158E+6	1.20089E+6	7.36027E+4	3.04053E+6
2.90000E+0	3.55956E+4	8.36881E+4	3.87681E+6	1.24924E+6	7.40817E+4	3.06423E+6
3.00000E+0	3.53567E+4	8.34514E+4	4.04848E+6	1.22578E+6	7.40368E+4	3.16748E+6
3.10000E+0	3.55678E+4	8.39036E+4	4.25328E+6	1.26221E+6	7.41990E+4	3.27624E+6
3.20000E+0	3.57652E+4	8.42136E+4	4.45383E+6	1.26251E+6	7.44761E+4	3.38347E+6
3.30000E+0	3.58109E+4	8.42420E+4	4.48680E+6	1.26209E+6	7.42254E+4	3.22667E+6
3.40000E+0	3.56744E+4	8.37294E+4	4.19129E+6	1.22178E+6	7.41706E+4	3.14358E+6
3.50000E+0	3.55429E+4	8.36446E+4	3.75817E+6	1.22138E+6	7.39959E+4	2.91662E+6
3.60000E+0	3.55695E+4	8.37436E+4	3.86715E+6	1.20725E+6	7.40476E+4	3.11536E+6
3.70000E+0	3.55968E+4	8.34948E+4	4.08823E+6	1.22009E+6	7.39812E+4	3.16714E+6
3.80000E+0	3.57254E+4	8.33897E+4	3.97282E+6	1.24550E+6	7.38740E+4	3.10772E+6
3.90000E+0	3.52429E+4	8.31959E+4	3.79595E+6	1.21556E+6	7.38614E+4	2.93135E+6
4.00000E+0	3.52942E+4	8.30641E+4	3.83098E+6	1.21095E+6	7.40202E+4	3.00317E+6
4.10000E+0	3.54181E+4	8.32327E+4	3.72395E+6	1.21039E+6	7.38234E+4	2.97794E+6
4.20000E+0	3.56015E+4	8.33171E+4	4.09615E+6	1.25395E+6	7.40827E+4	3.22346E+6
4.30000E+0	3.59716E+4	8.35252E+4	4.60214E+6	1.26042E+6	7.47265E+4	3.33832E+6
4.40000E+0	3.58038E+4	8.34547E+4	3.93838E+6	1.24416E+6	7.42831E+4	3.23811E+6
4.50000E+0	3.60330E+4	8.36881E+4	3.89524E+6	1.22595E+6	7.43389E+4	3.05650E+6
4.60000E+0	3.57890E+4	8.33084E+4	3.98946E+6	1.22239E+6	7.37475E+4	3.08500E+6
4.70000E+0	3.57480E+4	8.32695E+4	3.90865E+6	1.22211E+6	7.37650E+4	3.06745E+6
4.80000E+0	3.59132E+4	8.34070E+4	4.50449E+6	1.26972E+6	7.41990E+4	3.32164E+6
4.90000E+0	3.59573E+4	8.32251E+4	4.46253E+6	1.27457E+6	7.41716E+4	3.21282E+6
5.00000E+0	3.62324E+4	8.34840E+4	4.57031E+6	1.27830E+6	7.43663E+4	3.43424E+6
5.10000E+0	3.61601E+4	8.36001E+4	4.55839E+6	1.32637E+6	7.42567E+4	3.42460E+6
5.20000E+0	3.60413E+4	8.32392E+4	4.65691E+6	1.27299E+6	7.43898E+4	3.30475E+6
5.30000E+0	3.60455E+4	8.34103E+4	4.36924E+6	1.24672E+6	7.43448E+4	3.15617E+6
5.40000E+0	3.53715E+4	8.31765E+4	4.23807E+6	1.25821E+6	7.41638E+4	3.15754E+6
5.50000E+0	3.55968E+4	8.33615E+4	4.35385E+6	1.25774E+6	7.41442E+4	3.23524E+6
5.60000E+0	3.59251E+4	8.34428E+4	4.49563E+6	1.30723E+6	7.46626E+4	3.35055E+6
5.70000E+0	3.58003E+4	8.38916E+4	4.32339E+6	1.28364E+6	7.42948E+4	3.32920E+6
5.80000E+0	3.60908E+4	8.33528E+4	4.41081E+6	1.25720E+6	7.46272E+4	3.33414E+6
5.90000E+0	3.58020E+4	8.32316E+4	4.40361E+6	1.25851E+6	7.43849E+4	3.32429E+6
6.00000E+0	3.56786E+4	8.30630E+4	4.45316E+6	1.26203E+6	7.45988E+4	3.55277E+6
6.10000E+0	3.56454E+4	8.31938E+4	4.66129E+6	1.26912E+6	7.43800E+4	3.30140E+6
6.20000E+0	3.56394E+4	8.32879E+4	4.38409E+6	1.26191E+6	7.45389E+4	3.39170E+6
6.30000E+0	3.57130E+4	8.29433E+4	3.84948E+6	1.22172E+6	7.40202E+4	3.20506E+6
6.40000E+0	3.52611E+4	8.24862E+4	3.74146E+6	1.21891E+6	7.39188E+4	3.07037E+6
6.50000E+0	3.53555E+4	8.28646E+4	4.25756E+6	1.24375E+6	7.40573E+4	3.16748E+6
6.60000E+0	3.53650E+4	8.29249E+4	4.36474E+6	1.27750E+6	7.43996E+4	3.14155E+6
6.70000E+0	3.55370E+4	8.30943E+4	4.32024E+6	1.24678E+6	7.43977E+4	3.27330E+6
6.80000E+0	3.55464E+4	8.29605E+4	4.50586E+6	1.24795E+6	7.47413E+4	3.36055E+6
6.90000E+0	3.54879E+4	8.29411E+4	4.61787E+6	1.27111E+6	7.43301E+4	3.33794E+6
7.00000E+0	3.57486E+4	8.31948E+4	4.22779E+6	1.26185E+6	7.44075E+4	3.33794E+6
7.10000E+0	3.59388E+4	8.27343E+4	4.67447E+6	1.25602E+6	7.46695E+4	3.30102E+6
7.20000E+0	3.55997E+4	8.25559E+4	4.12931E+6	1.20918E+6	7.40427E+4	3.09583E+6
7.30000E+0	3.54642E+4	8.29163E+4	4.09445E+6	1.21768E+6	7.39081E+4	3.24964E+6
7.40000E+0	3.56703E+4	8.26042E+4	4.06016E+6	1.23250E+6	7.40534E+4	3.34023E+6
7.50000E+0	3.55642E+4	8.30404E+4	4.34365E+6	1.27178E+6	7.44584E+4	3.34023E+6
7.60000E+0	3.56827E+4	8.27784E+4	4.33286E+6	1.27342E+6	7.45104E+4	3.41503E+6
7.70000E+0	3.61296E+4	8.26053E+4	4.12816E+6	1.27117E+6	7.41589E+4	3.28877E+6
7.80000E+0	3.60383E+4	8.30188E+4	4.33160E+6	1.25994E+6	7.44388E+4	3.43263E+6
7.90000E+0	3.59019E+4	8.24293E+4	4.11210E+6	1.23588E+6	7.39900E+4	3.13143E+6
8.00000E+0	3.58823E+4	8.22761E+4	4.05015E+6	1.21846E+6	7.39822E+4	3.04181E+6
8.10000E+0	3.58787E+4	8.24357E+4	3.83996E+6	1.20692E+6	7.39471E+4	3.06423E+6
8.20000E+0	3.56940E+4	8.24282E+4	4.01985E+6	1.24795E+6	7.39101E+4	3.09517E+6
8.30000E+0	3.58484E+4	8.25806E+4	4.41409E+6	1.25685E+6	7.41491E+4	3.15378E+6
8.40000E+0	3.58740E+4	8.27365E+4	4.47800E+6	1.26532E+6	7.40495E+4	3.21211E+6
8.50000E+0	3.56685E+4	8.21403E+4	3.88191E+6	1.22556E+6	7.37543E+4	3.10904E+6
8.60000E+0	3.55606E+4	8.18884E+4	3.81314E+6	1.20335E+6	7.38906E+4	3.05458E+6
8.70000E+0	3.56857E+4	8.19588E+4	4.01330E+6	1.23090E+6	7.40876E+4	2.96578E+6
8.80000E+0	3.61290E+4	8.24336E+4	4.27908E+6	1.26942E+6	7.45771E+4	3.34787E+6
8.90000E+0	3.62150E+4	8.28409E+4	4.58652E+6	1.27324E+6	7.42674E+4	3.44392E+6
9.00000E+0	3.60747E+4	8.26440E+4	4.53543E+6	1.27002E+6	7.44771E+4	3.38229E+6
9.10000E+0	3.59347E+4	8.22793E+4	4.00949E+6	1.21533E+6	7.40632E+4	3.03673E+6
9.20000E+0	3.61159E+4	8.18426E+4	3.83996E+6	1.19530E+6	7.40124E+4	3.06778E+6
9.30000E+0	3.58984E+4	8.19822E+4	3.87426E+6	1.21841E+6	7.37475E+4	3.02378E+6
9.40000E+0	3.57521E+4	8.17276E+4	3.85552E+6	1.19850E+6	7.40690E+4	2.97733E+6
9.50000E+0	3.59216E+4	8.18128E+4	3.74099E+6	1.20582E+6	7.37845E+4	2.87043E+6
9.60000E+0	3.58383E+4	8.21606E+4	4.04018E+6	1.20648E+6	7.40681E+4	3.00255E+6
9.70000E+0	3.60353E+4	8.22248E+4	4.31709E+6	1.23330E+6	7.41149E+4	3.12605E+6
9.80000E+0	3.62593E+4	8.22708E+4	4.24414E+6	1.26065E+6	7.43134E+4	3.15140E+6
9.90000E+0	3.57296E+4	8.17244E+4	3.94417E+6	1.23801E+6	7.38945E+4	2.98222E+6
1.00000E+1	3.59823E+4	8.20207E+4	3.98246E+6	1.22330E+6	7.38195E+4	2.94622E+6
1.01000E+1	3.62461E+4	8.21798E+4	4.02533E+6	1.22930E+6	7.40310E+4	3.10871E+6
1.02000E+1	3.59811E+4	8.20164E+4	4.19723E+6	1.23342E+6	7.39705E+4	2.94622E+6
1.03000E+1	3.62527E+4	8.21414E+4	4.62361E+6	1.25489E+6	7.41980E+4	3.28176E+6
1.04000E+1	3.63071E+4	8.21520E+4	4.21096E+6	1.22919E+6	7.41394E+4	3.14460E+6
1.05000E+1	3.60759E+4	8.17180E+4	3.87885E+6	1.24625E+6	7.40690E+4	3.06681E+6
1.06000E+1	3.57878E+4	8.19321E+4	4.02587E+6	1.25976E+6	7.40671E+4	3.10474E+6
1.07000E+1	3.60073E+4	8.15777E+4	4.13740E+6	1.23181E+6	7.40085E+4	3.03008E+6
1.08000E+1	3.57860E+4	8.16532E+4	3.94311E+6	1.20095E+6	7.37368E+4	2.93490E+6
1.09000E+1	3.59847E+4	8.19278E+4	4.12931E+6	1.24742E+6	7.38740E+4	3.18165E+6
1.10000E+1	3.57694E+4	8.14546E+4	4.06183E+6	1.22527E+6	7.41423E+4	3.10143E+6
1.11000E+1	3.58300E+4	8.18809E+4	4.09615E+6	1.23675E+6	7.40310E+4	3.19558E+6
1.12000E+1	3.56092E+4	8.19353E+4	4.09899E+6	1.23399E+6	7.41061E+4	3.11270E+6
1.13000E+1	3.56175E+4	8.15565E+4	3.89935E+6	1.21089E+6	7.39461E+4	2.98436E+6
1.14000E+1	3.55950E+4	8.14037E+4	3.79741E+6	1.21634E+6	7.37096E+4	2.96004E+6
1.15000E+1	3.55589E+4	8.16021E+4	3.77455E+6	1.20346E+6	7.37475E+4	3.01563E+6
1.16000E+1	3.57213E+4	8.18383E+4	4.15249E+6	1.24375E+6	7.40115E+4	3.23202E+6
1.17000E+1	3.54234E+4	8.17159E+4	4.23504E+6	1.24719E+6	7.41823E+4	3.08959E+6
1.18000E+1	3.54264E+4	8.18341E+4	4.04350E+6	1.23336E+6	7.39608E+4	3.07393E+6
1.19000E+1	3.52028E+4	8.17053E+4	4.14493E+6	1.22364E+6	7.41061E+4	2.99112E+6
1.20000E+1	3.50681E+4	8.13464E+4	3.78036E+6	1.20884E+6	7.39461E+4	2.89075E+6
1.21000E+1	3.53130E+4	8.12575E+4	3.73529E+6	1.21483E+6	7.37144E+4	3.08959E+6
1.22000E+1	3.55098E+4	8.13825E+4	3.51972E+6	1.21178E+6	7.36697E+4	2.89826E+6
1.23000E+1	3.53992E+4	8.11380E+4	3.77891E+6	1.20236E+6	7.37650E+4	2.94234E+6
1.24000E+1	3.51251E+4	8.12998E+4	3.77310E+6	1.18108E+6	7.38818E+4	2.92603E+6
1.25000E+1	3.53638E+4	8.19684E+4	4.05570E+6	1.23181E+6	7.43722E+4	3.11669E+6
1.26000E+1	3.56009E+4	8.19854E+4	4.40035E+6	1.27738E+6	7.47137E+4	3.42500E+6
1.27000E+1	3.54293E+4	8.23136E+4	4.41672E+6	1.26358E+6	7.43663E+4	3.20682E+6
1.28000E+1	3.52688E+4	8.19641E+4	4.41081E+6	1.25047E+6	7.44751E+4	3.24964E+6
1.29000E+1	3.53685E+4	8.18319E+4	4.23929E+6	1.24224E+6	7.42743E+4	3.19034E+6
1.30000E+1	3.54081E+4	8.18436E+4	4.21456E+6	1.25395E+6	7.44418E+4	3.23381E+6
1.31000E+1	3.51763E+4	8.21456E+4	4.10924E+6	1.21478E+6	7.43193E+4	3.15685E+6
1.32000E+1	3.48059E+4	8.14143E+4	3.85905E+6	1.20538E+6	7.37572E+4	2.91223E+6
1.33000E+1	3.47304E+4	8.17404E+4	3.94259E+6	1.22760E+6	7.39939E+4	3.04818E+6
1.34000E+1	3.49841E+4	8.20409E+4	4.25267E+6	1.24684E+6	7.47049E+4	3.35285E+6
1.35000E+1	3.52075E+4	8.15713E+4	4.10753E+6	1.21863E+6	7.43790E+4	3.07816E+6
1.36000E+1	3.46054E+4	8.11274E+4	3.61014E+6	1.18986E+6	7.41052E+4	2.97489E+6
1.37000E+1	3.45587E+4	8.11813E+4	3.89524E+6	1.21992E+6	7.42987E+4	3.01219E+6
1.38000E+1	3.46749E+4	8.18735E+4	4.23262E+6	1.26167E+6	7.45644E+4	3.42901E+6
1.39000E+1	3.47754E+4	8.18895E+4	3.95897E+6	1.22908E+6	7.43359E+4	3.28877E+6
1.40000E+1	3.46445E+4	8.13358E+4	3.70147E+6	1.18506E+6	7.39744E+4	2.87157E+6
1.41000E+1	3.42259E+4	8.11189E+4	3.82452E+6	1.20160E+6	7.42312E+4	2.95823E+6
1.42000E+1	3.47012E+4	8.16872E+4	4.20737E+6	1.23703E+6	7.45163E+4	3.12840E+6
1.43000E+1	3.45418E+4	8.09532E+4	3.81215E+6	1.18261E+6	7.40212E+4	2.95672E+6
1.44000E+1	3.42648E+4	8.12130E+4	3.62037E+6	1.17096E+6	7.40720E+4	2.83615E+6
1.45000E+1	3.41823E+4	8.12988E+4	4.03522E+6	1.21656E+6	7.46793E+4	2.96669E+6
1.46000E+1	3.43484E+4	8.12353E+4	4.16242E+6	1.24311E+6	7.45457E+4	3.15891E+6
1.47000E+1	3.42346E+4	8.11855E+4	3.82105E+6	1.20714E+6	7.41931E+4	2.92928E+6
1.48000E+1	3.43211E+4	8.10767E+4	3.58503E+6	1.18325E+6	7.42127E+4	2.81766E+6
1.49000E+1	3.41713E+4	8.06152E+4	3.74575E+6	1.18156E+6	7.43154E+4	2.80265E+6
1.50000E+1	3.41267E+4	8.10186E+4	3.91124E+6	1.20428E+6	7.42342E+4	2.91310E+6
1.51000E+1	3.44456E+4	8.12977E+4	4.13798E+6	1.23738E+6	7.45889E+4	3.13446E+6
1.52000E+1	3.42764E+4	8.12342E+4	3.99161E+6	1.21852E+6	7.45880E+4	3.11936E+6
1.53000E+1	3.43880E+4	8.16074E+4	4.24171E+6	1.27830E+6	7.48486E+4	3.19979E+6
1.54000E+1	3.44392E+4	8.16096E+4	4.07078E+6	1.25024E+6	7.47511E+4	3.23919E+6
1.55000E+1	3.43333E+4	8.13136E+4	4.20797E+6	1.22245E+6	7.46489E+4	3.01032E+6
1.56000E+1	3.42160E+4	8.06435E+4	3.69033E+6	1.20193E+6	7.41892E+4	2.82950E+6
1.57000E+1	3.41731E+4	8.11771E+4	4.10468E+6	1.25129E+6	7.46793E+4	3.02536E+6
1.58000E+1	3.43618E+4	8.13835E+4	4.19486E+6	1.25182E+6	7.47137E+4	3.31712E+6
1.59000E+1	3.45762E+4	8.13687E+4	3.97229E+6	1.25756E+6	7.49126E+4	3.32353E+6
1.60000E+1	3.45400E+4	8.12903E+4	4.13104E+6	1.23888E+6	7.48102E+4	3.13918E+6
1.61000E+1	3.43758E+4	8.14005E+4	4.44649E+6	1.21651E+6	7.50033E+4	3.25398E+6
1.62000E+1	3.43246E+4	8.13676E+4	4.22900E+6	1.25365E+6	7.50043E+4	3.13614E+6
1.63000E+1	3.45225E+4	8.11961E+4	4.36410E+6	1.25224E+6	7.47954E+4	3.17714E+6
1.64000E+1	3.44806E+4	8.13973E+4	4.42792E+6	1.24451E+6	7.48840E+4	3.25616E+6
1.65000E+1	3.40774E+4	8.11168E+4	4.16125E+6	1.22037E+6	7.48387E+4	3.00193E+6
1.66000E+1	3.39623E+4	8.09500E+4	4.27229E+6	1.22494E+6	7.45742E+4	3.20119E+6
1.67000E+1	3.37891E+4	8.06372E+4	3.87426E+6	1.20664E+6	7.42890E+4	2.99976E+6
1.68000E+1	3.36899E+4	8.11464E+4	4.09105E+6	1.20934E+6	7.46941E+4	3.12036E+6
1.69000E+1	3.39062E+4	8.08509E+4	4.12701E+6	1.20686E+6	7.47452E+4	3.10143E+6
1.70000E+1	3.39155E+4	8.06089E+4	4.08258E+6	1.19514E+6	7.43350E+4	3.04022E+6
1.71000E+1	3.37222E+4	8.11549E+4	4.36796E+6	1.22144E+6	7.48584E+4	3.20788E+6
1.72000E+1	3.37746E+4	8.12247E+4	4.20319E+6	1.23113E+6	7.51011E+4	3.16920E+6
1.73000E+1	3.33528E+4	8.09226E+4	3.83496E+6	1.16857E+6	7.44800E+4	2.87498E+6
1.74000E+1	3.32269E+4	8.07340E+4	3.65049E+6	1.16976E+6	7.47069E+4	2.85741E+6
1.75000E+1	3.35530E+4	8.08583E+4	4.20976E+6	1.19627E+6	7.50547E+4	3.28139E+6
1.76000E+1	3.31297E+4	8.10798E+4	3.95950E+6	1.21339E+6	7.50863E+4	3.01876E+6
1.77000E+1	3.32194E+4	8.04346E+4	3.58460E+6	1.17257E+6	7.43134E+4	2.82150E+6
1.78000E+1	3.29991E+4	8.02868E+4	3.73861E+6	1.14127E+6	7.46007E+4	2.82095E+6
1.79000E+1	3.29581E+4	8.01602E+4	3.59337E+6	1.14676E+6	7.46557E+4	2.84562E+6
1.80000E+1	3.27131E+4	8.01487E+4	3.73861E+6	1.15680E+6	7.48023E+4	2.91252E+6
1.81000E+1	3.29621E+4	8.04314E+4	3.95844E+6	1.21561E+6	7.49570E+4	3.18965E+6
1.82000E+1	3.27199E+4	8.06919E+4	3.57065E+6	1.15401E+6	7.47511E+4	2.90756E+6
1.83000E+1	3.27863E+4	8.08646E+4	3.83546E+6	1.20319E+6	7.51465E+4	3.08370E+6
1.84000E+1	3.27165E+4	8.06530E+4	3.96110E+6	1.16423E+6	7.49530E+4	2.86958E+6
1.85000E+1	3.24266E+4	8.02879E+4	3.48171E+6	1.13954E+6	7.45104E+4	2.83226E+6
1.86000E+1	3.24396E+4	8.00421E+4	3.41598E+6	1.12540E+6	7.44535E+4	2.73453E+6
1.87000E+1	3.21278E+4	8.02837E+4	3.65003E+6	1.16073E+6	7.46685E+4	2.81273E+6
1.88000E+1	3.22889E+4	8.06152E+4	3.98246E+6	1.22290E+6	7.52583E+4	3.03673E+6
1.89000E+1	3.23520E+4	8.05794E+4	4.10981E+6	1.18119E+6	7.51169E+4	3.13345E+6
1.90000E+1	3.22618E+4	8.07340E+4	3.72348E+6	1.17419E+6	7.50241E+4	3.17645E+6
1.91000E+1	3.21492E+4	8.01111E+4	3.53796E+6	1.16176E+6	7.49876E+4	2.93372E+6
1.92000E+1	3.17789E+4	7.99294E+4	3.45423E+6	1.14826E+6	7.45997E+4	2.86221E+6
1.93000E+1	3.18086E+4	8.01508E+4	3.40170E+6	1.13880E+6	7.46823E+4	2.88156E+6
1.94000E+1	3.16236E+4	7.95713E+4	3.56070E+6	1.12327E+6	7.48013E+4	2.83921E+6
1.95000E+1	3.20014E+4	8.02816E+4	3.85351E+6	1.17158E+6	7.50537E+4	2.99235E+6
1.96000E+1	3.17705E+4	8.03560E+4	3.88702E+6	1.18847E+6	7.56212E+4	3.03198E+6
1.97000E+1	3.18058E+4	8.01351E+4	3.78522E+6	1.15340E+6	7.50764E+4	2.90523E+6
1.98000E+1	3.17974E+4	8.02271E+4	3.63424E+6	1.14202E+6	7.48959E+4	2.89075E+6
1.99000E+1	3.16381E+4	7.98220E+4	3.37232E+6	1.14266E+6	7.47590E+4	2.80863E+6
2.00000E+1	3.13278E+4	7.94862E+4	3.46976E+6	1.12695E+6	7.49156E+4	2.68369E+6
2.01000E+1	3.13979E+4	7.96191E+4	3.42717E+6	1.13480E+6	7.48899E+4	2.69749E+6
2.02000E+1	3.14218E+4	7.96929E+4	3.36922E+6	1.11466E+6	7.49589E+4	2.72344E+6
2.03000E+1	3.13890E+4	7.99868E+4	3.59468E+6	1.14242E+6	7.49471E+4	2.92957E+6
2.04000E+1	3.12545E+4	8.02722E+4	4.02587E+6	1.17023E+6	7.55656E+4	2.94742E+6
2.05000E+1	3.12917E+4	7.99659E+4	4.03798E+6	1.18570E+6	7.55815E+4	3.00845E+6
2.06000E+1	3.14324E+4	8.02941E+4	3.93313E+6	1.18261E+6	7.54574E+4	3.14528E+6
2.07000E+1	3.13912E+4	8.01236E+4	3.66642E+6	1.16495E+6	7.55537E+4	2.88844E+6
2.08000E+1	3.10938E+4	8.01790E+4	3.60483E+6	1.15133E+6	7.54475E+4	3.00503E+6
2.09000E+1	3.10346E+4	7.98752E+4	3.71925E+6	1.15275E+6	7.54009E+4	2.88213E+6
2.10000E+1	3.09384E+4	7.94966E+4	3.51929E+6	1.13796E+6	7.51594E+4	2.85291E+6
2.11000E+1	3.10407E+4	7.95298E+4	3.53455E+6	1.11818E+6	7.55695E+4	2.90960E+6
2.12000E+1	3.09102E+4	7.96524E+4	3.61325E+6	1.15614E+6	7.53989E+4	2.91076E+6
2.13000E+1	3.09019E+4	7.96649E+4	3.43601E+6	1.13707E+6	7.55278E+4	2.87185E+6
2.14000E+1	3.06227E+4	7.95848E+4	3.51339E+6	1.13441E+6	7.52593E+4	2.82205E+6
2.15000E+1	3.05018E+4	7.90627E+4	3.26467E+6	1.12221E+6	7.51969E+4	2.77230E+6
2.16000E+1	3.04815E+4	7.92467E+4	3.46607E+6	1.11167E+6	7.51880E+4	2.80319E+6
2.17000E+1	3.05589E+4	7.93109E+4	3.51676E+6	1.13123E+6	7.55001E+4	2.88844E+6
2.18000E+1	3.03517E+4	7.92095E+4	3.50416E+6	1.12087E+6	7.55815E+4	2.88500E+6
2.19000E+1	3.05496E+4	7.95869E+4	3.71972E+6	1.16779E+6	7.56262E+4	2.90087E+6
2.20000E+1	3.06848E+4	7.99795E+4	3.93366E+6	1.16217E+6	7.59457E+4	2.98436E+6
2.21000E+1	3.07586E+4	7.99357E+4	3.66003E+6	1.13520E+6	7.58261E+4	2.99605E+6
2.22000E+1	3.08754E+4	7.95287E+4	3.56935E+6	1.13147E+6	7.56788E+4	2.84506E+6
2.23000E+1	3.05606E+4	7.90926E+4	3.32444E+6	1.12806E+6	7.54306E+4	2.75565E+6
2.24000E+1	3.02948E+4	7.87688E+4	3.48253E+6	1.10485E+6	7.53196E+4	2.64868E+6
2.25000E+1	3.05106E+4	7.89161E+4	3.27272E+6	1.11044E+6	7.51831E+4	2.67746E+6
2.26000E+1	3.04898E+4	7.85888E+4	3.30192E+6	1.10658E+6	7.51801E+4	2.75172E+6
2.27000E+1	3.05765E+4	7.89141E+4	3.48005E+6	1.13929E+6	7.56073E+4	2.72884E+6
2.28000E+1	3.09942E+4	7.92209E+4	3.84196E+6	1.16531E+6	7.57823E+4	2.92367E+6
2.29000E+1	3.10351E+4	7.85158E+4	3.54479E+6	1.11680E+6	7.52474E+4	2.65332E+6
2.30000E+1	3.09500E+4	7.84543E+4	3.26906E+6	1.11833E+6	7.51880E+4	2.68919E+6
2.31000E+1	3.10246E+4	7.84953E+4	3.50877E+6	1.12957E+6	7.50863E+4	2.71908E+6
2.32000E+1	3.12645E+4	7.88326E+4	3.62349E+6	1.13954E+6	7.54663E+4	2.88070E+6
2.33000E+1	3.14035E+4	7.87574E+4	3.94101E+6	1.16376E+6	7.56212E+4	2.92544E+6
2.34000E+1	3.15901E+4	7.91485E+4	3.94891E+6	1.18336E+6	7.56739E+4	2.97794E+6
2.35000E+1	3.16744E+4	7.93130E+4	3.83696E+6	1.16598E+6	7.56252E+4	2.87071E+6
2.36000E+1	3.15627E+4	7.90255E+4	3.95473E+6	1.15854E+6	7.55278E+4	2.89681E+6
2.37000E+1	3.18108E+4	7.93027E+4	4.06574E+6	1.16012E+6	7.56719E+4	2.85459E+6
2.38000E+1	3.16816E+4	7.88429E+4	3.62707E+6	1.15047E+6	7.52227E+4	2.90377E+6
2.39000E+1	3.15037E+4	7.92209E+4	3.80477E+6	1.15437E+6	7.57236E+4	2.89392E+6
2.40000E+1	3.18114E+4	7.90338E+4	3.94891E+6	1.18421E+6	7.55666E+4	2.86447E+6
2.41000E+1	3.19256E+4	7.91216E+4	4.25389E+6	1.19937E+6	7.56321E+4	2.92308E+6
2.42000E+1	2.81299E+4	7.95080E+4	3.69915E+6	1.20406E+6	7.58321E+4	2.91135E+6
2.43000E+1	2.05534E+4	7.92395E+4	2.58042E+6	1.18836E+6	7.59318E+4	2.72473E+6
2.44000E+1	9.90047E+3	7.90864E+4	1.19710E+6	1.17085E+6	7.70972E+4	2.38505E+6
2.45000E+1	4.58134E+3	7.89068E+4	5.70244E+5	1.07555E+6	7.93204E+4	1.86410E+6
2.46000E+1	2.73978E+3	7.89491E+4	3.04015E+5	7.45439E+5	8.41710E+4	1.29683E+6
2.47000E+1	1.91701E+3	7.85713E+4	1.87171E+5	4.05152E+5	9.07314E+4	8.47791E+5
2.48000E+1	1.55820E+3	7.74971E+4	1.23343E+5	2.19565E+5	9.87897E+4	5.61567E+5
2.49000E+1	1.23691E+3	7.50220E+4	8.49960E+4	1.38686E+5	1.07499E+5	3.77215E+5
2.50000E+1	1.05991E+3	7.08337E+4	5.94366E+4	9.36822E+4	1.17437E+5	2.65813E+5
2.51000E+1	9.58009E+2	6.50017E+4	4.56828E+4	6.67314E+4	1.27341E+5	1.99668E+5
2.52000E+1	9.15339E+2	5.75872E+4	3.75802E+4	5.17048E+4	1.36940E+5	1.60793E+5
2.53000E+1	8.86803E+2	4.93540E+4	3.16214E+4	4.21272E+4	1.45555E+5	1.34336E+5
2.54000E+1	8.44849E+2	4.09977E+4	2.74419E+4	3.56851E+4	1.54277E+5	1.16627E+5
2.55000E+1	8.46815E+2	3.36097E+4	2.43311E+4	3.12540E+4	1.62245E+5	1.04519E+5
2.56000E+1	8.07840E+2	2.75557E+4	2.22177E+4	2.76084E+4	1.69237E+5	9.51812E+4
2.57000E+1	8.36659E+2	2.29055E+4	2.04857E+4	2.48988E+4	1.76630E+5	8.87989E+4
2.58000E+1	7.60390E+2	1.89446E+4	1.89974E+4	2.29949E+4	1.82173E+5	8.33716E+4
2.59000E+1	7.44038E+2	1.60011E+4	1.79197E+4	2.15395E+4	1.88204E+5	7.93859E+4
2.60000E+1	7.24097E+2	1.36032E+4	1.72542E+4	2.01982E+4	1.93053E+5	7.61456E+4
2.61000E+1	7.50251E+2	1.18072E+4	1.65672E+4	1.91448E+4	1.98190E+5	7.39697E+4
2.62000E+1	7.43384E+2	1.03006E+4	1.61994E+4	1.84018E+4	2.04103E+5	7.24340E+4
2.63000E+1	7.61044E+2	9.13902E+3	1.60929E+4	1.77420E+4	2.07886E+5	7.09036E+4
2.64000E+1	7.74129E+2	8.22801E+3	1.59160E+4	1.71819E+4	2.11204E+5	6.99817E+4
2.65000E+1	7.64969E+2	7.39112E+3	1.58209E+4	1.64268E+4	2.13515E+5	6.93723E+4
2.66000E+1	7.61371E+2	6.62565E+3	1.58758E+4	1.60524E+4	2.14254E+5	6.84888E+4
2.67000E+1	7.64969E+2	6.17703E+3	1.59732E+4	1.57897E+4	2.16659E+5	6.82094E+4
2.68000E+1	7.49270E+2	5.69760E+3	1.60465E+4	1.57150E+4	2.19071E+5	6.78728E+4
2.69000E+1	7.61371E+2	5.30102E+3	1.61950E+4	1.57353E+4	2.20282E+5	6.75701E+4
2.70000E+1	7.58427E+2	4.96629E+3	1.62629E+4	1.55707E+4	2.21983E+5	6.74038E+4
2.71000E+1	7.55811E+2	4.66968E+3	1.62338E+4	1.55500E+4	2.22613E+5	6.72748E+4
2.72000E+1	7.66932E+2	4.37473E+3	1.62037E+4	1.53195E+4	2.24237E+5	6.70659E+4
2.73000E+1	7.63988E+2	4.21598E+3	1.63444E+4	1.53803E+4	2.26759E+5	6.68020E+4
2.74000E+1	7.84273E+2	3.97789E+3	1.64313E+4	1.52018E+4	2.28141E+5	6.66363E+4
2.75000E+1	7.72821E+2	3.77835E+3	1.65975E+4	1.54632E+4	2.30679E+5	6.72117E+4
2.76000E+1	7.24097E+2	3.59236E+3	1.67865E+4	1.52120E+4	2.29741E+5	6.67034E+4
2.77000E+1	7.74784E+2	3.51912E+3	1.69132E+4	1.50822E+4	2.30979E+5	6.70354E+4
2.78000E+1	7.79037E+2	3.42564E+3	1.69731E+4	1.53015E+4	2.33489E+5	6.76570E+4
2.79000E+1	7.70531E+2	3.25946E+3	1.70009E+4	1.56275E+4	2.34294E+5	6.70255E+4
2.80000E+1	7.49597E+2	3.14554E+3	1.65484E+4	1.54001E+4	2.33870E+5	6.69913E+4
2.81000E+1	8.03256E+2	3.08559E+3	1.64256E+4	1.51313E+4	2.35591E+5	6.67733E+4
2.82000E+1	7.71185E+2	3.02058E+3	1.62851E+4	1.53966E+4	2.38948E+5	6.67446E+4
2.83000E+1	7.61371E+2	2.93039E+3	1.57815E+4	1.52647E+4	2.39000E+5	6.61013E+4
2.84000E+1	7.64969E+2	2.82163E+3	1.56246E+4	1.48416E+4	2.39560E+5	6.59725E+4
2.85000E+1	7.69222E+2	2.78179E+3	1.57060E+4	1.50587E+4	2.42562E+5	6.60151E+4
2.86000E+1	7.58755E+2	2.71241E+3	1.53997E+4	1.46787E+4	2.42845E+5	6.54894E+4
2.87000E+1	7.75765E+2	2.65262E+3	1.54933E+4	1.44681E+4	2.44012E+5	6.54867E+4
2.88000E+1	7.69876E+2	2.60817E+3	1.56655E+4	1.43673E+4	2.45944E+5	6.59166E+4
2.89000E+1	7.75438E+2	2.51261E+3	1.60174E+4	1.46880E+4	2.46072E+5	6.62891E+4
2.90000E+1	7.74784E+2	2.47436E+3	1.61520E+4	1.48301E+4	2.46884E+5	6.63113E+4
2.91000E+1	7.67259E+2	2.40269E+3	1.65738E+4	1.48573E+4	2.46241E+5	6.62427E+4
2.92000E+1	7.46000E+2	2.33213E+3	1.65449E+4	1.45061E+4	2.44214E+5	6.60915E+4
2.93000E+1	7.69222E+2	2.35204E+3	1.67106E+4	1.46046E+4	2.46392E+5	6.66515E+4
2.94000E+1	7.55484E+2	2.30886E+3	1.68639E+4	1.48493E+4	2.47817E+5	6.65567E+4
2.95000E+1	7.60717E+2	2.26033E+3	1.66689E+4	1.46812E+4	2.46006E+5	6.61431E+4
2.96000E+1	7.54830E+2	2.24416E+3	1.67474E+4	1.48969E+4	2.48176E+5	6.62490E+4
2.97000E+1	7.60390E+2	2.20443E+3	1.64409E+4	1.45428E+4	2.47731E+5	6.62383E+4
2.98000E+1	7.41423E+2	2.18223E+3	1.64086E+4	1.45691E+4	2.48598E+5	6.61280E+4
2.99000E+1	7.62025E+2	2.13616E+3	1.61746E+4	1.44761E+4	2.50424E+5	6.60178E+4
3.00000E+1	7.51232E+2	2.14087E+3	1.62668E+4	1.46321E+4	2.51838E+5	6.59078E+4
3.01000E+1	7.37172E+2	2.05389E+3	1.56944E+4	1.44748E+4	2.51078E+5	6.49433E+4
3.02000E+1	7.56465E+2	2.07235E+3	1.54495E+4	1.40546E+4	2.51384E+5	6.47900E+4
3.03000E+1	7.57119E+2	2.07638E+3	1.53543E+4	1.38939E+4	2.52930E+5	6.48075E+4
3.04000E+1	7.62025E+2	2.00191E+3	1.52930E+4	1.39065E+4	2.56215E+5	6.47419E+4
3.05000E+1	7.41423E+2	2.02839E+3	1.50417E+4	1.41054E+4	2.57141E+5	6.43712E+4
3.06000E+1	7.29653E+2	1.94864E+3	1.46716E+4	1.38050E+4	2.56735E+5	6.36096E+4
3.07000E+1	7.53195E+2	1.96337E+3	1.43543E+4	1.35722E+4	2.58060E+5	6.35665E+4
3.08000E+1	7.02529E+2	1.90145E+3	1.42163E+4	1.33073E+4	2.58846E+5	6.28422E+4
3.09000E+1	7.13638E+2	1.91483E+3	1.40526E+4	1.31809E+4	2.60560E+5	6.29029E+4
3.10000E+1	7.13965E+2	1.90245E+3	1.40912E+4	1.33921E+4	2.63844E+5	6.30921E+4
3.11000E+1	6.94362E+2	1.85664E+3	1.41516E+4	1.33545E+4	2.63899E+5	6.28158E+4
3.12000E+1	7.66605E+2	1.85564E+3	1.40715E+4	1.34468E+4	2.65540E+5	6.27500E+4
3.13000E+1	7.39788E+2	1.85062E+3	1.41105E+4	1.33354E+4	2.66287E+5	6.28175E+4
3.14000E+1	7.34557E+2	1.79317E+3	1.42760E+4	1.31013E+4	2.65678E+5	6.29243E+4
3.15000E+1	7.30307E+2	1.80887E+3	1.43893E+4	1.30098E+4	2.65993E+5	6.28217E+4
3.16000E+1	7.61044E+2	1.81488E+3	1.44163E+4	1.30901E+4	2.65721E+5	6.27543E+4
3.17000E+1	7.50578E+2	1.77014E+3	1.43459E+4	1.30428E+4	2.65773E+5	6.27330E+4
3.18000E+1	7.52213E+2	1.75146E+3	1.43986E+4	1.28931E+4	2.64634E+5	6.24885E+4
3.19000E+1	7.56465E+2	1.73512E+3	1.44412E+4	1.30951E+4	2.65596E+5	6.23075E+4
3.20000E+1	7.22136E+2	1.71579E+3	1.44901E+4	1.31252E+4	2.66932E+5	6.23075E+4
3.21000E+1	7.33576E+2	1.69712E+3	1.46949E+4	1.32193E+4	2.67388E+5	6.25778E+4
3.22000E+1	7.57119E+2	1.67747E+3	1.49425E+4	1.31553E+4	2.68277E+5	6.29628E+4
3.23000E+1	7.87545E+2	1.65349E+3	1.50550E+4	1.29034E+4	2.67584E+5	6.30587E+4
3.24000E+1	7.50251E+2	1.70279E+3	1.51151E+4	1.29445E+4	2.65519E+5	6.29072E+4
3.25000E+1	7.81001E+2	1.61855E+3	1.56426E+4	1.33644E+4	2.65657E+5	6.30912E+4
3.26000E+1	7.62353E+2	1.65582E+3	1.60369E+4	1.35656E+4	2.66949E+5	6.39189E+4
3.27000E+1	7.82637E+2	1.66381E+3	1.63318E+4	1.34323E+4	2.66854E+5	6.42815E+4
3.28000E+1	8.01947E+2	1.61755E+3	1.63701E+4	1.33027E+4	2.63145E+5	6.39284E+4
3.29000E+1	7.91145E+2	1.60225E+3	1.66229E+4	1.36849E+4	2.62645E+5	6.40731E+4
3.30000E+1	8.23885E+2	1.64051E+3	1.69718E+4	1.38739E+4	2.65450E+5	6.48093E+4
3.31000E+1	8.13406E+2	1.61855E+3	1.70530E+4	1.37812E+4	2.63332E+5	6.49625E+4
3.32000E+1	7.80019E+2	1.58995E+3	1.71537E+4	1.39265E+4	2.61943E+5	6.49590E+4
3.33000E+1	8.24867E+2	1.56934E+3	1.73677E+4	1.40999E+4	2.64245E+5	6.57076E+4
3.34000E+1	8.25850E+2	1.58596E+3	1.71480E+4	1.38158E+4	2.60677E+5	6.54541E+4
3.35000E+1	8.21265E+2	1.57898E+3	1.71237E+4	1.42402E+4	2.61412E+5	6.53272E+4
3.36000E+1	8.03911E+2	1.58097E+3	1.71369E+4	1.44356E+4	2.63150E+5	6.53580E+4
3.37000E+1	7.92455E+2	1.55937E+3	1.69789E+4	1.42675E+4	2.63541E+5	6.58856E+4
3.38000E+1	8.06857E+2	1.56369E+3	1.65988E+4	1.40400E+4	2.62010E+5	6.55176E+4
3.39000E+1	7.92127E+2	1.53312E+3	1.64417E+4	1.41964E+4	2.62302E+5	6.51592E+4
3.40000E+1	7.96710E+2	1.56967E+3	1.64937E+4	1.43382E+4	2.65042E+5	6.52295E+4
3.41000E+1	8.16025E+2	1.56335E+3	1.64295E+4	1.41028E+4	2.65042E+5	6.54559E+4
3.42000E+1	8.53040E+2	1.54574E+3	1.64505E+4	1.39474E+4	2.65085E+5	6.49836E+4
3.43000E+1	7.92455E+2	1.51685E+3	1.62303E+4	1.41213E+4	2.63443E+5	6.47069E+4
3.44000E+1	7.84273E+2	1.53345E+3	1.62416E+4	1.43943E+4	2.65872E+5	6.51926E+4
3.45000E+1	7.92127E+2	1.50291E+3	1.63104E+4	1.43626E+4	2.67475E+5	6.52867E+4
3.46000E+1	8.06203E+2	1.52648E+3	1.60551E+4	1.40488E+4	2.65950E+5	6.49924E+4
3.47000E+1	7.67586E+2	1.51984E+3	1.59147E+4	1.42683E+4	2.65024E+5	6.49240E+4
3.48000E+1	7.87873E+2	1.50191E+3	1.60365E+4	1.43635E+4	2.67032E+5	6.50090E+4
3.49000E+1	7.97364E+2	1.48532E+3	1.57354E+4	1.40429E+4	2.67588E+5	6.49985E+4
3.50000E+1	7.95400E+2	1.47902E+3	1.56155E+4	1.40249E+4	2.66382E+5	6.44121E+4
3.51000E+1	7.85255E+2	1.49826E+3	1.58875E+4	1.42839E+4	2.69786E+5	6.47437E+4
3.52000E+1	7.70858E+2	1.49561E+3	1.54757E+4	1.39566E+4	2.67023E+5	6.43738E+4
3.53000E+1	7.83618E+2	1.45547E+3	1.56750E+4	1.44132E+4	2.67270E+5	6.46589E+4
3.54000E+1	7.84273E+2	1.50556E+3	1.57647E+4	1.41801E+4	2.69729E+5	6.49485E+4
3.55000E+1	7.95728E+2	1.49561E+3	1.56991E+4	1.38559E+4	2.67714E+5	6.46144E+4
3.56000E+1	8.19955E+2	1.46475E+3	1.57677E+4	1.42658E+4	2.68391E+5	6.45803E+4
3.57000E+1	8.13406E+2	1.47503E+3	1.60152E+4	1.43087E+4	2.69839E+5	6.50547E+4
3.58000E+1	8.07185E+2	1.47039E+3	1.60812E+4	1.43580E+4	2.70395E+5	6.49924E+4
3.59000E+1	7.79692E+2	1.47902E+3	1.59901E+4	1.40479E+4	2.67431E+5	6.48916E+4
3.60000E+1	7.65296E+2	1.44817E+3	1.55927E+4	1.43492E+4	2.67032E+5	6.46048E+4
3.61000E+1	8.03256E+2	1.41668E+3	1.51472E+4	1.46342E+4	2.69848E+5	6.49030E+4
3.62000E+1	7.47962E+2	1.41768E+3	1.45603E+4	1.46139E+4	2.70249E+5	6.44635E+4
3.63000E+1	8.06203E+2	1.45746E+3	1.41566E+4	1.45640E+4	2.72699E+5	6.41842E+4
3.64000E+1	7.44692E+2	1.44718E+3	1.35137E+4	1.39621E+4	2.73853E+5	6.35553E+4
3.65000E+1	7.45346E+2	1.43557E+3	1.32074E+4	1.37641E+4	2.75213E+5	6.26860E+4
3.66000E+1	7.38153E+2	1.41933E+3	1.29178E+4	1.38129E+4	2.76528E+5	6.20787E+4
3.67000E+1	7.48616E+2	1.40873E+3	1.29404E+4	1.37182E+4	2.79363E+5	6.20939E+4
3.68000E+1	7.59736E+2	1.42430E+3	1.28595E+4	1.33520E+4	2.80111E+5	6.17029E+4
3.69000E+1	7.28673E+2	1.42795E+3	1.26997E+4	1.31256E+4	2.78636E+5	6.14355E+4
3.70000E+1	7.02202E+2	1.41403E+3	1.26948E+4	1.34473E+4	2.80470E+5	6.10702E+4
3.71000E+1	7.56792E+2	1.38985E+3	1.28275E+4	1.34336E+4	2.82556E+5	6.14338E+4
3.72000E+1	7.51886E+2	1.41304E+3	1.26997E+4	1.29778E+4	2.81456E+5	6.12233E+4
3.73000E+1	7.31288E+2	1.41171E+3	1.27235E+4	1.30119E+4	2.79818E+5	6.06809E+4
3.74000E+1	7.30307E+2	1.37495E+3	1.26421E+4	1.32201E+4	2.82580E+5	6.13021E+4
3.75000E+1	7.35865E+2	1.39250E+3	1.27431E+4	1.30794E+4	2.84528E+5	6.11020E+4
3.76000E+1	7.58427E+2	1.40575E+3	1.27472E+4	1.29626E+4	2.84085E+5	6.12501E+4
3.77000E+1	7.24423E+2	1.38025E+3	1.27853E+4	1.28664E+4	2.82707E+5	6.06376E+4
3.78000E+1	7.11678E+2	1.42463E+3	1.28977E+4	1.31809E+4	2.83393E+5	6.10159E+4
3.79000E+1	7.32922E+2	1.37131E+3	1.29511E+4	1.30477E+4	2.83900E+5	6.13927E+4
3.80000E+1	7.34557E+2	1.34880E+3	1.28255E+4	1.29247E+4	2.82788E+5	6.09216E+4
3.81000E+1	7.29000E+2	1.37164E+3	1.26903E+4	1.32783E+4	2.82698E+5	6.08257E+4
3.82000E+1	7.36518E+2	1.43060E+3	1.25432E+4	1.32118E+4	2.86847E+5	6.11606E+4
3.83000E+1	7.44365E+2	1.36336E+3	1.22469E+4	1.28816E+4	2.84533E+5	6.06767E+4
3.84000E+1	7.24750E+2	1.36237E+3	1.18824E+4	1.29042E+4	2.86044E+5	5.99811E+4
3.85000E+1	7.12005E+2	1.31473E+3	1.18369E+4	1.28414E+4	2.85919E+5	5.97851E+4
3.86000E+1	7.06777E+2	1.32399E+3	1.15407E+4	1.27607E+4	2.89219E+5	5.93102E+4
3.87000E+1	7.04489E+2	1.31307E+3	1.15339E+4	1.28763E+4	2.90414E+5	5.93552E+4
3.88000E+1	6.94362E+2	1.34847E+3	1.11166E+4	1.25680E+4	2.91927E+5	5.87083E+4
3.89000E+1	7.02856E+2	1.34681E+3	1.10741E+4	1.24636E+4	2.92910E+5	5.87927E+4
3.90000E+1	7.16580E+2	1.36435E+3	1.09688E+4	1.25619E+4	2.96281E+5	5.88390E+4
3.91000E+1	6.96322E+2	1.36965E+3	1.09514E+4	1.23444E+4	2.96777E+5	5.86718E+4
3.92000E+1	7.00242E+2	1.32167E+3	1.08539E+4	1.21475E+4	2.97300E+5	5.83213E+4
3.93000E+1	7.41096E+2	1.33589E+3	1.07641E+4	1.19114E+4	2.96985E+5	5.80698E+4
3.94000E+1	7.19521E+2	1.28530E+3	1.07495E+4	1.19634E+4	2.96033E+5	5.78624E+4
3.95000E+1	6.81624E+2	1.29158E+3	1.08219E+4	1.21909E+4	2.99967E+5	5.81084E+4
3.96000E+1	6.86523E+2	1.29720E+3	1.07262E+4	1.19695E+4	2.98750E+5	5.81197E+4
3.97000E+1	6.88809E+2	1.33589E+3	1.06958E+4	1.18356E+4	2.96889E+5	5.74316E+4
3.98000E+1	6.88483E+2	1.27605E+3	1.08238E+4	1.18541E+4	2.98847E+5	5.74284E+4
3.99000E+1	7.03836E+2	1.30051E+3	1.10089E+4	1.20022E+4	3.00628E+5	5.78407E+4
4.00000E+1	7.17560E+2	1.30481E+3	1.10117E+4	1.19634E+4	3.01644E+5	5.78832E+4
4.01000E+1	7.02202E+2	1.27506E+3	1.10379E+4	1.17313E+4	3.01390E+5	5.79620E+4
4.02000E+1	7.04489E+2	1.32498E+3	1.09125E+4	1.16686E+4	2.98023E+5	5.75555E+4
4.03000E+1	7.13638E+2	1.26647E+3	1.10574E+4	1.19279E+4	2.99710E+5	5.80480E+4
4.04000E+1	7.18540E+2	1.28629E+3	1.11433E+4	1.17905E+4	2.99304E+5	5.80971E+4
4.05000E+1	7.26711E+2	1.28894E+3	1.12010E+4	1.17317E+4	2.97590E+5	5.78270E+4
4.06000E+1	7.13312E+2	1.26482E+3	1.13746E+4	1.17981E+4	2.97529E+5	5.78078E+4
4.07000E+1	6.98935E+2	1.27440E+3	1.15415E+4	1.20350E+4	2.99216E+5	5.82430E+4
4.08000E+1	7.56465E+2	1.26779E+3	1.17310E+4	1.22493E+4	2.99658E+5	5.87326E+4
4.09000E+1	7.43711E+2	1.26944E+3	1.17676E+4	1.22039E+4	2.98801E+5	5.90922E+4
4.10000E+1	7.40115E+2	1.24863E+3	1.20076E+4	1.21285E+4	2.97957E+5	5.91705E+4
4.11000E+1	7.48616E+2	1.29918E+3	1.21638E+4	1.20774E+4	2.96432E+5	5.92465E+4
4.12000E+1	7.55484E+2	1.26448E+3	1.21022E+4	1.20107E+4	2.94498E+5	5.90637E+4
4.13000E+1	7.64315E+2	1.28365E+3	1.24018E+4	1.22229E+4	2.95171E+5	5.93299E+4
4.14000E+1	7.53522E+2	1.23806E+3	1.26110E+4	1.22124E+4	2.94157E+5	5.94313E+4
4.15000E+1	7.74129E+2	1.23245E+3	1.28312E+4	1.22375E+4	2.94042E+5	6.01048E+4
4.16000E+1	7.65296E+2	1.26415E+3	1.30564E+4	1.24290E+4	2.94473E+5	6.05172E+4
4.17000E+1	7.85255E+2	1.29059E+3	1.32805E+4	1.23765E+4	2.93393E+5	6.06609E+4
4.18000E+1	7.95400E+2	1.23245E+3	1.34349E+4	1.24901E+4	2.90036E+5	6.06609E+4
4.19000E+1	7.85909E+2	1.28299E+3	1.36396E+4	1.26612E+4	2.88192E+5	6.07849E+4
4.20000E+1	8.11441E+2	1.25788E+3	1.38305E+4	1.27475E+4	2.87853E+5	6.12543E+4
4.21000E+1	7.64969E+2	1.26283E+3	1.38339E+4	1.29346E+4	2.88115E+5	6.14137E+4
4.22000E+1	7.92782E+2	1.26184E+3	1.39919E+4	1.29552E+4	2.86886E+5	6.14884E+4
4.23000E+1	7.88527E+2	1.27142E+3	1.41189E+4	1.29695E+4	2.86794E+5	6.16659E+4
4.24000E+1	8.06203E+2	1.26746E+3	1.42945E+4	1.33056E+4	2.84881E+5	6.20626E+4
4.25000E+1	7.92782E+2	1.23575E+3	1.45916E+4	1.33752E+4	2.84404E+5	6.23245E+4
4.26000E+1	7.89836E+2	1.22023E+3	1.49212E+4	1.35930E+4	2.84647E+5	6.25072E+4
4.27000E+1	8.15698E+2	1.27142E+3	1.50703E+4	1.36371E+4	2.83005E+5	6.32087E+4
4.28000E+1	8.59922E+2	1.27043E+3	1.54002E+4	1.40186E+4	2.83781E+5	6.35536E+4
4.29000E+1	8.62216E+2	1.27076E+3	1.55948E+4	1.40563E+4	2.83995E+5	6.42103E+4
4.30000E+1	8.41245E+2	1.25524E+3	1.56323E+4	1.41058E+4	2.80582E+5	6.38973E+4
4.31000E+1	8.31090E+2	1.25557E+3	1.56220E+4	1.44347E+4	2.81456E+5	6.38886E+4
4.32000E+1	8.40262E+2	1.27341E+3	1.56246E+4	1.44141E+4	2.80946E+5	6.38843E+4
4.33000E+1	8.36986E+2	1.23872E+3	1.53474E+4	1.43546E+4	2.79725E+5	6.38981E+4
4.34000E+1	8.24867E+2	1.22948E+3	1.52926E+4	1.45851E+4	2.81320E+5	6.40428E+4
4.35000E+1	7.91473E+2	1.26878E+3	1.50430E+4	1.46456E+4	2.83653E+5	6.40671E+4
4.36000E+1	8.09477E+2	1.26581E+3	1.46563E+4	1.43471E+4	2.84857E+5	6.38298E+4
4.37000E+1	7.59082E+2	1.24202E+3	1.42163E+4	1.40031E+4	2.83876E+5	6.30458E+4
4.38000E+1	7.87218E+2	1.26085E+3	1.40631E+4	1.41003E+4	2.86183E+5	6.26323E+4
4.39000E+1	7.55811E+2	1.27274E+3	1.38957E+4	1.38734E+4	2.87785E+5	6.25838E+4
4.40000E+1	7.85582E+2	1.27341E+3	1.36355E+4	1.37883E+4	2.88037E+5	6.21557E+4
4.41000E+1	7.74457E+2	1.22288E+3	1.36629E+4	1.39704E+4	2.89561E+5	6.23890E+4
4.42000E+1	7.74784E+2	1.24335E+3	1.34772E+4	1.37987E+4	2.89943E+5	6.18969E+4
4.43000E+1	7.59736E+2	1.28497E+3	1.34042E+4	1.36841E+4	2.91384E+5	6.20440E+4
4.44000E+1	8.09477E+2	1.24962E+3	1.33372E+4	1.34158E+4	2.92002E+5	6.19349E+4
4.45000E+1	7.58755E+2	1.27010E+3	1.33521E+4	1.31309E+4	2.89346E+5	6.15548E+4
4.46000E+1	7.96710E+2	1.24235E+3	1.33682E+4	1.34551E+4	2.92741E+5	6.19560E+4
4.47000E+1	7.93764E+2	1.27506E+3	1.34444E+4	1.34779E+4	2.93228E+5	6.22210E+4
4.48000E+1	7.95728E+2	1.27142E+3	1.34718E+4	1.32048E+4	2.92393E+5	6.19079E+4
4.49000E+1	7.75765E+2	1.23377E+3	1.32619E+4	1.30741E+4	2.90321E+5	6.13843E+4
4.50000E+1	7.65951E+2	1.23740E+3	1.35777E+4	1.35132E+4	2.91581E+5	6.14657E+4
4.51000E+1	7.35538E+2	1.25193E+3	1.36084E+4	1.35012E+4	2.92641E+5	6.20939E+4
4.52000E+1	7.59736E+2	1.27638E+3	1.35170E+4	1.31660E+4	2.90827E+5	6.19054E+4
4.53000E+1	8.05875E+2	1.23707E+3	1.36759E+4	1.35190E+4	2.89884E+5	6.18724E+4
4.54000E+1	7.83946E+2	1.24235E+3	1.37212E+4	1.37074E+4	2.91734E+5	6.22600E+4
4.55000E+1	7.62025E+2	1.25325E+3	1.39722E+4	1.36379E+4	2.92274E+5	6.23967E+4
4.56000E+1	8.08167E+2	1.24169E+3	1.40287E+4	1.36828E+4	2.92334E+5	6.24060E+4
4.57000E+1	7.85255E+2	1.23146E+3	1.42175E+4	1.38075E+4	2.90753E+5	6.25846E+4
4.58000E+1	7.93109E+2	1.24599E+3	1.42499E+4	1.39056E+4	2.90242E+5	6.27492E+4
4.59000E+1	7.84927E+2	1.23212E+3	1.43808E+4	1.38367E+4	2.90247E+5	6.28798E+4
4.60000E+1	8.14061E+2	1.21231E+3	1.43067E+4	1.36587E+4	2.89102E+5	6.28234E+4
4.61000E+1	8.11769E+2	1.23245E+3	1.42432E+4	1.37041E+4	2.86582E+5	6.26579E+4
4.62000E+1	7.98673E+2	1.22585E+3	1.43901E+4	1.40111E+4	2.88810E+5	6.31204E+4
4.63000E+1	7.77401E+2	1.23674E+3	1.41163E+4	1.37795E+4	2.87504E+5	6.29713E+4
4.64000E+1	8.13078E+2	1.25590E+3	1.42281E+4	1.40349E+4	2.88557E+5	6.30861E+4
4.65000E+1	7.85909E+2	1.25887E+3	1.40673E+4	1.38208E+4	2.88377E+5	6.33057E+4
4.66000E+1	7.87873E+2	1.23080E+3	1.40840E+4	1.37787E+4	2.87011E+5	6.28815E+4
4.67000E+1	8.10459E+2	1.25292E+3	1.38034E+4	1.36366E+4	2.88898E+5	6.27739E+4
4.68000E+1	8.02929E+2	1.24533E+3	1.35856E+4	1.37141E+4	2.89229E+5	6.27517E+4
4.69000E+1	7.92455E+2	1.24731E+3	1.35345E+4	1.36379E+4	2.90183E+5	6.24434E+4
4.70000E+1	7.80673E+2	1.23080E+3	1.32797E+4	1.35215E+4	2.90925E+5	6.20414E+4
4.71000E+1	7.86236E+2	1.21099E+3	1.31896E+4	1.34423E+4	2.90556E+5	6.15969E+4
4.72000E+1	7.70203E+2	1.25094E+3	1.32619E+4	1.35743E+4	2.90714E+5	6.17729E+4
4.73000E+1	7.40115E+2	1.21000E+3	1.33409E+4	1.35830E+4	2.92101E+5	6.16364E+4
4.74000E+1	7.88854E+2	1.21891E+3	1.32788E+4	1.38526E+4	2.93722E+5	6.17493E+4
4.75000E+1	7.66278E+2	1.21660E+3	1.32065E+4	1.36013E+4	2.92900E+5	6.19831E+4
4.76000E+1	7.60390E+2	1.25424E+3	1.28620E+4	1.36109E+4	2.92885E+5	6.16095E+4
4.77000E+1	7.81982E+2	1.24632E+3	1.28600E+4	1.34506E+4	2.95785E+5	6.15767E+4
4.78000E+1	7.62353E+2	1.24136E+3	1.26253E+4	1.31573E+4	2.93373E+5	6.10878E+4
4.79000E+1	7.39461E+2	1.24202E+3	1.26200E+4	1.32874E+4	2.95987E+5	6.10209E+4
4.80000E+1	7.46000E+2	1.21000E+3	1.24739E+4	1.30691E+4	2.95181E+5	6.05695E+4
4.81000E+1	7.63661E+2	1.20208E+3	1.24205E+4	1.31804E+4	2.96696E+5	6.04226E+4
4.82000E+1	7.74457E+2	1.23443E+3	1.23294E+4	1.30296E+4	2.97967E+5	6.05587E+4
4.83000E+1	7.31942E+2	1.22684E+3	1.22125E+4	1.27852E+4	2.95891E+5	6.02296E+4
4.84000E+1	7.42403E+2	1.22981E+3	1.22222E+4	1.27840E+4	2.97132E+5	6.03944E+4
4.85000E+1	7.47962E+2	1.17800E+3	1.22876E+4	1.28985E+4	2.97407E+5	5.98805E+4
4.86000E+1	8.04238E+2	1.24401E+3	1.24405E+4	1.27279E+4	2.99715E+5	6.00091E+4
4.87000E+1	7.56138E+2	1.21066E+3	1.24539E+4	1.27193E+4	2.96655E+5	5.98781E+4
4.88000E+1	7.56465E+2	1.22981E+3	1.26081E+4	1.29408E+4	2.98069E+5	6.00570E+4
4.89000E+1	7.91145E+2	1.21033E+3	1.26944E+4	1.27340E+4	2.97142E+5	6.00372E+4
4.90000E+1	7.52213E+2	1.20703E+3	1.27149E+4	1.26093E+4	2.95795E+5	6.01123E+4
4.91000E+1	7.88200E+2	1.22321E+3	1.27566E+4	1.26641E+4	2.94753E+5	6.01833E+4
4.92000E+1	7.99983E+2	1.21495E+3	1.28817E+4	1.27848E+4	2.93717E+5	6.00264E+4
4.93000E+1	8.27160E+2	1.20142E+3	1.30091E+4	1.31631E+4	2.94067E+5	6.01751E+4
4.94000E+1	7.57119E+2	1.22123E+3	1.32888E+4	1.32783E+4	2.95468E+5	6.05844E+4
4.95000E+1	7.83291E+2	1.21726E+3	1.33607E+4	1.33847E+4	2.94829E+5	6.08241E+4
4.96000E+1	8.10459E+2	1.19351E+3	1.33711E+4	1.32424E+4	2.94077E+5	6.10226E+4
4.97000E+1	7.84273E+2	1.22156E+3	1.33256E+4	1.30934E+4	2.93333E+5	6.08907E+4
4.98000E+1	7.82637E+2	1.21594E+3	1.32470E+4	1.29724E+4	2.90404E+5	6.03911E+4
4.99000E+1	7.70531E+2	1.18328E+3	1.30593E+4	1.33371E+4	2.91680E+5	6.02272E+4
5.00000E+1	7.53522E+2	1.18427E+3	1.30202E+4	1.33818E+4	2.92805E+5	6.01437E+4
5.01000E+1	7.81655E+2	1.15954E+3	1.29499E+4	1.31615E+4	2.91334E+5	6.02032E+4
5.02000E+1	7.91473E+2	1.20670E+3	1.30511E+4	1.32122E+4	2.94072E+5	6.06418E+4
5.03000E+1	7.88200E+2	1.19680E+3	1.31776E+4	1.33338E+4	2.94743E+5	6.07441E+4
5.04000E+1	7.69876E+2	1.20406E+3	1.32466E+4	1.32197E+4	2.92994E+5	6.05911E+4
5.05000E+1	7.80346E+2	1.18691E+3	1.33930E+4	1.33557E+4	2.92086E+5	6.03207E+4
5.06000E+1	7.84273E+2	1.17734E+3	1.36326E+4	1.37116E+4	2.94202E+5	6.07300E+4
5.07000E+1	7.76093E+2	1.22519E+3	1.37955E+4	1.33619E+4	2.92463E+5	6.13734E+4
5.08000E+1	7.97037E+2	1.19417E+3	1.38130E+4	1.34427E+4	2.90120E+5	6.09850E+4
5.09000E+1	7.93109E+2	1.21759E+3	1.41755E+4	1.36600E+4	2.89263E+5	6.08607E+4
5.10000E+1	8.06203E+2	1.18559E+3	1.43033E+4	1.40739E+4	2.90208E+5	6.14699E+4
5.11000E+1	8.26177E+2	1.21858E+3	1.46373E+4	1.41557E+4	2.88747E+5	6.18665E+4
5.12000E+1	8.12751E+2	1.22123E+3	1.46394E+4	1.40316E+4	2.87335E+5	6.15943E+4
5.13000E+1	8.25195E+2	1.19746E+3	1.46868E+4	1.41918E+4	2.85421E+5	6.16221E+4
5.14000E+1	8.35021E+2	1.19713E+3	1.48349E+4	1.43921E+4	2.86029E+5	6.21735E+4
5.15000E+1	8.06530E+2	1.19153E+3	1.49336E+4	1.48782E+4	2.87974E+5	6.25608E+4
5.16000E+1	8.15370E+2	1.20043E+3	1.49889E+4	1.47567E+4	2.89615E+5	6.29328E+4
5.17000E+1	8.40917E+2	1.21957E+3	1.50597E+4	1.45978E+4	2.87795E+5	6.28961E+4
5.18000E+1	7.97037E+2	1.18328E+3	1.47772E+4	1.44795E+4	2.86664E+5	6.28345E+4
5.19000E+1	8.08494E+2	1.17635E+3	1.46538E+4	1.46567E+4	2.86501E+5	6.22388E+4
5.20000E+1	8.11114E+2	1.16910E+3	1.48736E+4	1.48127E+4	2.85378E+5	6.24621E+4
5.21000E+1	8.43866E+2	1.21495E+3	1.56784E+4	1.48879E+4	2.87882E+5	6.32156E+4
5.22000E+1	8.61561E+2	1.16415E+3	1.64605E+4	1.47847E+4	2.86337E+5	6.36639E+4
5.23000E+1	8.95330E+2	1.18922E+3	1.71864E+4	1.46757E+4	2.83194E+5	6.40237E+4
5.24000E+1	8.68772E+2	1.21231E+3	1.78668E+4	1.48726E+4	2.78891E+5	6.46764E+4
5.25000E+1	9.34044E+2	1.20670E+3	1.89992E+4	1.55806E+4	2.76652E+5	6.58953E+4
5.26000E+1	9.72460E+2	1.22321E+3	2.01941E+4	1.58515E+4	2.73520E+5	6.67312E+4
5.27000E+1	1.02833E+3	1.21957E+3	2.13718E+4	1.60507E+4	2.67379E+5	6.72478E+4
5.28000E+1	1.05234E+3	1.21957E+3	2.29999E+4	1.65278E+4	2.62598E+5	6.83883E+4
5.29000E+1	1.06418E+3	1.22255E+3	2.46381E+4	1.74138E+4	2.58855E+5	6.92957E+4
5.30000E+1	1.12510E+3	1.24136E+3	2.67907E+4	1.82020E+4	2.55257E+5	7.08782E+4
5.31000E+1	1.14190E+3	1.21825E+3	2.87289E+4	1.90005E+4	2.51285E+5	7.18878E+4
5.32000E+1	1.19400E+3	1.23872E+3	3.09589E+4	1.98394E+4	2.47719E+5	7.30995E+4
5.33000E+1	1.26135E+3	1.23377E+3	3.36728E+4	2.07979E+4	2.44054E+5	7.51240E+4
5.34000E+1	1.30828E+3	1.23179E+3	3.67740E+4	2.21301E+4	2.42720E+5	7.70883E+4
5.35000E+1	1.36121E+3	1.27473E+3	3.98874E+4	2.35044E+4	2.39415E+5	7.83551E+4
5.36000E+1	1.40426E+3	1.22651E+3	4.33780E+4	2.51542E+4	2.35838E+5	7.98098E+4
5.37000E+1	1.43972E+3	1.24467E+3	4.72202E+4	2.68248E+4	2.32364E+5	8.17545E+4
5.38000E+1	1.46691E+3	1.26217E+3	5.15384E+4	2.84497E+4	2.28561E+5	8.31379E+4
5.39000E+1	1.54558E+3	1.28729E+3	5.60296E+4	3.03615E+4	2.25127E+5	8.53137E+4
5.40000E+1	1.62071E+3	1.26548E+3	6.09920E+4	3.24345E+4	2.22030E+5	8.70885E+4
5.41000E+1	1.66631E+3	1.28629E+3	6.58345E+4	3.42682E+4	2.17699E+5	8.86073E+4
5.42000E+1	1.71629E+3	1.27935E+3	7.16297E+4	3.67811E+4	2.14404E+5	9.06625E+4
5.43000E+1	1.77432E+3	1.29191E+3	7.79945E+4	3.94611E+4	2.10635E+5	9.24750E+4
5.44000E+1	1.80369E+3	1.26382E+3	8.53739E+4	4.26366E+4	2.09183E+5	9.47782E+4
5.45000E+1	1.88255E+3	1.30646E+3	9.31702E+4	4.54962E+4	2.06007E+5	9.67637E+4
5.46000E+1	1.94178E+3	1.33391E+3	1.01945E+5	4.90310E+4	2.04518E+5	9.98201E+4
5.47000E+1	2.03460E+3	1.31638E+3	1.10679E+5	5.26336E+4	2.01457E+5	1.01958E+5
5.48000E+1	2.10911E+3	1.34615E+3	1.20773E+5	5.62934E+4	1.98497E+5	1.04247E+5
5.49000E+1	2.16827E+3	1.31208E+3	1.30458E+5	6.00695E+4	1.95471E+5	1.06201E+5
5.50000E+1	2.22648E+3	1.34218E+3	1.41709E+5	6.44968E+4	1.93579E+5	1.08499E+5
5.51000E+1	2.33095E+3	1.34053E+3	1.54224E+5	6.93115E+4	1.90619E+5	1.11176E+5
5.52000E+1	2.40692E+3	1.35376E+3	1.68312E+5	7.47751E+4	1.89602E+5	1.14853E+5
5.53000E+1	2.47859E+3	1.39978E+3	1.81269E+5	7.91128E+4	1.87334E+5	1.17460E+5
5.54000E+1	2.59613E+3	1.38621E+3	1.93806E+5	8.39935E+4	1.83801E+5	1.20035E+5
5.55000E+1	2.68675E+3	1.37660E+3	2.08678E+5	8.93854E+4	1.81886E+5	1.22877E+5
5.56000E+1	2.74386E+3	1.39250E+3	2.26322E+5	9.54777E+4	1.81087E+5	1.26817E+5
5.57000E+1	2.93330E+3	1.43524E+3	2.41926E+5	1.00841E+5	1.77948E+5	1.29719E+5
5.58000E+1	2.97120E+3	1.40774E+3	2.54533E+5	1.06063E+5	1.75603E+5	1.31942E+5
5.59000E+1	3.06728E+3	1.39945E+3	2.71929E+5	1.12919E+5	1.73349E+5	1.34578E+5
5.60000E+1	3.15976E+3	1.42298E+3	2.91574E+5	1.20546E+5	1.72420E+5	1.38921E+5
5.61000E+1	3.31393E+3	1.44817E+3	3.11629E+5	1.27497E+5	1.70858E+5	1.43427E+5
5.62000E+1	3.39446E+3	1.47437E+3	3.32248E+5	1.34984E+5	1.69102E+5	1.46603E+5
5.63000E+1	3.57801E+3	1.48267E+3	3.48816E+5	1.40885E+5	1.67159E+5	1.50068E+5
5.64000E+1	3.65930E+3	1.48233E+3	3.71234E+5	1.48212E+5	1.65221E+5	1.53486E+5
5.65000E+1	3.78338E+3	1.48731E+3	3.89230E+5	1.55694E+5	1.63471E+5	1.57061E+5
5.66000E+1	3.91402E+3	1.51785E+3	4.13970E+5	1.63604E+5	1.61514E+5	1.60745E+5
5.67000E+1	4.06731E+3	1.51420E+3	4.35259E+5	1.71982E+5	1.60554E+5	1.64751E+5
5.68000E+1	4.22526E+3	1.50922E+3	4.62109E+5	1.80217E+5	1.59214E+5	1.70312E+5
5.69000E+1	4.34403E+3	1.53844E+3	4.87150E+5	1.88862E+5	1.57255E+5	1.74415E+5
5.70000E+1	4.41739E+3	1.52548E+3	5.05109E+5	1.95917E+5	1.55731E+5	1.78882E+5
5.71000E+1	4.59896E+3	1.53279E+3	5.25825E+5	2.04914E+5	1.53685E+5	1.82795E+5
5.72000E+1	4.76595E+3	1.56502E+3	5.51779E+5	2.13405E+5	1.52358E+5	1.88068E+5
5.73000E+1	4.94908E+3	1.57532E+3	5.84537E+5	2.22155E+5	1.51347E+5	1.92998E+5
5.74000E+1	5.07485E+3	1.57133E+3	6.08053E+5	2.32049E+5	1.49928E+5	1.97685E+5
5.75000E+1	5.24300E+3	1.60924E+3	6.35467E+5	2.40590E+5	1.48780E+5	2.03148E+5
5.76000E+1	5.38414E+3	1.58562E+3	6.59027E+5	2.48404E+5	1.46485E+5	2.06570E+5
5.77000E+1	5.58094E+3	1.57665E+3	6.76165E+5	2.56163E+5	1.45202E+5	2.11586E+5
5.78000E+1	5.72803E+3	1.61988E+3	6.87648E+5	2.61477E+5	1.43125E+5	2.14564E+5
5.79000E+1	5.91129E+3	1.61223E+3	7.20394E+5	2.69881E+5	1.42359E+5	2.21667E+5
5.80000E+1	6.05387E+3	1.57465E+3	7.48633E+5	2.80006E+5	1.40524E+5	2.24004E+5
5.81000E+1	6.28155E+3	1.65582E+3	7.60109E+5	2.86888E+5	1.39775E+5	2.31227E+5
5.82000E+1	6.47770E+3	1.62853E+3	7.97851E+5	2.96886E+5	1.38487E+5	2.37688E+5
5.83000E+1	6.68630E+3	1.68813E+3	8.28968E+5	3.08099E+5	1.37886E+5	2.45518E+5
5.84000E+1	6.85120E+3	1.66714E+3	8.66063E+5	3.18115E+5	1.36880E+5	2.53019E+5
5.85000E+1	7.04946E+3	1.68646E+3	8.76395E+5	3.23512E+5	1.35282E+5	2.56073E+5
5.86000E+1	7.15034E+3	1.68546E+3	8.84009E+5	3.27690E+5	1.34065E+5	2.62705E+5
5.87000E+1	7.45934E+3	1.66248E+3	9.33068E+5	3.40035E+5	1.33567E+5	2.71100E+5
5.88000E+1	7.55765E+3	1.68080E+3	9.89069E+5	3.47915E+5	1.33096E+5	2.79679E+5
5.89000E+1	7.88251E+3	1.72179E+3	1.00947E+6	3.57933E+5	1.31897E+5	2.85757E+5
5.90000E+1	8.01503E+3	1.73879E+3	1.01689E+6	3.65927E+5	1.31070E+5	2.92866E+5
5.91000E+1	8.28974E+3	1.74546E+3	1.06183E+6	3.72855E+5	1.29765E+5	2.98725E+5
5.92000E+1	8.39866E+3	1.74979E+3	1.02998E+6	3.74553E+5	1.27954E+5	3.01708E+5
5.93000E+1	8.69854E+3	1.77315E+3	1.06449E+6	3.81122E+5	1.27223E+5	3.08937E+5
5.94000E+1	8.85369E+3	1.79985E+3	1.11504E+6	3.93931E+5	1.27476E+5	3.19646E+5
5.95000E+1	9.05601E+3	1.79251E+3	1.11963E+6	3.96347E+5	1.25544E+5	3.24298E+5
5.96000E+1	9.36301E+3	1.80686E+3	1.15468E+6	4.00114E+5	1.24472E+5	3.31146E+5
5.97000E+1	9.55524E+3	1.86567E+3	1.17882E+6	4.15865E+5	1.24713E+5	3.40596E+5
5.98000E+1	9.64812E+3	1.85697E+3	1.17819E+6	4.15522E+5	1.23175E+5	3.47849E+5
5.99000E+1	9.97990E+3	1.84661E+3	1.22128E+6	4.25266E+5	1.22861E+5	3.59872E+5
6.00000E+1	1.00130E+4	1.83024E+3	1.20864E+6	4.28837E+5	1.21050E+5	3.61136E+5
6.01000E+1	1.03682E+4	1.86834E+3	1.22066E+6	4.30328E+5	1.20433E+5	3.70125E+5
6.02000E+1	1.05770E+4	1.88874E+3	1.29147E+6	4.46885E+5	1.20353E+5	3.83888E+5
6.03000E+1	1.07407E+4	1.86533E+3	1.27629E+6	4.51726E+5	1.19189E+5	3.89922E+5
6.04000E+1	1.09743E+4	1.88740E+3	1.28693E+6	4.51305E+5	1.18048E+5	3.94890E+5
6.05000E+1	1.12547E+4	1.90212E+3	1.32494E+6	4.59978E+5	1.17744E+5	4.06569E+5
6.06000E+1	1.14189E+4	1.94060E+3	1.40232E+6	4.70853E+5	1.17796E+5	4.15811E+5
6.07000E+1	1.16802E+4	1.95869E+3	1.37309E+6	4.72643E+5	1.16438E+5	4.25158E+5
6.08000E+1	1.17727E+4	1.95668E+3	1.37016E+6	4.78643E+5	1.15595E+5	4.25683E+5
6.09000E+1	1.20989E+4	1.97376E+3	1.36655E+6	4.79085E+5	1.14488E+5	4.39807E+5
6.10000E+1	1.23952E+4	2.00124E+3	1.42177E+6	4.88852E+5	1.14381E+5	4.47762E+5
6.11000E+1	1.26162E+4	2.02538E+3	1.48705E+6	4.87392E+5	1.14054E+5	4.63074E+5
6.12000E+1	1.26256E+4	1.99520E+3	1.46496E+6	4.84912E+5	1.14177E+5	4.71408E+5
6.13000E+1	1.29141E+4	2.00559E+3	1.48373E+6	4.99022E+5	1.13225E+5	4.79765E+5
6.14000E+1	1.30592E+4	2.01532E+3	1.55244E+6	5.02593E+5	1.13392E+5	4.91486E+5
6.15000E+1	1.32953E+4	2.05221E+3	1.57076E+6	5.15253E+5	1.12161E+5	5.00538E+5
6.16000E+1	1.33338E+4	2.04986E+3	1.54963E+6	5.15083E+5	1.11426E+5	5.06630E+5
6.17000E+1	1.35672E+4	2.04349E+3	1.53918E+6	5.24613E+5	1.10096E+5	5.11506E+5
6.18000E+1	1.35859E+4	2.04248E+3	1.52332E+6	5.18133E+5	1.10167E+5	5.23970E+5
6.19000E+1	1.37774E+4	2.07403E+3	1.51202E+6	5.19267E+5	1.09108E+5	5.26236E+5
6.20000E+1	1.40861E+4	2.09316E+3	1.57772E+6	5.26454E+5	1.08712E+5	5.35715E+5
6.21000E+1	1.42856E+4	2.14994E+3	1.59754E+6	5.31642E+5	1.08378E+5	5.54494E+5
6.22000E+1	1.43917E+4	2.12138E+3	1.59791E+6	5.39581E+5	1.07781E+5	5.60469E+5
6.23000E+1	1.45623E+4	2.17045E+3	1.59819E+6	5.44924E+5	1.07420E+5	5.66653E+5
6.24000E+1	1.48480E+4	2.21621E+3	1.63008E+6	5.52571E+5	1.06869E+5	5.82965E+5
6.25000E+1	1.50050E+4	2.20982E+3	1.68737E+6	5.51325E+5	1.06672E+5	5.93416E+5
6.26000E+1	1.50408E+4	2.19165E+3	1.67378E+6	5.57283E+5	1.06216E+5	5.95747E+5
6.27000E+1	1.52523E+4	2.21083E+3	1.70451E+6	5.55686E+5	1.05935E+5	6.13335E+5
6.28000E+1	1.54074E+4	2.19905E+3	1.77176E+6	5.67273E+5	1.05560E+5	6.22097E+5
6.29000E+1	1.56081E+4	2.24685E+3	1.76266E+6	5.62643E+5	1.05635E+5	6.30338E+5
6.30000E+1	1.58623E+4	2.25224E+3	1.75587E+6	5.84353E+5	1.04540E+5	6.42906E+5
6.31000E+1	1.59722E+4	2.24214E+3	1.74451E+6	5.77157E+5	1.04046E+5	6.43653E+5
6.32000E+1	1.59982E+4	2.28998E+3	1.71581E+6	5.72695E+5	1.03715E+5	6.62131E+5
6.33000E+1	1.60946E+4	2.29807E+3	1.76569E+6	5.88680E+5	1.03482E+5	6.69023E+5
6.34000E+1	1.62276E+4	2.28425E+3	1.74780E+6	6.00223E+5	1.02855E+5	6.81099E+5
6.35000E+1	1.62502E+4	2.33483E+3	1.73296E+6	5.97000E+5	1.01931E+5	6.89041E+5
6.36000E+1	1.65011E+4	2.33348E+3	1.78678E+6	6.00255E+5	1.02317E+5	7.03482E+5
6.37000E+1	1.66587E+4	2.34259E+3	1.83139E+6	6.08600E+5	1.02110E+5	7.20061E+5
6.38000E+1	1.67465E+4	2.34968E+3	1.92567E+6	6.16219E+5	1.02285E+5	7.31573E+5
6.39000E+1	1.69501E+4	2.37162E+3	1.91882E+6	6.24545E+5	1.01998E+5	7.49739E+5
6.40000E+1	1.71130E+4	2.32640E+3	1.97580E+6	6.29106E+5	1.01501E+5	7.57225E+5
6.41000E+1	1.72173E+4	2.44934E+3	1.93871E+6	6.33239E+5	1.01115E+5	7.81847E+5
6.42000E+1	1.73246E+4	2.46151E+3	1.96819E+6	6.41631E+5	1.01070E+5	7.77212E+5
6.43000E+1	1.75650E+4	2.44731E+3	2.00322E+6	6.47777E+5	1.00216E+5	7.89046E+5
6.44000E+1	1.75716E+4	2.48553E+3	2.05103E+6	6.50489E+5	1.00174E+5	7.94529E+5
6.45000E+1	1.77384E+4	2.45914E+3	2.00808E+6	6.50852E+5	1.00027E+5	8.09628E+5
6.46000E+1	1.77751E+4	2.48722E+3	2.01945E+6	6.63579E+5	9.93233E+4	8.19490E+5
6.47000E+1	1.77728E+4	2.50008E+3	1.96064E+6	6.63654E+5	9.88317E+4	8.21209E+5
6.48000E+1	1.80779E+4	2.53428E+3	1.90396E+6	6.45299E+5	9.86129E+4	8.19626E+5
6.49000E+1	1.81242E+4	2.57291E+3	1.99697E+6	6.67278E+5	9.85189E+4	8.28957E+5
6.50000E+1	1.82633E+4	2.55562E+3	2.05551E+6	6.62360E+5	9.78533E+4	8.46693E+5
6.51000E+1	1.82691E+4	2.56952E+3	1.97122E+6	6.68019E+5	9.78521E+4	8.56112E+5
6.52000E+1	1.84840E+4	2.59800E+3	1.95192E+6	6.68513E+5	9.75725E+4	8.52444E+5
6.53000E+1	1.85465E+4	2.55495E+3	2.05312E+6	6.73704E+5	9.77474E+4	8.73016E+5
6.54000E+1	1.86335E+4	2.72839E+3	2.06740E+6	6.81732E+5	9.74054E+4	8.86844E+5
6.55000E+1	1.88884E+4	2.66756E+3	2.12648E+6	6.92693E+5	9.71734E+4	9.02687E+5
6.56000E+1	1.89585E+4	2.66722E+3	2.03549E+6	6.83825E+5	9.65217E+4	9.09503E+5
6.57000E+1	1.88870E+4	2.68930E+3	1.99952E+6	6.79025E+5	9.60439E+4	8.97115E+5
6.58000E+1	1.88879E+4	2.70969E+3	2.06167E+6	6.82284E+5	9.60117E+4	9.00522E+5
6.59000E+1	1.90288E+4	2.66722E+3	2.00465E+6	6.87264E+5	9.58151E+4	9.19650E+5
6.60000E+1	1.92455E+4	2.72397E+3	1.99655E+6	6.97130E+5	9.55757E+4	9.21361E+5
6.61000E+1	1.93928E+4	2.71207E+3	2.02249E+6	6.91137E+5	9.57212E+4	9.37474E+5
6.62000E+1	1.93331E+4	2.75491E+3	2.11314E+6	7.07877E+5	9.57348E+4	9.51961E+5
6.63000E+1	1.94714E+4	2.77839E+3	2.10137E+6	7.05508E+5	9.50546E+4	9.77262E+5
6.64000E+1	1.95381E+4	2.76171E+3	2.09654E+6	7.05989E+5	9.49284E+4	9.62875E+5
6.65000E+1	1.96916E+4	2.83082E+3	2.21792E+6	7.13019E+5	9.47242E+4	9.83920E+5
6.66000E+1	1.97354E+4	2.86831E+3	2.28415E+6	7.24837E+5	9.54230E+4	1.01712E+6
6.67000E+1	1.99274E+4	2.82163E+3	2.18079E+6	7.30465E+5	9.51773E+4	1.02469E+6
6.68000E+1	2.00109E+4	2.86456E+3	2.30577E+6	7.33117E+5	9.47035E+4	1.02976E+6
6.69000E+1	1.99182E+4	2.87172E+3	2.22191E+6	7.29777E+5	9.43219E+4	1.05100E+6
6.70000E+1	1.99001E+4	2.87479E+3	2.28342E+6	7.30331E+5	9.40389E+4	1.03596E+6
6.71000E+1	2.01428E+4	2.92254E+3	2.24383E+6	7.32916E+5	9.41542E+4	1.04658E+6
6.72000E+1	2.01270E+4	2.92766E+3	2.19666E+6	7.30287E+5	9.37132E+4	1.06561E+6
6.73000E+1	2.01377E+4	2.93415E+3	2.14175E+6	7.24531E+5	9.31154E+4	1.03993E+6
6.74000E+1	2.03492E+4	2.97479E+3	2.12090E+6	7.22107E+5	9.31058E+4	1.04320E+6
6.75000E+1	2.03627E+4	3.07532E+3	2.16004E+6	7.31555E+5	9.28874E+4	1.05096E+6
6.76000E+1	2.03398E+4	2.99802E+3	2.17511E+6	7.33229E+5	9.28622E+4	1.07979E+6
6.77000E+1	2.06129E+4	3.07737E+3	2.26094E+6	7.48026E+5	9.31647E+4	1.10078E+6
6.78000E+1	2.06139E+4	3.10887E+3	2.36676E+6	7.60128E+5	9.32861E+4	1.13406E+6
6.79000E+1	2.07391E+4	3.09278E+3	2.46057E+6	7.65380E+5	9.32813E+4	1.13973E+6
6.80000E+1	2.07377E+4	3.09894E+3	2.27213E+6	7.42525E+5	9.26551E+4	1.12907E+6
6.81000E+1	2.09320E+4	3.13800E+3	2.19666E+6	7.44841E+5	9.22577E+4	1.11308E+6
6.82000E+1	2.10480E+4	3.18634E+3	2.35895E+6	7.52521E+5	9.23972E+4	1.15162E+6
6.83000E+1	2.11657E+4	3.18531E+3	2.38294E+6	7.66201E+5	9.27281E+4	1.18054E+6
6.84000E+1	2.09980E+4	3.17879E+3	2.43072E+6	7.69549E+5	9.20793E+4	1.15400E+6
6.85000E+1	2.12532E+4	3.16953E+3	2.43610E+6	7.74942E+5	9.25523E+4	1.18489E+6
6.86000E+1	2.14392E+4	3.25327E+3	2.51692E+6	7.92450E+5	9.22804E+4	1.20498E+6
6.87000E+1	2.15457E+4	3.21756E+3	2.52444E+6	7.85475E+5	9.21019E+4	1.20531E+6
6.88000E+1	2.16033E+4	3.29760E+3	2.61559E+6	7.83006E+5	9.20258E+4	1.21393E+6
6.89000E+1	2.16052E+4	3.30207E+3	2.48661E+6	7.79229E+5	9.18087E+4	1.21005E+6
6.90000E+1	2.16453E+4	3.30998E+3	2.38374E+6	7.71796E+5	9.11684E+4	1.16380E+6
6.91000E+1	2.16572E+4	3.36537E+3	2.35254E+6	7.78831E+5	9.09872E+4	1.18611E+6
6.92000E+1	2.15647E+4	3.34988E+3	2.43485E+6	7.80376E+5	9.09896E+4	1.21750E+6
6.93000E+1	2.17760E+4	3.42495E+3	2.46671E+6	7.87729E+5	9.08276E+4	1.20476E+6
6.94000E+1	2.18248E+4	3.40910E+3	2.34616E+6	7.73538E+5	9.07373E+4	1.20570E+6
6.95000E+1	2.19741E+4	3.36881E+3	2.45783E+6	7.92040E+5	9.05511E+4	1.21935E+6
6.96000E+1	2.19981E+4	3.43598E+3	2.42208E+6	7.92553E+5	9.07373E+4	1.26423E+6
6.97000E+1	2.20946E+4	3.45425E+3	2.59813E+6	8.12548E+5	9.08663E+4	1.29101E+6
6.98000E+1	2.22865E+4	3.48771E+3	2.59977E+6	8.03491E+5	9.11613E+4	1.32263E+6
6.99000E+1	2.22446E+4	3.49150E+3	2.58808E+6	8.05784E+5	9.03594E+4	1.29438E+6
7.00000E+1	2.23665E+4	3.49633E+3	2.36461E+6	7.96653E+5	9.00168E+4	1.25064E+6
7.01000E+1	2.22460E+4	3.52429E+3	2.36951E+6	7.86436E+5	8.99971E+4	1.24211E+6
7.02000E+1	2.22585E+4	3.58994E+3	2.34925E+6	7.97690E+5	8.98623E+4	1.24759E+6
7.03000E+1	2.23289E+4	3.59927E+3	2.44462E+6	8.03859E+5	8.97787E+4	1.26255E+6
7.04000E+1	2.27488E+4	3.62763E+3	2.69961E+6	8.36417E+5	9.01158E+4	1.32537E+6
7.05000E+1	2.28479E+4	3.63767E+3	2.82850E+6	8.25169E+5	8.98611E+4	1.35042E+6
7.06000E+1	2.27430E+4	3.71524E+3	2.57903E+6	8.18380E+5	9.00040E+4	1.35613E+6
7.07000E+1	2.28571E+4	3.74020E+3	2.73774E+6	8.28406E+5	8.99076E+4	1.35143E+6
7.08000E+1	2.29024E+4	3.74644E+3	2.69935E+6	8.30215E+5	8.98994E+4	1.34273E+6
7.09000E+1	2.29891E+4	3.79501E+3	2.63473E+6	8.37916E+5	8.97578E+4	1.36313E+6
7.10000E+1	2.30544E+4	3.81306E+3	2.64562E+6	8.39848E+5	8.95295E+4	1.35914E+6
7.11000E+1	2.30759E+4	3.82973E+3	2.67607E+6	8.41273E+5	8.96789E+4	1.35709E+6
7.12000E+1	2.32410E+4	3.89645E+3	2.67359E+6	8.36163E+5	8.95863E+4	1.37804E+6
7.13000E+1	2.32856E+4	3.84744E+3	2.69280E+6	8.27824E+5	8.95654E+4	1.37006E+6
7.14000E+1	2.33826E+4	3.87177E+3	2.57027E+6	8.39705E+5	8.90873E+4	1.35354E+6
7.15000E+1	2.35560E+4	3.98207E+3	2.67905E+6	8.42473E+5	8.92176E+4	1.39571E+6
7.16000E+1	2.36603E+4	3.90897E+3	2.72663E+6	8.40218E+5	8.91945E+4	1.38313E+6
7.17000E+1	2.36190E+4	3.99566E+3	2.63161E+6	8.29630E+5	8.87941E+4	1.38504E+6
7.18000E+1	2.35117E+4	4.02912E+3	2.56706E+6	8.35288E+5	8.84582E+4	1.38903E+6
7.19000E+1	2.37264E+4	3.99845E+3	2.58227E+6	8.32562E+5	8.87562E+4	1.38746E+6
7.20000E+1	2.39982E+4	4.02633E+3	2.57234E+6	8.41130E+5	8.85750E+4	1.37741E+6
7.21000E+1	2.38622E+4	4.11042E+3	2.54817E+6	8.48260E+5	8.85395E+4	1.39211E+6
7.22000E+1	2.40701E+4	4.11321E+3	2.73463E+6	8.47363E+5	8.83427E+4	1.39816E+6
7.23000E+1	2.42489E+4	4.15129E+3	2.68929E+6	8.54794E+5	8.80586E+4	1.38277E+6
7.24000E+1	2.42176E+4	4.15479E+3	2.79680E+6	8.66357E+5	8.83393E+4	1.47016E+6
7.25000E+1	2.42688E+4	4.21493E+3	2.74659E+6	8.64735E+5	8.81133E+4	1.46596E+6
7.26000E+1	2.43101E+4	4.21108E+3	2.58994E+6	8.48405E+5	8.78003E+4	1.41520E+6
7.27000E+1	2.43061E+4	4.21738E+3	2.54727E+6	8.52479E+5	8.76096E+4	1.40740E+6
7.28000E+1	2.45305E+4	4.29057E+3	2.64854E+6	8.63418E+5	8.77310E+4	1.40652E+6
7.29000E+1	2.42867E+4	4.33228E+3	2.63161E+6	8.55794E+5	8.76096E+4	1.41898E+6
7.30000E+1	2.46986E+4	4.32667E+3	2.71586E+6	8.71925E+5	8.79117E+4	1.45420E+6
7.31000E+1	2.46170E+4	4.35824E+3	2.85978E+6	8.94916E+5	8.81292E+4	1.50548E+6
7.32000E+1	2.46871E+4	4.42776E+3	2.91293E+6	8.89272E+5	8.75597E+4	1.48015E+6
7.33000E+1	2.47768E+4	4.34736E+3	2.71944E+6	8.56530E+5	8.72339E+4	1.43696E+6
7.34000E+1	2.46526E+4	4.39193E+3	2.79869E+6	8.57356E+5	8.72949E+4	1.47262E+6
7.35000E+1	2.46851E+4	4.47239E+3	2.69331E+6	8.75315E+5	8.71695E+4	1.48103E+6
7.36000E+1	2.49421E+4	4.49455E+3	2.63570E+6	8.74672E+5	8.69463E+4	1.47294E+6
7.37000E+1	2.49280E+4	4.57270E+3	2.66568E+6	8.69405E+5	8.69565E+4	1.50019E+6
7.38000E+1	2.51143E+4	4.58962E+3	2.73463E+6	8.86662E+5	8.68799E+4	1.50532E+6
7.39000E+1	2.52324E+4	4.61077E+3	2.72149E+6	8.78482E+5	8.67158E+4	1.48945E+6
7.40000E+1	2.51476E+4	4.67921E+3	2.84629E+6	8.86850E+5	8.74227E+4	1.52865E+6
7.41000E+1	2.53649E+4	4.63898E+3	2.82657E+6	8.95714E+5	8.72892E+4	1.52669E+6
7.42000E+1	2.54825E+4	4.72865E+3	2.66988E+6	8.89966E+5	8.71007E+4	1.52592E+6
7.43000E+1	2.53169E+4	4.72053E+3	2.97045E+6	9.07053E+5	8.71470E+4	1.58405E+6
7.44000E+1	2.55033E+4	4.79654E+3	3.13729E+6	9.16418E+5	8.72949E+4	1.58873E+6
7.45000E+1	2.54906E+4	4.76895E+3	3.07731E+6	9.30147E+5	8.67630E+4	1.59093E+6
7.46000E+1	2.56379E+4	4.78911E+3	2.74476E+6	8.96097E+5	8.62944E+4	1.50715E+6
7.47000E+1	2.56339E+4	4.88861E+3	2.73489E+6	8.87289E+5	8.65576E+4	1.57995E+6
7.48000E+1	2.56639E+4	4.88117E+3	3.10586E+6	9.23186E+5	8.69362E+4	1.57877E+6
7.49000E+1	2.57886E+4	4.88330E+3	3.00578E+6	9.09247E+5	8.62341E+4	1.56803E+6
7.50000E+1	2.58662E+4	4.93932E+3	2.76419E+6	9.03731E+5	8.60075E+4	1.55390E+6
7.51000E+1	2.59234E+4	4.93223E+3	2.96741E+6	9.02046E+5	8.61391E+4	1.54400E+6
7.52000E+1	2.59873E+4	4.94252E+3	2.90563E+6	9.01044E+5	8.59574E+4	1.56965E+6
7.53000E+1	2.59862E+4	5.01459E+3	2.78925E+6	8.90787E+5	8.57337E+4	1.54767E+6
7.54000E+1	2.61475E+4	5.03520E+3	2.75130E+6	9.04803E+5	8.58650E+4	1.54010E+6
7.55000E+1	2.61619E+4	5.09957E+3	2.87852E+6	9.13729E+5	8.56904E+4	1.58077E+6
7.56000E+1	2.64621E+4	5.17471E+3	3.19118E+6	9.31380E+5	8.62508E+4	1.63285E+6
7.57000E+1	2.65657E+4	5.14977E+3	2.97867E+6	9.25112E+5	8.59663E+4	1.65320E+6
7.58000E+1	2.65590E+4	5.21785E+3	2.99587E+6	9.47813E+5	8.61380E+4	1.64316E+6
7.59000E+1	2.65657E+4	5.23319E+3	3.12585E+6	9.52896E+5	8.56315E+4	1.61475E+6
7.60000E+1	2.65311E+4	5.33425E+3	2.94425E+6	9.20160E+5	8.55150E+4	1.58588E+6
7.61000E+1	2.68294E+4	5.29209E+3	3.23718E+6	9.54541E+5	8.61023E+4	1.67923E+6
7.62000E+1	2.69534E+4	5.36536E+3	3.26249E+6	9.41065E+5	8.58115E+4	1.65539E+6
7.63000E+1	2.69430E+4	5.36036E+3	3.26979E+6	9.74435E+5	8.59563E+4	1.73933E+6
7.64000E+1	2.68771E+4	5.43265E+3	3.23933E+6	9.51148E+5	8.60889E+4	1.69612E+6
7.65000E+1	2.70563E+4	5.41904E+3	3.01232E+6	9.56911E+5	8.57226E+4	1.67618E+6
7.66000E+1	2.69597E+4	5.48998E+3	3.12418E+6	9.51184E+5	8.54552E+4	1.69997E+6
7.67000E+1	2.69955E+4	5.44948E+3	3.09169E+6	9.49869E+5	8.54929E+4	1.65986E+6
7.68000E+1	2.71063E+4	5.47600E+3	3.29225E+6	9.48344E+5	8.56660E+4	1.73390E+6
7.69000E+1	2.72115E+4	5.60950E+3	3.39382E+6	9.71431E+5	8.53920E+4	1.74556E+6
7.70000E+1	2.71136E+4	5.56819E+3	3.24726E+6	9.62446E+5	8.56282E+4	1.73325E+6
7.71000E+1	2.71323E+4	5.63070E+3	3.01076E+6	9.40961E+5	8.51388E+4	1.63643E+6
7.72000E+1	2.72104E+4	5.67386E+3	3.10222E+6	9.38071E+5	8.50902E+4	1.70994E+6
7.73000E+1	2.72584E+4	5.72209E+3	3.32066E+6	9.71431E+5	8.53920E+4	1.75040E+6
7.74000E+1	2.72454E+4	5.72893E+3	3.07829E+6	9.46647E+5	8.50042E+4	1.70091E+6
7.75000E+1	2.73801E+4	5.71092E+3	2.89115E+6	9.40472E+5	8.44150E+4	1.62985E+6
7.76000E+1	2.75287E+4	5.85404E+3	3.07699E+6	9.47813E+5	8.46268E+4	1.70847E+6
7.77000E+1	2.76210E+4	5.86921E+3	3.39264E+6	9.92089E+5	8.50748E+4	1.77874E+6
7.78000E+1	2.75995E+4	5.86596E+3	3.25413E+6	9.65802E+5	8.49700E+4	1.74162E+6
7.79000E+1	2.75424E+4	6.04101E+3	3.15119E+6	9.52896E+5	8.47839E+4	1.67445E+6
7.80000E+1	2.75838E+4	5.97692E+3	3.06017E+6	9.50579E+5	8.46938E+4	1.67445E+6
7.81000E+1	2.75838E+4	5.99176E+3	2.96802E+6	9.41310E+5	8.42891E+4	1.65837E+6
7.82000E+1	2.77413E+4	6.05006E+3	3.08187E+6	9.60776E+5	8.44359E+4	1.69508E+6
7.83000E+1	2.77692E+4	6.07253E+3	3.15017E+6	9.62046E+5	8.43537E+4	1.77352E+6
7.84000E+1	2.81648E+4	6.21045E+3	3.32368E+6	9.75962E+5	8.46092E+4	1.81396E+6
7.85000E+1	2.80871E+4	6.17594E+3	3.28522E+6	9.93358E+5	8.48048E+4	1.78891E+6
7.86000E+1	2.80998E+4	6.22499E+3	3.46239E+6	9.87383E+5	8.45642E+4	1.84587E+6
7.87000E+1	2.83625E+4	6.26936E+3	3.31803E+6	1.00914E+6	8.44172E+4	1.79306E+6
7.88000E+1	2.82713E+4	6.29738E+3	3.37465E+6	9.99477E+5	8.48202E+4	1.82798E+6
7.89000E+1	2.84608E+4	6.28719E+3	3.54736E+6	9.90554E+5	8.46037E+4	1.90094E+6
7.90000E+1	2.83036E+4	6.40160E+3	3.35262E+6	1.00358E+6	8.44424E+4	1.82142E+6
7.91000E+1	2.83275E+4	6.42458E+3	3.34420E+6	9.88947E+5	8.43274E+4	1.80304E+6
7.92000E+1	2.85199E+4	6.45706E+3	3.63919E+6	1.01400E+6	8.43986E+4	1.80784E+6
7.93000E+1	2.84326E+4	6.49651E+3	3.40289E+6	9.96487E+5	8.41339E+4	1.85420E+6
7.94000E+1	2.84773E+4	6.50565E+3	3.21155E+6	9.67966E+5	8.36632E+4	1.76430E+6
7.95000E+1	2.83827E+4	6.59928E+3	3.06661E+6	9.69806E+5	8.36339E+4	1.72013E+6
7.96000E+1	2.86952E+4	6.66522E+3	3.09958E+6	9.87421E+5	8.36328E+4	1.73683E+6
7.97000E+1	2.86744E+4	6.64287E+3	3.18074E+6	9.85785E+5	8.37948E+4	1.74941E+6
7.98000E+1	2.88004E+4	6.76098E+3	3.45301E+6	1.01352E+6	8.40487E+4	1.84551E+6
7.99000E+1	2.87619E+4	6.81351E+3	3.62439E+6	1.02067E+6	8.42268E+4	1.86087E+6
8.00000E+1	2.89015E+4	6.84660E+3	3.33505E+6	1.01560E+6	8.38503E+4	1.83375E+6
8.01000E+1	2.89175E+4	6.79734E+3	3.40170E+6	1.00209E+6	8.37948E+4	1.87472E+6
8.02000E+1	2.88538E+4	6.86168E+3	3.35994E+6	1.00950E+6	8.35079E+4	1.87008E+6
8.03000E+1	2.86125E+4	6.94932E+3	3.17417E+6	9.93743E+5	8.35394E+4	1.80246E+6
8.04000E+1	2.87587E+4	6.97770E+3	3.17555E+6	1.00115E+6	8.35611E+4	1.81419E+6
8.05000E+1	2.90150E+4	7.10468E+3	3.72914E+6	1.02157E+6	8.36252E+4	1.87635E+6
8.06000E+1	2.91347E+4	7.11466E+3	3.55682E+6	1.01053E+6	8.37861E+4	1.92311E+6
8.07000E+1	2.89775E+4	7.11318E+3	3.58941E+6	1.01809E+6	8.38928E+4	1.86658E+6
8.08000E+1	2.90912E+4	7.15570E+3	3.26540E+6	9.94052E+5	8.35796E+4	1.89477E+6
8.09000E+1	2.91004E+4	7.27644E+3	3.22716E+6	9.87345E+5	8.34700E+4	1.84113E+6
8.10000E+1	2.90537E+4	7.28867E+3	3.08775E+6	9.79855E+5	8.30156E+4	1.79318E+6
8.11000E+1	2.91025E+4	7.24715E+3	3.10752E+6	9.94438E+5	8.32241E+4	1.79225E+6
8.12000E+1	2.91369E+4	7.32651E+3	3.37310E+6	9.98854E+5	8.31701E+4	1.81585E+6
8.13000E+1	2.90810E+4	7.37812E+3	3.35685E+6	1.02011E+6	8.33096E+4	1.93612E+6
8.14000E+1	2.93231E+4	7.50829E+3	3.56329E+6	1.01853E+6	8.36719E+4	1.96387E+6
8.15000E+1	2.91960E+4	7.46920E+3	3.45749E+6	1.01073E+6	8.31982E+4	1.86808E+6
8.16000E+1	2.93430E+4	7.52765E+3	3.16076E+6	9.93358E+5	8.29628E+4	1.82344E+6
8.17000E+1	2.91057E+4	7.47702E+3	3.12954E+6	9.92973E+5	8.30340E+4	1.81348E+6
8.18000E+1	2.91627E+4	7.56044E+3	3.26869E+6	1.00022E+6	8.30059E+4	1.81113E+6
8.19000E+1	2.94314E+4	7.66715E+3	3.10553E+6	9.86850E+5	8.29197E+4	1.84234E+6
8.20000E+1	2.94660E+4	7.69890E+3	3.31916E+6	1.01769E+6	8.27516E+4	1.87849E+6
8.21000E+1	2.95692E+4	7.78754E+3	3.18387E+6	9.93281E+5	8.29617E+4	1.88634E+6
8.22000E+1	2.96542E+4	7.84409E+3	3.30939E+6	1.00358E+6	8.28205E+4	1.87547E+6
8.23000E+1	2.95249E+4	7.90707E+3	3.42957E+6	1.01013E+6	8.25099E+4	1.84331E+6
8.24000E+1	2.95752E+4	7.87819E+3	3.24834E+6	1.00065E+6	8.27699E+4	1.83701E+6
8.25000E+1	2.97545E+4	7.86357E+3	3.33201E+6	1.00484E+6	8.29606E+4	1.87597E+6
8.26000E+1	3.00355E+4	7.94760E+3	3.77745E+6	1.04999E+6	8.31495E+4	1.99098E+6
8.27000E+1	3.00349E+4	8.12961E+3	3.73198E+6	1.03814E+6	8.30372E+4	1.93292E+6
8.28000E+1	3.01200E+4	8.06900E+3	3.73340E+6	1.03208E+6	8.29854E+4	2.00402E+6
8.29000E+1	3.02319E+4	8.12961E+3	3.84697E+6	1.02903E+6	8.28324E+4	1.97852E+6
8.30000E+1	3.01118E+4	8.23556E+3	3.57674E+6	1.02743E+6	8.23662E+4	1.92946E+6
8.31000E+1	3.01183E+4	8.13789E+3	3.34573E+6	1.02743E+6	8.22987E+4	1.84563E+6
8.32000E+1	3.03030E+4	8.27973E+3	3.61014E+6	1.05818E+6	8.28572E+4	2.01809E+6
8.33000E+1	3.02548E+4	8.37273E+3	3.47140E+6	1.03751E+6	8.28528E+4	1.94470E+6
8.34000E+1	3.03495E+4	8.46172E+3	4.02533E+6	1.07600E+6	8.31409E+4	1.97713E+6
8.35000E+1	3.03380E+4	8.47347E+3	3.58066E+6	1.07187E+6	8.30081E+4	2.02258E+6
8.36000E+1	3.05578E+4	8.54782E+3	3.75626E+6	1.08407E+6	8.30415E+4	2.05800E+6
8.37000E+1	3.04607E+4	8.61201E+3	3.77455E+6	1.07129E+6	8.26968E+4	2.04577E+6
8.38000E+1	3.06161E+4	8.58542E+3	3.92685E+6	1.06825E+6	8.27194E+4	2.02840E+6
8.39000E+1	3.04064E+4	8.68998E+3	3.86462E+6	1.05762E+6	8.28248E+4	2.03602E+6
8.40000E+1	3.05073E+4	8.72653E+3	3.81907E+6	1.07001E+6	8.28130E+4	2.07037E+6
8.41000E+1	3.04810E+4	8.85999E+3	3.79888E+6	1.06931E+6	8.25507E+4	2.01578E+6
8.42000E+1	3.06172E+4	8.80046E+3	3.89369E+6	1.05418E+6	8.27118E+4	2.00473E+6
8.43000E+1	3.05304E+4	8.92493E+3	3.94364E+6	1.06187E+6	8.25829E+4	2.05022E+6
8.44000E+1	3.05386E+4	8.97962E+3	3.74241E+6	1.05680E+6	8.25270E+4	2.02491E+6
8.45000E+1	3.06128E+4	9.03934E+3	3.54052E+6	1.06905E+6	8.23126E+4	2.04118E+6
8.46000E+1	3.06991E+4	9.05965E+3	3.88651E+6	1.06152E+6	8.28765E+4	2.08781E+6
8.47000E+1	3.04048E+4	9.11409E+3	3.78327E+6	1.07298E+6	8.24734E+4	2.04044E+6
8.48000E+1	3.02931E+4	9.16666E+3	3.54522E+6	1.06270E+6	8.23555E+4	2.03573E+6
8.49000E+1	3.04130E+4	9.20276E+3	3.56979E+6	1.04943E+6	8.21896E+4	1.98592E+6
8.50000E+1	3.03046E+4	9.16666E+3	3.55466E+6	1.05801E+6	8.21115E+4	2.03764E+6
8.51000E+1	3.02680E+4	9.31660E+3	3.49207E+6	1.05702E+6	8.22420E+4	1.97574E+6
8.52000E+1	3.04640E+4	9.26773E+3	3.39657E+6	1.04735E+6	8.20453E+4	1.96965E+6
8.53000E+1	3.06738E+4	9.50171E+3	3.68064E+6	1.05131E+6	8.22987E+4	2.06371E+6
8.54000E+1	3.04848E+4	9.50828E+3	3.34343E+6	1.04532E+6	8.21468E+4	1.96882E+6
8.55000E+1	3.05468E+4	9.54345E+3	3.51424E+6	1.04799E+6	8.21821E+4	2.00089E+6
8.56000E+1	3.05386E+4	9.59682E+3	3.66550E+6	1.07307E+6	8.21821E+4	2.03191E+6
8.57000E+1	3.08804E+4	9.72428E+3	3.83447E+6	1.08715E+6	8.24627E+4	2.06070E+6
8.58000E+1	3.06369E+4	9.60418E+3	3.82452E+6	1.07138E+6	8.21789E+4	2.06779E+6
8.59000E+1	3.04931E+4	9.65064E+3	3.32368E+6	1.05616E+6	8.19845E+4	2.02331E+6
8.60000E+1	3.04662E+4	9.77551E+3	3.39107E+6	1.02678E+6	8.20176E+4	1.96511E+6
8.61000E+1	3.07955E+4	9.91078E+3	3.51718E+6	1.04389E+6	8.18001E+4	1.98690E+6
8.62000E+1	3.07239E+4	9.90844E+3	3.41638E+6	1.06352E+6	8.20848E+4	2.02680E+6
8.63000E+1	3.10877E+4	9.97347E+3	3.70567E+6	1.07222E+6	8.21468E+4	2.13298E+6
8.64000E+1	3.07850E+4	1.01088E+4	3.80084E+6	1.09318E+6	8.22184E+4	2.17155E+6
8.65000E+1	3.08920E+4	1.01124E+4	3.76827E+6	1.08779E+6	8.20346E+4	2.09353E+6
8.66000E+1	3.06606E+4	1.00554E+4	3.68340E+6	1.06322E+6	8.18033E+4	2.07493E+6
8.67000E+1	3.07426E+4	1.00764E+4	3.43359E+6	1.05101E+6	8.19311E+4	1.95744E+6
8.68000E+1	3.06622E+4	1.03229E+4	3.30789E+6	1.05328E+6	8.15746E+4	1.99776E+6
8.69000E+1	3.06353E+4	1.02814E+4	3.50626E+6	1.05349E+6	8.16703E+4	1.96086E+6
8.70000E+1	3.06942E+4	1.04140E+4	3.41002E+6	1.06711E+6	8.17884E+4	1.98564E+6
8.71000E+1	3.08931E+4	1.04108E+4	3.45993E+6	1.05229E+6	8.17128E+4	2.01954E+6
8.72000E+1	3.10307E+4	1.05867E+4	3.52014E+6	1.06322E+6	8.17990E+4	2.01017E+6
8.73000E+1	3.11536E+4	1.06474E+4	3.56372E+6	1.06230E+6	8.19663E+4	2.07585E+6
8.74000E+1	3.12873E+4	1.06489E+4	3.84096E+6	1.08879E+6	8.20154E+4	2.13378E+6
8.75000E+1	3.09721E+4	1.06722E+4	4.02533E+6	1.08304E+6	8.20421E+4	2.15570E+6
8.76000E+1	3.07883E+4	1.06395E+4	3.41200E+6	1.06896E+6	8.16596E+4	2.03352E+6
8.77000E+1	3.10584E+4	1.08295E+4	3.97549E+6	1.09506E+6	8.18139E+4	2.20392E+6
8.78000E+1	3.10401E+4	1.08117E+4	3.87375E+6	1.08088E+6	8.16501E+4	2.13943E+6
8.79000E+1	3.09301E+4	1.08216E+4	3.75769E+6	1.08516E+6	8.16756E+4	2.13926E+6
8.80000E+1	3.08313E+4	1.09008E+4	3.28929E+6	1.05379E+6	8.13699E+4	2.04118E+6
8.81000E+1	3.08269E+4	1.09622E+4	3.52860E+6	1.05251E+6	8.15576E+4	2.04562E+6
8.82000E+1	3.11664E+4	1.11000E+4	3.72584E+6	1.07792E+6	8.17852E+4	2.06160E+6
8.83000E+1	3.09445E+4	1.11545E+4	4.06072E+6	1.09695E+6	8.17703E+4	2.19863E+6
8.84000E+1	3.08964E+4	1.11717E+4	3.92059E+6	1.11656E+6	8.20304E+4	2.23371E+6
8.85000E+1	3.08628E+4	1.12163E+4	3.86766E+6	1.08529E+6	8.18480E+4	2.12721E+6
8.86000E+1	3.10279E+4	1.12737E+4	3.93628E+6	1.09672E+6	8.19130E+4	2.17504E+6
8.87000E+1	3.10988E+4	1.13527E+4	4.09332E+6	1.09057E+6	8.20635E+4	2.17671E+6
8.88000E+1	3.09749E+4	1.14679E+4	3.74004E+6	1.08638E+6	8.17213E+4	2.14916E+6
8.89000E+1	3.07729E+4	1.14891E+4	3.56372E+6	1.08173E+6	8.15746E+4	2.05395E+6
8.90000E+1	3.08539E+4	1.15608E+4	3.52903E+6	1.04833E+6	8.15247E+4	2.01853E+6
8.91000E+1	3.06721E+4	1.15648E+4	3.47017E+6	1.06935E+6	8.14526E+4	2.05815E+6
8.92000E+1	3.09152E+4	1.16479E+4	3.72019E+6	1.07667E+6	8.16926E+4	2.13218E+6
8.93000E+1	3.09014E+4	1.17613E+4	3.78862E+6	1.08929E+6	8.19333E+4	2.18880E+6
8.94000E+1	3.11763E+4	1.18579E+4	3.78814E+6	1.09483E+6	8.16309E+4	2.18006E+6
8.95000E+1	3.10628E+4	1.18809E+4	4.15541E+6	1.11124E+6	8.18139E+4	2.23003E+6
8.96000E+1	3.11436E+4	1.19293E+4	3.73814E+6	1.07573E+6	8.15767E+4	2.11150E+6
8.97000E+1	3.07553E+4	1.19342E+4	3.27822E+6	1.07640E+6	8.12216E+4	2.01391E+6
8.98000E+1	3.11298E+4	1.20768E+4	3.78425E+6	1.07475E+6	8.17352E+4	2.19523E+6
8.99000E+1	3.11808E+4	1.21384E+4	3.94101E+6	1.09700E+6	8.13635E+4	2.17488E+6
9.00000E+1	3.09953E+4	1.22199E+4	3.72442E+6	1.07395E+6	8.15672E+4	2.15685E+6
9.01000E+1	3.09627E+4	1.21878E+4	3.45993E+6	1.06676E+6	8.13624E+4	2.11292E+6
9.02000E+1	3.10512E+4	1.22243E+4	3.36418E+6	1.07493E+6	8.11476E+4	2.04918E+6
9.03000E+1	3.09787E+4	1.22523E+4	3.66459E+6	1.08061E+6	8.12237E+4	2.11419E+6
9.04000E+1	3.11226E+4	1.24858E+4	3.84999E+6	1.12072E+6	8.19386E+4	2.22202E+6
9.05000E+1	3.12590E+4	1.24365E+4	3.84146E+6	1.10010E+6	8.18789E+4	2.25979E+6
9.06000E+1	3.14652E+4	1.26528E+4	3.77745E+6	1.10061E+6	8.16033E+4	2.23758E+6
9.07000E+1	3.14107E+4	1.26962E+4	3.75243E+6	1.10851E+6	8.14918E+4	2.19337E+6
9.08000E+1	3.12967E+4	1.27191E+4	4.14261E+6	1.10177E+6	8.15045E+4	2.27169E+6
9.09000E+1	3.12479E+4	1.29015E+4	3.89987E+6	1.08079E+6	8.13752E+4	2.19455E+6
9.10000E+1	3.12362E+4	1.28129E+4	3.57413E+6	1.08439E+6	8.12322E+4	2.17438E+6
9.11000E+1	3.12734E+4	1.28974E+4	3.83996E+6	1.09940E+6	8.15608E+4	2.18392E+6
9.12000E+1	3.11869E+4	1.29291E+4	3.60704E+6	1.09066E+6	8.12026E+4	2.08658E+6
9.13000E+1	3.13868E+4	1.29525E+4	3.54779E+6	1.06444E+6	8.11212E+4	2.07997E+6
9.14000E+1	3.14151E+4	1.29706E+4	4.01548E+6	1.12034E+6	8.13455E+4	2.23494E+6
9.15000E+1	3.14090E+4	1.30051E+4	4.11324E+6	1.10135E+6	8.13222E+4	2.22515E+6
9.16000E+1	3.14485E+4	1.32938E+4	4.05737E+6	1.09926E+6	8.15991E+4	2.19914E+6
9.17000E+1	3.14736E+4	1.33766E+4	4.04793E+6	1.09299E+6	8.13646E+4	2.26159E+6
9.18000E+1	3.12662E+4	1.32215E+4	3.45057E+6	1.06672E+6	8.10303E+4	2.06462E+6
9.19000E+1	3.13056E+4	1.33485E+4	3.48916E+6	1.06834E+6	8.05722E+4	2.09664E+6
9.20000E+1	3.13462E+4	1.34048E+4	3.50961E+6	1.08295E+6	8.07910E+4	2.11040E+6
9.21000E+1	3.13006E+4	1.34251E+4	3.65548E+6	1.07373E+6	8.10451E+4	2.15767E+6
9.22000E+1	3.14174E+4	1.36223E+4	3.98946E+6	1.10987E+6	8.11592E+4	2.21044E+6
9.23000E+1	3.16945E+4	1.36506E+4	4.11210E+6	1.13746E+6	8.13095E+4	2.24961E+6
9.24000E+1	3.14162E+4	1.37030E+4	3.70147E+6	1.06540E+6	8.11359E+4	2.22515E+6
9.25000E+1	3.15432E+4	1.37155E+4	3.86259E+6	1.10391E+6	8.10461E+4	2.15882E+6
9.26000E+1	3.18948E+4	1.39292E+4	4.20439E+6	1.14756E+6	8.12893E+4	2.24819E+6
9.27000E+1	3.16872E+4	1.38774E+4	3.91124E+6	1.09148E+6	8.09100E+4	2.11814E+6
9.28000E+1	3.16939E+4	1.37772E+4	3.69404E+6	1.07783E+6	8.09164E+4	2.22724E+6
9.29000E+1	3.17856E+4	1.41085E+4	4.04074E+6	1.11290E+6	8.12565E+4	2.23056E+6
9.30000E+1	3.16950E+4	1.41152E+4	3.72820E+6	1.10747E+6	8.08004E+4	2.26771E+6
9.31000E+1	3.16040E+4	1.40515E+4	3.67512E+6	1.08811E+6	8.07920E+4	2.07844E+6
9.32000E+1	3.14836E+4	1.41026E+4	3.85049E+6	1.12135E+6	8.13232E+4	2.28097E+6
9.33000E+1	3.18304E+4	1.42004E+4	3.97710E+6	1.11632E+6	8.13879E+4	2.27169E+6
9.34000E+1	3.15070E+4	1.43924E+4	3.86057E+6	1.09940E+6	8.07710E+4	2.16294E+6
9.35000E+1	3.14552E+4	1.43485E+4	3.69729E+6	1.08195E+6	8.07162E+4	2.17488E+6
9.36000E+1	3.15416E+4	1.43957E+4	3.74527E+6	1.09377E+6	8.08900E+4	2.21734E+6
9.37000E+1	3.14981E+4	1.45346E+4	3.75769E+6	1.09176E+6	8.05743E+4	2.20085E+6
9.38000E+1	3.12429E+4	1.44738E+4	3.74289E+6	1.08670E+6	8.06300E+4	2.13620E+6
9.39000E+1	3.12829E+4	1.46730E+4	3.83946E+6	1.11252E+6	8.10683E+4	2.24058E+6
9.40000E+1	3.12890E+4	1.46865E+4	3.71127E+6	1.09861E+6	8.10007E+4	2.20837E+6
9.41000E+1	3.11774E+4	1.47616E+4	3.64054E+6	1.09446E+6	8.06489E+4	2.18762E+6
9.42000E+1	3.12890E+4	1.49030E+4	4.14493E+6	1.13123E+6	8.10134E+4	2.33190E+6
9.43000E+1	3.13273E+4	1.49133E+4	3.91487E+6	1.12380E+6	8.09733E+4	2.28573E+6
9.44000E+1	3.12163E+4	1.51084E+4	3.83796E+6	1.09847E+6	8.10356E+4	2.25639E+6
9.45000E+1	3.10451E+4	1.49818E+4	3.81018E+6	1.08281E+6	8.08226E+4	2.17771E+6
9.46000E+1	3.11519E+4	1.51174E+4	3.73529E+6	1.09442E+6	8.07552E+4	2.19201E+6
9.47000E+1	3.11697E+4	1.51682E+4	3.50291E+6	1.09286E+6	8.05428E+4	2.19642E+6
9.48000E+1	3.10982E+4	1.52118E+4	3.57369E+6	1.09075E+6	8.08521E+4	2.18123E+6
9.49000E+1	3.09544E+4	1.52456E+4	3.66185E+6	1.07191E+6	8.08341E+4	2.17972E+6
9.50000E+1	3.12179E+4	1.53351E+4	4.00351E+6	1.10950E+6	8.13169E+4	2.26735E+6
9.51000E+1	3.10279E+4	1.55072E+4	4.02040E+6	1.11442E+6	8.09796E+4	2.21233E+6
9.52000E+1	3.08473E+4	1.53814E+4	3.65639E+6	1.08502E+6	8.07562E+4	2.16030E+6
9.53000E+1	3.06831E+4	1.55872E+4	3.53327E+6	1.07369E+6	8.08415E+4	2.12100E+6
9.54000E+1	3.08550E+4	1.56764E+4	3.43722E+6	1.08358E+6	8.06279E+4	2.15816E+6
9.55000E+1	3.07933E+4	1.56945E+4	3.40289E+6	1.07293E+6	8.05722E+4	2.12977E+6
9.56000E+1	3.06391E+4	1.56992E+4	3.56935E+6	1.09529E+6	8.05985E+4	2.17438E+6
9.57000E+1	3.08015E+4	1.58716E+4	3.92059E+6	1.10785E+6	8.09860E+4	2.27569E+6
9.58000E+1	3.09472E+4	1.59802E+4	3.98569E+6	1.11924E+6	8.13942E+4	2.31845E+6
9.59000E+1	3.08368E+4	1.58837E+4	4.12471E+6	1.11532E+6	8.11634E+4	2.27860E+6
9.60000E+1	3.05501E+4	1.60232E+4	3.92476E+6	1.10630E+6	8.10018E+4	2.21026E+6
9.61000E+1	3.08903E+4	1.61117E+4	3.85754E+6	1.14861E+6	8.13264E+4	2.30105E+6
9.62000E+1	3.07916E+4	1.61156E+4	4.08371E+6	1.10135E+6	8.11095E+4	2.32677E+6
9.63000E+1	3.08804E+4	1.63328E+4	3.93785E+6	1.11091E+6	8.11201E+4	2.28243E+6
9.64000E+1	3.07189E+4	1.61782E+4	3.66962E+6	1.08475E+6	8.07246E+4	2.17822E+6
9.65000E+1	3.03955E+4	1.62278E+4	3.60350E+6	1.07386E+6	8.09501E+4	2.20204E+6
9.66000E+1	3.05595E+4	1.63751E+4	3.94206E+6	1.09986E+6	8.12131E+4	2.30142E+6
9.67000E+1	3.06364E+4	1.64720E+4	3.69218E+6	1.10550E+6	8.11159E+4	2.22846E+6
9.68000E+1	3.03714E+4	1.64821E+4	3.57413E+6	1.07284E+6	8.08868E+4	2.17972E+6
9.69000E+1	3.07118E+4	1.66300E+4	4.31081E+6	1.11096E+6	8.11930E+4	2.23864E+6
9.70000E+1	3.06249E+4	1.66949E+4	3.96642E+6	1.10550E+6	8.12036E+4	2.30049E+6
9.71000E+1	3.09030E+4	1.67225E+4	4.01821E+6	1.12603E+6	8.12385E+4	2.31093E+6
9.72000E+1	3.06655E+4	1.67107E+4	4.04184E+6	1.09543E+6	8.10514E+4	2.26844E+6
9.73000E+1	3.07019E+4	1.69517E+4	3.82948E+6	1.11442E+6	8.12766E+4	2.33190E+6
9.74000E+1	3.07200E+4	1.68553E+4	4.25145E+6	1.10116E+6	8.11032E+4	2.31450E+6
9.75000E+1	3.06787E+4	1.69376E+4	4.01112E+6	1.11347E+6	8.11476E+4	2.24393E+6
9.76000E+1	3.06001E+4	1.70672E+4	4.11038E+6	1.09501E+6	8.13264E+4	2.39004E+6
9.77000E+1	3.07173E+4	1.69966E+4	3.64415E+6	1.09483E+6	8.07846E+4	2.21630E+6
9.78000E+1	3.04536E+4	1.70867E+4	3.54180E+6	1.08729E+6	8.09427E+4	2.15800E+6
9.79000E+1	3.06716E+4	1.72485E+4	4.13335E+6	1.11148E+6	8.10715E+4	2.28959E+6
9.80000E+1	3.07553E+4	1.73722E+4	3.97710E+6	1.11723E+6	8.10514E+4	2.26447E+6
9.81000E+1	3.04815E+4	1.72858E+4	3.66276E+6	1.07801E+6	8.09069E+4	2.17872E+6
9.82000E+1	3.09014E+4	1.73421E+4	3.90813E+6	1.10494E+6	8.12163E+4	2.24358E+6
9.83000E+1	3.05474E+4	1.74500E+4	3.69543E+6	1.07810E+6	8.07573E+4	2.20375E+6
9.84000E+1	3.07613E+4	1.75981E+4	4.04682E+6	1.11943E+6	8.10155E+4	2.26141E+6
9.85000E+1	3.09411E+4	1.76650E+4	4.05515E+6	1.10855E+6	8.08236E+4	2.25068E+6
9.86000E+1	3.08804E+4	1.75897E+4	3.60438E+6	1.09746E+6	8.03781E+4	2.18610E+6
9.87000E+1	3.08694E+4	1.76730E+4	4.04405E+6	1.11285E+6	8.10535E+4	2.28225E+6
9.88000E+1	3.09019E+4	1.77869E+4	4.05070E+6	1.14406E+6	8.10419E+4	2.26429E+6
9.89000E+1	3.08810E+4	1.78674E+4	3.81314E+6	1.08861E+6	8.04945E+4	2.30645E+6
9.90000E+1	3.09086E+4	1.78755E+4	3.81610E+6	1.08797E+6	8.04536E+4	2.20940E+6
9.91000E+1	3.11392E+4	1.79727E+4	4.02917E+6	1.12346E+6	8.07204E+4	2.25585E+6
9.92000E+1	3.09235E+4	1.80041E+4	3.69265E+6	1.09474E+6	8.05627E+4	2.17939E+6
9.93000E+1	3.08909E+4	1.79095E+4	3.71737E+6	1.10144E+6	8.06437E+4	2.19083E+6
9.94000E+1	3.09605E+4	1.81442E+4	3.88191E+6	1.11068E+6	8.08784E+4	2.38485E+6
9.95000E+1	3.12734E+4	1.83253E+4	4.06854E+6	1.12269E+6	8.09111E+4	2.36924E+6
9.96000E+1	3.13262E+4	1.84241E+4	3.70147E+6	1.09322E+6	8.05911E+4	2.18358E+6
9.97000E+1	3.14396E+4	1.83654E+4	3.85200E+6	1.09709E+6	8.08236E+4	2.26231E+6
9.98000E+1	3.13301E+4	1.84485E+4	3.54351E+6	1.10247E+6	8.01080E+4	2.22532E+6
9.99000E+1	3.13484E+4	1.83726E+4	3.71408E+6	1.10256E+6	8.04085E+4	2.17771E+6
1.00000E+2	3.12934E+4	1.85322E+4	3.47840E+6	1.09787E+6	8.02995E+4	2.21682E+6
1.00100E+2	3.13262E+4	1.84757E+4	3.78814E+6	1.07373E+6	8.01080E+4	2.18846E+6
1.00200E+2	3.16040E+4	1.85200E+4	3.76057E+6	1.10564E+6	8.05186E+4	2.15586E+6
1.00300E+2	3.19279E+4	1.87008E+4	4.02259E+6	1.11957E+6	8.11645E+4	2.38704E+6
1.00400E+2	3.19077E+4	1.88058E+4	4.10240E+6	1.11584E+6	8.05901E+4	2.35615E+6
1.00500E+2	3.18164E+4	1.89041E+4	3.62215E+6	1.10513E+6	8.03204E+4	2.24535E+6
1.00600E+2	3.17235E+4	1.88308E+4	3.71925E+6	1.09162E+6	8.01509E+4	2.21837E+6
1.00700E+2	3.18461E+4	1.90879E+4	4.36474E+6	1.14207E+6	8.01927E+4	2.34338E+6
1.00800E+2	3.20536E+4	1.91977E+4	4.17357E+6	1.13564E+6	8.04158E+4	2.32014E+6
1.00900E+2	3.16889E+4	1.90537E+4	3.76442E+6	1.10457E+6	8.01363E+4	2.21492E+6
1.01000E+2	3.19744E+4	1.91231E+4	3.87324E+6	1.12806E+6	8.02723E+4	2.21751E+6
1.01100E+2	3.21244E+4	1.92078E+4	4.18774E+6	1.14476E+6	8.04746E+4	2.32695E+6
1.01200E+2	3.21492E+4	1.92531E+4	3.74527E+6	1.12077E+6	8.02649E+4	2.22741E+6
1.01300E+2	3.18881E+4	1.93572E+4	3.64370E+6	1.11347E+6	8.00172E+4	2.24819E+6
1.01400E+2	3.20811E+4	1.96549E+4	4.16300E+6	1.13766E+6	8.07531E+4	2.36101E+6
1.01500E+2	3.22134E+4	1.94785E+4	4.28465E+6	1.13589E+6	8.06720E+4	2.36258E+6
1.01600E+2	3.20491E+4	1.96646E+4	3.73150E+6	1.11466E+6	7.98732E+4	2.27532E+6
1.01700E+2	3.24424E+4	1.96429E+4	3.91176E+6	1.11665E+6	8.00882E+4	2.24252E+6
1.01800E+2	3.23791E+4	1.97685E+4	4.25573E+6	1.16212E+6	8.02545E+4	2.35984E+6
1.01900E+2	3.23312E+4	1.97708E+4	4.19248E+6	1.12801E+6	8.01739E+4	2.34550E+6
1.02000E+2	3.21875E+4	1.97777E+4	3.84999E+6	1.12695E+6	7.99337E+4	2.22080E+6
1.02100E+2	3.24803E+4	1.99193E+4	3.87528E+6	1.13128E+6	8.01718E+4	2.34917E+6
1.02200E+2	3.24560E+4	2.00654E+4	4.28403E+6	1.16258E+6	8.02471E+4	2.38366E+6
1.02300E+2	3.22810E+4	2.00329E+4	3.78425E+6	1.12763E+6	8.02628E+4	2.29752E+6
1.02400E+2	3.22641E+4	1.99392E+4	3.79399E+6	1.12207E+6	7.98888E+4	2.24199E+6
1.02500E+2	3.24803E+4	2.00924E+4	3.79106E+6	1.12043E+6	8.01603E+4	2.35014E+6
1.02600E+2	3.23035E+4	2.01919E+4	3.64732E+6	1.10898E+6	7.98263E+4	2.24606E+6
1.02700E+2	3.23216E+4	2.01993E+4	4.16417E+6	1.14831E+6	8.03309E+4	2.35867E+6
1.02800E+2	3.21818E+4	2.03279E+4	3.76972E+6	1.11224E+6	7.96806E+4	2.25621E+6
1.02900E+2	3.20143E+4	2.02636E+4	3.97549E+6	1.13079E+6	7.98742E+4	2.27423E+6
1.03000E+2	3.25385E+4	2.05026E+4	4.33476E+6	1.17283E+6	8.02314E+4	2.40208E+6
1.03100E+2	3.22545E+4	2.06403E+4	3.73861E+6	1.13648E+6	7.96764E+4	2.34762E+6
1.03200E+2	3.22105E+4	2.05691E+4	3.81215E+6	1.13875E+6	7.98826E+4	2.25782E+6
1.03300E+2	3.21756E+4	2.06638E+4	3.75626E+6	1.12782E+6	7.97951E+4	2.27460E+6
1.03400E+2	3.22252E+4	2.06774E+4	3.72489E+6	1.12477E+6	7.97680E+4	2.23600E+6
1.03500E+2	3.22505E+4	2.08588E+4	3.74479E+6	1.12034E+6	7.97607E+4	2.32639E+6
1.03600E+2	3.22787E+4	2.08282E+4	3.77891E+6	1.13594E+6	7.98878E+4	2.28959E+6
1.03700E+2	3.22849E+4	2.08790E+4	4.05292E+6	1.14108E+6	7.98482E+4	2.40632E+6
1.03800E+2	3.25057E+4	2.10530E+4	4.15366E+6	1.15675E+6	8.03990E+4	2.38744E+6
1.03900E+2	3.23724E+4	2.10473E+4	4.20498E+6	1.15997E+6	8.00777E+4	2.50760E+6
1.04000E+2	3.23424E+4	2.11683E+4	4.39253E+6	1.14541E+6	8.02220E+4	2.46281E+6
1.04100E+2	3.25131E+4	2.10959E+4	4.31458E+6	1.16089E+6	8.01708E+4	2.43498E+6
1.04200E+2	3.26802E+4	2.12506E+4	3.87783E+6	1.14296E+6	7.99671E+4	2.35246E+6
1.04300E+2	3.24707E+4	2.12511E+4	3.99215E+6	1.10794E+6	7.96587E+4	2.39203E+6
1.04400E+2	3.25759E+4	2.12880E+4	3.98946E+6	1.14157E+6	7.98273E+4	2.36884E+6
1.04500E+2	3.24187E+4	2.13099E+4	3.85452E+6	1.11938E+6	7.98867E+4	2.26808E+6
1.04600E+2	3.23757E+4	2.13862E+4	3.59732E+6	1.10733E+6	7.95081E+4	2.25175E+6
1.04700E+2	3.24362E+4	2.15702E+4	3.71315E+6	1.11044E+6	7.95475E+4	2.23512E+6
1.04800E+2	3.23921E+4	2.15174E+4	4.22417E+6	1.14871E+6	7.97388E+4	2.41811E+6
1.04900E+2	3.28011E+4	2.16712E+4	4.26983E+6	1.17513E+6	7.99691E+4	2.48587E+6
1.05000E+2	3.26756E+4	2.17643E+4	4.27106E+6	1.16166E+6	7.97399E+4	2.37534E+6
1.05100E+2	3.27403E+4	2.16555E+4	3.72301E+6	1.13103E+6	7.93235E+4	2.33209E+6
1.05200E+2	3.27017E+4	2.18231E+4	4.04184E+6	1.14391E+6	7.95403E+4	2.37278E+6
1.05300E+2	3.29171E+4	2.19298E+4	4.19783E+6	1.16238E+6	7.99764E+4	2.43312E+6
1.05400E+2	3.30955E+4	2.19274E+4	3.93208E+6	1.12438E+6	7.95039E+4	2.36865E+6
1.05500E+2	3.29336E+4	2.20300E+4	4.19723E+6	1.14227E+6	7.96421E+4	2.33171E+6
1.05600E+2	3.27278E+4	2.19193E+4	3.85250E+6	1.12991E+6	7.97544E+4	2.26645E+6
1.05700E+2	3.27034E+4	2.20598E+4	4.23021E+6	1.16248E+6	7.98461E+4	2.41750E+6
1.05800E+2	3.31383E+4	2.22309E+4	4.65472E+6	1.18415E+6	7.99921E+4	2.50453E+6
1.05900E+2	3.31960E+4	2.23870E+4	4.45049E+6	1.21718E+6	7.98326E+4	2.51133E+6
1.06000E+2	3.32612E+4	2.24957E+4	3.95950E+6	1.16181E+6	7.96691E+4	2.45480E+6
1.06100E+2	3.28392E+4	2.22598E+4	3.75386E+6	1.13845E+6	7.90927E+4	2.34492E+6
1.06200E+2	3.28591E+4	2.25242E+4	3.95314E+6	1.15209E+6	7.92676E+4	2.31769E+6
1.06300E+2	3.27505E+4	2.24459E+4	4.00894E+6	1.12792E+6	7.91093E+4	2.32904E+6
1.06400E+2	3.25532E+4	2.23639E+4	4.08992E+6	1.16227E+6	7.94686E+4	2.29235E+6
1.06500E+2	3.28022E+4	2.25590E+4	4.27970E+6	1.18309E+6	7.95610E+4	2.50541E+6
1.06600E+2	3.26201E+4	2.27379E+4	4.20379E+6	1.15619E+6	7.93235E+4	2.39163E+6
1.06700E+2	3.24243E+4	2.27015E+4	3.89267E+6	1.13094E+6	7.93131E+4	2.41689E+6
1.06800E+2	3.21891E+4	2.27937E+4	3.89164E+6	1.12947E+6	7.94448E+4	2.28371E+6
1.06900E+2	3.23216E+4	2.28530E+4	3.93156E+6	1.13064E+6	7.95174E+4	2.29678E+6
1.07000E+2	3.25872E+4	2.28880E+4	4.08371E+6	1.13412E+6	7.92634E+4	2.51507E+6
1.07100E+2	3.22968E+4	2.30210E+4	3.63290E+6	1.12797E+6	7.90597E+4	2.26465E+6
1.07200E+2	3.22691E+4	2.29684E+4	3.77552E+6	1.14341E+6	7.91413E+4	2.32601E+6
1.07300E+2	3.24842E+4	2.30522E+4	4.26922E+6	1.15335E+6	7.96327E+4	2.46578E+6
1.07400E+2	3.23661E+4	2.31508E+4	4.27476E+6	1.15976E+6	7.93266E+4	2.42837E+6
1.07500E+2	3.23080E+4	2.31904E+4	4.20379E+6	1.15935E+6	7.96005E+4	2.49995E+6
1.07600E+2	3.26518E+4	2.31381E+4	4.32024E+6	1.16145E+6	7.94282E+4	2.38326E+6
1.07700E+2	3.22387E+4	2.32868E+4	4.13971E+6	1.15158E+6	7.97336E+4	2.49430E+6
1.07800E+2	3.25085E+4	2.34442E+4	4.51064E+6	1.17918E+6	7.97680E+4	2.49756E+6
1.07900E+2	3.24695E+4	2.34270E+4	4.00188E+6	1.14962E+6	7.94531E+4	2.43084E+6
1.08000E+2	3.21830E+4	2.34236E+4	3.82452E+6	1.13894E+6	7.92023E+4	2.39203E+6
1.08100E+2	3.24978E+4	2.35375E+4	4.18892E+6	1.15701E+6	7.96078E+4	2.48889E+6
1.08200E+2	3.24051E+4	2.37153E+4	4.27661E+6	1.15808E+6	7.96826E+4	2.54493E+6
1.08300E+2	3.25612E+4	2.36704E+4	3.98246E+6	1.14861E+6	7.93805E+4	2.36688E+6
1.08400E+2	3.23334E+4	2.37247E+4	3.82551E+6	1.12250E+6	7.92437E+4	2.26465E+6
1.08500E+2	3.24034E+4	2.39257E+4	4.04018E+6	1.15224E+6	7.92510E+4	2.37692E+6
1.08600E+2	3.24622E+4	2.38931E+4	4.17533E+6	1.16027E+6	7.96192E+4	2.41159E+6
1.08700E+2	3.27590E+4	2.39678E+4	4.09105E+6	1.17096E+6	7.97857E+4	2.64188E+6
1.08800E+2	3.26280E+4	2.39272E+4	4.18892E+6	1.16670E+6	7.96587E+4	2.51860E+6
1.08900E+2	3.25680E+4	2.39940E+4	3.92268E+6	1.13544E+6	7.90576E+4	2.42098E+6
1.09000E+2	3.24678E+4	2.39069E+4	3.64641E+6	1.12385E+6	7.91672E+4	2.33342E+6
1.09100E+2	3.24509E+4	2.41786E+4	4.04848E+6	1.14147E+6	7.96161E+4	2.42241E+6
1.09200E+2	3.26014E+4	2.42198E+4	4.29582E+6	1.16613E+6	7.95943E+4	2.56148E+6
1.09300E+2	3.25595E+4	2.43726E+4	3.82899E+6	1.13934E+6	7.95662E+4	2.35304E+6
1.09400E+2	3.23216E+4	2.43288E+4	3.84547E+6	1.13265E+6	7.91320E+4	2.32260E+6
1.09500E+2	3.22635E+4	2.43616E+4	4.16008E+6	1.15462E+6	7.94946E+4	2.40450E+6
1.09600E+2	3.26104E+4	2.44798E+4	4.17298E+6	1.17283E+6	7.96754E+4	2.46536E+6
1.09700E+2	3.23250E+4	2.45843E+4	4.32528E+6	1.16443E+6	7.96119E+4	2.47985E+6
1.09800E+2	3.23436E+4	2.46488E+4	4.34683E+6	1.17044E+6	7.99796E+4	2.51573E+6
1.09900E+2	3.22691E+4	2.45983E+4	4.32339E+6	1.17618E+6	7.96047E+4	2.57409E+6
1.10000E+2	3.20435E+4	2.46833E+4	3.96695E+6	1.14093E+6	7.93245E+4	2.36492E+6
1.10100E+2	3.21143E+4	2.46748E+4	3.92320E+6	1.14217E+6	7.91331E+4	2.43291E+6
1.10200E+2	3.24158E+4	2.48936E+4	4.58652E+6	1.15058E+6	7.95102E+4	2.50039E+6
1.10300E+2	3.21396E+4	2.47625E+4	3.69682E+6	1.11747E+6	7.92541E+4	2.34762E+6
1.10400E+2	3.23628E+4	2.49323E+4	4.01112E+6	1.17075E+6	7.95527E+4	2.45964E+6
1.10500E+2	3.25023E+4	2.51277E+4	4.43056E+6	1.17085E+6	7.94790E+4	2.44475E+6
1.10600E+2	3.24503E+4	2.49544E+4	4.05570E+6	1.13471E+6	7.92220E+4	2.42858E+6
1.10700E+2	3.23797E+4	2.50339E+4	3.88038E+6	1.12777E+6	7.90793E+4	2.29106E+6
1.10800E+2	3.23577E+4	2.52190E+4	4.30268E+6	1.17581E+6	7.94033E+4	2.53863E+6
1.10900E+2	3.26093E+4	2.52014E+4	3.81018E+6	1.16696E+6	7.92551E+4	2.39404E+6
1.11000E+2	3.22517E+4	2.52387E+4	3.95314E+6	1.11162E+6	7.88935E+4	2.34550E+6
1.11100E+2	3.23989E+4	2.53789E+4	4.06127E+6	1.16017E+6	7.94437E+4	2.45564E+6
1.11200E+2	3.24656E+4	2.53368E+4	4.56469E+6	1.17503E+6	7.93763E+4	2.53728E+6
1.11300E+2	3.24243E+4	2.55929E+4	3.98622E+6	1.15426E+6	7.94531E+4	2.42303E+6
1.11400E+2	3.21132E+4	2.53713E+4	3.69218E+6	1.11751E+6	7.89100E+4	2.33782E+6
1.11500E+2	3.23419E+4	2.54153E+4	3.91228E+6	1.15184E+6	7.95122E+4	2.42734E+6
1.11600E+2	3.24396E+4	2.57344E+4	3.92163E+6	1.14406E+6	7.95122E+4	2.40047E+6
1.11700E+2	3.21537E+4	2.54949E+4	3.86108E+6	1.12250E+6	7.88008E+4	2.37022E+6
1.11800E+2	3.24921E+4	2.56830E+4	4.14842E+6	1.16448E+6	7.97971E+4	2.52413E+6
1.11900E+2	3.25018E+4	2.58404E+4	4.31521E+6	1.16681E+6	7.96483E+4	2.47003E+6
1.12000E+2	3.22556E+4	2.57084E+4	4.36667E+6	1.14053E+6	7.93028E+4	2.41791E+6
1.12100E+2	3.23543E+4	2.58700E+4	4.12989E+6	1.17059E+6	7.92531E+4	2.44809E+6
1.12200E+2	3.21419E+4	2.57894E+4	3.94417E+6	1.13697E+6	7.91486E+4	2.39424E+6
1.12300E+2	3.22590E+4	2.59947E+4	4.28899E+6	1.16120E+6	7.94396E+4	2.41852E+6
1.12400E+2	3.24028E+4	2.60909E+4	4.30518E+6	1.15042E+6	7.92500E+4	2.49257E+6
1.12500E+2	3.21717E+4	2.60545E+4	3.75769E+6	1.12351E+6	7.92158E+4	2.32392E+6
1.12600E+2	3.20980E+4	2.61298E+4	3.68756E+6	1.15416E+6	7.88296E+4	2.32146E+6
1.12700E+2	3.20744E+4	2.60131E+4	3.79253E+6	1.12087E+6	7.90494E+4	2.33974E+6
1.12800E+2	3.20328E+4	2.61750E+4	3.71315E+6	1.13084E+6	7.87287E+4	2.34550E+6
1.12900E+2	3.23650E+4	2.61467E+4	3.68987E+6	1.13480E+6	7.90731E+4	2.31412E+6
1.13000E+2	3.21402E+4	2.62170E+4	3.75817E+6	1.12632E+6	7.89255E+4	2.35537E+6
1.13100E+2	3.23357E+4	2.64505E+4	3.89524E+6	1.18034E+6	7.90907E+4	2.39906E+6
1.13200E+2	3.22173E+4	2.63645E+4	3.85351E+6	1.15148E+6	7.91258E+4	2.45060E+6
1.13300E+2	3.21542E+4	2.65427E+4	3.83996E+6	1.14546E+6	7.92624E+4	2.44725E+6
1.13400E+2	3.20727E+4	2.65195E+4	3.82601E+6	1.11077E+6	7.88678E+4	2.32942E+6
1.13500E+2	3.21526E+4	2.64098E+4	3.73909E+6	1.11947E+6	7.87617E+4	2.28720E+6
1.13600E+2	3.19408E+4	2.65407E+4	3.71174E+6	1.13850E+6	7.88307E+4	2.35072E+6
1.13700E+2	3.18399E+4	2.66693E+4	3.69543E+6	1.12709E+6	7.88616E+4	2.32980E+6
1.13800E+2	3.20761E+4	2.66651E+4	3.63335E+6	1.14466E+6	7.88884E+4	2.31149E+6
1.13900E+2	3.23013E+4	2.68535E+4	3.88907E+6	1.16038E+6	7.92044E+4	2.46007E+6
1.14000E+2	3.22184E+4	2.69532E+4	4.54028E+6	1.17986E+6	7.94676E+4	2.51661E+6
1.14100E+2	3.23165E+4	2.69397E+4	4.12241E+6	1.16924E+6	7.94334E+4	2.53393E+6
1.14200E+2	3.21796E+4	2.70483E+4	4.20618E+6	1.16371E+6	7.89833E+4	2.43684E+6
1.14300E+2	3.20384E+4	2.69812E+4	4.00080E+6	1.12395E+6	7.88533E+4	2.37989E+6
1.14400E+2	3.21571E+4	2.69900E+4	3.89575E+6	1.14511E+6	7.87740E+4	2.37811E+6
1.14500E+2	3.20289E+4	2.70774E+4	4.02313E+6	1.13260E+6	7.89482E+4	2.49343E+6
1.14600E+2	3.21762E+4	2.69563E+4	3.62349E+6	1.11804E+6	7.87596E+4	2.36708E+6
1.14700E+2	3.18802E+4	2.71534E+4	4.24962E+6	1.17163E+6	7.94852E+4	2.48824E+6
1.14800E+2	3.21008E+4	2.72858E+4	3.99647E+6	1.16748E+6	7.91599E+4	2.47600E+6
1.14900E+2	3.17946E+4	2.72217E+4	3.67374E+6	1.12501E+6	7.90112E+4	2.37081E+6
1.15000E+2	3.19189E+4	2.74447E+4	3.90813E+6	1.14426E+6	7.90473E+4	2.39364E+6
1.15100E+2	3.17912E+4	2.75196E+4	3.84747E+6	1.12651E+6	7.93359E+4	2.52635E+6
1.15200E+2	3.16649E+4	2.75374E+4	4.02478E+6	1.14356E+6	7.94240E+4	2.44851E+6
1.15300E+2	3.18786E+4	2.76964E+4	4.20200E+6	1.16315E+6	7.95278E+4	2.55148E+6
1.15400E+2	3.14936E+4	2.75783E+4	3.77117E+6	1.13476E+6	7.95320E+4	2.40551E+6
1.15500E+2	3.15594E+4	2.77784E+4	4.08597E+6	1.15042E+6	7.97055E+4	2.46769E+6
1.15600E+2	3.19554E+4	2.79496E+4	4.19902E+6	1.18474E+6	7.99295E+4	2.47600E+6
1.15700E+2	3.16046E+4	2.79459E+4	3.84446E+6	1.14886E+6	7.98555E+4	2.35246E+6
1.15800E+2	3.14441E+4	2.80689E+4	3.99107E+6	1.19471E+6	8.02272E+4	2.57432E+6
1.15900E+2	3.14062E+4	2.81376E+4	4.04904E+6	1.15335E+6	8.00057E+4	2.43829E+6
1.16000E+2	3.14023E+4	2.81630E+4	3.91020E+6	1.14321E+6	8.01519E+4	2.49712E+6
1.16100E+2	3.16448E+4	2.84621E+4	4.20260E+6	1.19115E+6	8.05470E+4	2.62575E+6
1.16200E+2	3.13434E+4	2.82732E+4	4.36218E+6	1.18474E+6	8.05176E+4	2.53549E+6
1.16300E+2	3.10700E+4	2.83103E+4	3.90090E+6	1.16763E+6	8.01519E+4	2.42940E+6
1.16400E+2	3.11010E+4	2.82657E+4	3.83596E+6	1.16340E+6	8.01749E+4	2.43622E+6
1.16500E+2	3.08650E+4	2.83262E+4	3.70101E+6	1.13791E+6	8.03477E+4	2.36571E+6
1.16600E+2	3.06919E+4	2.85877E+4	3.89832E+6	1.14281E+6	8.04001E+4	2.46642E+6
1.16700E+2	3.10274E+4	2.86490E+4	4.05292E+6	1.15645E+6	8.05795E+4	2.57294E+6
1.16800E+2	3.09450E+4	2.87985E+4	4.02259E+6	1.17487E+6	8.06489E+4	2.51837E+6
1.16900E+2	3.08550E+4	2.86810E+4	3.96695E+6	1.14721E+6	8.08710E+4	2.49778E+6
1.17000E+2	3.05908E+4	2.87355E+4	3.60704E+6	1.12787E+6	8.03812E+4	2.42344E+6
1.17100E+2	3.05413E+4	2.88151E+4	3.83098E+6	1.13314E+6	8.06626E+4	2.55057E+6
1.17200E+2	3.06997E+4	2.88188E+4	3.77261E+6	1.12792E+6	8.04357E+4	2.43581E+6
1.17300E+2	3.06496E+4	2.88600E+4	4.01930E+6	1.12525E+6	8.05218E+4	2.43975E+6
1.17400E+2	3.06177E+4	2.88916E+4	3.71502E+6	1.17252E+6	8.08320E+4	2.47280E+6
1.17500E+2	3.06205E+4	2.88793E+4	3.82154E+6	1.15772E+6	8.08373E+4	2.51793E+6
1.17600E+2	3.06150E+4	2.88632E+4	3.92581E+6	1.13697E+6	8.04672E+4	2.44058E+6
