0.00000E+0	3.05271E+4	3.17438E+4	2.77012E+6	1.33362E+6	8.77842E+4	2.07477E+6
1.00000E-1	2.69348E+4	2.78577E+4	2.69971E+6	1.32343E+6	8.36326E+4	2.12800E+6
2.00000E-1	2.69659E+4	2.78483E+4	2.76456E+6	1.31609E+6	8.36739E+4	2.17136E+6
3.00000E-1	2.72674E+4	2.77409E+4	2.69064E+6	1.30973E+6	8.36434E+4	2.11924E+6
4.00000E-1	2.74518E+4	2.77898E+4	2.78667E+6	1.31894E+6	8.34850E+4	2.18760E+6
5.00000E-1	2.73436E+4	2.77294E+4	2.76800E+6	1.32245E+6	8.32521E+4	2.11844E+6
6.00000E-1	2.74105E+4	2.76369E+4	2.77251E+6	1.31480E+6	8.33906E+4	2.08872E+6
7.00000E-1	2.76862E+4	2.77425E+4	2.72262E+6	1.32572E+6	8.38294E+4	2.14362E+6
8.00000E-1	2.77119E+4	2.78051E+4	2.87236E+6	1.34645E+6	8.35501E+4	2.16672E+6
9.00000E-1	2.78540E+4	2.78267E+4	2.90023E+6	1.34956E+6	8.36695E+4	2.18760E+6
1.00000E+0	2.80021E+4	2.77930E+4	2.92951E+6	1.36640E+6	8.33321E+4	2.14947E+6
1.10000E+0	2.82820E+4	2.77168E+4	2.95005E+6	1.35875E+6	8.34860E+4	2.22844E+6
1.20000E+0	2.81824E+4	2.76968E+4	2.81267E+6	1.34409E+6	8.32239E+4	2.11686E+6
1.30000E+0	2.83806E+4	2.78209E+4	2.90023E+6	1.37968E+6	8.34546E+4	2.21214E+6
1.40000E+0	2.84311E+4	2.77047E+4	2.91832E+6	1.36398E+6	8.32153E+4	2.14103E+6
1.50000E+0	2.84944E+4	2.77399E+4	2.95125E+6	1.36980E+6	8.34860E+4	2.18777E+6
1.60000E+0	2.85992E+4	2.75834E+4	2.88264E+6	1.37273E+6	8.33581E+4	2.17586E+6
1.70000E+0	2.88844E+4	2.78504E+4	3.03034E+6	1.38301E+6	8.37696E+4	2.18980E+6
1.80000E+0	2.89819E+4	2.76753E+4	3.00933E+6	1.38613E+6	8.37000E+4	2.20339E+6
1.90000E+0	2.90908E+4	2.77199E+4	3.00466E+6	1.36793E+6	8.34080E+4	2.22217E+6
2.00000E+0	2.92660E+4	2.77541E+4	3.02813E+6	1.41952E+6	8.34915E+4	2.19352E+6
2.10000E+0	2.93204E+4	2.78593E+4	3.06804E+6	1.39407E+6	8.33213E+4	2.19352E+6
2.20000E+0	2.94677E+4	2.77609E+4	3.04111E+6	1.43523E+6	8.35837E+4	2.20578E+6
2.30000E+0	2.95974E+4	2.77436E+4	3.08037E+6	1.40698E+6	8.34437E+4	2.19470E+6
2.40000E+0	2.96391E+4	2.78130E+4	3.15303E+6	1.42445E+6	8.32975E+4	2.23932E+6
2.50000E+0	2.97681E+4	2.78104E+4	3.13607E+6	1.43485E+6	8.34893E+4	2.23545E+6
2.60000E+0	2.98538E+4	2.77157E+4	3.12666E+6	1.40333E+6	8.33928E+4	2.26283E+6
2.70000E+0	2.99604E+4	2.76894E+4	3.19342E+6	1.43341E+6	8.34839E+4	2.27168E+6
2.80000E+0	2.99985E+4	2.78040E+4	3.09905E+6	1.41819E+6	8.29723E+4	2.21473E+6
2.90000E+0	3.01915E+4	2.77914E+4	3.08396E+6	1.45593E+6	8.31623E+4	2.23774E+6
3.00000E+0	3.01119E+4	2.78862E+4	3.07160E+6	1.42064E+6	8.31029E+4	2.23019E+6
3.10000E+0	3.02412E+4	2.78609E+4	3.15542E+6	1.43364E+6	8.32899E+4	2.24906E+6
3.20000E+0	3.01943E+4	2.77346E+4	3.07842E+6	1.43759E+6	8.32672E+4	2.29215E+6
3.30000E+0	3.02298E+4	2.77788E+4	3.06029E+6	1.46298E+6	8.31418E+4	2.30512E+6
3.40000E+0	3.02740E+4	2.77288E+4	3.01494E+6	1.44087E+6	8.29475E+4	2.19878E+6
3.50000E+0	3.02243E+4	2.77835E+4	3.15781E+6	1.45391E+6	8.31623E+4	2.30438E+6
3.60000E+0	3.02167E+4	2.77830E+4	3.14453E+6	1.44524E+6	8.28268E+4	2.28150E+6
3.70000E+0	3.03446E+4	2.78140E+4	3.13911E+6	1.45781E+6	8.30036E+4	2.28187E+6
3.80000E+0	3.04405E+4	2.78093E+4	3.14827E+6	1.46646E+6	8.31353E+4	2.28663E+6
3.90000E+0	3.01932E+4	2.78509E+4	3.13878E+6	1.44271E+6	8.30791E+4	2.31598E+6
4.00000E+0	3.02702E+4	2.77273E+4	3.06384E+6	1.46567E+6	8.32174E+4	2.30456E+6
4.10000E+0	3.03424E+4	2.78409E+4	3.11163E+6	1.45321E+6	8.30996E+4	2.30717E+6
4.20000E+0	3.03796E+4	2.78035E+4	3.16638E+6	1.47273E+6	8.31083E+4	2.35186E+6
4.30000E+0	3.04142E+4	2.79574E+4	3.06610E+6	1.44118E+6	8.30046E+4	2.29917E+6
4.40000E+0	3.03326E+4	2.77883E+4	3.22945E+6	1.49029E+6	8.29982E+4	2.34683E+6
4.50000E+0	3.03462E+4	2.79637E+4	3.14657E+6	1.47656E+6	8.31677E+4	2.30103E+6
4.60000E+0	3.03068E+4	2.80054E+4	3.06255E+6	1.47392E+6	8.32369E+4	2.31354E+6
4.70000E+0	3.03287E+4	2.78614E+4	3.03730E+6	1.44294E+6	8.31699E+4	2.29899E+6
4.80000E+0	3.02467E+4	2.77809E+4	3.08592E+6	1.50294E+6	8.31742E+4	2.32789E+6
4.90000E+0	3.03112E+4	2.78973E+4	3.02529E+6	1.45034E+6	8.30122E+4	2.24339E+6
5.00000E+0	3.04969E+4	2.78314E+4	3.15952E+6	1.46772E+6	8.31418E+4	2.32998E+6
5.10000E+0	3.01921E+4	2.79173E+4	3.05676E+6	1.44910E+6	8.32045E+4	2.27023E+6
5.20000E+0	3.02899E+4	2.79131E+4	3.16295E+6	1.44632E+6	8.29615E+4	2.38842E+6
5.30000E+0	3.04054E+4	2.78735E+4	3.15065E+6	1.47856E+6	8.31245E+4	2.33360E+6
5.40000E+0	3.02959E+4	2.79542E+4	3.21169E+6	1.47281E+6	8.30888E+4	2.37236E+6
5.50000E+0	3.02423E+4	2.79110E+4	3.01807E+6	1.45796E+6	8.30284E+4	2.34780E+6
5.60000E+0	3.02708E+4	2.79489E+4	3.10666E+6	1.47897E+6	8.33462E+4	2.28957E+6
5.70000E+0	3.02401E+4	2.79363E+4	3.06448E+6	1.44057E+6	8.30932E+4	2.30867E+6
5.80000E+0	3.02068E+4	2.79553E+4	3.10864E+6	1.45235E+6	8.31158E+4	2.33837E+6
5.90000E+0	3.01446E+4	2.79236E+4	3.16535E+6	1.46424E+6	8.31353E+4	2.32428E+6
6.00000E+0	3.03879E+4	2.79990E+4	3.11762E+6	1.46614E+6	8.30975E+4	2.37315E+6
6.10000E+0	3.02850E+4	2.79558E+4	3.14521E+6	1.46915E+6	8.30942E+4	2.40145E+6
6.20000E+0	3.03501E+4	2.80239E+4	3.16948E+6	1.46701E+6	8.30197E+4	2.39562E+6
6.30000E+0	3.03441E+4	2.78857E+4	3.13102E+6	1.46978E+6	8.28128E+4	2.36627E+6
6.40000E+0	3.04290E+4	2.78456E+4	3.02655E+6	1.44856E+6	8.26074E+4	2.31016E+6
6.50000E+0	3.02505E+4	2.78556E+4	3.11762E+6	1.46693E+6	8.29410E+4	2.35225E+6
6.60000E+0	3.01992E+4	2.78188E+4	3.04907E+6	1.45547E+6	8.29787E+4	2.29049E+6
6.70000E+0	3.01200E+4	2.79632E+4	3.31855E+6	1.49274E+6	8.32315E+4	2.44452E+6
6.80000E+0	3.02035E+4	2.79975E+4	2.99537E+6	1.45057E+6	8.29992E+4	2.38066E+6
6.90000E+0	3.00830E+4	2.79500E+4	3.04620E+6	1.47736E+6	8.28591E+4	2.38007E+6
7.00000E+0	3.00018E+4	2.78915E+4	2.95035E+6	1.41618E+6	8.29615E+4	2.32960E+6
7.10000E+0	3.00181E+4	2.79874E+4	3.17742E+6	1.47185E+6	8.29820E+4	2.42403E+6
7.20000E+0	2.99789E+4	2.78757E+4	3.14047E+6	1.46126E+6	8.30489E+4	2.34857E+6
7.30000E+0	2.98115E+4	2.78683E+4	2.95516E+6	1.44471E+6	8.28569E+4	2.36217E+6
7.40000E+0	2.96624E+4	2.79558E+4	2.94049E+6	1.43690E+6	8.27869E+4	2.36217E+6
7.50000E+0	2.96320E+4	2.78741E+4	2.93544E+6	1.42408E+6	8.29119E+4	2.31354E+6
7.60000E+0	2.95887E+4	2.78267E+4	3.00684E+6	1.44478E+6	8.30230E+4	2.35554E+6
7.70000E+0	2.89631E+4	2.79094E+4	2.83304E+6	1.43516E+6	8.27633E+4	2.27385E+6
7.80000E+0	2.33429E+4	2.80492E+4	1.65368E+6	1.45042E+6	8.30564E+4	2.35613E+6
7.90000E+0	1.54276E+4	2.79990E+4	7.16862E+5	1.41161E+6	8.43458E+4	2.14735E+6
8.00000E+0	8.05417E+3	2.80429E+4	3.12890E+5	1.24960E+6	8.66213E+4	1.79259E+6
8.10000E+0	3.65241E+3	2.78356E+4	1.50485E+5	9.92862E+5	9.12907E+4	1.20208E+6
8.20000E+0	2.00915E+3	2.76375E+4	8.62933E+4	5.85458E+5	9.85898E+4	7.38693E+5
8.30000E+0	1.45367E+3	2.71064E+4	5.61280E+4	2.80617E+5	1.07617E+5	4.57570E+5
8.40000E+0	1.20954E+3	2.59593E+4	4.11780E+4	1.59430E+5	1.17919E+5	3.09573E+5
8.50000E+0	1.02573E+3	2.42197E+4	3.19019E+4	1.09036E+5	1.28308E+5	2.24699E+5
8.60000E+0	9.44909E+2	2.20976E+4	2.60428E+4	8.17346E+4	1.38606E+5	1.75054E+5
8.70000E+0	8.82901E+2	1.98377E+4	2.20977E+4	6.48393E+4	1.49097E+5	1.43859E+5
8.80000E+0	8.54384E+2	1.74325E+4	1.92912E+4	5.34349E+4	1.58913E+5	1.23458E+5
8.90000E+0	8.14421E+2	1.53282E+4	1.72180E+4	4.48796E+4	1.67358E+5	1.09792E+5
9.00000E+0	7.90851E+2	1.34051E+4	1.57360E+4	3.98180E+4	1.76044E+5	9.93030E+4
9.10000E+0	7.35570E+2	1.16623E+4	1.42589E+4	3.48727E+4	1.83336E+5	9.19428E+4
9.20000E+0	7.44398E+2	1.02793E+4	1.32356E+4	3.17057E+4	1.90393E+5	8.60500E+4
9.30000E+0	7.20534E+2	9.06877E+3	1.22106E+4	2.83610E+4	1.97319E+5	8.14431E+4
9.40000E+0	7.01908E+2	8.12162E+3	1.15902E+4	2.63787E+4	2.04312E+5	7.77219E+4
9.50000E+0	6.91128E+2	7.28452E+3	1.09064E+4	2.40667E+4	2.09837E+5	7.43321E+4
9.60000E+0	6.68269E+2	6.53226E+3	1.05725E+4	2.25376E+4	2.15653E+5	7.21089E+4
9.70000E+0	6.92435E+2	5.95804E+3	1.03571E+4	2.11676E+4	2.19754E+5	6.98616E+4
9.80000E+0	6.70554E+2	5.40787E+3	1.03194E+4	1.99428E+4	2.23881E+5	6.82312E+4
9.90000E+0	6.82636E+2	4.98113E+3	1.02086E+4	1.90179E+4	2.27024E+5	6.70065E+4
1.00000E+1	7.02888E+2	4.60752E+3	1.03736E+4	1.84325E+4	2.29324E+5	6.60568E+4
1.01000E+1	6.82963E+2	4.26107E+3	1.03488E+4	1.75672E+4	2.31335E+5	6.52426E+4
1.02000E+1	6.87535E+2	3.97016E+3	1.04710E+4	1.72125E+4	2.33643E+5	6.46841E+4
1.03000E+1	6.82636E+2	3.75712E+3	1.06644E+4	1.67795E+4	2.35232E+5	6.42354E+4
1.04000E+1	7.20861E+2	3.57293E+3	1.08707E+4	1.67066E+4	2.36789E+5	6.42623E+4
1.05000E+1	7.25110E+2	3.35291E+3	1.11932E+4	1.62712E+4	2.37580E+5	6.40392E+4
1.06000E+1	7.36551E+2	3.19931E+3	1.14331E+4	1.61932E+4	2.37826E+5	6.42780E+4
1.07000E+1	7.46033E+2	3.10367E+3	1.17143E+4	1.61128E+4	2.38345E+5	6.44277E+4
1.08000E+1	7.43417E+2	2.92930E+3	1.19443E+4	1.60469E+4	2.38021E+5	6.44712E+4
1.09000E+1	7.63694E+2	2.86858E+3	1.23434E+4	1.61328E+4	2.38733E+5	6.49686E+4
1.10000E+1	7.71545E+2	2.78002E+3	1.27756E+4	1.61180E+4	2.38759E+5	6.49484E+4
1.11000E+1	7.74816E+2	2.66614E+3	1.31989E+4	1.63998E+4	2.38796E+5	6.58279E+4
1.12000E+1	7.77761E+2	2.55759E+3	1.36527E+4	1.63644E+4	2.38640E+5	6.57075E+4
1.13000E+1	7.90196E+2	2.55318E+3	1.41169E+4	1.65283E+4	2.37936E+5	6.64450E+4
1.14000E+1	8.05581E+2	2.46584E+3	1.45101E+4	1.66820E+4	2.37470E+5	6.71351E+4
1.15000E+1	8.08855E+2	2.41884E+3	1.50334E+4	1.68604E+4	2.38412E+5	6.76714E+4
1.16000E+1	8.22280E+2	2.36852E+3	1.54445E+4	1.70216E+4	2.36781E+5	6.82275E+4
1.17000E+1	8.34398E+2	2.34286E+3	1.59274E+4	1.73104E+4	2.37892E+5	6.90503E+4
1.18000E+1	8.50452E+2	2.25116E+3	1.61909E+4	1.74231E+4	2.38054E+5	6.95101E+4
1.19000E+1	8.66182E+2	2.20908E+3	1.63983E+4	1.76934E+4	2.36533E+5	6.98830E+4
1.20000E+1	8.36364E+2	2.19797E+3	1.63572E+4	1.80771E+4	2.37966E+5	7.07512E+4
1.21000E+1	8.46520E+2	2.14853E+3	1.61261E+4	1.80290E+4	2.37081E+5	7.07747E+4
1.22000E+1	8.39312E+2	2.14719E+3	1.59179E+4	1.84334E+4	2.39040E+5	7.10268E+4
1.23000E+1	8.05908E+2	2.10317E+3	1.56829E+4	1.83332E+4	2.38644E+5	7.07249E+4
1.24000E+1	8.06890E+2	2.04778E+3	1.54360E+4	1.82277E+4	2.40278E+5	7.06170E+4
1.25000E+1	8.02634E+2	2.03369E+3	1.53065E+4	1.81193E+4	2.40831E+5	7.06339E+4
1.26000E+1	8.16385E+2	2.01827E+3	1.52089E+4	1.81346E+4	2.42236E+5	7.03735E+4
1.27000E+1	8.00343E+2	2.00117E+3	1.50556E+4	1.77465E+4	2.42633E+5	7.01447E+4
1.28000E+1	8.00670E+2	1.94321E+3	1.48512E+4	1.79183E+4	2.43121E+5	6.99863E+4
1.29000E+1	7.81360E+2	1.96398E+3	1.47349E+4	1.74711E+4	2.44576E+5	6.97641E+4
1.30000E+1	8.00998E+2	1.94656E+3	1.46315E+4	1.75797E+4	2.46021E+5	6.96481E+4
1.31000E+1	7.93142E+2	1.89302E+3	1.44384E+4	1.73011E+4	2.46643E+5	6.95925E+4
1.32000E+1	7.63039E+2	1.87763E+3	1.41295E+4	1.73215E+4	2.48879E+5	6.91526E+4
1.33000E+1	7.89542E+2	1.89168E+3	1.37898E+4	1.69132E+4	2.49941E+5	6.89482E+4
1.34000E+1	7.74816E+2	1.82450E+3	1.36427E+4	1.69220E+4	2.50990E+5	6.87507E+4
1.35000E+1	7.63039E+2	1.85089E+3	1.33079E+4	1.67123E+4	2.52300E+5	6.82385E+4
1.36000E+1	7.63367E+2	1.80579E+3	1.31060E+4	1.66719E+4	2.54360E+5	6.79027E+4
1.37000E+1	7.40801E+2	1.77175E+3	1.27961E+4	1.63614E+4	2.54712E+5	6.75248E+4
1.38000E+1	7.33609E+2	1.76474E+3	1.25507E+4	1.60829E+4	2.55586E+5	6.69248E+4
1.39000E+1	7.37205E+2	1.75240E+3	1.24696E+4	1.59484E+4	2.56898E+5	6.65147E+4
1.40000E+1	7.28052E+2	1.73906E+3	1.24170E+4	1.58191E+4	2.59053E+5	6.61724E+4
1.41000E+1	7.36551E+2	1.71572E+3	1.23894E+4	1.53800E+4	2.58005E+5	6.56200E+4
1.42000E+1	7.21841E+2	1.66908E+3	1.24138E+4	1.55058E+4	2.59290E+5	6.55467E+4
1.43000E+1	7.72853E+2	1.66841E+3	1.24859E+4	1.51710E+4	2.60517E+5	6.55193E+4
1.44000E+1	7.45379E+2	1.67907E+3	1.26569E+4	1.51112E+4	2.60877E+5	6.54681E+4
1.45000E+1	7.47668E+2	1.64477E+3	1.28453E+4	1.49914E+4	2.59506E+5	6.54778E+4
1.46000E+1	7.98379E+2	1.63013E+3	1.30010E+4	1.49629E+4	2.60580E+5	6.55837E+4
1.47000E+1	7.66311E+2	1.61316E+3	1.31613E+4	1.49390E+4	2.60379E+5	6.54796E+4
1.48000E+1	7.45052E+2	1.59686E+3	1.32129E+4	1.50878E+4	2.59698E+5	6.57792E+4
1.49000E+1	7.75471E+2	1.59919E+3	1.33870E+4	1.50741E+4	2.59519E+5	6.57987E+4
1.50000E+1	7.81688E+2	1.58622E+3	1.35571E+4	1.50669E+4	2.59390E+5	6.60426E+4
1.51000E+1	7.62058E+2	1.55797E+3	1.36948E+4	1.51505E+4	2.59186E+5	6.60008E+4
1.52000E+1	7.80052E+2	1.55864E+3	1.37902E+4	1.51198E+4	2.59361E+5	6.61724E+4
1.53000E+1	7.78416E+2	1.53737E+3	1.39385E+4	1.53598E+4	2.59386E+5	6.61884E+4
1.54000E+1	7.71218E+2	1.54269E+3	1.38202E+4	1.54091E+4	2.58812E+5	6.60586E+4
1.55000E+1	7.66311E+2	1.52973E+3	1.39130E+4	1.54555E+4	2.59090E+5	6.61866E+4
1.56000E+1	7.89869E+2	1.51214E+3	1.39368E+4	1.55199E+4	2.59199E+5	6.63594E+4
1.57000E+1	7.76452E+2	1.50218E+3	1.40758E+4	1.55217E+4	2.59669E+5	6.61875E+4
1.58000E+1	7.63694E+2	1.48028E+3	1.40788E+4	1.54435E+4	2.58398E+5	6.61635E+4
1.59000E+1	7.86596E+2	1.50882E+3	1.41723E+4	1.56086E+4	2.59786E+5	6.61955E+4
1.60000E+1	7.73835E+2	1.49853E+3	1.41350E+4	1.55475E+4	2.60124E+5	6.62667E+4
1.61000E+1	8.04599E+2	1.48359E+3	1.42059E+4	1.56103E+4	2.59911E+5	6.63567E+4
1.62000E+1	7.64348E+2	1.49753E+3	1.41123E+4	1.54954E+4	2.58999E+5	6.62195E+4
1.63000E+1	7.79070E+2	1.44844E+3	1.41778E+4	1.56202E+4	2.60894E+5	6.62854E+4
1.64000E+1	7.78416E+2	1.45606E+3	1.42223E+4	1.56719E+4	2.60546E+5	6.63888E+4
1.65000E+1	7.73835E+2	1.46601E+3	1.42812E+4	1.55462E+4	2.60596E+5	6.62676E+4
1.66000E+1	7.88887E+2	1.43849E+3	1.43288E+4	1.56680E+4	2.60890E+5	6.62854E+4
1.67000E+1	8.03289E+2	1.46004E+3	1.43347E+4	1.57181E+4	2.61600E+5	6.64593E+4
1.68000E+1	7.84960E+2	1.43617E+3	1.43368E+4	1.58801E+4	2.62580E+5	6.66506E+4
1.69000E+1	7.83978E+2	1.40668E+3	1.41551E+4	1.55892E+4	2.63013E+5	6.64093E+4
1.70000E+1	7.89542E+2	1.42059E+3	1.40230E+4	1.56590E+4	2.63485E+5	6.64022E+4
1.71000E+1	7.85615E+2	1.39309E+3	1.38478E+4	1.57245E+4	2.62314E+5	6.59423E+4
1.72000E+1	7.58460E+2	1.42125E+3	1.37018E+4	1.56978E+4	2.64878E+5	6.62551E+4
1.73000E+1	7.60423E+2	1.41330E+3	1.36461E+4	1.56491E+4	2.65505E+5	6.60213E+4
1.74000E+1	7.61404E+2	1.41396E+3	1.34662E+4	1.54465E+4	2.65794E+5	6.58935E+4
1.75000E+1	7.63039E+2	1.38515E+3	1.33957E+4	1.54302E+4	2.67009E+5	6.59148E+4
1.76000E+1	7.69582E+2	1.39309E+3	1.33199E+4	1.54186E+4	2.67265E+5	6.54487E+4
1.77000E+1	7.73181E+2	1.38846E+3	1.31729E+4	1.52707E+4	2.69310E+5	6.55678E+4
1.78000E+1	7.70236E+2	1.37422E+3	1.29065E+4	1.52442E+4	2.68867E+5	6.51477E+4
1.79000E+1	7.57806E+2	1.37389E+3	1.26524E+4	1.52561E+4	2.70474E+5	6.50116E+4
1.80000E+1	7.48649E+2	1.38846E+3	1.22865E+4	1.49927E+4	2.70204E+5	6.44590E+4
1.81000E+1	7.35570E+2	1.33020E+3	1.21024E+4	1.48289E+4	2.72336E+5	6.41668E+4
1.82000E+1	7.31974E+2	1.35138E+3	1.19411E+4	1.48557E+4	2.74316E+5	6.38626E+4
1.83000E+1	7.01582E+2	1.39276E+3	1.16367E+4	1.44441E+4	2.75271E+5	6.31709E+4
1.84000E+1	7.33609E+2	1.37058E+3	1.15597E+4	1.45387E+4	2.78193E+5	6.32206E+4
1.85000E+1	7.05176E+2	1.33450E+3	1.12721E+4	1.40819E+4	2.78760E+5	6.26101E+4
1.86000E+1	6.97008E+2	1.32557E+3	1.11669E+4	1.40278E+4	2.79910E+5	6.22141E+4
1.87000E+1	7.12691E+2	1.32822E+3	1.10341E+4	1.38330E+4	2.81793E+5	6.18462E+4
1.88000E+1	7.03542E+2	1.31267E+3	1.10854E+4	1.35918E+4	2.83458E+5	6.17146E+4
1.89000E+1	7.07463E+2	1.30904E+3	1.11749E+4	1.35897E+4	2.83738E+5	6.16835E+4
1.90000E+1	7.30994E+2	1.30176E+3	1.12538E+4	1.32879E+4	2.85559E+5	6.20050E+4
1.91000E+1	7.13998E+2	1.33384E+3	1.13671E+4	1.34262E+4	2.86048E+5	6.15371E+4
1.92000E+1	7.36224E+2	1.31995E+3	1.14647E+4	1.32924E+4	2.86442E+5	6.17956E+4
1.93000E+1	7.14978E+2	1.30176E+3	1.15938E+4	1.32995E+4	2.85080E+5	6.17146E+4
1.94000E+1	7.34916E+2	1.26904E+3	1.16190E+4	1.31892E+4	2.86760E+5	6.19213E+4
1.95000E+1	7.35570E+2	1.29747E+3	1.17452E+4	1.32933E+4	2.86029E+5	6.19509E+4
1.96000E+1	7.38186E+2	1.29284E+3	1.18939E+4	1.32933E+4	2.87160E+5	6.22217E+4
1.97000E+1	7.66311E+2	1.26244E+3	1.19257E+4	1.34759E+4	2.87208E+5	6.21802E+4
1.98000E+1	7.50611E+2	1.28590E+3	1.20174E+4	1.32978E+4	2.85736E+5	6.24093E+4
1.99000E+1	7.53554E+2	1.26739E+3	1.21587E+4	1.35274E+4	2.86471E+5	6.23694E+4
2.00000E+1	7.28052E+2	1.29614E+3	1.22707E+4	1.32788E+4	2.84818E+5	6.23906E+4
2.01000E+1	7.54208E+2	1.25814E+3	1.23405E+4	1.33673E+4	2.84332E+5	6.25497E+4
2.02000E+1	7.54208E+2	1.26045E+3	1.24476E+4	1.36105E+4	2.84084E+5	6.27960E+4
2.03000E+1	7.75471E+2	1.27631E+3	1.23743E+4	1.35207E+4	2.84403E+5	6.27901E+4
2.04000E+1	7.58133E+2	1.26376E+3	1.22861E+4	1.36492E+4	2.83207E+5	6.25224E+4
2.05000E+1	7.47341E+2	1.25979E+3	1.19326E+4	1.35029E+4	2.83108E+5	6.22718E+4
2.06000E+1	7.54535E+2	1.26541E+3	1.18749E+4	1.35523E+4	2.83771E+5	6.21361E+4
2.07000E+1	7.35897E+2	1.25517E+3	1.17992E+4	1.34469E+4	2.83108E+5	6.18757E+4
2.08000E+1	7.27398E+2	1.25880E+3	1.19500E+4	1.34021E+4	2.85985E+5	6.19602E+4
2.09000E+1	7.67292E+2	1.26409E+3	1.22479E+4	1.34726E+4	2.84641E+5	6.17568E+4
2.10000E+1	7.40801E+2	1.23998E+3	1.22816E+4	1.32197E+4	2.84570E+5	6.19391E+4
2.11000E+1	7.57152E+2	1.24559E+3	1.26140E+4	1.35021E+4	2.84551E+5	6.22005E+4
2.12000E+1	7.80379E+2	1.23932E+3	1.27335E+4	1.33657E+4	2.84046E+5	6.22387E+4
2.13000E+1	7.76125E+2	1.25319E+3	1.30175E+4	1.34996E+4	2.83084E+5	6.22514E+4
2.14000E+1	7.66638E+2	1.25517E+3	1.33406E+4	1.34676E+4	2.81934E+5	6.28165E+4
2.15000E+1	7.80706E+2	1.22413E+3	1.37723E+4	1.37700E+4	2.82169E+5	6.30903E+4
2.16000E+1	8.14093E+2	1.22578E+3	1.41434E+4	1.37608E+4	2.79325E+5	6.33469E+4
2.17000E+1	8.18023E+2	1.23205E+3	1.46091E+4	1.39634E+4	2.78899E+5	6.35181E+4
2.18000E+1	8.19332E+2	1.22743E+3	1.50266E+4	1.40542E+4	2.76509E+5	6.40132E+4
2.19000E+1	8.42260E+2	1.22710E+3	1.53253E+4	1.42932E+4	2.74741E+5	6.43615E+4
2.20000E+1	8.38657E+2	1.21621E+3	1.54587E+4	1.46207E+4	2.73996E+5	6.48687E+4
2.21000E+1	8.11474E+2	1.21753E+3	1.54038E+4	1.48106E+4	2.73047E+5	6.50370E+4
2.22000E+1	7.99688E+2	1.23998E+3	1.51059E+4	1.50528E+4	2.73582E+5	6.52540E+4
2.23000E+1	7.97070E+2	1.21852E+3	1.45144E+4	1.52061E+4	2.72273E+5	6.50686E+4
2.24000E+1	7.66638E+2	1.19905E+3	1.39803E+4	1.52365E+4	2.73003E+5	6.45532E+4
2.25000E+1	7.58460E+2	1.21522E+3	1.35234E+4	1.54117E+4	2.74641E+5	6.40193E+4
2.26000E+1	7.40801E+2	1.21621E+3	1.28019E+4	1.54177E+4	2.76605E+5	6.33065E+4
2.27000E+1	7.22495E+2	1.23205E+3	1.22110E+4	1.52069E+4	2.77393E+5	6.26698E+4
2.28000E+1	6.88515E+2	1.21819E+3	1.15737E+4	1.49178E+4	2.78124E+5	6.14488E+4
2.29000E+1	6.86882E+2	1.21621E+3	1.10262E+4	1.48272E+4	2.82066E+5	6.07956E+4
2.30000E+1	6.86556E+2	1.20433E+3	1.05745E+4	1.42987E+4	2.82475E+5	5.95329E+4
2.31000E+1	6.75779E+2	1.20004E+3	1.02712E+4	1.41234E+4	2.86077E+5	5.87894E+4
2.32000E+1	6.73166E+2	1.20961E+3	1.00148E+4	1.33955E+4	2.86837E+5	5.79844E+4
2.33000E+1	6.79371E+2	1.18486E+3	9.96377E+3	1.33061E+4	2.90757E+5	5.72664E+4
2.34000E+1	6.65984E+2	1.18618E+3	1.00749E+4	1.30280E+4	2.92650E+5	5.72959E+4
2.35000E+1	6.78065E+2	1.19146E+3	1.01515E+4	1.26355E+4	2.91501E+5	5.65431E+4
2.36000E+1	6.88515E+2	1.17134E+3	1.05233E+4	1.26449E+4	2.93576E+5	5.67898E+4
2.37000E+1	6.89495E+2	1.17167E+3	1.08204E+4	1.24278E+4	2.92769E+5	5.68500E+4
2.38000E+1	7.32955E+2	1.15024E+3	1.11880E+4	1.24274E+4	2.90094E+5	5.69110E+4
2.39000E+1	7.21841E+2	1.14035E+3	1.15910E+4	1.25603E+4	2.91161E+5	5.74140E+4
2.40000E+1	7.29359E+2	1.14002E+3	1.19298E+4	1.26228E+4	2.89072E+5	5.76450E+4
2.41000E+1	7.52246E+2	1.13113E+3	1.23401E+4	1.27955E+4	2.88381E+5	5.81398E+4
2.42000E+1	7.36224E+2	1.16738E+3	1.25769E+4	1.30449E+4	2.87920E+5	5.82914E+4
2.43000E+1	7.71872E+2	1.15420E+3	1.25316E+4	1.28919E+4	2.84584E+5	5.85712E+4
2.44000E+1	7.35243E+2	1.14826E+3	1.25552E+4	1.32618E+4	2.85162E+5	5.88276E+4
2.45000E+1	7.54535E+2	1.13936E+3	1.24578E+4	1.34879E+4	2.84856E+5	5.89870E+4
2.46000E+1	7.48322E+2	1.14068E+3	1.22098E+4	1.33326E+4	2.85899E+5	5.89943E+4
2.47000E+1	7.27725E+2	1.14332E+3	1.20599E+4	1.35432E+4	2.86509E+5	5.86482E+4
2.48000E+1	7.15632E+2	1.12520E+3	1.19871E+4	1.36367E+4	2.86437E+5	5.85428E+4
2.49000E+1	7.33609E+2	1.14464E+3	1.19144E+4	1.33938E+4	2.88245E+5	5.87114E+4
2.50000E+1	7.17266E+2	1.15123E+3	1.19136E+4	1.33885E+4	2.87542E+5	5.82034E+4
2.51000E+1	7.33609E+2	1.14167E+3	1.18511E+4	1.34075E+4	2.87527E+5	5.81913E+4
2.52000E+1	7.33936E+2	1.15321E+3	1.18398E+4	1.33914E+4	2.89624E+5	5.83463E+4
2.53000E+1	7.29032E+2	1.10642E+3	1.17134E+4	1.33785E+4	2.87421E+5	5.76066E+4
2.54000E+1	7.10403E+2	1.15123E+3	1.17513E+4	1.34597E+4	2.89927E+5	5.80785E+4
2.55000E+1	6.97335E+2	1.11729E+3	1.13963E+4	1.31054E+4	2.88133E+5	5.74491E+4
2.56000E+1	7.07789E+2	1.13607E+3	1.12115E+4	1.33727E+4	2.90496E+5	5.72576E+4
2.57000E+1	6.94395E+2	1.12849E+3	1.10250E+4	1.31776E+4	2.91462E+5	5.70166E+4
2.58000E+1	7.15632E+2	1.12520E+3	1.09178E+4	1.29240E+4	2.91783E+5	5.68064E+4
2.59000E+1	7.21841E+2	1.12816E+3	1.06975E+4	1.31623E+4	2.93776E+5	5.63633E+4
2.60000E+1	6.89495E+2	1.10807E+3	1.03606E+4	1.29609E+4	2.95205E+5	5.59892E+4
2.61000E+1	6.30411E+2	1.11531E+3	1.01714E+4	1.26163E+4	2.94677E+5	5.55016E+4
2.62000E+1	6.58475E+2	1.07218E+3	1.01347E+4	1.26077E+4	2.96482E+5	5.50604E+4
2.63000E+1	6.69901E+2	1.07712E+3	1.01816E+4	1.24213E+4	2.97660E+5	5.48623E+4
2.64000E+1	6.70228E+2	1.10510E+3	1.02771E+4	1.22741E+4	2.99729E+5	5.47434E+4
2.65000E+1	6.79044E+2	1.09819E+3	1.03940E+4	1.22290E+4	2.98825E+5	5.48569E+4
2.66000E+1	6.97661E+2	1.08469E+3	1.03904E+4	1.19441E+4	2.98569E+5	5.45724E+4
2.67000E+1	6.78391E+2	1.08074E+3	1.04670E+4	1.21881E+4	2.99164E+5	5.46078E+4
2.68000E+1	6.85576E+2	1.07185E+3	1.04246E+4	1.22469E+4	2.98145E+5	5.44593E+4
2.69000E+1	6.87535E+2	1.11268E+3	1.02285E+4	1.20981E+4	2.99452E+5	5.44893E+4
2.70000E+1	6.90475E+2	1.09160E+3	1.01425E+4	1.22002E+4	2.98636E+5	5.41348E+4
2.71000E+1	6.71534E+2	1.05935E+3	1.00550E+4	1.21905E+4	2.99416E+5	5.37912E+4
2.72000E+1	6.92108E+2	1.09457E+3	1.00425E+4	1.19837E+4	3.01119E+5	5.39789E+4
2.73000E+1	6.63372E+2	1.06395E+3	9.92833E+3	1.19312E+4	3.01228E+5	5.35553E+4
2.74000E+1	6.80677E+2	1.07778E+3	9.76312E+3	1.18251E+4	3.00958E+5	5.33096E+4
2.75000E+1	6.54232E+2	1.09226E+3	9.83381E+3	1.20120E+4	3.02690E+5	5.32332E+4
2.76000E+1	6.66310E+2	1.08140E+3	9.60228E+3	1.17217E+4	3.02748E+5	5.29960E+4
2.77000E+1	6.55864E+2	1.07745E+3	9.48785E+3	1.17470E+4	3.04001E+5	5.27513E+4
2.78000E+1	6.38241E+2	1.08206E+3	9.34398E+3	1.16618E+4	3.04960E+5	5.24744E+4
2.79000E+1	6.74473E+2	1.06033E+3	9.25431E+3	1.15944E+4	3.06663E+5	5.23225E+4
2.80000E+1	6.45420E+2	1.05540E+3	9.33281E+3	1.15170E+4	3.05876E+5	5.20919E+4
2.81000E+1	6.56843E+2	1.04125E+3	9.40102E+3	1.12046E+4	3.07100E+5	5.18694E+4
2.82000E+1	6.77085E+2	1.04981E+3	9.54426E+3	1.13007E+4	3.07319E+5	5.19713E+4
2.83000E+1	6.69248E+2	1.07185E+3	9.85169E+3	1.13482E+4	3.07828E+5	5.20874E+4
2.84000E+1	6.78718E+2	1.06297E+3	1.01683E+4	1.13845E+4	3.07999E+5	5.23509E+4
2.85000E+1	7.07789E+2	1.03796E+3	1.04486E+4	1.12999E+4	3.05945E+5	5.25351E+4
2.86000E+1	6.99948E+2	1.05507E+3	1.08082E+4	1.12500E+4	3.04860E+5	5.29116E+4
2.87000E+1	7.18246E+2	1.04849E+3	1.11100E+4	1.15687E+4	3.03833E+5	5.31712E+4
2.88000E+1	7.20861E+2	1.04948E+3	1.15032E+4	1.17366E+4	3.02169E+5	5.33846E+4
2.89000E+1	7.50611E+2	1.03237E+3	1.21672E+4	1.18808E+4	3.00658E+5	5.40553E+4
2.90000E+1	7.66311E+2	1.03665E+3	1.28683E+4	1.17949E+4	2.97253E+5	5.44977E+4
2.91000E+1	7.78088E+2	1.02481E+3	1.38491E+4	1.20929E+4	2.94502E+5	5.49296E+4
2.92000E+1	8.05908E+2	1.05079E+3	1.48436E+4	1.23123E+4	2.94316E+5	5.59532E+4
2.93000E+1	8.37019E+2	1.05277E+3	1.58859E+4	1.24295E+4	2.87610E+5	5.61870E+4
2.94000E+1	8.78639E+2	1.01626E+3	1.71446E+4	1.28451E+4	2.86115E+5	5.70857E+4
2.95000E+1	9.23575E+2	1.03698E+3	1.87522E+4	1.32164E+4	2.81788E+5	5.79298E+4
2.96000E+1	9.38015E+2	1.04191E+3	2.00450E+4	1.35170E+4	2.77880E+5	5.85299E+4
2.97000E+1	9.92533E+2	1.04125E+3	2.19217E+4	1.42267E+4	2.74253E+5	5.97332E+4
2.98000E+1	9.98448E+2	1.05836E+3	2.36907E+4	1.45218E+4	2.69900E+5	6.09866E+4
2.99000E+1	1.04908E+3	1.03829E+3	2.56866E+4	1.53405E+4	2.67065E+5	6.18301E+4
3.00000E+1	1.07705E+3	1.04487E+3	2.78026E+4	1.58299E+4	2.62648E+5	6.28174E+4
3.01000E+1	1.13831E+3	1.03895E+3	3.02284E+4	1.67149E+4	2.59427E+5	6.41199E+4
3.02000E+1	1.18150E+3	1.07481E+3	3.26930E+4	1.76144E+4	2.55459E+5	6.53985E+4
3.03000E+1	1.24420E+3	1.06461E+3	3.55409E+4	1.84800E+4	2.52757E+5	6.66756E+4
3.04000E+1	1.25841E+3	1.07580E+3	3.85885E+4	1.94696E+4	2.48871E+5	6.79018E+4
3.05000E+1	1.31195E+3	1.08601E+3	4.18781E+4	2.08303E+4	2.45882E+5	6.95388E+4
3.06000E+1	1.35926E+3	1.09094E+3	4.54987E+4	2.20677E+4	2.42315E+5	7.08828E+4
3.07000E+1	1.42947E+3	1.05968E+3	4.93598E+4	2.33131E+4	2.38944E+5	7.26449E+4
3.08000E+1	1.46528E+3	1.09522E+3	5.35158E+4	2.49130E+4	2.35511E+5	7.40935E+4
3.09000E+1	1.51008E+3	1.09029E+3	5.80431E+4	2.63756E+4	2.32321E+5	7.54535E+4
3.10000E+1	1.56256E+3	1.08897E+3	6.32549E+4	2.82120E+4	2.29335E+5	7.71134E+4
3.11000E+1	1.62075E+3	1.09325E+3	6.84493E+4	3.00590E+4	2.26559E+5	7.87278E+4
3.12000E+1	1.68366E+3	1.10741E+3	7.40524E+4	3.21138E+4	2.23776E+5	8.04589E+4
3.13000E+1	1.69866E+3	1.12223E+3	8.06752E+4	3.43584E+4	2.20904E+5	8.23288E+4
3.14000E+1	1.79938E+3	1.09654E+3	8.71097E+4	3.68318E+4	2.18327E+5	8.44930E+4
3.15000E+1	1.85885E+3	1.10049E+3	9.43743E+4	3.91973E+4	2.14547E+5	8.55706E+4
3.16000E+1	1.91336E+3	1.11367E+3	1.02203E+5	4.22556E+4	2.13207E+5	8.79801E+4
3.17000E+1	1.98133E+3	1.14826E+3	1.10291E+5	4.50177E+4	2.10392E+5	8.99635E+4
3.18000E+1	2.04772E+3	1.14497E+3	1.18911E+5	4.80480E+4	2.06608E+5	9.16359E+4
3.19000E+1	2.11352E+3	1.15123E+3	1.29002E+5	5.16397E+4	2.05122E+5	9.41896E+4
3.20000E+1	2.22113E+3	1.15683E+3	1.38368E+5	5.50537E+4	2.02529E+5	9.60242E+4
3.21000E+1	2.28883E+3	1.15980E+3	1.49587E+5	5.92868E+4	2.01281E+5	9.86219E+4
3.22000E+1	2.33031E+3	1.17068E+3	1.60338E+5	6.29613E+4	1.97655E+5	1.00699E+5
3.23000E+1	2.46713E+3	1.18750E+3	1.71263E+5	6.73761E+4	1.95117E+5	1.02884E+5
3.24000E+1	2.52398E+3	1.17794E+3	1.84266E+5	7.18710E+4	1.94450E+5	1.05520E+5
3.25000E+1	2.58972E+3	1.20631E+3	1.97319E+5	7.69553E+4	1.92062E+5	1.08401E+5
3.26000E+1	2.69562E+3	1.17596E+3	2.08965E+5	8.11502E+4	1.89135E+5	1.10266E+5
3.27000E+1	2.84227E+3	1.18948E+3	2.26213E+5	8.69931E+4	1.88447E+5	1.13676E+5
3.28000E+1	2.92275E+3	1.20466E+3	2.38014E+5	9.18567E+4	1.84792E+5	1.15099E+5
3.29000E+1	3.03823E+3	1.19839E+3	2.54786E+5	9.76763E+4	1.83593E+5	1.18663E+5
3.30000E+1	3.11764E+3	1.19080E+3	2.71028E+5	1.03376E+5	1.80941E+5	1.21351E+5
3.31000E+1	3.20645E+3	1.21126E+3	2.90159E+5	1.09555E+5	1.79890E+5	1.24314E+5
3.32000E+1	3.31259E+3	1.22413E+3	3.06712E+5	1.15471E+5	1.77642E+5	1.26982E+5
3.33000E+1	3.45584E+3	1.24460E+3	3.24884E+5	1.21776E+5	1.76514E+5	1.30651E+5
3.34000E+1	3.54177E+3	1.26045E+3	3.44462E+5	1.28126E+5	1.73859E+5	1.33389E+5
3.35000E+1	3.69327E+3	1.21951E+3	3.61244E+5	1.34285E+5	1.72100E+5	1.36343E+5
3.36000E+1	3.80354E+3	1.24757E+3	3.83804E+5	1.41780E+5	1.70910E+5	1.40105E+5
3.37000E+1	3.95199E+3	1.25319E+3	4.03135E+5	1.48330E+5	1.69309E+5	1.42713E+5
3.38000E+1	4.13333E+3	1.27863E+3	4.25352E+5	1.55892E+5	1.67776E+5	1.46734E+5
3.39000E+1	4.22109E+3	1.27697E+3	4.46198E+5	1.62895E+5	1.65943E+5	1.50362E+5
3.40000E+1	4.33144E+3	1.25583E+3	4.64310E+5	1.69859E+5	1.64020E+5	1.53455E+5
3.41000E+1	4.48808E+3	1.26970E+3	4.89832E+5	1.78703E+5	1.63143E+5	1.58525E+5
3.42000E+1	4.56622E+3	1.29119E+3	5.03678E+5	1.85163E+5	1.61458E+5	1.61635E+5
3.43000E+1	4.68789E+3	1.31598E+3	5.23842E+5	1.92750E+5	1.60128E+5	1.65420E+5
3.44000E+1	4.89379E+3	1.31201E+3	5.50514E+5	2.02791E+5	1.59058E+5	1.69037E+5
3.45000E+1	4.99420E+3	1.33450E+3	5.66550E+5	2.10158E+5	1.57227E+5	1.73616E+5
3.46000E+1	5.13004E+3	1.32458E+3	5.89945E+5	2.15813E+5	1.55511E+5	1.76766E+5
3.47000E+1	5.29016E+3	1.29747E+3	6.19083E+5	2.26095E+5	1.55396E+5	1.83650E+5
3.48000E+1	5.47442E+3	1.34642E+3	6.30111E+5	2.31599E+5	1.52928E+5	1.85587E+5
3.49000E+1	5.60971E+3	1.34840E+3	6.59368E+5	2.40467E+5	1.51961E+5	1.91808E+5
3.50000E+1	5.82070E+3	1.33881E+3	6.78958E+5	2.46754E+5	1.50873E+5	1.96120E+5
3.51000E+1	6.01949E+3	1.36528E+3	7.12054E+5	2.57304E+5	1.49582E+5	2.02548E+5
3.52000E+1	6.16018E+3	1.36760E+3	7.24237E+5	2.63097E+5	1.48205E+5	2.06062E+5
3.53000E+1	6.31581E+3	1.36263E+3	7.57197E+5	2.72120E+5	1.46973E+5	2.11849E+5
3.54000E+1	6.54535E+3	1.37885E+3	7.76637E+5	2.78800E+5	1.45698E+5	2.16662E+5
3.55000E+1	6.75569E+3	1.39111E+3	8.00989E+5	2.86724E+5	1.44340E+5	2.20925E+5
3.56000E+1	6.92117E+3	1.42357E+3	8.21888E+5	2.94190E+5	1.43173E+5	2.25991E+5
3.57000E+1	7.15371E+3	1.39707E+3	8.60663E+5	3.05376E+5	1.42555E+5	2.33504E+5
3.58000E+1	7.35940E+3	1.38382E+3	8.70788E+5	3.08766E+5	1.41071E+5	2.37897E+5
3.59000E+1	7.53570E+3	1.40104E+3	8.92739E+5	3.17520E+5	1.40094E+5	2.42264E+5
3.60000E+1	7.74249E+3	1.44413E+3	9.34908E+5	3.26580E+5	1.39327E+5	2.50405E+5
3.61000E+1	7.92155E+3	1.40866E+3	9.37918E+5	3.31988E+5	1.38128E+5	2.55493E+5
3.62000E+1	8.11251E+3	1.43451E+3	9.78939E+5	3.42860E+5	1.37262E+5	2.62433E+5
3.63000E+1	8.33135E+3	1.42788E+3	9.89505E+5	3.46511E+5	1.36130E+5	2.67540E+5
3.64000E+1	8.54691E+3	1.45872E+3	1.01703E+6	3.55347E+5	1.35435E+5	2.75904E+5
3.65000E+1	8.70049E+3	1.47265E+3	1.03712E+6	3.62023E+5	1.34199E+5	2.79030E+5
3.66000E+1	8.93739E+3	1.46369E+3	1.05010E+6	3.68339E+5	1.33315E+5	2.86020E+5
3.67000E+1	9.11700E+3	1.45374E+3	1.07097E+6	3.75419E+5	1.32431E+5	2.93513E+5
3.68000E+1	9.36113E+3	1.48127E+3	1.12514E+6	3.86446E+5	1.31997E+5	3.01369E+5
3.69000E+1	9.58932E+3	1.50450E+3	1.11132E+6	3.87791E+5	1.30498E+5	3.05814E+5
3.70000E+1	9.73654E+3	1.49786E+3	1.16385E+6	3.97701E+5	1.30322E+5	3.15494E+5
3.71000E+1	9.88455E+3	1.47596E+3	1.15035E+6	4.02813E+5	1.28917E+5	3.20703E+5
3.72000E+1	1.00817E+4	1.50317E+3	1.18302E+6	4.07847E+5	1.28039E+5	3.28835E+5
3.73000E+1	1.03522E+4	1.51844E+3	1.23707E+6	4.22139E+5	1.28165E+5	3.39279E+5
3.74000E+1	1.05046E+4	1.53007E+3	1.24105E+6	4.22966E+5	1.26801E+5	3.44577E+5
3.75000E+1	1.07131E+4	1.53804E+3	1.26470E+6	4.29271E+5	1.26205E+5	3.51667E+5
3.76000E+1	1.08400E+4	1.53970E+3	1.24629E+6	4.33942E+5	1.25293E+5	3.59381E+5
3.77000E+1	1.10561E+4	1.54501E+3	1.29381E+6	4.43820E+5	1.24761E+5	3.68223E+5
3.78000E+1	1.12380E+4	1.58190E+3	1.34473E+6	4.53538E+5	1.24394E+5	3.76972E+5
3.79000E+1	1.14241E+4	1.57027E+3	1.30459E+6	4.54200E+5	1.23245E+5	3.84545E+5
3.80000E+1	1.16361E+4	1.58922E+3	1.35755E+6	4.59746E+5	1.22677E+5	3.91193E+5
3.81000E+1	1.17945E+4	1.59952E+3	1.36873E+6	4.65580E+5	1.21689E+5	4.00152E+5
3.82000E+1	1.19328E+4	1.60185E+3	1.38759E+6	4.71621E+5	1.21127E+5	4.08676E+5
3.83000E+1	1.21026E+4	1.60684E+3	1.41956E+6	4.80082E+5	1.20605E+5	4.21899E+5
3.84000E+1	1.22688E+4	1.62647E+3	1.38375E+6	4.78493E+5	1.19463E+5	4.22884E+5
3.85000E+1	1.23957E+4	1.61748E+3	1.44598E+6	4.91456E+5	1.18920E+5	4.34582E+5
3.86000E+1	1.25579E+4	1.64877E+3	1.42591E+6	4.88763E+5	1.18175E+5	4.42514E+5
3.87000E+1	1.27046E+4	1.64078E+3	1.41718E+6	4.91760E+5	1.16999E+5	4.48729E+5
3.88000E+1	1.28611E+4	1.66874E+3	1.45263E+6	4.97732E+5	1.16219E+5	4.55565E+5
3.89000E+1	1.29934E+4	1.65676E+3	1.51147E+6	5.06823E+5	1.16150E+5	4.69561E+5
3.90000E+1	1.30894E+4	1.69739E+3	1.47125E+6	5.09612E+5	1.15454E+5	4.70682E+5
3.91000E+1	1.32631E+4	1.70405E+3	1.51659E+6	5.12934E+5	1.14673E+5	4.86490E+5
3.92000E+1	1.33168E+4	1.67807E+3	1.50888E+6	5.18023E+5	1.13661E+5	4.89116E+5
3.93000E+1	1.36309E+4	1.67707E+3	1.56426E+6	5.27126E+5	1.13316E+5	5.03632E+5
3.94000E+1	1.36288E+4	1.70272E+3	1.56079E+6	5.29568E+5	1.12575E+5	5.06984E+5
3.95000E+1	1.38476E+4	1.70305E+3	1.51777E+6	5.23523E+5	1.11368E+5	5.10122E+5
3.96000E+1	1.38735E+4	1.70772E+3	1.61180E+6	5.38307E+5	1.11772E+5	5.33210E+5
3.97000E+1	1.40421E+4	1.73405E+3	1.57703E+6	5.35224E+5	1.10493E+5	5.35271E+5
3.98000E+1	1.41155E+4	1.73872E+3	1.60550E+6	5.41022E+5	1.09925E+5	5.41613E+5
3.99000E+1	1.43416E+4	1.76007E+3	1.64687E+6	5.51121E+5	1.09676E+5	5.59121E+5
4.00000E+1	1.43884E+4	1.74339E+3	1.60335E+6	5.45327E+5	1.08825E+5	5.60819E+5
4.01000E+1	1.43728E+4	1.77775E+3	1.62101E+6	5.55743E+5	1.08644E+5	5.75428E+5
4.02000E+1	1.46618E+4	1.79444E+3	1.66968E+6	5.60473E+5	1.08248E+5	5.84711E+5
4.03000E+1	1.47271E+4	1.79411E+3	1.65131E+6	5.59729E+5	1.07203E+5	5.86346E+5
4.04000E+1	1.49684E+4	1.77675E+3	1.66706E+6	5.66815E+5	1.06849E+5	6.00645E+5
4.05000E+1	1.49429E+4	1.80412E+3	1.67129E+6	5.67417E+5	1.06599E+5	6.07900E+5
4.06000E+1	1.50891E+4	1.80980E+3	1.71670E+6	5.69303E+5	1.05871E+5	6.14154E+5
4.07000E+1	1.51706E+4	1.81080E+3	1.70592E+6	5.77321E+5	1.05303E+5	6.27938E+5
4.08000E+1	1.53804E+4	1.84955E+3	1.71649E+6	5.79144E+5	1.05193E+5	6.38099E+5
4.09000E+1	1.54284E+4	1.86627E+3	1.72729E+6	5.84490E+5	1.04792E+5	6.46100E+5
4.10000E+1	1.55526E+4	1.87797E+3	1.76383E+6	5.89646E+5	1.04384E+5	6.55562E+5
4.11000E+1	1.56077E+4	1.82516E+3	1.75525E+6	5.92230E+5	1.03682E+5	6.64288E+5
4.12000E+1	1.57206E+4	1.90339E+3	1.77758E+6	5.90951E+5	1.03119E+5	6.70396E+5
4.13000E+1	1.58861E+4	1.89703E+3	1.81665E+6	5.99152E+5	1.02985E+5	6.85664E+5
4.14000E+1	1.59320E+4	1.91409E+3	1.81146E+6	6.04964E+5	1.02562E+5	6.92080E+5
4.15000E+1	1.60117E+4	1.89135E+3	1.82664E+6	6.10320E+5	1.02477E+5	7.10614E+5
4.16000E+1	1.60698E+4	1.90975E+3	1.76036E+6	5.99011E+5	1.01499E+5	6.99362E+5
4.17000E+1	1.62868E+4	1.89503E+3	1.85099E+6	6.14621E+5	1.01442E+5	7.23671E+5
4.18000E+1	1.63513E+4	1.91242E+3	1.83965E+6	6.15890E+5	1.01039E+5	7.30369E+5
4.19000E+1	1.63309E+4	1.94958E+3	1.87658E+6	6.22674E+5	1.00850E+5	7.42907E+5
4.20000E+1	1.64771E+4	1.93652E+3	1.91874E+6	6.27740E+5	1.00272E+5	7.57034E+5
4.21000E+1	1.66649E+4	1.95728E+3	1.86631E+6	6.29604E+5	9.98840E+4	7.63471E+5
4.22000E+1	1.66320E+4	1.98039E+3	1.86831E+6	6.33155E+5	9.94345E+4	7.65011E+5
4.23000E+1	1.66693E+4	1.98106E+3	1.90311E+6	6.36617E+5	9.93563E+4	7.71520E+5
4.24000E+1	1.68458E+4	2.00586E+3	1.90946E+6	6.39724E+5	9.89666E+4	7.82271E+5
4.25000E+1	1.69462E+4	1.99313E+3	1.94333E+6	6.41686E+5	9.89054E+4	7.97942E+5
4.26000E+1	1.69563E+4	2.04845E+3	1.93810E+6	6.48194E+5	9.85110E+4	8.03404E+5
4.27000E+1	1.70666E+4	2.01357E+3	1.97863E+6	6.51836E+5	9.84095E+4	8.22274E+5
4.28000E+1	1.71523E+4	2.04644E+3	1.96811E+6	6.54541E+5	9.76918E+4	8.17666E+5
4.29000E+1	1.72289E+4	2.05516E+3	1.98730E+6	6.55496E+5	9.76402E+4	8.33227E+5
4.30000E+1	1.72772E+4	2.04980E+3	1.96261E+6	6.55846E+5	9.72082E+4	8.26984E+5
4.31000E+1	1.74009E+4	2.11526E+3	1.95129E+6	6.63881E+5	9.71293E+4	8.46719E+5
4.32000E+1	1.74405E+4	2.07161E+3	1.99887E+6	6.70346E+5	9.71205E+4	8.56816E+5
4.33000E+1	1.75347E+4	2.14685E+3	2.01115E+6	6.67337E+5	9.69154E+4	8.65266E+5
4.34000E+1	1.76613E+4	2.11526E+3	2.09087E+6	6.75446E+5	9.65339E+4	8.76226E+5
4.35000E+1	1.76483E+4	2.12601E+3	2.00385E+6	6.72839E+5	9.62060E+4	8.75152E+5
4.36000E+1	1.77872E+4	2.15727E+3	2.04425E+6	6.76416E+5	9.57370E+4	8.85024E+5
4.37000E+1	1.78981E+4	2.14551E+3	2.10190E+6	6.89168E+5	9.58778E+4	9.10814E+5
4.38000E+1	1.78869E+4	2.17173E+3	2.05767E+6	6.83135E+5	9.55176E+4	9.00809E+5
4.39000E+1	1.80991E+4	2.15559E+3	2.04351E+6	6.87047E+5	9.51758E+4	9.16808E+5
4.40000E+1	1.81625E+4	2.16938E+3	2.10581E+6	6.99205E+5	9.49576E+4	9.25305E+5
4.41000E+1	1.81796E+4	2.18956E+3	2.11700E+6	6.96805E+5	9.46300E+4	9.30171E+5
4.42000E+1	1.83639E+4	2.19797E+3	2.10990E+6	7.08342E+5	9.46776E+4	9.46742E+5
4.43000E+1	1.84190E+4	2.19662E+3	2.11147E+6	7.05427E+5	9.44215E+4	9.42594E+5
4.44000E+1	1.84045E+4	2.22288E+3	2.13762E+6	7.04738E+5	9.40920E+4	9.53528E+5
4.45000E+1	1.85203E+4	2.23062E+3	2.17168E+6	7.03717E+5	9.38048E+4	9.56253E+5
4.46000E+1	1.86662E+4	2.25521E+3	2.09180E+6	7.10009E+5	9.39695E+4	9.70016E+5
4.47000E+1	1.86870E+4	2.26936E+3	2.12670E+6	7.08363E+5	9.37431E+4	9.85091E+5
4.48000E+1	1.87442E+4	2.29699E+3	2.21040E+6	7.18769E+5	9.34666E+4	9.88210E+5
4.49000E+1	1.88347E+4	2.26127E+3	2.17986E+6	7.18122E+5	9.32883E+4	9.82706E+5
4.50000E+1	1.89563E+4	2.32734E+3	2.15895E+6	7.22981E+5	9.29759E+4	9.96127E+5
4.51000E+1	1.90540E+4	2.29733E+3	2.25510E+6	7.32695E+5	9.30551E+4	1.02253E+6
4.52000E+1	1.90498E+4	2.30913E+3	2.18422E+6	7.26399E+5	9.27350E+4	1.02241E+6
4.53000E+1	1.91042E+4	2.35940E+3	2.21747E+6	7.32829E+5	9.25234E+4	1.02922E+6
4.54000E+1	1.91925E+4	2.35603E+3	2.18590E+6	7.28384E+5	9.22182E+4	1.01699E+6
4.55000E+1	1.92438E+4	2.37155E+3	2.26569E+6	7.48724E+5	9.24852E+4	1.04607E+6
4.56000E+1	1.94094E+4	2.38540E+3	2.30250E+6	7.44682E+5	9.24816E+4	1.05331E+6
4.57000E+1	1.94503E+4	2.40668E+3	2.27293E+6	7.45902E+5	9.20149E+4	1.05108E+6
4.58000E+1	1.95252E+4	2.37696E+3	2.26696E+6	7.53109E+5	9.20517E+4	1.07421E+6
4.59000E+1	1.96441E+4	2.43811E+3	2.29268E+6	7.54495E+5	9.16722E+4	1.06591E+6
4.60000E+1	1.96778E+4	2.44521E+3	2.34932E+6	7.58631E+5	9.17444E+4	1.07983E+6
4.61000E+1	1.97272E+4	2.47125E+3	2.29712E+6	7.59797E+5	9.14039E+4	1.08041E+6
4.62000E+1	1.98256E+4	2.45671E+3	2.27148E+6	7.69187E+5	9.14582E+4	1.09809E+6
4.63000E+1	1.98233E+4	2.43879E+3	2.27711E+6	7.62401E+5	9.09882E+4	1.09179E+6
4.64000E+1	1.99344E+4	2.49968E+3	2.38940E+6	7.73713E+5	9.10940E+4	1.10736E+6
4.65000E+1	1.99404E+4	2.51796E+3	2.28258E+6	7.65623E+5	9.07523E+4	1.09555E+6
4.66000E+1	2.01382E+4	2.54133E+3	2.36606E+6	7.75462E+5	9.08086E+4	1.11645E+6
4.67000E+1	2.01266E+4	2.51728E+3	2.32180E+6	7.74254E+5	9.06433E+4	1.12611E+6
4.68000E+1	2.03305E+4	2.54099E+3	2.35029E+6	7.76055E+5	9.07148E+4	1.13587E+6
4.69000E+1	2.02741E+4	2.57386E+3	2.46956E+6	7.88188E+5	9.05427E+4	1.16462E+6
4.70000E+1	2.02555E+4	2.57996E+3	2.37668E+6	7.91479E+5	9.03429E+4	1.14840E+6
4.71000E+1	2.03632E+4	2.59013E+3	2.41828E+6	7.91351E+5	9.05754E+4	1.15903E+6
4.72000E+1	2.03646E+4	2.59352E+3	2.35514E+6	7.90328E+5	9.00480E+4	1.16262E+6
4.73000E+1	2.04496E+4	2.64780E+3	2.40002E+6	7.95285E+5	8.99759E+4	1.16757E+6
4.74000E+1	2.05493E+4	2.64407E+3	2.34469E+6	7.94923E+5	8.98434E+4	1.16416E+6
4.75000E+1	2.05694E+4	2.62405E+3	2.44721E+6	8.03730E+5	9.00317E+4	1.18627E+6
4.76000E+1	2.05525E+4	2.66342E+3	2.38660E+6	7.99514E+5	8.95826E+4	1.18637E+6
4.77000E+1	2.07429E+4	2.68346E+3	2.47041E+6	8.12202E+5	8.97204E+4	1.19022E+6
4.78000E+1	2.07148E+4	2.71676E+3	2.38780E+6	8.09343E+5	8.94345E+4	1.19458E+6
4.79000E+1	2.07101E+4	2.70079E+3	2.45161E+6	8.15485E+5	8.95154E+4	1.19691E+6
4.80000E+1	2.06969E+4	2.69943E+3	2.43639E+6	8.15080E+5	8.95617E+4	1.22662E+6
4.81000E+1	2.06838E+4	2.74260E+3	2.47062E+6	8.22422E+5	8.94437E+4	1.21509E+6
4.82000E+1	2.07645E+4	2.75756E+3	2.40385E+6	8.19036E+5	8.93397E+4	1.21398E+6
4.83000E+1	2.07561E+4	2.77356E+3	2.46765E+6	8.29800E+5	8.95050E+4	1.23633E+6
4.84000E+1	2.07528E+4	2.74124E+3	2.49209E+6	8.31278E+5	8.91620E+4	1.23311E+6
4.85000E+1	2.08670E+4	2.83382E+3	2.49925E+6	8.34812E+5	8.94264E+4	1.24478E+6
4.86000E+1	2.09514E+4	2.82190E+3	2.44470E+6	8.21354E+5	8.91032E+4	1.23397E+6
4.87000E+1	2.09679E+4	2.82701E+3	2.51921E+6	8.38884E+5	8.92312E+4	1.27146E+6
4.88000E+1	2.11043E+4	2.87574E+3	2.47105E+6	8.24565E+5	8.89582E+4	1.26040E+6
4.89000E+1	2.11775E+4	2.86415E+3	2.56991E+6	8.48901E+5	8.94900E+4	1.29544E+6
4.90000E+1	2.12433E+4	2.88495E+3	2.48303E+6	8.41304E+5	8.91343E+4	1.28098E+6
4.91000E+1	2.15115E+4	2.92657E+3	2.52764E+6	8.60588E+5	8.92300E+4	1.31079E+6
4.92000E+1	2.13927E+4	2.91940E+3	2.47041E+6	8.41847E+5	8.92462E+4	1.29369E+6
4.93000E+1	2.14568E+4	2.93101E+3	2.54285E+6	8.56562E+5	8.93154E+4	1.31743E+6
4.94000E+1	2.15148E+4	2.96344E+3	2.49795E+6	8.51927E+5	8.89363E+4	1.27553E+6
4.95000E+1	2.16291E+4	2.94569E+3	2.57681E+6	8.59816E+5	8.94229E+4	1.31362E+6
4.96000E+1	2.17288E+4	2.97916E+3	2.52342E+6	8.63540E+5	8.92116E+4	1.31420E+6
4.97000E+1	2.18760E+4	3.00513E+3	2.54781E+6	8.72659E+5	8.91286E+4	1.31684E+6
4.98000E+1	2.19124E+4	3.03112E+3	2.56098E+6	8.66090E+5	8.89789E+4	1.32158E+6
4.99000E+1	2.19435E+4	3.05061E+3	2.64038E+6	8.74246E+5	8.92462E+4	1.33135E+6
5.00000E+1	2.21407E+4	3.11908E+3	2.66258E+6	8.89306E+5	8.94356E+4	1.35804E+6
5.01000E+1	2.20682E+4	3.09613E+3	2.55098E+6	8.72415E+5	8.89317E+4	1.32191E+6
5.02000E+1	2.21999E+4	3.08552E+3	2.70654E+6	8.82667E+5	8.89915E+4	1.35068E+6
5.03000E+1	2.22008E+4	3.14410E+3	2.59681E+6	8.97317E+5	8.90238E+4	1.35116E+6
5.04000E+1	2.23463E+4	3.13553E+3	2.64693E+6	9.01661E+5	8.89122E+4	1.37874E+6
5.05000E+1	2.24153E+4	3.18044E+3	2.62379E+6	8.96036E+5	8.91366E+4	1.40265E+6
5.06000E+1	2.24974E+4	3.14410E+3	2.62738E+6	8.91297E+5	8.88524E+4	1.37649E+6
5.07000E+1	2.25448E+4	3.18936E+3	2.70806E+6	9.00789E+5	8.88961E+4	1.40360E+6
5.08000E+1	2.26547E+4	3.21818E+3	2.72776E+6	9.05620E+5	8.87617E+4	1.40011E+6
5.09000E+1	2.27605E+4	3.23432E+3	2.86046E+6	9.19761E+5	8.87709E+4	1.39808E+6
5.10000E+1	2.28159E+4	3.22745E+3	2.65571E+6	9.05392E+5	8.86103E+4	1.37874E+6
5.11000E+1	2.28518E+4	3.30166E+3	2.81240E+6	9.14395E+5	8.84603E+4	1.42367E+6
5.12000E+1	2.28762E+4	3.24599E+3	2.71724E+6	9.20935E+5	8.86378E+4	1.40549E+6
5.13000E+1	2.30676E+4	3.29203E+3	2.69643E+6	9.14428E+5	8.84957E+4	1.42173E+6
5.14000E+1	2.30125E+4	3.28688E+3	2.74696E+6	9.30014E+5	8.86424E+4	1.43885E+6
5.15000E+1	2.31975E+4	3.33123E+3	2.74539E+6	9.33719E+5	8.84248E+4	1.42113E+6
5.16000E+1	2.30989E+4	3.34740E+3	2.79745E+6	9.30459E+5	8.80925E+4	1.43695E+6
5.17000E+1	2.31394E+4	3.39973E+3	2.80016E+6	9.24000E+5	8.77660E+4	1.40747E+6
5.18000E+1	2.32484E+4	3.36564E+3	2.84222E+6	9.26777E+5	8.77989E+4	1.46516E+6
5.19000E+1	2.32514E+4	3.40214E+3	2.73785E+6	9.25149E+5	8.76094E+4	1.42180E+6
5.20000E+1	2.33101E+4	3.41661E+3	2.76350E+6	9.24777E+5	8.72404E+4	1.43338E+6
5.21000E+1	2.34710E+4	3.45797E+3	2.78667E+6	9.38318E+5	8.74292E+4	1.43832E+6
5.22000E+1	2.34818E+4	3.42247E+3	2.81842E+6	9.35961E+5	8.70261E+4	1.44483E+6
5.23000E+1	2.34956E+4	3.49178E+3	2.84110E+6	9.35788E+5	8.68336E+4	1.44652E+6
5.24000E+1	2.35403E+4	3.47453E+3	2.88580E+6	9.40197E+5	8.70080E+4	1.46225E+6
5.25000E+1	2.35732E+4	3.47522E+3	2.81623E+6	9.39187E+5	8.67167E+4	1.45512E+6
5.26000E+1	2.37348E+4	3.48798E+3	2.88322E+6	9.47781E+5	8.65293E+4	1.47501E+6
5.27000E+1	2.36865E+4	3.53182E+3	2.85454E+6	9.40545E+5	8.65495E+4	1.45715E+6
5.28000E+1	2.38647E+4	3.53597E+3	2.82255E+6	9.29912E+5	8.60954E+4	1.48409E+6
5.29000E+1	2.38889E+4	3.54149E+3	2.85313E+6	9.48454E+5	8.59728E+4	1.45543E+6
5.30000E+1	2.38810E+4	3.54909E+3	2.91071E+6	9.44045E+5	8.61133E+4	1.49672E+6
5.31000E+1	2.39354E+4	3.56878E+3	2.85848E+6	9.62995E+5	8.58480E+4	1.50456E+6
5.32000E+1	2.39260E+4	3.64071E+3	2.83776E+6	9.48702E+5	8.58035E+4	1.45543E+6
5.33000E+1	2.40072E+4	3.64902E+3	2.90284E+6	9.48772E+5	8.57213E+4	1.49467E+6
5.34000E+1	2.41401E+4	3.67118E+3	2.89040E+6	9.49411E+5	8.54915E+4	1.48628E+6
5.35000E+1	2.42300E+4	3.67810E+3	2.87350E+6	9.47604E+5	8.52701E+4	1.49361E+6
5.36000E+1	2.42375E+4	3.67810E+3	2.95425E+6	9.54688E+5	8.53951E+4	1.49124E+6
5.37000E+1	2.41471E+4	3.64902E+3	2.81788E+6	9.52328E+5	8.49742E+4	1.51257E+6
5.38000E+1	2.43889E+4	3.69992E+3	2.90371E+6	9.51900E+5	8.52590E+4	1.51559E+6
5.39000E+1	2.42987E+4	3.74949E+3	2.88868E+6	9.52792E+5	8.49786E+4	1.51676E+6
5.40000E+1	2.44786E+4	3.77307E+3	2.88293E+6	9.56483E+5	8.49081E+4	1.50166E+6
5.41000E+1	2.44013E+4	3.81125E+3	2.86810E+6	9.62559E+5	8.46672E+4	1.48441E+6
5.42000E+1	2.45661E+4	3.78314E+3	2.89675E+6	9.61941E+5	8.49775E+4	1.51265E+6
5.43000E+1	2.46166E+4	3.82514E+3	3.00715E+6	9.68815E+5	8.46716E+4	1.51508E+6
5.44000E+1	2.46992E+4	3.84181E+3	3.12264E+6	9.82080E+5	8.46035E+4	1.53568E+6
5.45000E+1	2.45931E+4	3.88665E+3	2.80314E+6	9.64307E+5	8.41064E+4	1.50622E+6
5.46000E+1	2.46196E+4	3.87483E+3	2.88637E+6	9.61941E+5	8.44795E+4	1.53654E+6
5.47000E+1	2.46821E+4	3.92734E+3	2.96814E+6	9.80235E+5	8.42791E+4	1.53663E+6
5.48000E+1	2.48120E+4	3.94718E+3	2.99321E+6	9.85599E+5	8.42550E+4	1.53671E+6
5.49000E+1	2.48381E+4	3.97608E+3	2.88580E+6	9.79220E+5	8.41042E+4	1.56964E+6
5.50000E+1	2.48296E+4	3.97364E+3	3.00839E+6	9.89218E+5	8.39155E+4	1.55654E+6
5.51000E+1	2.49195E+4	3.99873E+3	2.90633E+6	9.80498E+5	8.40180E+4	1.55566E+6
5.52000E+1	2.49024E+4	3.98305E+3	3.00995E+6	9.84348E+5	8.40256E+4	1.58505E+6
5.53000E+1	2.48793E+4	4.02522E+3	2.98675E+6	9.79483E+5	8.40965E+4	1.55416E+6
5.54000E+1	2.49140E+4	4.04579E+3	2.98798E+6	9.95059E+5	8.38207E+4	1.53335E+6
5.55000E+1	2.51012E+4	4.05869E+3	2.99321E+6	9.84424E+5	8.37576E+4	1.58569E+6
5.56000E+1	2.51436E+4	4.10965E+3	3.12531E+6	1.00327E+6	8.38697E+4	1.60140E+6
5.57000E+1	2.51133E+4	4.13131E+3	2.93395E+6	9.91248E+5	8.38403E+4	1.55778E+6
5.58000E+1	2.51946E+4	4.10267E+3	3.06707E+6	9.93016E+5	8.36521E+4	1.58049E+6
5.59000E+1	2.51517E+4	4.14493E+3	2.93277E+6	9.78658E+5	8.36098E+4	1.57180E+6
5.60000E+1	2.52527E+4	4.21066E+3	2.96088E+6	1.00108E+6	8.33885E+4	1.59166E+6
5.61000E+1	2.52714E+4	4.19282E+3	2.89531E+6	1.00046E+6	8.33885E+4	1.58021E+6
5.62000E+1	2.53199E+4	4.28664E+3	3.00373E+6	1.00701E+6	8.34839E+4	1.62016E+6
5.63000E+1	2.54025E+4	4.28629E+3	3.25536E+6	1.01336E+6	8.33668E+4	1.59415E+6
5.64000E+1	2.54060E+4	4.25022E+3	3.03255E+6	1.00547E+6	8.33982E+4	1.60720E+6
5.65000E+1	2.54582E+4	4.31293E+3	3.11796E+6	1.01284E+6	8.34134E+4	1.61655E+6
5.66000E+1	2.56909E+4	4.27298E+3	3.02184E+6	1.00414E+6	8.31169E+4	1.63226E+6
5.67000E+1	2.55963E+4	4.34835E+3	3.08723E+6	1.02445E+6	8.32304E+4	1.63371E+6
5.68000E+1	2.56065E+4	4.35291E+3	2.98461E+6	1.00998E+6	8.30456E+4	1.60757E+6
5.69000E+1	2.56685E+4	4.38273E+3	3.13574E+6	1.02262E+6	8.31580E+4	1.62322E+6
5.70000E+1	2.58106E+4	4.37536E+3	3.14284E+6	1.02279E+6	8.31742E+4	1.63915E+6
5.71000E+1	2.57489E+4	4.43647E+3	3.02309E+6	1.02556E+6	8.31482E+4	1.63973E+6
5.72000E+1	2.58463E+4	4.46177E+3	3.09741E+6	1.01460E+6	8.28505E+4	1.62092E+6
5.73000E+1	2.58060E+4	4.47267E+3	3.13069E+6	1.02789E+6	8.30456E+4	1.63662E+6
5.74000E+1	2.59025E+4	4.51841E+3	3.16501E+6	1.03581E+6	8.28990E+4	1.70027E+6
5.75000E+1	2.59781E+4	4.56066E+3	3.16707E+6	1.01846E+6	8.28171E+4	1.65458E+6
5.76000E+1	2.59812E+4	4.50292E+3	3.15781E+6	1.03477E+6	8.28677E+4	1.64590E+6
5.77000E+1	2.59469E+4	4.60999E+3	3.02341E+6	1.03556E+6	8.25601E+4	1.63168E+6
5.78000E+1	2.60943E+4	4.58003E+3	3.06513E+6	1.03689E+6	8.27826E+4	1.64737E+6
5.79000E+1	2.61891E+4	4.67702E+3	3.23446E+6	1.04208E+6	8.29151E+4	1.68444E+6
5.80000E+1	2.60518E+4	4.72187E+3	3.14148E+6	1.02949E+6	8.26095E+4	1.64816E+6
5.81000E+1	2.61537E+4	4.72152E+3	3.09018E+6	1.03873E+6	8.26170E+4	1.65746E+6
5.82000E+1	2.61860E+4	4.71445E+3	3.16261E+6	1.04410E+6	8.26815E+4	1.70719E+6
5.83000E+1	2.62923E+4	4.73636E+3	3.14861E+6	1.04288E+6	8.25547E+4	1.66566E+6
5.84000E+1	2.61896E+4	4.75050E+3	3.16776E+6	1.05384E+6	8.26364E+4	1.66295E+6
5.85000E+1	2.63190E+4	4.81204E+3	3.26737E+6	1.05517E+6	8.26213E+4	1.70142E+6
5.86000E+1	2.63967E+4	4.79576E+3	3.24848E+6	1.06782E+6	8.26235E+4	1.68969E+6
5.87000E+1	2.62743E+4	4.84036E+3	3.11463E+6	1.04381E+6	8.25215E+4	1.69144E+6
5.88000E+1	2.65467E+4	4.88146E+3	3.19691E+6	1.05315E+6	8.28796E+4	1.71300E+6
5.89000E+1	2.63411E+4	4.85772E+3	3.18158E+6	1.06287E+6	8.26428E+4	1.68229E+6
5.90000E+1	2.65317E+4	4.89280E+3	3.18992E+6	1.06905E+6	8.24142E+4	1.70415E+6
5.91000E+1	2.64837E+4	4.87472E+3	3.19656E+6	1.06953E+6	8.25215E+4	1.72119E+6
5.92000E+1	2.64812E+4	4.96764E+3	3.21310E+6	1.06611E+6	8.25268E+4	1.67861E+6
5.93000E+1	2.65075E+4	5.01559E+3	3.25972E+6	1.08313E+6	8.24549E+4	1.73226E+6
5.94000E+1	2.63818E+4	5.01416E+3	3.24164E+6	1.06764E+6	8.22653E+4	1.72483E+6
5.95000E+1	2.66753E+4	5.06855E+3	3.20393E+6	1.07170E+6	8.24979E+4	1.69860E+6
5.96000E+1	2.66391E+4	5.08527E+3	3.26482E+6	1.07103E+6	8.24217E+4	1.73129E+6
5.97000E+1	2.67001E+4	5.12228E+3	3.30767E+6	1.08480E+6	8.25827E+4	1.73790E+6
5.98000E+1	2.68896E+4	5.12905E+3	3.24524E+6	1.07413E+6	8.25977E+4	1.73616E+6
5.99000E+1	2.68492E+4	5.12798E+3	3.36318E+6	1.08738E+6	8.27590E+4	1.76462E+6
6.00000E+1	2.68611E+4	5.19532E+3	3.29834E+6	1.07967E+6	8.27859E+4	1.72794E+6
6.01000E+1	2.68155E+4	5.20780E+3	3.21806E+6	1.08634E+6	8.24732E+4	1.72612E+6
6.02000E+1	2.68834E+4	5.23134E+3	3.39122E+6	1.07311E+6	8.27482E+4	1.74303E+6
6.03000E+1	2.69374E+4	5.21778E+3	3.21700E+6	1.09751E+6	8.28246E+4	1.70909E+6
6.04000E+1	2.69576E+4	5.31095E+3	3.35778E+6	1.10066E+6	8.28354E+4	1.76015E+6
6.05000E+1	2.70304E+4	5.32096E+3	3.28463E+6	1.09553E+6	8.28268E+4	1.75937E+6
6.06000E+1	2.70611E+4	5.37709E+3	3.30431E+6	1.10654E+6	8.27557E+4	1.77464E+6
6.07000E+1	2.70085E+4	5.40859E+3	3.30655E+6	1.10799E+6	8.28817E+4	1.76529E+6
6.08000E+1	2.71433E+4	5.41109E+3	3.22125E+6	1.10757E+6	8.27385E+4	1.77159E+6
6.09000E+1	2.71568E+4	5.45550E+3	3.40661E+6	1.11357E+6	8.27331E+4	1.81654E+6
6.10000E+1	2.70907E+4	5.44690E+3	3.34894E+6	1.09908E+6	8.25172E+4	1.75848E+6
6.11000E+1	2.71350E+4	5.48130E+3	3.24271E+6	1.08816E+6	8.26890E+4	1.76552E+6
6.12000E+1	2.73060E+4	5.48381E+3	3.46705E+6	1.11704E+6	8.28300E+4	1.87772E+6
6.13000E+1	2.72924E+4	5.56489E+3	3.34664E+6	1.09140E+6	8.24635E+4	1.80502E+6
6.14000E+1	2.71829E+4	5.58320E+3	3.11064E+6	1.11685E+6	8.25762E+4	1.78913E+6
6.15000E+1	2.73812E+4	5.57638E+3	3.31479E+6	1.11752E+6	8.27482E+4	1.82702E+6
6.16000E+1	2.75010E+4	5.65472E+3	3.41654E+6	1.10593E+6	8.25741E+4	1.83277E+6
6.17000E+1	2.74298E+4	5.70581E+3	3.37870E+6	1.12342E+6	8.28763E+4	1.84039E+6
6.18000E+1	2.75770E+4	5.66083E+3	3.30767E+6	1.10757E+6	8.26331E+4	1.83386E+6
6.19000E+1	2.75922E+4	5.69357E+3	3.24560E+6	1.11200E+6	8.25419E+4	1.78994E+6
6.20000E+1	2.76017E+4	5.74723E+3	3.41057E+6	1.13393E+6	8.27837E+4	1.84002E+6
6.21000E+1	2.77109E+4	5.75299E+3	3.39240E+6	1.11007E+6	8.25322E+4	1.82546E+6
6.22000E+1	2.75922E+4	5.77353E+3	3.38339E+6	1.11680E+6	8.26127E+4	1.82463E+6
6.23000E+1	2.75560E+4	5.81788E+3	3.42653E+6	1.13280E+6	8.22471E+4	1.80607E+6
6.24000E+1	2.76641E+4	5.89659E+3	3.39201E+6	1.11215E+6	8.22985E+4	1.82534E+6
6.25000E+1	2.77251E+4	5.86697E+3	3.34282E+6	1.11633E+6	8.23595E+4	1.83748E+6
6.26000E+1	2.78471E+4	5.93706E+3	3.59310E+6	1.14178E+6	8.25665E+4	1.85752E+6
6.27000E+1	2.78466E+4	5.95370E+3	3.40067E+6	1.12992E+6	8.24560E+4	1.85419E+6
6.28000E+1	2.77030E+4	5.98553E+3	3.29909E+6	1.11905E+6	8.21958E+4	1.85002E+6
6.29000E+1	2.79072E+4	5.95695E+3	3.42693E+6	1.13629E+6	8.22942E+4	1.87785E+6
6.30000E+1	2.79066E+4	6.00870E+3	3.50099E+6	1.12661E+6	8.24056E+4	1.85764E+6
6.31000E+1	2.79995E+4	5.99748E+3	3.53089E+6	1.12744E+6	8.23413E+4	1.89079E+6
6.32000E+1	2.79145E+4	6.03115E+3	3.34244E+6	1.12169E+6	8.20504E+4	1.84977E+6
6.33000E+1	2.79683E+4	6.08333E+3	3.38769E+6	1.13211E+6	8.21797E+4	1.84245E+6
6.34000E+1	2.80232E+4	6.12686E+3	3.39005E+6	1.14382E+6	8.19693E+4	1.82845E+6
6.35000E+1	2.80185E+4	6.19948E+3	3.50601E+6	1.14019E+6	8.20526E+4	1.89591E+6
6.36000E+1	2.81115E+4	6.16534E+3	3.49099E+6	1.14797E+6	8.19171E+4	1.89156E+6
6.37000E+1	2.79910E+4	6.16352E+3	3.35009E+6	1.14138E+6	8.17935E+4	1.85789E+6
6.38000E+1	2.80533E+4	6.18931E+3	3.41375E+6	1.13826E+6	8.16042E+4	1.87898E+6
6.39000E+1	2.81824E+4	6.24710E+3	3.45317E+6	1.13565E+6	8.17445E+4	1.90041E+6
6.40000E+1	2.81538E+4	6.26092E+3	3.40780E+6	1.12821E+6	8.12817E+4	1.85863E+6
6.41000E+1	2.82263E+4	6.28712E+3	3.46910E+6	1.13319E+6	8.14683E+4	1.88544E+6
6.42000E+1	2.82857E+4	6.35741E+3	3.35047E+6	1.13006E+6	8.11780E+4	1.85431E+6
6.43000E+1	2.82279E+4	6.34393E+3	3.51609E+6	1.15018E+6	8.15872E+4	1.88900E+6
6.44000E+1	2.82411E+4	6.41137E+3	3.53472E+6	1.13732E+6	8.14958E+4	1.87094E+6
6.45000E+1	2.81744E+4	6.45006E+3	3.46214E+6	1.13579E+6	8.10185E+4	1.86645E+6
6.46000E+1	2.82613E+4	6.39095E+3	3.57256E+6	1.14396E+6	8.12838E+4	1.91994E+6
6.47000E+1	2.84774E+4	6.50155E+3	3.56346E+6	1.14078E+6	8.13410E+4	1.87232E+6
6.48000E+1	2.82200E+4	6.45042E+3	3.73311E+6	1.14073E+6	8.10058E+4	1.85456E+6
6.49000E+1	2.83477E+4	6.52641E+3	3.57170E+6	1.12676E+6	8.09119E+4	1.86744E+6
6.50000E+1	2.84380E+4	6.53884E+3	3.31329E+6	1.12924E+6	8.07844E+4	1.83881E+6
6.51000E+1	2.83610E+4	6.59738E+3	3.67484E+6	1.17117E+6	8.11357E+4	1.93051E+6
6.52000E+1	2.84205E+4	6.64463E+3	3.43577E+6	1.15447E+6	8.09478E+4	1.88341E+6
6.53000E+1	2.84864E+4	6.65159E+3	3.38769E+6	1.13496E+6	8.06813E+4	1.84916E+6
6.54000E+1	2.85923E+4	6.72053E+3	3.50308E+6	1.15778E+6	8.10312E+4	1.91339E+6
6.55000E+1	2.86131E+4	6.69228E+3	3.64976E+6	1.16295E+6	8.10734E+4	1.90506E+6
6.56000E+1	2.86750E+4	6.67798E+3	3.48353E+6	1.14787E+6	8.07360E+4	1.90015E+6
6.57000E+1	2.85487E+4	6.78588E+3	3.53941E+6	1.15518E+6	8.08424E+4	1.90636E+6
6.58000E+1	2.85897E+4	6.76384E+3	3.40899E+6	1.14029E+6	8.06466E+4	1.88544E+6
6.59000E+1	2.85598E+4	6.82153E+3	3.48146E+6	1.16110E+6	8.10438E+4	1.93864E+6
6.60000E+1	2.85109E+4	6.84726E+3	3.35547E+6	1.16053E+6	8.09214E+4	1.92799E+6
6.61000E+1	2.83254E+4	6.87596E+3	3.53515E+6	1.16125E+6	8.07181E+4	1.93557E+6
6.62000E+1	2.83844E+4	6.86492E+3	3.46705E+6	1.15144E+6	8.05867E+4	1.94065E+6
6.63000E+1	2.84285E+4	6.98537E+3	3.63487E+6	1.16238E+6	8.06802E+4	1.90183E+6
6.64000E+1	2.85497E+4	6.94187E+3	3.53855E+6	1.17341E+6	8.10280E+4	1.90714E+6
6.65000E+1	2.85955E+4	6.97320E+3	3.64524E+6	1.18373E+6	8.07044E+4	1.95348E+6
6.66000E+1	2.84731E+4	6.99606E+3	3.50433E+6	1.16459E+6	8.06130E+4	1.91469E+6
6.67000E+1	2.87022E+4	7.03480E+3	3.47280E+6	1.17866E+6	8.09088E+4	1.95784E+6
6.68000E+1	2.87027E+4	7.10904E+3	3.46460E+6	1.15564E+6	8.05594E+4	1.90273E+6
6.69000E+1	2.87780E+4	7.18856E+3	3.50894E+6	1.16382E+6	8.09246E+4	1.98465E+6
6.70000E+1	2.88277E+4	7.16673E+3	3.41335E+6	1.16982E+6	8.06056E+4	1.92772E+6
6.71000E+1	2.87865E+4	7.22189E+3	3.48518E+6	1.19073E+6	8.05846E+4	1.93797E+6
6.72000E+1	2.88026E+4	7.21115E+3	3.52538E+6	1.15681E+6	8.04240E+4	1.91000E+6
6.73000E+1	2.89101E+4	7.25634E+3	3.54325E+6	1.17013E+6	8.06340E+4	2.00758E+6
6.74000E+1	2.88036E+4	7.27933E+3	3.46992E+6	1.15427E+6	8.02846E+4	1.92693E+6
6.75000E+1	2.89904E+4	7.34500E+3	3.79761E+6	1.18602E+6	8.06046E+4	1.96881E+6
6.76000E+1	2.90199E+4	7.34314E+3	3.54539E+6	1.17939E+6	8.05489E+4	1.96867E+6
6.77000E+1	2.89390E+4	7.35019E+3	3.49473E+6	1.16640E+6	8.07002E+4	1.98787E+6
6.78000E+1	2.89090E+4	7.40220E+3	3.52284E+6	1.15839E+6	8.06718E+4	1.97475E+6
6.79000E+1	2.90650E+4	7.47099E+3	3.63128E+6	1.17195E+6	8.03035E+4	1.98353E+6
6.80000E+1	2.89969E+4	7.50300E+3	3.79859E+6	1.18810E+6	8.07076E+4	2.00159E+6
6.81000E+1	2.88293E+4	7.52497E+3	3.46582E+6	1.18087E+6	8.06056E+4	1.94833E+6
6.82000E+1	2.89037E+4	7.48402E+3	3.64931E+6	1.18757E+6	8.06845E+4	2.00415E+6
6.83000E+1	2.89502E+4	7.59579E+3	3.47362E+6	1.18730E+6	8.05688E+4	1.96950E+6
6.84000E+1	2.89610E+4	7.57826E+3	3.65793E+6	1.18135E+6	8.05100E+4	1.97281E+6
6.85000E+1	2.91687E+4	7.60064E+3	3.65158E+6	1.21239E+6	8.04880E+4	2.00729E+6
6.86000E+1	2.91498E+4	7.66819E+3	3.57039E+6	1.18848E+6	8.04471E+4	1.95906E+6
6.87000E+1	2.90215E+4	7.69509E+3	3.52073E+6	1.18554E+6	8.02260E+4	1.94388E+6
6.88000E+1	2.91434E+4	7.68762E+3	3.64931E+6	1.18257E+6	8.04848E+4	1.97781E+6
6.89000E+1	2.92359E+4	7.72275E+3	3.54496E+6	1.17028E+6	8.03579E+4	1.96139E+6
6.90000E+1	2.94034E+4	7.77249E+3	3.68589E+6	1.18336E+6	8.03946E+4	2.01131E+6
6.91000E+1	2.94504E+4	7.78709E+3	3.60545E+6	1.19110E+6	8.04208E+4	2.01246E+6
6.92000E+1	2.94633E+4	7.81330E+3	3.50057E+6	1.19094E+6	8.02270E+4	1.94133E+6
6.93000E+1	2.94078E+4	7.84813E+3	3.60722E+6	1.20560E+6	8.03464E+4	1.98605E+6
6.94000E+1	2.95628E+4	7.88974E+3	3.59178E+6	1.18746E+6	8.02522E+4	1.97628E+6
6.95000E+1	2.95347E+4	7.95353E+3	3.70819E+6	1.20891E+6	8.02291E+4	1.99577E+6
6.96000E+1	2.95201E+4	7.92613E+3	3.89287E+6	1.20286E+6	7.99345E+4	2.00629E+6
6.97000E+1	2.96423E+4	7.97607E+3	3.73928E+6	1.20248E+6	8.01486E+4	2.00173E+6
6.98000E+1	2.97025E+4	8.03920E+3	3.83566E+6	1.18565E+6	7.98845E+4	1.97448E+6
6.99000E+1	2.99267E+4	8.05312E+3	3.70212E+6	1.21824E+6	8.01570E+4	2.02344E+6
7.00000E+1	2.98039E+4	8.05575E+3	3.81728E+6	1.19790E+6	7.99658E+4	2.00601E+6
7.01000E+1	2.98495E+4	8.16231E+3	3.58959E+6	1.19433E+6	7.97199E+4	1.98829E+6
7.02000E+1	3.00404E+4	8.18003E+3	3.77184E+6	1.22066E+6	7.98032E+4	2.06370E+6
7.03000E+1	3.00906E+4	8.22416E+3	3.70073E+6	1.21317E+6	7.96502E+4	2.02853E+6
7.04000E+1	3.01746E+4	8.18531E+3	3.72085E+6	1.21018E+6	7.95598E+4	1.99889E+6
7.05000E+1	3.02145E+4	8.26531E+3	3.67255E+6	1.21067E+6	7.99512E+4	2.08088E+6
7.06000E+1	3.04311E+4	8.25549E+3	3.76317E+6	1.21090E+6	7.97990E+4	2.08857E+6
7.07000E+1	3.01795E+4	8.22039E+3	3.70445E+6	1.21284E+6	7.96856E+4	2.01548E+6
7.08000E+1	3.04032E+4	8.34883E+3	3.77813E+6	1.22234E+6	7.96752E+4	2.01260E+6
7.09000E+1	3.05288E+4	8.35488E+3	3.63353E+6	1.21267E+6	7.94415E+4	1.99351E+6
7.10000E+1	3.04344E+4	8.41581E+3	3.61032E+6	1.22195E+6	7.93440E+4	2.00415E+6
7.11000E+1	3.05969E+4	8.39461E+3	3.94438E+6	1.25154E+6	7.96201E+4	2.08318E+6
7.12000E+1	3.06926E+4	8.50108E+3	3.84768E+6	1.21925E+6	7.97990E+4	2.06099E+6
7.13000E+1	3.06705E+4	8.50297E+3	3.92602E+6	1.23560E+6	7.96523E+4	2.02518E+6
7.14000E+1	3.07267E+4	8.50449E+3	3.72226E+6	1.21345E+6	7.94124E+4	2.06009E+6
7.15000E+1	3.06348E+4	8.57585E+3	3.74975E+6	1.25195E+6	7.94747E+4	2.04723E+6
7.16000E+1	3.06661E+4	8.57319E+3	3.79272E+6	1.25478E+6	7.94695E+4	2.04234E+6
7.17000E+1	3.07195E+4	8.55079E+3	4.04427E+6	1.25602E+6	7.94664E+4	2.05618E+6
7.18000E+1	3.06777E+4	8.66175E+3	3.75885E+6	1.22167E+6	7.92653E+4	2.06295E+6
7.19000E+1	3.07443E+4	8.63437E+3	3.75119E+6	1.23034E+6	7.90233E+4	2.04709E+6
7.20000E+1	3.08071E+4	8.70932E+3	3.97517E+6	1.23405E+6	7.91711E+4	2.05888E+6
7.21000E+1	3.07983E+4	8.67582E+3	3.82223E+6	1.23860E+6	7.91225E+4	2.08364E+6
7.22000E+1	3.07124E+4	8.70323E+3	3.66706E+6	1.21824E+6	7.86884E+4	2.00658E+6
7.23000E+1	3.06667E+4	8.78933E+3	3.82670E+6	1.23279E+6	7.89439E+4	2.12241E+6
7.24000E+1	3.08225E+4	8.72874E+3	3.74451E+6	1.23233E+6	7.89532E+4	2.03939E+6
7.25000E+1	3.07724E+4	8.79429E+3	3.81235E+6	1.26605E+6	7.88933E+4	2.08072E+6
7.26000E+1	3.07471E+4	8.85381E+3	3.82919E+6	1.23148E+6	7.85219E+4	2.06869E+6
7.27000E+1	3.07895E+4	8.90766E+3	3.89750E+6	1.22251E+6	7.86144E+4	2.06069E+6
7.28000E+1	3.07410E+4	8.90766E+3	3.79663E+6	1.21892E+6	7.85897E+4	2.04486E+6
7.29000E+1	3.07614E+4	8.93135E+3	3.99021E+6	1.22257E+6	7.84593E+4	2.05051E+6
7.30000E+1	3.07223E+4	8.98987E+3	3.85472E+6	1.24930E+6	7.84019E+4	2.12608E+6
7.31000E+1	3.07393E+4	8.98720E+3	3.75501E+6	1.22398E+6	7.83762E+4	2.09786E+6
7.32000E+1	3.09318E+4	9.01514E+3	3.93229E+6	1.23900E+6	7.84254E+4	2.06054E+6
7.33000E+1	3.08441E+4	9.02663E+3	3.77377E+6	1.23285E+6	7.83547E+4	2.06717E+6
7.34000E+1	3.08330E+4	9.06800E+3	3.73690E+6	1.21847E+6	7.81234E+4	2.03792E+6
7.35000E+1	3.07735E+4	9.14048E+3	3.74784E+6	1.24126E+6	7.82328E+4	2.10630E+6
7.36000E+1	3.09904E+4	9.17042E+3	3.78298E+6	1.23537E+6	7.84921E+4	2.12608E+6
7.37000E+1	3.09882E+4	9.09829E+3	3.58652E+6	1.19997E+6	7.78723E+4	2.00672E+6
7.38000E+1	3.10413E+4	9.21268E+3	4.02171E+6	1.24410E+6	7.82431E+4	2.11559E+6
7.39000E+1	3.11514E+4	9.25688E+3	3.94280E+6	1.23889E+6	7.83332E+4	2.10536E+6
7.40000E+1	3.11304E+4	9.28689E+3	3.90679E+6	1.22071E+6	7.79692E+4	2.06024E+6
7.41000E+1	3.12252E+4	9.26688E+3	3.74308E+6	1.22528E+6	7.80110E+4	2.09491E+6
7.42000E+1	3.11947E+4	9.30151E+3	3.83118E+6	1.24213E+6	7.78336E+4	2.03762E+6
7.43000E+1	3.13462E+4	9.37777E+3	3.78687E+6	1.24224E+6	7.81305E+4	2.09958E+6
7.44000E+1	3.14948E+4	9.39319E+3	3.92706E+6	1.23629E+6	7.79896E+4	2.08011E+6
7.45000E+1	3.15544E+4	9.43677E+3	3.90886E+6	1.25703E+6	7.82021E+4	2.07218E+6
7.46000E+1	3.15193E+4	9.46997E+3	3.83766E+6	1.23022E+6	7.80948E+4	2.09942E+6
7.47000E+1	3.15740E+4	9.46186E+3	3.96184E+6	1.27940E+6	7.80774E+4	2.13812E+6
7.48000E+1	3.16454E+4	9.55342E+3	3.93754E+6	1.23348E+6	7.79355E+4	2.08672E+6
7.49000E+1	3.16415E+4	9.59365E+3	4.01625E+6	1.25313E+6	7.79651E+4	2.13634E+6
7.50000E+1	3.15706E+4	9.58282E+3	3.95919E+6	1.24568E+6	7.78030E+4	2.08042E+6
7.51000E+1	3.16856E+4	9.64436E+3	3.90162E+6	1.24790E+6	7.77674E+4	2.12448E+6
7.52000E+1	3.18837E+4	9.64320E+3	3.84768E+6	1.24714E+6	7.77511E+4	2.13248E+6
7.53000E+1	3.17840E+4	9.64746E+3	4.06094E+6	1.24022E+6	7.78325E+4	2.15110E+6
7.54000E+1	3.17448E+4	9.73584E+3	3.87803E+6	1.25277E+6	7.76514E+4	2.05918E+6
7.55000E+1	3.18898E+4	9.79756E+3	4.07493E+6	1.26900E+6	7.78886E+4	2.13329E+6
7.56000E+1	3.18803E+4	9.72770E+3	3.84366E+6	1.25212E+6	7.76270E+4	2.07996E+6
7.57000E+1	3.20621E+4	9.81621E+3	3.97090E+6	1.28340E+6	7.75802E+4	2.19538E+6
7.58000E+1	3.20318E+4	9.90525E+3	3.77281E+6	1.25018E+6	7.73884E+4	2.11797E+6
7.59000E+1	3.20217E+4	9.83059E+3	3.97892E+6	1.26852E+6	7.75081E+4	2.09709E+6
7.60000E+1	3.20829E+4	9.89553E+3	4.01188E+6	1.27537E+6	7.79182E+4	2.18743E+6
7.61000E+1	3.19650E+4	9.97223E+3	3.90524E+6	1.24673E+6	7.75132E+4	2.10724E+6
7.62000E+1	3.19874E+4	1.00537E+4	3.89596E+6	1.25917E+6	7.72537E+4	2.12608E+6
7.63000E+1	3.20424E+4	9.95703E+3	3.82471E+6	1.27355E+6	7.72932E+4	2.10442E+6
7.64000E+1	3.20576E+4	1.00057E+4	3.84617E+6	1.24725E+6	7.75569E+4	2.12401E+6
7.65000E+1	3.22698E+4	1.00849E+4	4.28551E+6	1.27507E+6	7.74016E+4	2.22461E+6
7.66000E+1	3.22005E+4	1.01135E+4	3.96983E+6	1.26967E+6	7.75620E+4	2.10944E+6
7.67000E+1	3.21245E+4	1.01385E+4	3.81235E+6	1.26425E+6	7.75416E+4	2.15700E+6
7.68000E+1	3.22095E+4	1.01131E+4	3.93701E+6	1.29078E+6	7.73459E+4	2.16788E+6
7.69000E+1	3.22652E+4	1.02269E+4	3.90472E+6	1.26491E+6	7.75335E+4	2.10426E+6
7.70000E+1	3.21397E+4	1.02500E+4	3.87497E+6	1.27191E+6	7.75376E+4	2.17286E+6
7.71000E+1	3.23346E+4	1.02257E+4	3.97731E+6	1.26293E+6	7.74513E+4	2.18088E+6
7.72000E+1	3.22760E+4	1.03209E+4	4.00699E+6	1.26852E+6	7.73479E+4	2.19708E+6
7.73000E+1	3.22619E+4	1.03264E+4	3.95177E+6	1.26569E+6	7.77592E+4	2.13506E+6
7.74000E+1	3.22055E+4	1.03809E+4	3.88109E+6	1.28972E+6	7.76046E+4	2.18407E+6
7.75000E+1	3.22157E+4	1.03884E+4	4.07999E+6	1.26563E+6	7.74310E+4	2.13699E+6
7.76000E+1	3.23239E+4	1.04190E+4	4.14923E+6	1.28792E+6	7.76138E+4	2.24516E+6
7.77000E+1	3.23369E+4	1.05196E+4	4.06597E+6	1.27507E+6	7.74442E+4	2.19352E+6
7.78000E+1	3.23888E+4	1.04772E+4	4.05593E+6	1.27027E+6	7.75457E+4	2.19132E+6
7.79000E+1	3.21960E+4	1.05216E+4	3.92341E+6	1.29484E+6	7.76178E+4	2.17020E+6
7.80000E+1	3.23498E+4	1.05948E+4	4.03379E+6	1.29710E+6	7.77114E+4	2.17703E+6
7.81000E+1	3.23978E+4	1.05322E+4	3.89956E+6	1.28624E+6	7.75945E+4	2.19929E+6
7.82000E+1	3.25324E+4	1.05889E+4	3.85673E+6	1.27983E+6	7.72729E+4	2.12401E+6
7.83000E+1	3.24278E+4	1.06418E+4	4.21840E+6	1.33881E+6	7.79773E+4	2.27258E+6
7.84000E+1	3.22348E+4	1.07345E+4	4.03434E+6	1.29071E+6	7.75792E+4	2.17803E+6
7.85000E+1	3.23651E+4	1.07578E+4	3.75981E+6	1.27830E+6	7.79202E+4	2.18306E+6
7.86000E+1	3.24701E+4	1.08045E+4	4.00644E+6	1.28841E+6	7.78774E+4	2.15208E+6
7.87000E+1	3.22252E+4	1.08761E+4	4.00753E+6	1.29296E+6	7.79365E+4	2.18172E+6
7.88000E+1	3.23916E+4	1.08825E+4	4.08845E+6	1.29748E+6	7.80611E+4	2.20151E+6
7.89000E+1	3.25092E+4	1.09054E+4	3.88160E+6	1.30012E+6	7.80835E+4	2.19844E+6
7.90000E+1	3.23284E+4	1.08928E+4	3.93544E+6	1.26828E+6	7.78499E+4	2.18895E+6
7.91000E+1	3.21391E+4	1.09748E+4	4.00862E+6	1.30247E+6	7.81622E+4	2.17987E+6
7.92000E+1	3.24063E+4	1.10785E+4	3.93859E+6	1.28315E+6	7.80478E+4	2.24888E+6
7.93000E+1	3.24594E+4	1.10479E+4	4.07157E+6	1.34255E+6	7.83998E+4	2.24711E+6
7.94000E+1	3.25895E+4	1.10848E+4	4.10719E+6	1.29760E+6	7.80866E+4	2.22565E+6
7.95000E+1	3.24973E+4	1.11131E+4	4.03434E+6	1.32867E+6	7.83229E+4	2.27731E+6
7.96000E+1	3.25442E+4	1.11879E+4	3.97464E+6	1.30234E+6	7.83547E+4	2.24959E+6
7.97000E+1	3.25799E+4	1.12373E+4	4.01898E+6	1.32337E+6	7.86565E+4	2.26535E+6
7.98000E+1	3.25493E+4	1.12772E+4	3.96397E+6	1.30717E+6	7.83967E+4	2.28406E+6
