0.00000E+0	4.07577E+4	9.24265E+4	4.32742E+6	1.24272E+6	7.76702E+4	3.26716E+6
1.00000E-1	3.63767E+4	8.88821E+4	4.32679E+6	1.16275E+6	7.34904E+4	3.24718E+6
2.00000E-1	3.63588E+4	8.86995E+4	4.19331E+6	1.17531E+6	7.39162E+4	3.11110E+6
3.00000E-1	3.64361E+4	8.84646E+4	4.19272E+6	1.19090E+6	7.35176E+4	3.38198E+6
4.00000E-1	3.65021E+4	8.86765E+4	4.19034E+6	1.17967E+6	7.32764E+4	3.24646E+6
5.00000E-1	3.65027E+4	8.81368E+4	4.28365E+6	1.19998E+6	7.35506E+4	3.36217E+6
6.00000E-1	3.65159E+4	8.81322E+4	4.45877E+6	1.19976E+6	7.37916E+4	3.40637E+6
7.00000E-1	3.66932E+4	8.81847E+4	4.27871E+6	1.21157E+6	7.35273E+4	3.13756E+6
8.00000E-1	3.65429E+4	8.80558E+4	4.22864E+6	1.20903E+6	7.38841E+4	3.15658E+6
9.00000E-1	3.67101E+4	8.80148E+4	3.99507E+6	1.19586E+6	7.33916E+4	3.15658E+6
1.00000E+0	3.67480E+4	8.82372E+4	4.32112E+6	1.17709E+6	7.35671E+4	3.34909E+6
1.10000E+0	3.67613E+4	8.85596E+4	4.09751E+6	1.21803E+6	7.37575E+4	3.19775E+6
1.20000E+0	3.69381E+4	8.83548E+4	4.12724E+6	1.23435E+6	7.36273E+4	3.24106E+6
1.30000E+0	3.67758E+4	8.78931E+4	4.09355E+6	1.20123E+6	7.35642E+4	3.25080E+6
1.40000E+0	3.69901E+4	8.78931E+4	4.09241E+6	1.20875E+6	7.35021E+4	3.21820E+6
1.50000E+0	3.67426E+4	8.81881E+4	4.18797E+6	1.21274E+6	7.36020E+4	3.18797E+6
1.60000E+0	3.70276E+4	8.79636E+4	4.42422E+6	1.23492E+6	7.35506E+4	3.29366E+6
1.70000E+0	3.70705E+4	8.77817E+4	4.29794E+6	1.19321E+6	7.33083E+4	3.42949E+6
1.80000E+0	3.73100E+4	8.76761E+4	4.18383E+6	1.23389E+6	7.37556E+4	3.19705E+6
1.90000E+0	3.72766E+4	8.74007E+4	4.22924E+6	1.23057E+6	7.35535E+4	3.29033E+6
2.00000E+0	3.72020E+4	8.76840E+4	4.29981E+6	1.22202E+6	7.36574E+4	3.46968E+6
2.10000E+0	3.71602E+4	8.77896E+4	4.59887E+6	1.21279E+6	7.33887E+4	3.25841E+6
2.20000E+0	3.77757E+4	8.74415E+4	4.40649E+6	1.23861E+6	7.36953E+4	3.36295E+6
2.30000E+0	3.74426E+4	8.73928E+4	4.14342E+6	1.22343E+6	7.34478E+4	3.35485E+6
2.40000E+0	3.75498E+4	8.70168E+4	4.16382E+6	1.23965E+6	7.33170E+4	3.16858E+6
2.50000E+0	3.74736E+4	8.72990E+4	4.37143E+6	1.25332E+6	7.37225E+4	3.30296E+6
2.60000E+0	3.78509E+4	8.75298E+4	4.23468E+6	1.21591E+6	7.33296E+4	3.19076E+6
2.70000E+0	3.77757E+4	8.70067E+4	4.49794E+6	1.24967E+6	7.33761E+4	3.23174E+6
2.80000E+0	3.77695E+4	8.68154E+4	4.31923E+6	1.24220E+6	7.35127E+4	3.21714E+6
2.90000E+0	3.79968E+4	8.74109E+4	4.28118E+6	1.22983E+6	7.33296E+4	3.27741E+6
3.00000E+0	3.76932E+4	8.65560E+4	4.16382E+6	1.24144E+6	7.33596E+4	3.23031E+6
3.10000E+0	3.76657E+4	8.70473E+4	4.35091E+6	1.24464E+6	7.32716E+4	3.25442E+6
3.20000E+0	3.80115E+4	8.69943E+4	4.54612E+6	1.27368E+6	7.35448E+4	3.33004E+6
3.30000E+0	3.80410E+4	8.69200E+4	4.62174E+6	1.22693E+6	7.34982E+4	3.37380E+6
3.40000E+0	3.79299E+4	8.69155E+4	4.35731E+6	1.23786E+6	7.35554E+4	3.26023E+6
3.50000E+0	3.81645E+4	8.65997E+4	4.41829E+6	1.23740E+6	7.32348E+4	3.25261E+6
3.60000E+0	3.79710E+4	8.68210E+4	4.34518E+6	1.24505E+6	7.34071E+4	3.25152E+6
3.70000E+0	3.81030E+4	8.66951E+4	4.49726E+6	1.25184E+6	7.32387E+4	3.34986E+6
3.80000E+0	3.82285E+4	8.68288E+4	4.51984E+6	1.24932E+6	7.34216E+4	3.32739E+6
3.90000E+0	3.79624E+4	8.67726E+4	4.21420E+6	1.26402E+6	7.33325E+4	3.15590E+6
4.00000E+0	3.81694E+4	8.68648E+4	4.37982E+6	1.23275E+6	7.31314E+4	3.22995E+6
4.10000E+0	3.85518E+4	8.67547E+4	4.35731E+6	1.26932E+6	7.29954E+4	3.38472E+6
4.20000E+0	3.82679E+4	8.67670E+4	4.17086E+6	1.25456E+6	7.29530E+4	3.22140E+6
4.30000E+0	3.83918E+4	8.68941E+4	4.19450E+6	1.24791E+6	7.31169E+4	3.28847E+6
4.40000E+0	3.84720E+4	8.66985E+4	4.58893E+6	1.24961E+6	7.28798E+4	3.34948E+6
4.50000E+0	3.86520E+4	8.65762E+4	4.75695E+6	1.24208E+6	7.28644E+4	3.21607E+6
4.60000E+0	3.85054E+4	8.67906E+4	4.58610E+6	1.22123E+6	7.29568E+4	3.34336E+6
4.70000E+0	3.85561E+4	8.65212E+4	4.27994E+6	1.23446E+6	7.27316E+4	3.23388E+6
4.80000E+0	3.84986E+4	8.66076E+4	4.24014E+6	1.23959E+6	7.30764E+4	3.17065E+6
4.90000E+0	3.88027E+4	8.68817E+4	4.69172E+6	1.24849E+6	7.30330E+4	3.23854E+6
5.00000E+0	3.86626E+4	8.63242E+4	4.36051E+6	1.24417E+6	7.28672E+4	3.30745E+6
5.10000E+0	3.86266E+4	8.70394E+4	4.33375E+6	1.27569E+6	7.30523E+4	3.27815E+6
5.20000E+0	3.87066E+4	8.66906E+4	4.28056E+6	1.26474E+6	7.31565E+4	3.44522E+6
5.30000E+0	3.86787E+4	8.62862E+4	4.39604E+6	1.23366E+6	7.26202E+4	3.29292E+6
5.40000E+0	3.89338E+4	8.68300E+4	4.64339E+6	1.25367E+6	7.32087E+4	3.28146E+6
5.50000E+0	3.88151E+4	8.62761E+4	4.46145E+6	1.24081E+6	7.28470E+4	3.25442E+6
5.60000E+0	3.88518E+4	8.63264E+4	4.27316E+6	1.24237E+6	7.25885E+4	3.29033E+6
5.70000E+0	3.88449E+4	8.68986E+4	4.74180E+6	1.23166E+6	7.26307E+4	3.19881E+6
5.80000E+0	3.89151E+4	8.67243E+4	4.54334E+6	1.26962E+6	7.25204E+4	3.42629E+6
5.90000E+0	3.88754E+4	8.62839E+4	4.33565E+6	1.24879E+6	7.27057E+4	3.20196E+6
6.00000E+0	3.91262E+4	8.63521E+4	4.50545E+6	1.23332E+6	7.25070E+4	3.25297E+6
6.10000E+0	3.87611E+4	8.63689E+4	4.60029E+6	1.26462E+6	7.28259E+4	3.24863E+6
6.20000E+0	3.90564E+4	8.63980E+4	4.71999E+6	1.26181E+6	7.31382E+4	3.25406E+6
6.30000E+0	3.90938E+4	8.58367E+4	4.23892E+6	1.27089E+6	7.24830E+4	3.23317E+6
6.40000E+0	3.91013E+4	8.64462E+4	4.45009E+6	1.25002E+6	7.25242E+4	3.27999E+6
6.50000E+0	3.90377E+4	8.63555E+4	4.35731E+6	1.26234E+6	7.26624E+4	3.22709E+6
6.60000E+0	3.89294E+4	8.62158E+4	4.43679E+6	1.24318E+6	7.22762E+4	3.14704E+6
6.70000E+0	3.91724E+4	8.63219E+4	4.51847E+6	1.24808E+6	7.26874E+4	3.26496E+6
6.80000E+0	3.90689E+4	8.62158E+4	4.34454E+6	1.25008E+6	7.24226E+4	3.18972E+6
6.90000E+0	3.93398E+4	8.62403E+4	4.44942E+6	1.22745E+6	7.24293E+4	3.24935E+6
7.00000E+0	3.90365E+4	8.63589E+4	4.58115E+6	1.24382E+6	7.28798E+4	3.28921E+6
7.10000E+0	3.90633E+4	8.64607E+4	4.31107E+6	1.26037E+6	7.24590E+4	3.19251E+6
7.20000E+0	3.90527E+4	8.59748E+4	4.54473E+6	1.26492E+6	7.23853E+4	3.31757E+6
7.30000E+0	3.90938E+4	8.65291E+4	4.89048E+6	1.23734E+6	7.28567E+4	3.28589E+6
7.40000E+0	3.92292E+4	8.62582E+4	4.56918E+6	1.25020E+6	7.27105E+4	3.32021E+6
7.50000E+0	3.90595E+4	8.63186E+4	4.45543E+6	1.26306E+6	7.27085E+4	3.19881E+6
7.60000E+0	3.90222E+4	8.66177E+4	4.48233E+6	1.26049E+6	7.27518E+4	3.29589E+6
7.70000E+0	3.90739E+4	8.60863E+4	4.33755E+6	1.25078E+6	7.27903E+4	3.34948E+6
7.80000E+0	3.89711E+4	8.64383E+4	4.30731E+6	1.25119E+6	7.24868E+4	3.22674E+6
7.90000E+0	3.90240E+4	8.64238E+4	4.48707E+6	1.24313E+6	7.25405E+4	3.35639E+6
8.00000E+0	3.87903E+4	8.64742E+4	4.75012E+6	1.24721E+6	7.30735E+4	3.20548E+6
8.10000E+0	3.88474E+4	8.60829E+4	4.28180E+6	1.23109E+6	7.26135E+4	3.09688E+6
8.20000E+0	3.89220E+4	8.64921E+4	4.43149E+6	1.25379E+6	7.26192E+4	3.13891E+6
8.30000E+0	3.90514E+4	8.62660E+4	4.59389E+6	1.27496E+6	7.29318E+4	3.42869E+6
8.40000E+0	3.87369E+4	8.58189E+4	4.16910E+6	1.25787E+6	7.29192E+4	3.16412E+6
8.50000E+0	3.86000E+4	8.60260E+4	4.19628E+6	1.25108E+6	7.27460E+4	3.23675E+6
8.60000E+0	3.86112E+4	8.63611E+4	4.63182E+6	1.24627E+6	7.29048E+4	3.29961E+6
8.70000E+0	3.87314E+4	8.60271E+4	4.23468E+6	1.26432E+6	7.25204E+4	3.18102E+6
8.80000E+0	3.84615E+4	8.61130E+4	4.36628E+6	1.25290E+6	7.28470E+4	3.17790E+6
8.90000E+0	3.84986E+4	8.63164E+4	4.56427E+6	1.26889E+6	7.30388E+4	3.26789E+6
9.00000E+0	3.83289E+4	8.62716E+4	4.22201E+6	1.23838E+6	7.30378E+4	3.30296E+6
9.10000E+0	3.84640E+4	8.61130E+4	4.59816E+6	1.25675E+6	7.25041E+4	3.18554E+6
9.20000E+0	3.85908E+4	8.62862E+4	4.23710E+6	1.25990E+6	7.27258E+4	3.27045E+6
9.30000E+0	3.82993E+4	8.59246E+4	4.37272E+6	1.23630E+6	7.25453E+4	3.14908E+6
9.40000E+0	3.85969E+4	8.58923E+4	4.72074E+6	1.24990E+6	7.30619E+4	3.14128E+6
9.50000E+0	3.83431E+4	8.63790E+4	4.46280E+6	1.25627E+6	7.31121E+4	3.33193E+6
9.60000E+0	3.83295E+4	8.61030E+4	4.14516E+6	1.22745E+6	7.26778E+4	3.12713E+6
9.70000E+0	3.83005E+4	8.59837E+4	4.85542E+6	1.25037E+6	7.32938E+4	3.23747E+6
9.80000E+0	3.83579E+4	8.61644E+4	4.22502E+6	1.22705E+6	7.29472E+4	3.16343E+6
9.90000E+0	3.83018E+4	8.61075E+4	4.50613E+6	1.23630E+6	7.28249E+4	3.16377E+6
1.00000E+1	3.83616E+4	8.60952E+4	4.31357E+6	1.21977E+6	7.27508E+4	3.15112E+6
1.01000E+1	3.82045E+4	8.63678E+4	4.36950E+6	1.23343E+6	7.25271E+4	3.18345E+6
1.02000E+1	3.81688E+4	8.61264E+4	4.40976E+6	1.22654E+6	7.30436E+4	3.16206E+6
1.03000E+1	3.81958E+4	8.61164E+4	4.30731E+6	1.21675E+6	7.27999E+4	3.35986E+6
1.04000E+1	3.83178E+4	8.60216E+4	4.35859E+6	1.25586E+6	7.31025E+4	3.20091E+6
1.05000E+1	3.83751E+4	8.59948E+4	4.24926E+6	1.24104E+6	7.28682E+4	3.18623E+6
1.06000E+1	3.83153E+4	8.58857E+4	4.45342E+6	1.23953E+6	7.30031E+4	3.15112E+6
1.07000E+1	3.83363E+4	8.59135E+4	4.29172E+6	1.23109E+6	7.28451E+4	3.17237E+6
1.08000E+1	3.83246E+4	8.58879E+4	4.29420E+6	1.22326E+6	7.25540E+4	3.26278E+6
1.09000E+1	3.81350E+4	8.57933E+4	4.38954E+6	1.22762E+6	7.30600E+4	3.29924E+6
1.10000E+1	3.81737E+4	8.59413E+4	4.33565E+6	1.22456E+6	7.26893E+4	3.23890E+6
1.11000E+1	3.83098E+4	8.61912E+4	4.12494E+6	1.21268E+6	7.29645E+4	3.17445E+6
1.12000E+1	3.83998E+4	8.59491E+4	4.50271E+6	1.23441E+6	7.29992E+4	3.17306E+6
1.13000E+1	3.83566E+4	8.57789E+4	4.23892E+6	1.22535E+6	7.28287E+4	3.21289E+6
1.14000E+1	3.82512E+4	8.61119E+4	4.19985E+6	1.22546E+6	7.26106E+4	3.17964E+6
1.15000E+1	3.82026E+4	8.59358E+4	4.31986E+6	1.20997E+6	7.27191E+4	3.24142E+6
1.16000E+1	3.80797E+4	8.59714E+4	4.52397E+6	1.21513E+6	7.30060E+4	3.20478E+6
1.17000E+1	3.80299E+4	8.61063E+4	4.27686E+6	1.23012E+6	7.26519E+4	3.19286E+6
1.18000E+1	3.82254E+4	8.60673E+4	4.29420E+6	1.23303E+6	7.30330E+4	3.21430E+6
1.19000E+1	3.83517E+4	8.61052E+4	4.50271E+6	1.22456E+6	7.29347E+4	3.15966E+6
1.20000E+1	3.81288E+4	8.62683E+4	4.32932E+6	1.21619E+6	7.28807E+4	3.16893E+6
1.21000E+1	3.81018E+4	8.58957E+4	4.51984E+6	1.21152E+6	7.27018E+4	3.10018E+6
1.22000E+1	3.82069E+4	8.57711E+4	4.18975E+6	1.20178E+6	7.24571E+4	3.19146E+6
1.23000E+1	3.81614E+4	8.58523E+4	4.39474E+6	1.22084E+6	7.25904E+4	3.30073E+6
1.24000E+1	3.80772E+4	8.60863E+4	4.50135E+6	1.23326E+6	7.30436E+4	3.13891E+6
1.25000E+1	3.81922E+4	8.60361E+4	4.32679E+6	1.23155E+6	7.27662E+4	3.40716E+6
1.26000E+1	3.79330E+4	8.57344E+4	4.25842E+6	1.21792E+6	7.24725E+4	3.16034E+6
1.27000E+1	3.80404E+4	8.57044E+4	4.56497E+6	1.22157E+6	7.28239E+4	3.24430E+6
1.28000E+1	3.80551E+4	8.58456E+4	4.28613E+6	1.23492E+6	7.30272E+4	3.11576E+6
1.29000E+1	3.78001E+4	8.60193E+4	4.39800E+6	1.21240E+6	7.26816E+4	3.20830E+6
1.30000E+1	3.80932E+4	8.59102E+4	4.36051E+6	1.21357E+6	7.26403E+4	3.16377E+6
1.31000E+1	3.81325E+4	8.59035E+4	4.66012E+6	1.22314E+6	7.25309E+4	3.31682E+6
1.32000E+1	3.77353E+4	8.55301E+4	4.40126E+6	1.21013E+6	7.25588E+4	3.14263E+6
1.33000E+1	3.80232E+4	8.57633E+4	4.28180E+6	1.22665E+6	7.26298E+4	3.04984E+6
1.34000E+1	3.81799E+4	8.55534E+4	4.21420E+6	1.22320E+6	7.26797E+4	3.24286E+6
1.35000E+1	3.79060E+4	8.59603E+4	4.45075E+6	1.22439E+6	7.27470E+4	3.18554E+6
1.36000E+1	3.79177E+4	8.59012E+4	4.65283E+6	1.20479E+6	7.25194E+4	3.10381E+6
1.37000E+1	3.80649E+4	8.61119E+4	4.57551E+6	1.22887E+6	7.27076E+4	3.09853E+6
1.38000E+1	3.79067E+4	8.59502E+4	4.39084E+6	1.22444E+6	7.26288E+4	3.08638E+6
1.39000E+1	3.81983E+4	8.59246E+4	4.42950E+6	1.20184E+6	7.28172E+4	3.28737E+6
1.40000E+1	3.79220E+4	8.55035E+4	4.37079E+6	1.23907E+6	7.29587E+4	3.21643E+6
1.41000E+1	3.80686E+4	8.59480E+4	4.55308E+6	1.24621E+6	7.32058E+4	3.07335E+6
1.42000E+1	3.82260E+4	8.58078E+4	4.36821E+6	1.23740E+6	7.30446E+4	3.10646E+6
1.43000E+1	3.76980E+4	8.56189E+4	4.23529E+6	1.21491E+6	7.29790E+4	3.10977E+6
1.44000E+1	3.79085E+4	8.57755E+4	4.31923E+6	1.21013E+6	7.29192E+4	3.01757E+6
1.45000E+1	3.79532E+4	8.56033E+4	4.24256E+6	1.27453E+6	7.35254E+4	3.06364E+6
1.46000E+1	3.81436E+4	8.60472E+4	4.37917E+6	1.23919E+6	7.27479E+4	3.19111E+6
1.47000E+1	3.78191E+4	8.57411E+4	4.19926E+6	1.23206E+6	7.26480E+4	3.17894E+6
1.48000E+1	3.83542E+4	8.60361E+4	4.44809E+6	1.23229E+6	7.31681E+4	3.20900E+6
1.49000E+1	3.83357E+4	8.55290E+4	4.36628E+6	1.21943E+6	7.27672E+4	3.11376E+6
1.50000E+1	3.80183E+4	8.58367E+4	4.55029E+6	1.22241E+6	7.31237E+4	3.26132E+6
1.51000E+1	3.79091E+4	8.57033E+4	4.11233E+6	1.23046E+6	7.28663E+4	3.20759E+6
1.52000E+1	3.81983E+4	8.60149E+4	4.25231E+6	1.19933E+6	7.24083E+4	3.19670E+6
1.53000E+1	3.83554E+4	8.55900E+4	4.42027E+6	1.23040E+6	7.25472E+4	3.19181E+6
1.54000E+1	3.81374E+4	8.58901E+4	4.63326E+6	1.22044E+6	7.28201E+4	3.32512E+6
1.55000E+1	3.82211E+4	8.56111E+4	4.40911E+6	1.21401E+6	7.25799E+4	3.17168E+6
1.56000E+1	3.83400E+4	8.59324E+4	4.63543E+6	1.23349E+6	7.27210E+4	3.26424E+6
1.57000E+1	3.81202E+4	8.58601E+4	4.40322E+6	1.24173E+6	7.30041E+4	3.10944E+6
1.58000E+1	3.83387E+4	8.55945E+4	4.11633E+6	1.22972E+6	7.28182E+4	3.08311E+6
1.59000E+1	3.82962E+4	8.58211E+4	4.63326E+6	1.22473E+6	7.29318E+4	3.15453E+6
1.60000E+1	3.83887E+4	8.57133E+4	4.42818E+6	1.23452E+6	7.31112E+4	3.06978E+6
1.61000E+1	3.84078E+4	8.58423E+4	4.23589E+6	1.21368E+6	7.29395E+4	3.19635E+6
1.62000E+1	3.83801E+4	8.56911E+4	4.17028E+6	1.24867E+6	7.28403E+4	3.11609E+6
1.63000E+1	3.83936E+4	8.59235E+4	4.50681E+6	1.23464E+6	7.26874E+4	3.22175E+6
1.64000E+1	3.83092E+4	8.58812E+4	4.48978E+6	1.23303E+6	7.29212E+4	3.10878E+6
1.65000E+1	3.84017E+4	8.60316E+4	4.55657E+6	1.22904E+6	7.28239E+4	3.06364E+6
1.66000E+1	3.86415E+4	8.59848E+4	4.51847E+6	1.21932E+6	7.25741E+4	3.16721E+6
1.67000E+1	3.85376E+4	8.56155E+4	4.55867E+6	1.22671E+6	7.26173E+4	3.16790E+6
1.68000E+1	3.87797E+4	8.58245E+4	4.05815E+6	1.22050E+6	7.25175E+4	3.10084E+6
1.69000E+1	3.84430E+4	8.54204E+4	4.58398E+6	1.23360E+6	7.30320E+4	3.03774E+6
1.70000E+1	3.85338E+4	8.61175E+4	4.49114E+6	1.23069E+6	7.28971E+4	3.16412E+6
1.71000E+1	3.84146E+4	8.57299E+4	4.17028E+6	1.24703E+6	7.27614E+4	3.16274E+6
1.72000E+1	3.85685E+4	8.57444E+4	4.32932E+6	1.22354E+6	7.26480E+4	3.15863E+6
1.73000E+1	3.87270E+4	8.65582E+4	4.45810E+6	1.27277E+6	7.29867E+4	3.23317E+6
1.74000E+1	3.86254E+4	8.57933E+4	4.25719E+6	1.24115E+6	7.29250E+4	3.07855E+6
1.75000E+1	3.86483E+4	8.55268E+4	4.38047E+6	1.24000E+6	7.24782E+4	3.31419E+6
1.76000E+1	3.87326E+4	8.60305E+4	4.20105E+6	1.22535E+6	7.27431E+4	3.16377E+6
1.77000E+1	3.87897E+4	8.59046E+4	4.47962E+6	1.21318E+6	7.23202E+4	3.01882E+6
1.78000E+1	3.88418E+4	8.59135E+4	4.39930E+6	1.24057E+6	7.24485E+4	3.25080E+6
1.79000E+1	3.88822E+4	8.60550E+4	4.43612E+6	1.25108E+6	7.28981E+4	3.16618E+6
1.80000E+1	3.90103E+4	8.59536E+4	4.43745E+6	1.23994E+6	7.28345E+4	3.15966E+6
1.81000E+1	3.90327E+4	8.56289E+4	4.33755E+6	1.21736E+6	7.27835E+4	3.06784E+6
1.82000E+1	3.88735E+4	8.60573E+4	4.28304E+6	1.23867E+6	7.28817E+4	3.12948E+6
1.83000E+1	3.87742E+4	8.58578E+4	4.56988E+6	1.23475E+6	7.25856E+4	3.22353E+6
1.84000E+1	3.88331E+4	8.59001E+4	4.12609E+6	1.22642E+6	7.25348E+4	3.07952E+6
1.85000E+1	3.87897E+4	8.58367E+4	4.37079E+6	1.22393E+6	7.23728E+4	3.06687E+6
1.86000E+1	3.87816E+4	8.58667E+4	4.72749E+6	1.24121E+6	7.25789E+4	3.34565E+6
1.87000E+1	3.87462E+4	8.58912E+4	4.56918E+6	1.24516E+6	7.27249E+4	3.20830E+6
1.88000E+1	3.83011E+4	8.56644E+4	4.36372E+6	1.22807E+6	7.27970E+4	3.11876E+6
1.89000E+1	3.84943E+4	8.59157E+4	4.35987E+6	1.22084E+6	7.26375E+4	3.10878E+6
1.90000E+1	3.84807E+4	8.60026E+4	4.49726E+6	1.22892E+6	7.25827E+4	3.23783E+6
1.91000E+1	3.83486E+4	8.58100E+4	4.53294E+6	1.22072E+6	7.24207E+4	3.29329E+6
1.92000E+1	3.83431E+4	8.58968E+4	4.31546E+6	1.22490E+6	7.26720E+4	3.08018E+6
1.93000E+1	3.83819E+4	8.57711E+4	4.51503E+6	1.24069E+6	7.27143E+4	3.12880E+6
1.94000E+1	3.81430E+4	8.61354E+4	4.21420E+6	1.23745E+6	7.25156E+4	3.26789E+6
1.95000E+1	3.80717E+4	8.61063E+4	4.33819E+6	1.23838E+6	7.28066E+4	3.08311E+6
1.96000E+1	3.80134E+4	8.61521E+4	4.28118E+6	1.22450E+6	7.31015E+4	3.06526E+6
1.97000E+1	3.81694E+4	8.57288E+4	4.45944E+6	1.22179E+6	7.31730E+4	3.14568E+6
1.98000E+1	3.79152E+4	8.59012E+4	4.17616E+6	1.20441E+6	7.27778E+4	3.10315E+6
1.99000E+1	3.79183E+4	8.59502E+4	4.39084E+6	1.24423E+6	7.31102E+4	3.13587E+6
2.00000E+1	3.79244E+4	8.60104E+4	4.30668E+6	1.24908E+6	7.35312E+4	3.16583E+6
2.01000E+1	3.78687E+4	8.64787E+4	4.49454E+6	1.23619E+6	7.31933E+4	3.05208E+6
2.02000E+1	3.77445E+4	8.56788E+4	4.22201E+6	1.23515E+6	7.36710E+4	3.10845E+6
2.03000E+1	3.77836E+4	8.58868E+4	4.58186E+6	1.22949E+6	7.30166E+4	3.07595E+6
2.04000E+1	3.77109E+4	8.56844E+4	4.24014E+6	1.23217E+6	7.36933E+4	3.04346E+6
2.05000E+1	3.75735E+4	8.57577E+4	4.40518E+6	1.22016E+6	7.28826E+4	3.11110E+6
2.06000E+1	3.74121E+4	8.57889E+4	4.75163E+6	1.21910E+6	7.26394E+4	3.09886E+6
2.07000E+1	3.73738E+4	8.54525E+4	4.19391E+6	1.21624E+6	7.28191E+4	3.07855E+6
2.08000E+1	3.72056E+4	8.56711E+4	4.29296E+6	1.20386E+6	7.29597E+4	3.19321E+6
2.09000E+1	3.73191E+4	8.56844E+4	4.17204E+6	1.21224E+6	7.29183E+4	3.02165E+6
2.10000E+1	3.74213E+4	8.54869E+4	4.33122E+6	1.20331E+6	7.26778E+4	3.15044E+6
2.11000E+1	3.72815E+4	8.56555E+4	4.34964E+6	1.20666E+6	7.28441E+4	3.02605E+6
2.12000E+1	3.70705E+4	8.58334E+4	4.26946E+6	1.22784E+6	7.32600E+4	3.04728E+6
2.13000E+1	3.71220E+4	8.58055E+4	4.21180E+6	1.24961E+6	7.38441E+4	3.10712E+6
2.14000E+1	3.70832E+4	8.61521E+4	4.06373E+6	1.22631E+6	7.30340E+4	3.11010E+6
2.15000E+1	3.71056E+4	8.56100E+4	4.28985E+6	1.21041E+6	7.28682E+4	3.07367E+6
2.16000E+1	3.65832E+4	8.59502E+4	4.27316E+6	1.19667E+6	7.26787E+4	3.01820E+6
2.17000E+1	3.68626E+4	8.59670E+4	4.20522E+6	1.20748E+6	7.28567E+4	3.26059E+6
2.18000E+1	3.66830E+4	8.57666E+4	4.24256E+6	1.22039E+6	7.29539E+4	3.01382E+6
2.19000E+1	3.63534E+4	8.57922E+4	4.04151E+6	1.20348E+6	7.29597E+4	3.02952E+6
2.20000E+1	3.65051E+4	8.60673E+4	4.38370E+6	1.20605E+6	7.30243E+4	3.06203E+6
2.21000E+1	3.63803E+4	8.59269E+4	4.18797E+6	1.22207E+6	7.33897E+4	3.20513E+6
2.22000E+1	3.59675E+4	8.55379E+4	4.43679E+6	1.18046E+6	7.29347E+4	3.11642E+6
2.23000E+1	3.58794E+4	8.56022E+4	4.09411E+6	1.19015E+6	7.33732E+4	3.01569E+6
2.24000E+1	3.58675E+4	8.56389E+4	4.52880E+6	1.21530E+6	7.34769E+4	3.18554E+6
2.25000E+1	3.56076E+4	8.54647E+4	3.92028E+6	1.18041E+6	7.31913E+4	3.11476E+6
2.26000E+1	3.57060E+4	8.57588E+4	4.12034E+6	1.17510E+6	7.28846E+4	3.16618E+6
2.27000E+1	3.54088E+4	8.55268E+4	4.27871E+6	1.18608E+6	7.31334E+4	2.94868E+6
2.28000E+1	3.54744E+4	8.59024E+4	4.08281E+6	1.18934E+6	7.29443E+4	2.97465E+6
2.29000E+1	3.54182E+4	8.54259E+4	4.24743E+6	1.19273E+6	7.33267E+4	3.14568E+6
2.30000E+1	3.53320E+4	8.57088E+4	3.94807E+6	1.18374E+6	7.31430E+4	3.18380E+6
2.31000E+1	3.53444E+4	8.56466E+4	3.93072E+6	1.15550E+6	7.29800E+4	2.95287E+6
2.32000E+1	3.53019E+4	8.54780E+4	4.05537E+6	1.18614E+6	7.36768E+4	3.09721E+6
2.33000E+1	3.52807E+4	8.53141E+4	4.16500E+6	1.19716E+6	7.38188E+4	3.01820E+6
2.34000E+1	3.52795E+4	8.55357E+4	4.28489E+6	1.18956E+6	7.38159E+4	2.95889E+6
2.35000E+1	3.53403E+4	8.51042E+4	4.03489E+6	1.18051E+6	7.33683E+4	2.96948E+6
2.36000E+1	3.52984E+4	8.55767E+4	3.91404E+6	1.18993E+6	7.31025E+4	2.98596E+6
2.37000E+1	3.50841E+4	8.53130E+4	4.03875E+6	1.18438E+6	7.36331E+4	3.03489E+6
2.38000E+1	3.50529E+4	8.56044E+4	4.18561E+6	1.19694E+6	7.31981E+4	3.03362E+6
2.39000E+1	3.49625E+4	8.52776E+4	4.11977E+6	1.18577E+6	7.33519E+4	2.95498E+6
2.40000E+1	3.51017E+4	8.53982E+4	3.98644E+6	1.18491E+6	7.31450E+4	2.94598E+6
2.41000E+1	3.50823E+4	8.53097E+4	3.90989E+6	1.19542E+6	7.34856E+4	3.04952E+6
2.42000E+1	3.51994E+4	8.53706E+4	3.87956E+6	1.17972E+6	7.36914E+4	3.00665E+6
2.43000E+1	3.50324E+4	8.51494E+4	4.02335E+6	1.18110E+6	7.35215E+4	3.05882E+6
2.44000E+1	3.51370E+4	8.54669E+4	3.96344E+6	1.16910E+6	7.32677E+4	2.94688E+6
2.45000E+1	3.50717E+4	8.52334E+4	4.11805E+6	1.19672E+6	7.35166E+4	3.00168E+6
2.46000E+1	3.53185E+4	8.51351E+4	3.88825E+6	1.16445E+6	7.34565E+4	3.07465E+6
2.47000E+1	3.52454E+4	8.56122E+4	3.90886E+6	1.19042E+6	7.35254E+4	3.01319E+6
2.48000E+1	3.50506E+4	8.55601E+4	3.97571E+6	1.19526E+6	7.37235E+4	3.01163E+6
2.49000E+1	3.28973E+4	8.52522E+4	3.72555E+6	1.18295E+6	7.40859E+4	3.02385E+6
2.50000E+1	2.61358E+4	8.54060E+4	2.74826E+6	1.18811E+6	7.44087E+4	2.92432E+6
2.51000E+1	1.95423E+4	8.56366E+4	1.99406E+6	1.12478E+6	7.46609E+4	2.78409E+6
2.52000E+1	1.33070E+4	8.54880E+4	1.24250E+6	1.05751E+6	7.60468E+4	2.56770E+6
2.53000E+1	8.96879E+3	8.51726E+4	7.74242E+5	8.96139E+5	7.80902E+4	2.25517E+6
2.54000E+1	5.89402E+3	8.51053E+4	4.12505E+5	7.35951E+5	8.02778E+4	1.95067E+6
2.55000E+1	3.00612E+3	8.47109E+4	1.61331E+5	5.56009E+5	8.40993E+4	1.46203E+6
2.56000E+1	1.75870E+3	8.32627E+4	8.52084E+4	3.50550E+5	9.11064E+4	8.98982E+5
2.57000E+1	1.30735E+3	8.01954E+4	5.54766E+4	1.88109E+5	1.00743E+5	5.19341E+5
2.58000E+1	1.10672E+3	7.51817E+4	4.18950E+4	1.11240E+5	1.11333E+5	3.33103E+5
2.59000E+1	9.94866E+2	6.70681E+4	3.44471E+4	7.75944E+4	1.21729E+5	2.36382E+5
2.60000E+1	9.38048E+2	5.73944E+4	3.02076E+4	5.99840E+4	1.31189E+5	1.81756E+5
2.61000E+1	9.00971E+2	4.74089E+4	2.66011E+4	4.87149E+4	1.39275E+5	1.49321E+5
2.62000E+1	8.51140E+2	3.88971E+4	2.39990E+4	4.16655E+4	1.47023E+5	1.28376E+5
2.63000E+1	8.34431E+2	3.17868E+4	2.19471E+4	3.66777E+4	1.54373E+5	1.14127E+5
2.64000E+1	8.31483E+2	2.59265E+4	2.03191E+4	3.31031E+4	1.60969E+5	1.03548E+5
2.65000E+1	7.97757E+2	2.14692E+4	1.93917E+4	3.00095E+4	1.67251E+5	9.57081E+4
2.66000E+1	7.90229E+2	1.80538E+4	1.86084E+4	2.75693E+4	1.72732E+5	8.92734E+4
2.67000E+1	7.97430E+2	1.51784E+4	1.85513E+4	2.56264E+4	1.77434E+5	8.56264E+4
2.68000E+1	7.76158E+2	1.30915E+4	1.87154E+4	2.40058E+4	1.82235E+5	8.27037E+4
2.69000E+1	7.79103E+2	1.13474E+4	1.91117E+4	2.31600E+4	1.84488E+5	8.01670E+4
2.70000E+1	7.55549E+2	9.93402E+3	1.93678E+4	2.20640E+4	1.87295E+5	7.87477E+4
2.71000E+1	7.64708E+2	8.86866E+3	1.97523E+4	2.14721E+4	1.89754E+5	7.76662E+4
2.72000E+1	7.61110E+2	7.94036E+3	1.92509E+4	2.10746E+4	1.91652E+5	7.66923E+4
2.73000E+1	7.70269E+2	7.19186E+3	1.95360E+4	2.09764E+4	1.94131E+5	7.57340E+4
2.74000E+1	7.50644E+2	6.59698E+3	1.97648E+4	2.07736E+4	1.95506E+5	7.50807E+4
2.75000E+1	7.95138E+2	6.09381E+3	1.98443E+4	2.03614E+4	1.98042E+5	7.45118E+4
2.76000E+1	7.44758E+2	5.68814E+3	2.01268E+4	2.01532E+4	1.99186E+5	7.42512E+4
2.77000E+1	7.89247E+2	5.26520E+3	2.00613E+4	2.00254E+4	1.99909E+5	7.34459E+4
2.78000E+1	7.49990E+2	4.93461E+3	2.02059E+4	1.98382E+4	2.02575E+5	7.33423E+4
2.79000E+1	7.62418E+2	4.61313E+3	2.01980E+4	1.98590E+4	2.03507E+5	7.29887E+4
2.80000E+1	7.59147E+2	4.39990E+3	1.98166E+4	1.94954E+4	2.05262E+5	7.21760E+4
2.81000E+1	7.52933E+2	4.19349E+3	1.99481E+4	1.93902E+4	2.06652E+5	7.20471E+4
2.82000E+1	7.65035E+2	4.00462E+3	1.99829E+4	1.93892E+4	2.08070E+5	7.18985E+4
2.83000E+1	7.71905E+2	3.78900E+3	1.96789E+4	1.90089E+4	2.09052E+5	7.12819E+4
2.84000E+1	7.35930E+2	3.64968E+3	1.95526E+4	1.89149E+4	2.10136E+5	7.08802E+4
2.85000E+1	7.44758E+2	3.49658E+3	1.93155E+4	1.90372E+4	2.12792E+5	7.06942E+4
2.86000E+1	7.28411E+2	3.40038E+3	1.90177E+4	1.86468E+4	2.14115E+5	7.01366E+4
2.87000E+1	7.46393E+2	3.26141E+3	1.85617E+4	1.83040E+4	2.16360E+5	6.96799E+4
2.88000E+1	7.34295E+2	3.18006E+3	1.81159E+4	1.80480E+4	2.17915E+5	6.87932E+4
2.89000E+1	7.48355E+2	3.05332E+3	1.75505E+4	1.79287E+4	2.19726E+5	6.88097E+4
2.90000E+1	7.48028E+2	2.94565E+3	1.71831E+4	1.79341E+4	2.20899E+5	6.78793E+4
2.91000E+1	7.01288E+2	2.87162E+3	1.68958E+4	1.75508E+4	2.22828E+5	6.74952E+4
2.92000E+1	6.92141E+2	2.78305E+3	1.67819E+4	1.73819E+4	2.24584E+5	6.67359E+4
2.93000E+1	6.95734E+2	2.68750E+3	1.67476E+4	1.71781E+4	2.26303E+5	6.67690E+4
2.94000E+1	7.20894E+2	2.62096E+3	1.65897E+4	1.67216E+4	2.26919E+5	6.60295E+4
2.95000E+1	6.98347E+2	2.55993E+3	1.64939E+4	1.67659E+4	2.28924E+5	6.56521E+4
2.96000E+1	7.11743E+2	2.48678E+3	1.63036E+4	1.67440E+4	2.30275E+5	6.55973E+4
2.97000E+1	7.03901E+2	2.46885E+3	1.62479E+4	1.64680E+4	2.31563E+5	6.53547E+4
2.98000E+1	6.85282E+2	2.35397E+3	1.60840E+4	1.63584E+4	2.32572E+5	6.52314E+4
2.99000E+1	7.07495E+2	2.33001E+3	1.64362E+4	1.59135E+4	2.34014E+5	6.45465E+4
3.00000E+1	7.15011E+2	2.31922E+3	1.65552E+4	1.60443E+4	2.34522E+5	6.46460E+4
3.01000E+1	7.05862E+2	2.23665E+3	1.66831E+4	1.62094E+4	2.35821E+5	6.45473E+4
3.02000E+1	6.95407E+2	2.22554E+3	1.68232E+4	1.58702E+4	2.35078E+5	6.46006E+4
3.03000E+1	7.03901E+2	2.18616E+3	1.71411E+4	1.57777E+4	2.36714E+5	6.46198E+4
3.04000E+1	7.06515E+2	2.12632E+3	1.70867E+4	1.60869E+4	2.36506E+5	6.45700E+4
3.05000E+1	7.05208E+2	2.08097E+3	1.71477E+4	1.59264E+4	2.37795E+5	6.48269E+4
3.06000E+1	7.28738E+2	2.03433E+3	1.73576E+4	1.60600E+4	2.38757E+5	6.50610E+4
3.07000E+1	7.24816E+2	2.00650E+3	1.71477E+4	1.58248E+4	2.37677E+5	6.47823E+4
3.08000E+1	7.13050E+2	2.01790E+3	1.73168E+4	1.59498E+4	2.39060E+5	6.47220E+4
3.09000E+1	7.34949E+2	1.95992E+3	1.76472E+4	1.60543E+4	2.38624E+5	6.47561E+4
3.10000E+1	7.42142E+2	1.95758E+3	1.76798E+4	1.57855E+4	2.39361E+5	6.51954E+4
3.11000E+1	7.37565E+2	1.94653E+3	1.78402E+4	1.58853E+4	2.40067E+5	6.49873E+4
3.12000E+1	7.39199E+2	1.92142E+3	1.79983E+4	1.58499E+4	2.40298E+5	6.51875E+4
3.13000E+1	7.32661E+2	1.91105E+3	1.80867E+4	1.61359E+4	2.40832E+5	6.49040E+4
3.14000E+1	6.90834E+2	1.85420E+3	1.81132E+4	1.60830E+4	2.40567E+5	6.49899E+4
3.15000E+1	7.33968E+2	1.84117E+3	1.82442E+4	1.60105E+4	2.42087E+5	6.53133E+4
3.16000E+1	7.41815E+2	1.82179E+3	1.84210E+4	1.60296E+4	2.41767E+5	6.52174E+4
3.17000E+1	7.29392E+2	1.81979E+3	1.83542E+4	1.59299E+4	2.41714E+5	6.50917E+4
3.18000E+1	7.31353E+2	1.78706E+3	1.81209E+4	1.60435E+4	2.42907E+5	6.50425E+4
3.19000E+1	7.41488E+2	1.79474E+3	1.80396E+4	1.60704E+4	2.43154E+5	6.49794E+4
3.20000E+1	7.50317E+2	1.76104E+3	1.81555E+4	1.60114E+4	2.44162E+5	6.47001E+4
3.21000E+1	7.61764E+2	1.74536E+3	1.81434E+4	1.59568E+4	2.44475E+5	6.47438E+4
3.22000E+1	7.22855E+2	1.70369E+3	1.83194E+4	1.58866E+4	2.44624E+5	6.49320E+4
3.23000E+1	7.10109E+2	1.70702E+3	1.82771E+4	1.59542E+4	2.44429E+5	6.47788E+4
3.24000E+1	7.35930E+2	1.69936E+3	1.82352E+4	1.58049E+4	2.44973E+5	6.47447E+4
3.25000E+1	7.40834E+2	1.66571E+3	1.83014E+4	1.57483E+4	2.46262E+5	6.45578E+4
3.26000E+1	7.09783E+2	1.67970E+3	1.85458E+4	1.59264E+4	2.45364E+5	6.47928E+4
3.27000E+1	7.27757E+2	1.62011E+3	1.86759E+4	1.57786E+4	2.45699E+5	6.49601E+4
3.28000E+1	7.26777E+2	1.60847E+3	1.89023E+4	1.59074E+4	2.45903E+5	6.49654E+4
3.29000E+1	7.38872E+2	1.67970E+3	1.91136E+4	1.58075E+4	2.46200E+5	6.52939E+4
3.30000E+1	7.15011E+2	1.62244E+3	1.90081E+4	1.60591E+4	2.46912E+5	6.51919E+4
3.31000E+1	7.46066E+2	1.62643E+3	1.88472E+4	1.59152E+4	2.46939E+5	6.53326E+4
3.32000E+1	7.28084E+2	1.63276E+3	1.88582E+4	1.59290E+4	2.47063E+5	6.54675E+4
3.33000E+1	7.54241E+2	1.58852E+3	1.88600E+4	1.60309E+4	2.47460E+5	6.55098E+4
3.34000E+1	7.47047E+2	1.55329E+3	1.86986E+4	1.60378E+4	2.48114E+5	6.51040E+4
3.35000E+1	7.15665E+2	1.57622E+3	1.84097E+4	1.58144E+4	2.47265E+5	6.50461E+4
3.36000E+1	7.35930E+2	1.57555E+3	1.83095E+4	1.58698E+4	2.48493E+5	6.48628E+4
3.37000E+1	7.45739E+2	1.57289E+3	1.84680E+4	1.57812E+4	2.49466E+5	6.52719E+4
3.38000E+1	7.38218E+2	1.52306E+3	1.82451E+4	1.56065E+4	2.49545E+5	6.47237E+4
3.39000E+1	7.36911E+2	1.53335E+3	1.82766E+4	1.55652E+4	2.50885E+5	6.48234E+4
3.40000E+1	7.45412E+2	1.57256E+3	1.84861E+4	1.56504E+4	2.51131E+5	6.49610E+4
3.41000E+1	7.65035E+2	1.51376E+3	1.85979E+4	1.55811E+4	2.51218E+5	6.47911E+4
3.42000E+1	7.39199E+2	1.52505E+3	1.85028E+4	1.56224E+4	2.50623E+5	6.50636E+4
3.43000E+1	7.57185E+2	1.50746E+3	1.87249E+4	1.55222E+4	2.51501E+5	6.47657E+4
3.44000E+1	7.51625E+2	1.49252E+3	1.91031E+4	1.54990E+4	2.51640E+5	6.52921E+4
3.45000E+1	7.64053E+2	1.52605E+3	1.90373E+4	1.55897E+4	2.50706E+5	6.53089E+4
3.46000E+1	7.20240E+2	1.46830E+3	1.92357E+4	1.56987E+4	2.50984E+5	6.52666E+4
3.47000E+1	7.38545E+2	1.52306E+3	1.93306E+4	1.57207E+4	2.51210E+5	6.54172E+4
3.48000E+1	7.31353E+2	1.46399E+3	1.92953E+4	1.57039E+4	2.51170E+5	6.54948E+4
3.49000E+1	7.89574E+2	1.49020E+3	1.93251E+4	1.56832E+4	2.51532E+5	6.55814E+4
3.50000E+1	7.55549E+2	1.49020E+3	1.93393E+4	1.59065E+4	2.51524E+5	6.59816E+4
3.51000E+1	7.44758E+2	1.45570E+3	1.96102E+4	1.59576E+4	2.52583E+5	6.58769E+4
3.52000E+1	7.61764E+2	1.46830E+3	2.00989E+4	1.60287E+4	2.51433E+5	6.60757E+4
3.53000E+1	7.89574E+2	1.42686E+3	2.07732E+4	1.58395E+4	2.52103E+5	6.64712E+4
3.54000E+1	8.12161E+2	1.46764E+3	2.17328E+4	1.61794E+4	2.50901E+5	6.68560E+4
3.55000E+1	8.03977E+2	1.46532E+3	2.27816E+4	1.64243E+4	2.50374E+5	6.76844E+4
3.56000E+1	8.54089E+2	1.43978E+3	2.37094E+4	1.63968E+4	2.48302E+5	6.81822E+4
3.57000E+1	8.50157E+2	1.47195E+3	2.45408E+4	1.68319E+4	2.46885E+5	6.87271E+4
3.58000E+1	8.40983E+2	1.43879E+3	2.50526E+4	1.71710E+4	2.45811E+5	6.95789E+4
3.59000E+1	8.64576E+2	1.45470E+3	2.56179E+4	1.74121E+4	2.45284E+5	7.01776E+4
3.60000E+1	7.95466E+2	1.42420E+3	2.57670E+4	1.78400E+4	2.44605E+5	7.07646E+4
3.61000E+1	8.30500E+2	1.46100E+3	2.57467E+4	1.80035E+4	2.44097E+5	7.11695E+4
3.62000E+1	8.58021E+2	1.44343E+3	2.56011E+4	1.81990E+4	2.43473E+5	7.15489E+4
3.63000E+1	8.52450E+2	1.44111E+3	2.53501E+4	1.84213E+4	2.43218E+5	7.15527E+4
3.64000E+1	8.59332E+2	1.45669E+3	2.49479E+4	1.84819E+4	2.44414E+5	7.16979E+4
3.65000E+1	8.29518E+2	1.47261E+3	2.48630E+4	1.87566E+4	2.43636E+5	7.16542E+4
3.66000E+1	8.25260E+2	1.42354E+3	2.47631E+4	1.87407E+4	2.43986E+5	7.19214E+4
3.67000E+1	8.31483E+2	1.39472E+3	2.48931E+4	1.86186E+4	2.43514E+5	7.16124E+4
3.68000E+1	8.65887E+2	1.43083E+3	2.52898E+4	1.86127E+4	2.44108E+5	7.20214E+4
3.69000E+1	8.73754E+2	1.43150E+3	2.55310E+4	1.87611E+4	2.43435E+5	7.22687E+4
3.70000E+1	8.52123E+2	1.45702E+3	2.59819E+4	1.89892E+4	2.42555E+5	7.24630E+4
3.71000E+1	8.58021E+2	1.42686E+3	2.61760E+4	1.89860E+4	2.42193E+5	7.27615E+4
3.72000E+1	8.48191E+2	1.41758E+3	2.60044E+4	1.92168E+4	2.42174E+5	7.29328E+4
3.73000E+1	8.60971E+2	1.41724E+3	2.55772E+4	1.93888E+4	2.41692E+5	7.32108E+4
3.74000E+1	8.40328E+2	1.43282E+3	2.50128E+4	1.96926E+4	2.42027E+5	7.30070E+4
3.75000E+1	8.16091E+2	1.41559E+3	2.41950E+4	1.92361E+4	2.41598E+5	7.26155E+4
3.76000E+1	8.26243E+2	1.41724E+3	2.38570E+4	1.90207E+4	2.43514E+5	7.26683E+4
3.77000E+1	8.05286E+2	1.40664E+3	2.37040E+4	1.91990E+4	2.43933E+5	7.26510E+4
3.78000E+1	8.41310E+2	1.39571E+3	2.37094E+4	1.88557E+4	2.44399E+5	7.23567E+4
3.79000E+1	8.32138E+2	1.43116E+3	2.36848E+4	1.88562E+4	2.44739E+5	7.19766E+4
3.80000E+1	8.32138E+2	1.38644E+3	2.35917E+4	1.86005E+4	2.44334E+5	7.19823E+4
3.81000E+1	8.30828E+2	1.35797E+3	2.38051E+4	1.86499E+4	2.44632E+5	7.20157E+4
3.82000E+1	8.41966E+2	1.39141E+3	2.36045E+4	1.85960E+4	2.45287E+5	7.21034E+4
3.83000E+1	8.41638E+2	1.38544E+3	2.34275E+4	1.87666E+4	2.45161E+5	7.16238E+4
3.84000E+1	8.16091E+2	1.42719E+3	2.29669E+4	1.87480E+4	2.44793E+5	7.13387E+4
3.85000E+1	8.12161E+2	1.39902E+3	2.23851E+4	1.85611E+4	2.45468E+5	7.13037E+4
3.86000E+1	8.21330E+2	1.41393E+3	2.18341E+4	1.83076E+4	2.46088E+5	7.08596E+4
3.87000E+1	7.76485E+2	1.42918E+3	2.12298E+4	1.83969E+4	2.47269E+5	7.03177E+4
3.88000E+1	7.53914E+2	1.40035E+3	2.07479E+4	1.81396E+4	2.48142E+5	6.98619E+4
3.89000E+1	7.80412E+2	1.43282E+3	2.03224E+4	1.77676E+4	2.48967E+5	6.93891E+4
3.90000E+1	7.75504E+2	1.39174E+3	2.00534E+4	1.77922E+4	2.51004E+5	6.92792E+4
3.91000E+1	7.68960E+2	1.39141E+3	1.97764E+4	1.74872E+4	2.50849E+5	6.85485E+4
3.92000E+1	7.70596E+2	1.37617E+3	1.95867E+4	1.72742E+4	2.50062E+5	6.78793E+4
3.93000E+1	7.66670E+2	1.37419E+3	1.93568E+4	1.71370E+4	2.51652E+5	6.76481E+4
3.94000E+1	7.67325E+2	1.35499E+3	1.96342E+4	1.69692E+4	2.51943E+5	6.76644E+4
3.95000E+1	7.69942E+2	1.37352E+3	1.96194E+4	1.68301E+4	2.52234E+5	6.72660E+4
3.96000E+1	7.72232E+2	1.32356E+3	1.99662E+4	1.66510E+4	2.52855E+5	6.71642E+4
3.97000E+1	7.67652E+2	1.33216E+3	2.00673E+4	1.68121E+4	2.52603E+5	6.73823E+4
3.98000E+1	7.57839E+2	1.35168E+3	2.01082E+4	1.68926E+4	2.52975E+5	6.75106E+4
3.99000E+1	7.66670E+2	1.32819E+3	1.99550E+4	1.66413E+4	2.53068E+5	6.73697E+4
4.00000E+1	7.50317E+2	1.34142E+3	1.98638E+4	1.67330E+4	2.54087E+5	6.73941E+4
4.01000E+1	7.41161E+2	1.33116E+3	1.95301E+4	1.68094E+4	2.55657E+5	6.71615E+4
4.02000E+1	7.37565E+2	1.34804E+3	1.95535E+4	1.66501E+4	2.54584E+5	6.68264E+4
4.03000E+1	7.71578E+2	1.36525E+3	1.95407E+4	1.65577E+4	2.55083E+5	6.67072E+4
4.04000E+1	7.68633E+2	1.33679E+3	1.95407E+4	1.65922E+4	2.55425E+5	6.68031E+4
4.05000E+1	7.81066E+2	1.33381E+3	1.94551E+4	1.65143E+4	2.55213E+5	6.70014E+4
4.06000E+1	7.56858E+2	1.33447E+3	1.93293E+4	1.62948E+4	2.55368E+5	6.65417E+4
4.07000E+1	7.46393E+2	1.30008E+3	1.92765E+4	1.66093E+4	2.55820E+5	6.65131E+4
4.08000E+1	7.70269E+2	1.34241E+3	1.91813E+4	1.63654E+4	2.56363E+5	6.66061E+4
4.09000E+1	7.08476E+2	1.30173E+3	1.93123E+4	1.62765E+4	2.56306E+5	6.63596E+4
4.10000E+1	7.84993E+2	1.33315E+3	1.90674E+4	1.64204E+4	2.57690E+5	6.61842E+4
4.11000E+1	7.61437E+2	1.31893E+3	1.85843E+4	1.63436E+4	2.57258E+5	6.61362E+4
4.12000E+1	7.71250E+2	1.30041E+3	1.83826E+4	1.61094E+4	2.57818E+5	6.58344E+4
4.13000E+1	7.59801E+2	1.33083E+3	1.82460E+4	1.61055E+4	2.58479E+5	6.57883E+4
4.14000E+1	7.31680E+2	1.31992E+3	1.80288E+4	1.61759E+4	2.59713E+5	6.54613E+4
4.15000E+1	7.18279E+2	1.31297E+3	1.76891E+4	1.60456E+4	2.59155E+5	6.57069E+4
4.16000E+1	7.41488E+2	1.30834E+3	1.75336E+4	1.57332E+4	2.60427E+5	6.49434E+4
4.17000E+1	7.24816E+2	1.30371E+3	1.73164E+4	1.58123E+4	2.62633E+5	6.48322E+4
4.18000E+1	7.33968E+2	1.26141E+3	1.72854E+4	1.55807E+4	2.62667E+5	6.44532E+4
4.19000E+1	7.50644E+2	1.29545E+3	1.74487E+4	1.54749E+4	2.62748E+5	6.44262E+4
4.20000E+1	7.24162E+2	1.29512E+3	1.74727E+4	1.52391E+4	2.62447E+5	6.42183E+4
4.21000E+1	7.45085E+2	1.29347E+3	1.77159E+4	1.53020E+4	2.63295E+5	6.41132E+4
4.22000E+1	7.44431E+2	1.27298E+3	1.78437E+4	1.54547E+4	2.63760E+5	6.41523E+4
4.23000E+1	7.42142E+2	1.23136E+3	1.79947E+4	1.53685E+4	2.63210E+5	6.43879E+4
4.24000E+1	7.58166E+2	1.27132E+3	1.79718E+4	1.51852E+4	2.62557E+5	6.43122E+4
4.25000E+1	7.36584E+2	1.23763E+3	1.82293E+4	1.54242E+4	2.63066E+5	6.43818E+4
4.26000E+1	7.38218E+2	1.24787E+3	1.82676E+4	1.53470E+4	2.63372E+5	6.43391E+4
4.27000E+1	7.53260E+2	1.26108E+3	1.84893E+4	1.54101E+4	2.63295E+5	6.43591E+4
4.28000E+1	7.55549E+2	1.29280E+3	1.86664E+4	1.54616E+4	2.63747E+5	6.46477E+4
4.29000E+1	7.36584E+2	1.25415E+3	1.87608E+4	1.55261E+4	2.64225E+5	6.47771E+4
4.30000E+1	7.75831E+2	1.25613E+3	1.88928E+4	1.55037E+4	2.62799E+5	6.47605E+4
4.31000E+1	7.63726E+2	1.28388E+3	1.92312E+4	1.56578E+4	2.62341E+5	6.49478E+4
4.32000E+1	7.74195E+2	1.27198E+3	1.94022E+4	1.58066E+4	2.63066E+5	6.50566E+4
4.33000E+1	7.93829E+2	1.26273E+3	1.96775E+4	1.56380E+4	2.61581E+5	6.53714E+4
4.34000E+1	7.77467E+2	1.28124E+3	2.01798E+4	1.60001E+4	2.61699E+5	6.58122E+4
4.35000E+1	7.62091E+2	1.21684E+3	2.05518E+4	1.59174E+4	2.59767E+5	6.55990E+4
4.36000E+1	7.87611E+2	1.27364E+3	2.07610E+4	1.61520E+4	2.59284E+5	6.60730E+4
4.37000E+1	7.81393E+2	1.25018E+3	2.14618E+4	1.63589E+4	2.59014E+5	6.64596E+4
4.38000E+1	8.08560E+2	1.28091E+3	2.17954E+4	1.65966E+4	2.57690E+5	6.68901E+4
4.39000E+1	8.16746E+2	1.25448E+3	2.20536E+4	1.64645E+4	2.56810E+5	6.71129E+4
4.40000E+1	7.93502E+2	1.26306E+3	2.24783E+4	1.69736E+4	2.57933E+5	6.72669E+4
4.41000E+1	8.32138E+2	1.24655E+3	2.28740E+4	1.71104E+4	2.55959E+5	6.78140E+4
4.42000E+1	8.09215E+2	1.21188E+3	2.30688E+4	1.71219E+4	2.53772E+5	6.79829E+4
4.43000E+1	8.25915E+2	1.25613E+3	2.35587E+4	1.74294E+4	2.54499E+5	6.84414E+4
4.44000E+1	8.32793E+2	1.23433E+3	2.39203E+4	1.78172E+4	2.54208E+5	6.86373E+4
4.45000E+1	8.66543E+2	1.24424E+3	2.40223E+4	1.79099E+4	2.53671E+5	6.89613E+4
4.46000E+1	8.31811E+2	1.28553E+3	2.45668E+4	1.80215E+4	2.54305E+5	6.94835E+4
4.47000E+1	8.47535E+2	1.26009E+3	2.46839E+4	1.83148E+4	2.52075E+5	6.96558E+4
4.48000E+1	8.12161E+2	1.26505E+3	2.47982E+4	1.85439E+4	2.51783E+5	7.00564E+4
4.49000E+1	8.23950E+2	1.23829E+3	2.45278E+4	1.88553E+4	2.51147E+5	7.02056E+4
4.50000E+1	8.39017E+2	1.22542E+3	2.39990E+4	1.88530E+4	2.50885E+5	7.02261E+4
4.51000E+1	8.11179E+2	1.27231E+3	2.36020E+4	1.89186E+4	2.52623E+5	7.01496E+4
4.52000E+1	8.35741E+2	1.24589E+3	2.32262E+4	1.89952E+4	2.53164E+5	6.99819E+4
4.53000E+1	8.00703E+2	1.25613E+3	2.30610E+4	1.89587E+4	2.52955E+5	6.99689E+4
4.54000E+1	8.16746E+2	1.28289E+3	2.28438E+4	1.88480E+4	2.52370E+5	6.99047E+4
4.55000E+1	8.25588E+2	1.28454E+3	2.25354E+4	1.90367E+4	2.53812E+5	7.02056E+4
4.56000E+1	8.02012E+2	1.23829E+3	2.20550E+4	1.87689E+4	2.54240E+5	6.95113E+4
4.57000E+1	8.06596E+2	1.25580E+3	2.16827E+4	1.87907E+4	2.53426E+5	6.94215E+4
4.58000E+1	8.08887E+2	1.23532E+3	2.12502E+4	1.83590E+4	2.55343E+5	6.89282E+4
4.59000E+1	7.78448E+2	1.25547E+3	2.05701E+4	1.84679E+4	2.55840E+5	6.85000E+4
4.60000E+1	7.83684E+2	1.25051E+3	2.01724E+4	1.81419E+4	2.56728E+5	6.81996E+4
4.61000E+1	7.84993E+2	1.27298E+3	1.96605E+4	1.79031E+4	2.58748E+5	6.79929E+4
4.62000E+1	7.73541E+2	1.23466E+3	1.91803E+4	1.78441E+4	2.58628E+5	6.73453E+4
4.63000E+1	7.59147E+2	1.24787E+3	1.85902E+4	1.74970E+4	2.60506E+5	6.68883E+4
4.64000E+1	7.63726E+2	1.27925E+3	1.80679E+4	1.71790E+4	2.61346E+5	6.65060E+4
4.65000E+1	7.32007E+2	1.19374E+3	1.76807E+4	1.71502E+4	2.63100E+5	6.58645E+4
4.66000E+1	7.36584E+2	1.24160E+3	1.74971E+4	1.67348E+4	2.64996E+5	6.56521E+4
4.67000E+1	7.52279E+2	1.23895E+3	1.72916E+4	1.64261E+4	2.65904E+5	6.50566E+4
4.68000E+1	7.47047E+2	1.25150E+3	1.70788E+4	1.64335E+4	2.65955E+5	6.49785E+4
4.69000E+1	7.40834E+2	1.22806E+3	1.68544E+4	1.62186E+4	2.66219E+5	6.43017E+4
4.70000E+1	7.48682E+2	1.24919E+3	1.64952E+4	1.58931E+4	2.67102E+5	6.38369E+4
4.71000E+1	7.22528E+2	1.21320E+3	1.63415E+4	1.59035E+4	2.68261E+5	6.36702E+4
4.72000E+1	7.25796E+2	1.22575E+3	1.62553E+4	1.57652E+4	2.69189E+5	6.33085E+4
4.73000E+1	7.21874E+2	1.23070E+3	1.59790E+4	1.55067E+4	2.70211E+5	6.27895E+4
4.74000E+1	7.26777E+2	1.20429E+3	1.58522E+4	1.54573E+4	2.71034E+5	6.28023E+4
4.75000E+1	7.08802E+2	1.20858E+3	1.57843E+4	1.53080E+4	2.71309E+5	6.24869E+4
4.76000E+1	7.27104E+2	1.25877E+3	1.56523E+4	1.51472E+4	2.70777E+5	6.25014E+4
4.77000E+1	7.27104E+2	1.20067E+3	1.56368E+4	1.49804E+4	2.72521E+5	6.21313E+4
4.78000E+1	7.14357E+2	1.21518E+3	1.57273E+4	1.48120E+4	2.73207E+5	6.20408E+4
4.79000E+1	7.28738E+2	1.21948E+3	1.57843E+4	1.47314E+4	2.72736E+5	6.20340E+4
4.80000E+1	7.32007E+2	1.20990E+3	1.56394E+4	1.49276E+4	2.73881E+5	6.19469E+4
4.81000E+1	7.29719E+2	1.23202E+3	1.53849E+4	1.47657E+4	2.73800E+5	6.16947E+4
4.82000E+1	6.97041E+2	1.22080E+3	1.52422E+4	1.47254E+4	2.74336E+5	6.14038E+4
4.83000E+1	6.79077E+2	1.22410E+3	1.50095E+4	1.46238E+4	2.74436E+5	6.12386E+4
4.84000E+1	7.10763E+2	1.21287E+3	1.49490E+4	1.44665E+4	2.74716E+5	6.12486E+4
4.85000E+1	6.91161E+2	1.17625E+3	1.51478E+4	1.43994E+4	2.75973E+5	6.08334E+4
4.86000E+1	7.13050E+2	1.19902E+3	1.51858E+4	1.43223E+4	2.76635E+5	6.06386E+4
4.87000E+1	7.15338E+2	1.18747E+3	1.51661E+4	1.42975E+4	2.76584E+5	6.06245E+4
4.88000E+1	7.31680E+2	1.17691E+3	1.53566E+4	1.42714E+4	2.75015E+5	6.06378E+4
4.89000E+1	7.31026E+2	1.17790E+3	1.52504E+4	1.42134E+4	2.75882E+5	6.05680E+4
4.90000E+1	7.26777E+2	1.16834E+3	1.54793E+4	1.43291E+4	2.75514E+5	6.07401E+4
4.91000E+1	7.29719E+2	1.13241E+3	1.55253E+4	1.44159E+4	2.76498E+5	6.05987E+4
4.92000E+1	7.30372E+2	1.17625E+3	1.55705E+4	1.42988E+4	2.75264E+5	6.08034E+4
4.93000E+1	7.30372E+2	1.16999E+3	1.55030E+4	1.43135E+4	2.75382E+5	6.08517E+4
4.94000E+1	7.34622E+2	1.14460E+3	1.53858E+4	1.42992E+4	2.75069E+5	6.05107E+4
4.95000E+1	7.27757E+2	1.19110E+3	1.54510E+4	1.43080E+4	2.76010E+5	6.06212E+4
4.96000E+1	7.27431E+2	1.17197E+3	1.54488E+4	1.44707E+4	2.77321E+5	6.06694E+4
4.97000E+1	7.28411E+2	1.16636E+3	1.53600E+4	1.45299E+4	2.76155E+5	6.05946E+4
4.98000E+1	6.94754E+2	1.20429E+3	1.53810E+4	1.43506E+4	2.76639E+5	6.03797E+4
4.99000E+1	7.36584E+2	1.14559E+3	1.51546E+4	1.43535E+4	2.77299E+5	6.01926E+4
5.00000E+1	7.27431E+2	1.16504E+3	1.52298E+4	1.43514E+4	2.78103E+5	6.04120E+4
5.01000E+1	7.21874E+2	1.19638E+3	1.54051E+4	1.43063E+4	2.78034E+5	6.04136E+4
5.02000E+1	7.43123E+2	1.15317E+3	1.56838E+4	1.42996E+4	2.77546E+5	6.05090E+4
5.03000E+1	7.49663E+2	1.17131E+3	1.58777E+4	1.43859E+4	2.77344E+5	6.06835E+4
5.04000E+1	7.40834E+2	1.13340E+3	1.63747E+4	1.45645E+4	2.77019E+5	6.05846E+4
5.05000E+1	7.59801E+2	1.14955E+3	1.67125E+4	1.44762E+4	2.76443E+5	6.09860E+4
5.06000E+1	7.79430E+2	1.16735E+3	1.68522E+4	1.44999E+4	2.76046E+5	6.11457E+4
5.07000E+1	7.65035E+2	1.14032E+3	1.68852E+4	1.48919E+4	2.74007E+5	6.13442E+4
5.08000E+1	7.71905E+2	1.16339E+3	1.70386E+4	1.49885E+4	2.74093E+5	6.18152E+4
5.09000E+1	7.71905E+2	1.14757E+3	1.71150E+4	1.50409E+4	2.75355E+5	6.17132E+4
5.10000E+1	7.80412E+2	1.17790E+3	1.70823E+4	1.51408E+4	2.75128E+5	6.20450E+4
5.11000E+1	7.67979E+2	1.16636E+3	1.72061E+4	1.51669E+4	2.73508E+5	6.20205E+4
5.12000E+1	7.69942E+2	1.13604E+3	1.73696E+4	1.53792E+4	2.74224E+5	6.21127E+4
5.13000E+1	7.67325E+2	1.13472E+3	1.75483E+4	1.54358E+4	2.74111E+5	6.23501E+4
5.14000E+1	7.71905E+2	1.17625E+3	1.76173E+4	1.54195E+4	2.74621E+5	6.24682E+4
5.15000E+1	7.67652E+2	1.14955E+3	1.78241E+4	1.55966E+4	2.72700E+5	6.27323E+4
5.16000E+1	7.90229E+2	1.16306E+3	1.81393E+4	1.57643E+4	2.72879E+5	6.32509E+4
5.17000E+1	7.77140E+2	1.13834E+3	1.84911E+4	1.59637E+4	2.73175E+5	6.33626E+4
5.18000E+1	7.97757E+2	1.14724E+3	1.88113E+4	1.59771E+4	2.72924E+5	6.36089E+4
5.19000E+1	8.11507E+2	1.17560E+3	1.91113E+4	1.60947E+4	2.71291E+5	6.38775E+4
5.20000E+1	8.04304E+2	1.16076E+3	1.93384E+4	1.62460E+4	2.69669E+5	6.43348E+4
5.21000E+1	8.32466E+2	1.16405E+3	2.00841E+4	1.63288E+4	2.70087E+5	6.47535E+4
5.22000E+1	8.27880E+2	1.16306E+3	2.11035E+4	1.65502E+4	2.67663E+5	6.53362E+4
5.23000E+1	8.79655E+2	1.17230E+3	2.23871E+4	1.67290E+4	2.67154E+5	6.57396E+4
5.24000E+1	8.86213E+2	1.12648E+3	2.39490E+4	1.71551E+4	2.65391E+5	6.65060E+4
5.25000E+1	9.22623E+2	1.17955E+3	2.55422E+4	1.76168E+4	2.61501E+5	6.73733E+4
5.26000E+1	9.43300E+2	1.17757E+3	2.74542E+4	1.80745E+4	2.58260E+5	6.84186E+4
5.27000E+1	9.92237E+2	1.16175E+3	2.94588E+4	1.85742E+4	2.54836E+5	6.95159E+4
5.28000E+1	1.03563E+3	1.16142E+3	3.21625E+4	1.93989E+4	2.51302E+5	7.09715E+4
5.29000E+1	1.04089E+3	1.16867E+3	3.47963E+4	2.01625E+4	2.47569E+5	7.23088E+4
5.30000E+1	1.11495E+3	1.17131E+3	3.77796E+4	2.10604E+4	2.44502E+5	7.34411E+4
5.31000E+1	1.19110E+3	1.20330E+3	4.12480E+4	2.21937E+4	2.40922E+5	7.55104E+4
5.32000E+1	1.15120E+3	1.19671E+3	4.52257E+4	2.34991E+4	2.37160E+5	7.70178E+4
5.33000E+1	1.23730E+3	1.21155E+3	4.90987E+4	2.47474E+4	2.34374E+5	7.85246E+4
5.34000E+1	1.29181E+3	1.20594E+3	5.37492E+4	2.60212E+4	2.30458E+5	7.98767E+4
5.35000E+1	1.32422E+3	1.22641E+3	5.88283E+4	2.77246E+4	2.27692E+5	8.21654E+4
5.36000E+1	1.37683E+3	1.22311E+3	6.43779E+4	2.93820E+4	2.24624E+5	8.37865E+4
5.37000E+1	1.40068E+3	1.22377E+3	7.00709E+4	3.13969E+4	2.21291E+5	8.54346E+4
5.38000E+1	1.50546E+3	1.23532E+3	7.72397E+4	3.35170E+4	2.18345E+5	8.73767E+4
5.39000E+1	1.55096E+3	1.21585E+3	8.39800E+4	3.55585E+4	2.14848E+5	8.93808E+4
5.40000E+1	1.59151E+3	1.25976E+3	9.22494E+4	3.75315E+4	2.12154E+5	9.15322E+4
5.41000E+1	1.66505E+3	1.25051E+3	1.02216E+5	4.04597E+4	2.09879E+5	9.31627E+4
5.42000E+1	1.72735E+3	1.27760E+3	1.10258E+5	4.33099E+4	2.07570E+5	9.57007E+4
5.43000E+1	1.77205E+3	1.29413E+3	1.19765E+5	4.69769E+4	2.04253E+5	9.81304E+4
5.44000E+1	1.84250E+3	1.30107E+3	1.31654E+5	4.92189E+4	2.02687E+5	1.00086E+5
5.45000E+1	1.91741E+3	1.22311E+3	1.42637E+5	5.37482E+4	1.99114E+5	1.02904E+5
5.46000E+1	1.98371E+3	1.28652E+3	1.57451E+5	5.63480E+4	1.97243E+5	1.05193E+5
5.47000E+1	2.01656E+3	1.28586E+3	1.69609E+5	6.11735E+4	1.95866E+5	1.08105E+5
5.48000E+1	2.10885E+3	1.26538E+3	1.83744E+5	6.54140E+4	1.92647E+5	1.10081E+5
5.49000E+1	2.18112E+3	1.34374E+3	1.97582E+5	6.97711E+4	1.90228E+5	1.13513E+5
5.50000E+1	2.27775E+3	1.35399E+3	2.12697E+5	7.40395E+4	1.87985E+5	1.16059E+5
5.51000E+1	2.37692E+3	1.30801E+3	2.30771E+5	7.88118E+4	1.86080E+5	1.18836E+5
5.52000E+1	2.42591E+3	1.33778E+3	2.46954E+5	8.40069E+4	1.83620E+5	1.22080E+5
5.53000E+1	2.51758E+3	1.33149E+3	2.65304E+5	8.90294E+4	1.81779E+5	1.24999E+5
5.54000E+1	2.57314E+3	1.36657E+3	2.84352E+5	9.51511E+4	1.79435E+5	1.27920E+5
5.55000E+1	2.70517E+3	1.39935E+3	3.01353E+5	1.00725E+5	1.78083E+5	1.31139E+5
5.56000E+1	2.77931E+3	1.39174E+3	3.23342E+5	1.07736E+5	1.75825E+5	1.34888E+5
5.57000E+1	2.84469E+3	1.41294E+3	3.44908E+5	1.12763E+5	1.74170E+5	1.37568E+5
5.58000E+1	2.99587E+3	1.41559E+3	3.65533E+5	1.20705E+5	1.71696E+5	1.40952E+5
5.59000E+1	3.08720E+3	1.45868E+3	3.87259E+5	1.29000E+5	1.70321E+5	1.44328E+5
5.60000E+1	3.17595E+3	1.43315E+3	4.06459E+5	1.34197E+5	1.67846E+5	1.47814E+5
5.61000E+1	3.27172E+3	1.47228E+3	4.31232E+5	1.42726E+5	1.66138E+5	1.51939E+5
5.62000E+1	3.43277E+3	1.45106E+3	4.53197E+5	1.49201E+5	1.64453E+5	1.55534E+5
5.63000E+1	3.54698E+3	1.45238E+3	4.78315E+5	1.57314E+5	1.63374E+5	1.59176E+5
5.64000E+1	3.66664E+3	1.46697E+3	5.02787E+5	1.66061E+5	1.61120E+5	1.63849E+5
5.65000E+1	3.77096E+3	1.47858E+3	5.28796E+5	1.74041E+5	1.59826E+5	1.67877E+5
5.66000E+1	3.89670E+3	1.47991E+3	5.52689E+5	1.81353E+5	1.57558E+5	1.71951E+5
5.67000E+1	4.03215E+3	1.51509E+3	5.86132E+5	1.91032E+5	1.56479E+5	1.75972E+5
5.68000E+1	4.17915E+3	1.48522E+3	6.01261E+5	2.00942E+5	1.54864E+5	1.79886E+5
5.69000E+1	4.31535E+3	1.51974E+3	6.25300E+5	2.10718E+5	1.53133E+5	1.85123E+5
5.70000E+1	4.49444E+3	1.50115E+3	6.50500E+5	2.15833E+5	1.51063E+5	1.89163E+5
5.71000E+1	4.62970E+3	1.54797E+3	6.86359E+5	2.22645E+5	1.50927E+5	1.93800E+5
5.72000E+1	4.80245E+3	1.55960E+3	7.04540E+5	2.34174E+5	1.48749E+5	1.98654E+5
5.73000E+1	4.89383E+3	1.54099E+3	7.36115E+5	2.42036E+5	1.48067E+5	2.03685E+5
5.74000E+1	5.15430E+3	1.55694E+3	7.62269E+5	2.48475E+5	1.46813E+5	2.08518E+5
5.75000E+1	5.30806E+3	1.57156E+3	7.92107E+5	2.58853E+5	1.45210E+5	2.14224E+5
5.76000E+1	5.45654E+3	1.58187E+3	8.11359E+5	2.67313E+5	1.44584E+5	2.19927E+5
5.77000E+1	5.61765E+3	1.59184E+3	8.47323E+5	2.74379E+5	1.42909E+5	2.23913E+5
5.78000E+1	5.81496E+3	1.58320E+3	8.63017E+5	2.83079E+5	1.41327E+5	2.30564E+5
5.79000E+1	5.91100E+3	1.59483E+3	8.82962E+5	2.91916E+5	1.40961E+5	2.36736E+5
5.80000E+1	6.14860E+3	1.60647E+3	9.19643E+5	3.00471E+5	1.39253E+5	2.42155E+5
5.81000E+1	6.28599E+3	1.67737E+3	9.51241E+5	3.10807E+5	1.37879E+5	2.47584E+5
5.82000E+1	6.46681E+3	1.65772E+3	9.69718E+5	3.20115E+5	1.37047E+5	2.53551E+5
5.83000E+1	6.71755E+3	1.65472E+3	9.83458E+5	3.26399E+5	1.35961E+5	2.59742E+5
5.84000E+1	6.86121E+3	1.66605E+3	1.01107E+6	3.33401E+5	1.34882E+5	2.66730E+5
5.85000E+1	7.03698E+3	1.68969E+3	1.04721E+6	3.46133E+5	1.33990E+5	2.72643E+5
5.86000E+1	7.24037E+3	1.67970E+3	1.04734E+6	3.50275E+5	1.32767E+5	2.79147E+5
5.87000E+1	7.44752E+3	1.68037E+3	1.08234E+6	3.61420E+5	1.31691E+5	2.85892E+5
5.88000E+1	7.70813E+3	1.73435E+3	1.10868E+6	3.66097E+5	1.30785E+5	2.91954E+5
5.89000E+1	7.84248E+3	1.71235E+3	1.12388E+6	3.75566E+5	1.29738E+5	3.01631E+5
5.90000E+1	8.06023E+3	1.77338E+3	1.16036E+6	3.79904E+5	1.28646E+5	3.06613E+5
5.91000E+1	8.29360E+3	1.73135E+3	1.18450E+6	3.91898E+5	1.27249E+5	3.15129E+5
5.92000E+1	8.60886E+3	1.79841E+3	1.19183E+6	3.95217E+5	1.26709E+5	3.21270E+5
5.93000E+1	8.74203E+3	1.75703E+3	1.21503E+6	4.01555E+5	1.25736E+5	3.28274E+5
5.94000E+1	8.91259E+3	1.80409E+3	1.23219E+6	4.10094E+5	1.25381E+5	3.37578E+5
5.95000E+1	9.21225E+3	1.80843E+3	1.23632E+6	4.16365E+5	1.24087E+5	3.43322E+5
5.96000E+1	9.43481E+3	1.80643E+3	1.26879E+6	4.19754E+5	1.23182E+5	3.50646E+5
5.97000E+1	9.62767E+3	1.84718E+3	1.30389E+6	4.28831E+5	1.22559E+5	3.60207E+5
5.98000E+1	9.77694E+3	1.76304E+3	1.29839E+6	4.33356E+5	1.21799E+5	3.68141E+5
5.99000E+1	9.90911E+3	1.84184E+3	1.32805E+6	4.43203E+5	1.21227E+5	3.77922E+5
6.00000E+1	1.01693E+4	1.82947E+3	1.35694E+6	4.48076E+5	1.20592E+5	3.84524E+5
6.01000E+1	1.03197E+4	1.87459E+3	1.37501E+6	4.55829E+5	1.19842E+5	3.91810E+5
6.02000E+1	1.05448E+4	1.84284E+3	1.39475E+6	4.59224E+5	1.18769E+5	4.02259E+5
6.03000E+1	1.07408E+4	1.90737E+3	1.38816E+6	4.66635E+5	1.18317E+5	4.11925E+5
6.04000E+1	1.09538E+4	1.89666E+3	1.39612E+6	4.70688E+5	1.17607E+5	4.21481E+5
6.05000E+1	1.11656E+4	1.91038E+3	1.43224E+6	4.78646E+5	1.16914E+5	4.27965E+5
6.06000E+1	1.14222E+4	1.91875E+3	1.43869E+6	4.83607E+5	1.15747E+5	4.38143E+5
6.07000E+1	1.15591E+4	1.95222E+3	1.46729E+6	4.89201E+5	1.15631E+5	4.47174E+5
6.08000E+1	1.17161E+4	1.94419E+3	1.46059E+6	4.95167E+5	1.14732E+5	4.56803E+5
6.09000E+1	1.20694E+4	1.97533E+3	1.49745E+6	5.05606E+5	1.14511E+5	4.66364E+5
6.10000E+1	1.21581E+4	2.00751E+3	1.52149E+6	5.07265E+5	1.13573E+5	4.73967E+5
6.11000E+1	1.24051E+4	2.03701E+3	1.52250E+6	5.18962E+5	1.12806E+5	4.82246E+5
6.12000E+1	1.24307E+4	2.01455E+3	1.53593E+6	5.21316E+5	1.12125E+5	4.89960E+5
6.13000E+1	1.26744E+4	2.03433E+3	1.55680E+6	5.29137E+5	1.11523E+5	4.99196E+5
6.14000E+1	1.28362E+4	2.06855E+3	1.56257E+6	5.37170E+5	1.11029E+5	5.11364E+5
6.15000E+1	1.30182E+4	2.03031E+3	1.59119E+6	5.39269E+5	1.10751E+5	5.24714E+5
6.16000E+1	1.32053E+4	2.03031E+3	1.61124E+6	5.35669E+5	1.10200E+5	5.36708E+5
6.17000E+1	1.34022E+4	2.05446E+3	1.61265E+6	5.52177E+5	1.09606E+5	5.40241E+5
6.18000E+1	1.34909E+4	2.06990E+3	1.61303E+6	5.55455E+5	1.08397E+5	5.51543E+5
6.19000E+1	1.36463E+4	2.09004E+3	1.66324E+6	5.61955E+5	1.08447E+5	5.59798E+5
6.20000E+1	1.38748E+4	2.14312E+3	1.69953E+6	5.69219E+5	1.07743E+5	5.69258E+5
6.21000E+1	1.41613E+4	2.12800E+3	1.66968E+6	5.69031E+5	1.07029E+5	5.81618E+5
6.22000E+1	1.42121E+4	2.16396E+3	1.68258E+6	5.74718E+5	1.06367E+5	5.87582E+5
6.23000E+1	1.43686E+4	2.12228E+3	1.67789E+6	5.74688E+5	1.06097E+5	6.02219E+5
6.24000E+1	1.46127E+4	2.11556E+3	1.69061E+6	5.86294E+5	1.06118E+5	6.12978E+5
6.25000E+1	1.46449E+4	2.20399E+3	1.71649E+6	5.93532E+5	1.05677E+5	6.21563E+5
6.26000E+1	1.48600E+4	2.23631E+3	1.73691E+6	5.96692E+5	1.05188E+5	6.32668E+5
6.27000E+1	1.50047E+4	2.22318E+3	1.75747E+6	5.96942E+5	1.04727E+5	6.50907E+5
6.28000E+1	1.52857E+4	2.24136E+3	1.79419E+6	6.03545E+5	1.03925E+5	6.52801E+5
6.29000E+1	1.53513E+4	2.20433E+3	1.83168E+6	6.10942E+5	1.03799E+5	6.63748E+5
6.30000E+1	1.54890E+4	2.27269E+3	1.78271E+6	6.07990E+5	1.03524E+5	6.64425E+5
6.31000E+1	1.57302E+4	2.30539E+3	1.81890E+6	6.18994E+5	1.03048E+5	6.85352E+5
6.32000E+1	1.57945E+4	2.30539E+3	1.80454E+6	6.15069E+5	1.02499E+5	6.98998E+5
6.33000E+1	1.60465E+4	2.30168E+3	1.83228E+6	6.27317E+5	1.02185E+5	7.11171E+5
6.34000E+1	1.60799E+4	2.27572E+3	1.83819E+6	6.32431E+5	1.01973E+5	7.17215E+5
6.35000E+1	1.62494E+4	2.34722E+3	1.86980E+6	6.32535E+5	1.01812E+5	7.34461E+5
6.36000E+1	1.63841E+4	2.34621E+3	1.88125E+6	6.42701E+5	1.01247E+5	7.44795E+5
6.37000E+1	1.65405E+4	2.39888E+3	1.88950E+6	6.40822E+5	1.01192E+5	7.53740E+5
6.38000E+1	1.66601E+4	2.35599E+3	1.91927E+6	6.52514E+5	1.00611E+5	7.59366E+5
6.39000E+1	1.68085E+4	2.43098E+3	1.90156E+6	6.48017E+5	1.00516E+5	7.68552E+5
6.40000E+1	1.69855E+4	2.46242E+3	1.87507E+6	6.52095E+5	9.96506E+4	7.77365E+5
6.41000E+1	1.70631E+4	2.46547E+3	1.95279E+6	6.61729E+5	9.96083E+4	7.86917E+5
6.42000E+1	1.72901E+4	2.47190E+3	1.96261E+6	6.68500E+5	9.96789E+4	8.11771E+5
6.43000E+1	1.74654E+4	2.51115E+3	1.94994E+6	6.63528E+5	9.91549E+4	8.15563E+5
6.44000E+1	1.75944E+4	2.52165E+3	1.99618E+6	6.62347E+5	9.90719E+4	8.27463E+5
6.45000E+1	1.77497E+4	2.52571E+3	1.96935E+6	6.65449E+5	9.86591E+4	8.31807E+5
6.46000E+1	1.79026E+4	2.53824E+3	2.03820E+6	6.69739E+5	9.86908E+4	8.52333E+5
6.47000E+1	1.79389E+4	2.55823E+3	1.95510E+6	6.83989E+5	9.86641E+4	8.51399E+5
6.48000E+1	1.81720E+4	2.59043E+3	2.11890E+6	6.71595E+5	9.80203E+4	8.74457E+5
6.49000E+1	1.83161E+4	2.65354E+3	2.05378E+6	6.73922E+5	9.78878E+4	8.79841E+5
6.50000E+1	1.83008E+4	2.63250E+3	2.07658E+6	6.78738E+5	9.76911E+4	8.93292E+5
6.51000E+1	1.85583E+4	2.59552E+3	2.08763E+6	6.90921E+5	9.74359E+4	8.95714E+5
6.52000E+1	1.86068E+4	2.60943E+3	2.05752E+6	6.86213E+5	9.72677E+4	8.99626E+5
6.53000E+1	1.87388E+4	2.66882E+3	2.08547E+6	6.94545E+5	9.66541E+4	9.26536E+5
6.54000E+1	1.88584E+4	2.68512E+3	2.11922E+6	7.13005E+5	9.66279E+4	9.41834E+5
6.55000E+1	1.89956E+4	2.69973E+3	2.08347E+6	7.05807E+5	9.64350E+4	9.39914E+5
6.56000E+1	1.91070E+4	2.66373E+3	2.12113E+6	7.04158E+5	9.60418E+4	9.44147E+5
6.57000E+1	1.92521E+4	2.73236E+3	2.10833E+6	7.04429E+5	9.61644E+4	9.63392E+5
6.58000E+1	1.93672E+4	2.72284E+3	2.11621E+6	7.06079E+5	9.55539E+4	9.69069E+5
6.59000E+1	1.94471E+4	2.76910E+3	2.22163E+6	7.19790E+5	9.55330E+4	9.71209E+5
6.60000E+1	1.95110E+4	2.76229E+3	2.17751E+6	7.27130E+5	9.54025E+4	9.73952E+5
6.61000E+1	1.96358E+4	2.81948E+3	2.18019E+6	7.29362E+5	9.52968E+4	1.01624E+6
6.62000E+1	1.99034E+4	2.81812E+3	2.22790E+6	7.29983E+5	9.47283E+4	9.95519E+5
6.63000E+1	1.98867E+4	2.88423E+3	2.21626E+6	7.29185E+5	9.48603E+4	1.01308E+6
6.64000E+1	1.99030E+4	2.80926E+3	2.27039E+6	7.34109E+5	9.48444E+4	1.03026E+6
6.65000E+1	2.02136E+4	2.88457E+3	2.31803E+6	7.47986E+5	9.41376E+4	1.03411E+6
6.66000E+1	2.03236E+4	2.86105E+3	2.23192E+6	7.38095E+5	9.40587E+4	1.04334E+6
6.67000E+1	2.02886E+4	2.94292E+3	2.27420E+6	7.48288E+5	9.35492E+4	1.05289E+6
6.68000E+1	2.04847E+4	2.96546E+3	2.31860E+6	7.61448E+5	9.39835E+4	1.07112E+6
6.69000E+1	2.06679E+4	2.97093E+3	2.25707E+6	7.56102E+5	9.36289E+4	1.06689E+6
6.70000E+1	2.06815E+4	2.94292E+3	2.28753E+6	7.52739E+5	9.31542E+4	1.08557E+6
6.71000E+1	2.07068E+4	2.94873E+3	2.34681E+6	7.70996E+5	9.30773E+4	1.10696E+6
6.72000E+1	2.08191E+4	3.01774E+3	2.27565E+6	7.66595E+5	9.26806E+4	1.09281E+6
6.73000E+1	2.10698E+4	3.02937E+3	2.34315E+6	7.69386E+5	9.26184E+4	1.10865E+6
6.74000E+1	2.11568E+4	3.05332E+3	2.37688E+6	7.77919E+5	9.22879E+4	1.12255E+6
6.75000E+1	2.12595E+4	3.06187E+3	2.32502E+6	7.77075E+5	9.20903E+4	1.13535E+6
6.76000E+1	2.13576E+4	3.06221E+3	2.40628E+6	7.78938E+5	9.21474E+4	1.15063E+6
6.77000E+1	2.15287E+4	3.12453E+3	2.34066E+6	7.85735E+5	9.18920E+4	1.14476E+6
6.78000E+1	2.16048E+4	3.16223E+3	2.37097E+6	7.96945E+5	9.21248E+4	1.15219E+6
6.79000E+1	2.15967E+4	3.18624E+3	2.42668E+6	7.89797E+5	9.15238E+4	1.15614E+6
6.80000E+1	2.17909E+4	3.21231E+3	2.34277E+6	7.98659E+5	9.13125E+4	1.17262E+6
6.81000E+1	2.19450E+4	3.22467E+3	2.38501E+6	7.98425E+5	9.12147E+4	1.19051E+6
6.82000E+1	2.21062E+4	3.26897E+3	2.40891E+6	8.04763E+5	9.13750E+4	1.20835E+6
6.83000E+1	2.21389E+4	3.23497E+3	2.39000E+6	8.04657E+5	9.11946E+4	1.18002E+6
6.84000E+1	2.21961E+4	3.25523E+3	2.47105E+6	8.21633E+5	9.11817E+4	1.20247E+6
6.85000E+1	2.24636E+4	3.31778E+3	2.38044E+6	8.10148E+5	9.09864E+4	1.20681E+6
6.86000E+1	2.24342E+4	3.29337E+3	2.44075E+6	8.11270E+5	9.08197E+4	1.23319E+6
6.87000E+1	2.26713E+4	3.35976E+3	2.36430E+6	8.23416E+5	9.15061E+4	1.26245E+6
6.88000E+1	2.26955E+4	3.34186E+3	2.54398E+6	8.23635E+5	9.08127E+4	1.24416E+6
6.89000E+1	2.26873E+4	3.39212E+3	2.51436E+6	8.26005E+5	9.07740E+4	1.24276E+6
6.90000E+1	2.29278E+4	3.43898E+3	2.45497E+6	8.33468E+5	9.04194E+4	1.25454E+6
6.91000E+1	2.31004E+4	3.49382E+3	2.52386E+6	8.19014E+5	9.01557E+4	1.28729E+6
6.92000E+1	2.30335E+4	3.48726E+3	2.48691E+6	8.29276E+5	8.98998E+4	1.24678E+6
6.93000E+1	2.31326E+4	3.45587E+3	2.53388E+6	8.32291E+5	8.97570E+4	1.27964E+6
6.94000E+1	2.34784E+4	3.51349E+3	2.55007E+6	8.48646E+5	9.00637E+4	1.29980E+6
6.95000E+1	2.33597E+4	3.53628E+3	2.57959E+6	8.42195E+5	8.95820E+4	1.30780E+6
6.96000E+1	2.35177E+4	3.60816E+3	2.52808E+6	8.31619E+5	8.95785E+4	1.30844E+6
6.97000E+1	2.36309E+4	3.61612E+3	2.58283E+6	8.57660E+5	8.94998E+4	1.31017E+6
6.98000E+1	2.37275E+4	3.62926E+3	2.67394E+6	8.55038E+5	8.97199E+4	1.28568E+6
6.99000E+1	2.37803E+4	3.62788E+3	2.57197E+6	8.61606E+5	8.94408E+4	1.33521E+6
7.00000E+1	2.38736E+4	3.76159E+3	2.61426E+6	8.64025E+5	8.97002E+4	1.36012E+6
7.01000E+1	2.39488E+4	3.64414E+3	2.58376E+6	8.78892E+5	8.93645E+4	1.33137E+6
7.02000E+1	2.38850E+4	3.71479E+3	2.58005E+6	8.63726E+5	8.87462E+4	1.34914E+6
7.03000E+1	2.41059E+4	3.73142E+3	2.63917E+6	8.63546E+5	8.89990E+4	1.34901E+6
7.04000E+1	2.43769E+4	3.76194E+3	2.71086E+6	8.62262E+5	8.90992E+4	1.34671E+6
7.05000E+1	2.42739E+4	3.81955E+3	2.58306E+6	8.75324E+5	8.88059E+4	1.41773E+6
7.06000E+1	2.44029E+4	3.77859E+3	2.65694E+6	8.61666E+5	8.85856E+4	1.40727E+6
7.07000E+1	2.43854E+4	3.80462E+3	2.60339E+6	8.69778E+5	8.81786E+4	1.38010E+6
7.08000E+1	2.43969E+4	3.86854E+3	2.73370E+6	8.71113E+5	8.81182E+4	1.41079E+6
7.09000E+1	2.46171E+4	3.92070E+3	2.72802E+6	8.79077E+5	8.80954E+4	1.41130E+6
7.10000E+1	2.47092E+4	3.95028E+3	2.72313E+6	8.83576E+5	8.83408E+4	1.42527E+6
7.11000E+1	2.48482E+4	3.96351E+3	2.66973E+6	8.90892E+5	8.80794E+4	1.39774E+6
7.12000E+1	2.49497E+4	3.98615E+3	2.65010E+6	8.92412E+5	8.80156E+4	1.42332E+6
7.13000E+1	2.48402E+4	4.04052E+3	2.77944E+6	8.91778E+5	8.78290E+4	1.41359E+6
7.14000E+1	2.48683E+4	4.08972E+3	2.64790E+6	8.86357E+5	8.77700E+4	1.42774E+6
7.15000E+1	2.50756E+4	4.09600E+3	2.76906E+6	8.85481E+5	8.75136E+4	1.44562E+6
7.16000E+1	2.51275E+4	4.11206E+3	2.65645E+6	8.94894E+5	8.77370E+4	1.43857E+6
7.17000E+1	2.51962E+4	4.19909E+3	2.67816E+6	8.88588E+5	8.75623E+4	1.47952E+6
7.18000E+1	2.54238E+4	4.13302E+3	2.77171E+6	8.91303E+5	8.73913E+4	1.48703E+6
7.19000E+1	2.53742E+4	4.16796E+3	2.82806E+6	8.95851E+5	8.72613E+4	1.48581E+6
7.20000E+1	2.54263E+4	4.15957E+3	2.79259E+6	9.05008E+5	8.74909E+4	1.48557E+6
7.21000E+1	2.53954E+4	4.19419E+3	2.92302E+6	8.97099E+5	8.68308E+4	1.49265E+6
7.22000E+1	2.55928E+4	4.31745E+3	2.78426E+6	9.11724E+5	8.73551E+4	1.53286E+6
7.23000E+1	2.55258E+4	4.27680E+3	2.80967E+6	9.11856E+5	8.69005E+4	1.48988E+6
7.24000E+1	2.57210E+4	4.32621E+3	2.77837E+6	8.95021E+5	8.69658E+4	1.50567E+6
7.25000E+1	2.57612E+4	4.39920E+3	2.87521E+6	9.10702E+5	8.69940E+4	1.52927E+6
7.26000E+1	2.58265E+4	4.41430E+3	2.84724E+6	9.23905E+5	8.72105E+4	1.51058E+6
7.27000E+1	2.58479E+4	4.42449E+3	2.83581E+6	9.25495E+5	8.67599E+4	1.48460E+6
7.28000E+1	2.59424E+4	4.45858E+3	2.77597E+6	9.09355E+5	8.70052E+4	1.52585E+6
7.29000E+1	2.59833E+4	4.52365E+3	2.89589E+6	9.04455E+5	8.66196E+4	1.52228E+6
7.30000E+1	2.60938E+4	4.51098E+3	2.86243E+6	9.24378E+5	8.68296E+4	1.54629E+6
7.31000E+1	2.60815E+4	4.58176E+3	2.74800E+6	9.25393E+5	8.67813E+4	1.53063E+6
7.32000E+1	2.61984E+4	4.64240E+3	2.96936E+6	9.08928E+5	8.65657E+4	1.56127E+6
7.33000E+1	2.61599E+4	4.59832E+3	2.81788E+6	9.08764E+5	8.63854E+4	1.56626E+6
7.34000E+1	2.62872E+4	4.70347E+3	2.82751E+6	9.25868E+5	8.67622E+4	1.55427E+6
7.35000E+1	2.63206E+4	4.67522E+3	2.87293E+6	9.25630E+5	8.64089E+4	1.55049E+6
7.36000E+1	2.63175E+4	4.72572E+3	2.79421E+6	9.23770E+5	8.60982E+4	1.57237E+6
7.37000E+1	2.64379E+4	4.77026E+3	2.81952E+6	9.24784E+5	8.59878E+4	1.58819E+6
7.38000E+1	2.65039E+4	4.78299E+3	2.86867E+6	9.31390E+5	8.62679E+4	1.57408E+6
7.39000E+1	2.66970E+4	4.76107E+3	2.96209E+6	9.33313E+5	8.59043E+4	1.58828E+6
7.40000E+1	2.65601E+4	4.87327E+3	2.99198E+6	9.45494E+5	8.60547E+4	1.60292E+6
7.41000E+1	2.65312E+4	4.86725E+3	2.89011E+6	9.29406E+5	8.65500E+4	1.57507E+6
7.42000E+1	2.66981E+4	4.92503E+3	2.96996E+6	9.37873E+5	8.61339E+4	1.62468E+6
7.43000E+1	2.68819E+4	4.96228E+3	2.90896E+6	9.38082E+5	8.60402E+4	1.58810E+6
7.44000E+1	2.66986E+4	4.98074E+3	2.92981E+6	9.37180E+5	8.64268E+4	1.60124E+6
7.45000E+1	2.68855E+4	4.99317E+3	2.95155E+6	9.28485E+5	8.59299E+4	1.65849E+6
7.46000E+1	2.69592E+4	5.00134E+3	2.90721E+6	9.44158E+5	8.57363E+4	1.58170E+6
7.47000E+1	2.69940E+4	5.09413E+3	3.06545E+6	9.55807E+5	8.56985E+4	1.62372E+6
7.48000E+1	2.71491E+4	5.08168E+3	2.93990E+6	9.44509E+5	8.53758E+4	1.65322E+6
7.49000E+1	2.69826E+4	5.14895E+3	2.97392E+6	9.33347E+5	8.52297E+4	1.62200E+6
7.50000E+1	2.71163E+4	5.19813E+3	3.03223E+6	9.53871E+5	8.58097E+4	1.65263E+6
7.51000E+1	2.71538E+4	5.23594E+3	3.23195E+6	9.38776E+5	8.55253E+4	1.63577E+6
7.52000E+1	2.72199E+4	5.28663E+3	3.00156E+6	9.63768E+5	8.53968E+4	1.64495E+6
7.53000E+1	2.71511E+4	5.35131E+3	3.03825E+6	9.47824E+5	8.53924E+4	1.67885E+6
7.54000E+1	2.74529E+4	5.32879E+3	2.90255E+6	9.58147E+5	8.54101E+4	1.70208E+6
7.55000E+1	2.73907E+4	5.38672E+3	3.07095E+6	9.48461E+5	8.52806E+4	1.65164E+6
7.56000E+1	2.73734E+4	5.41106E+3	3.07874E+6	9.58002E+5	8.50056E+4	1.69271E+6
7.57000E+1	2.73703E+4	5.45690E+3	3.05035E+6	9.56634E+5	8.51193E+4	1.66118E+6
7.58000E+1	2.74472E+4	5.48915E+3	3.00311E+6	9.63185E+5	8.48327E+4	1.68007E+6
7.59000E+1	2.75718E+4	5.56018E+3	3.05933E+6	9.61367E+5	8.52331E+4	1.71271E+6
7.60000E+1	2.76736E+4	5.52071E+3	3.04142E+6	9.68308E+5	8.50630E+4	1.71866E+6
7.61000E+1	2.77130E+4	5.57598E+3	3.09872E+6	9.70961E+5	8.51171E+4	1.72293E+6
7.62000E+1	2.77293E+4	5.65073E+3	3.09215E+6	9.69522E+5	8.48866E+4	1.67326E+6
7.63000E+1	2.77908E+4	5.76268E+3	3.01276E+6	9.60460E+5	8.47469E+4	1.66589E+6
7.64000E+1	2.80597E+4	5.72414E+3	2.98154E+6	9.54731E+5	8.47337E+4	1.70807E+6
7.65000E+1	2.79515E+4	5.78287E+3	3.27616E+6	9.74855E+5	8.47480E+4	1.67772E+6
7.66000E+1	2.80032E+4	5.79404E+3	3.13001E+6	9.99177E+5	8.48151E+4	1.71335E+6
7.67000E+1	2.79162E+4	5.82687E+3	3.09018E+6	9.62057E+5	8.43497E+4	1.76063E+6
7.68000E+1	2.83388E+4	5.77458E+3	2.99352E+6	9.67022E+5	8.42413E+4	1.74055E+6
7.69000E+1	2.81258E+4	5.90233E+3	3.17742E+6	9.66179E+5	8.45053E+4	1.69500E+6
7.70000E+1	2.80640E+4	5.96777E+3	3.21877E+6	9.90872E+5	8.46150E+4	1.71759E+6
7.71000E+1	2.82386E+4	6.06626E+3	3.06577E+6	9.85152E+5	8.45217E+4	1.74274E+6
7.72000E+1	2.82661E+4	6.01192E+3	3.16948E+6	9.77954E+5	8.44625E+4	1.76971E+6
7.73000E+1	2.83860E+4	6.11449E+3	3.29388E+6	9.82125E+5	8.41473E+4	1.73240E+6
7.74000E+1	2.84200E+4	6.13553E+3	3.21629E+6	1.00501E+6	8.44998E+4	1.73132E+6
7.75000E+1	2.82762E+4	6.14751E+3	3.06739E+6	9.75377E+5	8.42282E+4	1.76510E+6
7.76000E+1	2.84450E+4	6.22488E+3	3.25029E+6	9.87090E+5	8.46370E+4	1.78733E+6
7.77000E+1	2.84785E+4	6.27835E+3	3.19586E+6	9.94141E+5	8.43343E+4	1.77287E+6
7.78000E+1	2.85817E+4	6.27617E+3	3.22624E+6	9.82238E+5	8.38049E+4	1.77072E+6
7.79000E+1	2.87166E+4	6.33624E+3	3.16398E+6	1.00332E+6	8.39454E+4	1.75153E+6
7.80000E+1	2.87086E+4	6.38179E+3	3.23840E+6	9.91409E+5	8.41015E+4	1.73902E+6
7.81000E+1	2.87604E+4	6.38362E+3	3.14691E+6	9.96847E+5	8.40436E+4	1.77027E+6
7.82000E+1	2.87898E+4	6.43359E+3	3.28907E+6	9.96421E+5	8.38877E+4	1.79320E+6
7.83000E+1	2.88352E+4	6.48617E+3	3.23768E+6	1.01150E+6	8.41746E+4	1.78951E+6
7.84000E+1	2.89283E+4	6.54868E+3	3.21345E+6	9.99450E+5	8.38822E+4	1.79957E+6
7.85000E+1	2.88261E+4	6.53807E+3	3.25500E+6	9.81559E+5	8.36853E+4	1.79667E+6
7.86000E+1	2.91209E+4	6.60576E+3	3.28242E+6	1.00489E+6	8.36614E+4	1.80904E+6
7.87000E+1	2.91048E+4	6.65851E+3	3.17465E+6	1.02650E+6	8.38082E+4	1.79066E+6
7.88000E+1	2.91381E+4	6.76197E+3	3.15065E+6	1.01265E+6	8.38986E+4	1.85719E+6
7.89000E+1	2.92343E+4	6.69774E+3	3.33672E+6	1.01066E+6	8.37701E+4	1.78001E+6
7.90000E+1	2.91257E+4	6.80238E+3	3.31067E+6	1.01525E+6	8.38964E+4	1.81919E+6
7.91000E+1	2.94337E+4	6.79613E+3	3.23768E+6	1.01818E+6	8.35267E+4	1.82049E+6
7.92000E+1	2.93533E+4	6.95879E+3	3.33634E+6	1.02284E+6	8.35810E+4	1.79389E+6
7.93000E+1	2.94526E+4	6.96616E+3	3.20112E+6	1.02275E+6	8.34215E+4	1.81623E+6
7.94000E+1	2.92935E+4	6.95031E+3	3.14521E+6	1.00959E+6	8.31175E+4	1.80178E+6
7.95000E+1	2.95428E+4	6.99160E+3	3.25391E+6	1.01782E+6	8.34204E+4	1.83836E+6
7.96000E+1	2.97123E+4	7.07797E+3	3.38261E+6	1.02978E+6	8.29750E+4	1.89070E+6
7.97000E+1	2.96445E+4	7.12046E+3	3.32044E+6	1.02536E+6	8.29609E+4	1.85706E+6
7.98000E+1	2.97047E+4	7.17335E+3	3.24704E+6	1.01782E+6	8.32991E+4	1.84944E+6
7.99000E+1	2.99387E+4	7.32343E+3	3.22802E+6	1.00888E+6	8.28295E+4	1.85079E+6
8.00000E+1	2.98550E+4	7.26743E+3	3.22161E+6	1.02695E+6	8.27638E+4	1.82085E+6
8.01000E+1	2.98968E+4	7.29561E+3	3.20358E+6	1.01253E+6	8.28424E+4	1.85398E+6
8.02000E+1	2.98702E+4	7.31712E+3	3.22695E+6	1.02626E+6	8.27283E+4	1.86387E+6
8.03000E+1	3.00601E+4	7.39064E+3	3.30917E+6	1.02917E+6	8.31272E+4	1.90277E+6
8.04000E+1	3.01512E+4	7.47802E+3	3.32534E+6	1.03557E+6	8.25145E+4	1.87411E+6
8.05000E+1	3.02976E+4	7.52605E+3	3.52453E+6	1.02259E+6	8.26649E+4	1.91316E+6
8.06000E+1	3.03720E+4	7.58494E+3	3.27910E+6	1.03098E+6	8.23494E+4	1.86300E+6
8.07000E+1	3.04745E+4	7.64463E+3	3.39831E+6	1.03703E+6	8.23097E+4	1.83800E+6
8.08000E+1	3.04356E+4	7.66181E+3	3.48725E+6	1.03296E+6	8.27401E+4	1.89505E+6
8.09000E+1	3.06024E+4	7.68908E+3	3.41375E+6	1.03052E+6	8.24909E+4	1.89467E+6
8.10000E+1	3.05469E+4	7.69879E+3	3.32006E+6	1.04424E+6	8.25810E+4	1.88282E+6
8.11000E+1	3.05590E+4	7.80652E+3	3.41176E+6	1.04226E+6	8.25671E+4	1.89492E+6
8.12000E+1	3.08237E+4	7.80277E+3	3.33482E+6	1.04226E+6	8.23558E+4	1.93815E+6
8.13000E+1	3.10363E+4	7.89683E+3	3.39044E+6	1.05196E+6	8.25145E+4	1.89775E+6
8.14000E+1	3.09297E+4	7.94937E+3	3.70306E+6	1.04163E+6	8.25091E+4	1.92485E+6
8.15000E+1	3.09711E+4	7.94786E+3	3.30095E+6	1.02536E+6	8.23162E+4	1.94810E+6
8.16000E+1	3.10026E+4	8.03390E+3	3.53813E+6	1.05137E+6	8.21599E+4	1.95829E+6
8.17000E+1	3.10468E+4	8.09824E+3	3.36279E+6	1.05962E+6	8.23001E+4	1.97660E+6
8.18000E+1	3.09750E+4	8.23129E+3	3.45928E+6	1.05004E+6	8.22519E+4	1.93628E+6
8.19000E+1	3.10347E+4	8.18829E+3	3.42733E+6	1.04928E+6	8.22316E+4	1.93735E+6
8.20000E+1	3.12930E+4	8.24979E+3	3.44992E+6	1.04749E+6	8.19411E+4	1.98120E+6
8.21000E+1	3.12913E+4	8.26149E+3	3.44870E+6	1.03769E+6	8.16355E+4	1.94231E+6
8.22000E+1	3.11581E+4	8.37981E+3	3.45154E+6	1.03790E+6	8.19272E+4	1.94016E+6
8.23000E+1	3.14253E+4	8.36354E+3	3.62770E+6	1.05906E+6	8.17482E+4	1.97618E+6
8.24000E+1	3.13430E+4	8.46123E+3	3.61876E+6	1.04911E+6	8.18888E+4	1.95230E+6
8.25000E+1	3.14403E+4	8.49156E+3	3.39870E+6	1.05962E+6	8.18355E+4	1.99779E+6
8.26000E+1	3.13974E+4	8.48284E+3	3.39122E+6	1.04297E+6	8.18931E+4	1.98806E+6
8.27000E+1	3.14459E+4	8.61494E+3	3.42813E+6	1.06884E+6	8.18537E+4	1.99553E+6
8.28000E+1	3.15467E+4	8.70052E+3	3.49307E+6	1.07824E+6	8.16015E+4	1.95897E+6
8.29000E+1	3.18333E+4	8.74051E+3	3.62635E+6	1.06853E+6	8.19080E+4	2.02975E+6
8.30000E+1	3.16064E+4	8.78395E+3	3.49057E+6	1.05928E+6	8.17238E+4	1.96253E+6
8.31000E+1	3.15952E+4	8.94431E+3	3.42653E+6	1.06136E+6	8.13299E+4	2.08230E+6
8.32000E+1	3.17080E+4	8.93093E+3	3.46419E+6	1.06297E+6	8.14009E+4	2.02159E+6
8.33000E+1	3.19263E+4	8.95464E+3	3.53642E+6	1.07561E+6	8.12981E+4	2.06269E+6
8.34000E+1	3.19622E+4	8.99137E+3	3.53302E+6	1.05278E+6	8.12939E+4	2.03767E+6
8.35000E+1	3.18126E+4	9.04191E+3	3.51525E+6	1.08391E+6	8.13310E+4	2.03620E+6
8.36000E+1	3.18837E+4	9.11666E+3	3.60147E+6	1.07290E+6	8.16483E+4	2.09682E+6
8.37000E+1	3.20756E+4	9.12394E+3	3.59266E+6	1.08071E+6	8.12875E+4	2.04313E+6
8.38000E+1	3.19566E+4	9.29993E+3	3.59574E+6	1.05415E+6	8.13183E+4	2.00862E+6
8.39000E+1	3.19723E+4	9.32765E+3	3.50099E+6	1.08780E+6	8.14062E+4	2.04862E+6
8.40000E+1	3.21437E+4	9.32111E+3	3.46705E+6	1.07179E+6	8.12473E+4	2.06601E+6
8.41000E+1	3.21262E+4	9.45410E+3	3.47609E+6	1.07357E+6	8.10665E+4	2.09325E+6
8.42000E+1	3.21116E+4	9.42169E+3	3.61165E+6	1.07999E+6	8.15888E+4	2.05893E+6
8.43000E+1	3.19835E+4	9.48383E+3	3.61520E+6	1.06726E+6	8.12473E+4	2.06148E+6
8.44000E+1	3.21245E+4	9.58742E+3	3.62323E+6	1.08522E+6	8.13426E+4	1.99666E+6
8.45000E+1	3.19656E+4	9.69741E+3	3.61654E+6	1.06840E+6	8.12177E+4	2.07283E+6
8.46000E+1	3.21684E+4	9.68384E+3	3.80693E+6	1.09784E+6	8.15218E+4	2.06934E+6
8.47000E+1	3.21296E+4	9.71758E+3	3.54796E+6	1.08210E+6	8.11521E+4	2.10447E+6
8.48000E+1	3.22090E+4	9.89198E+3	3.62099E+6	1.08689E+6	8.11331E+4	2.10384E+6
8.49000E+1	3.22197E+4	9.85659E+3	3.71943E+6	1.08667E+6	8.15155E+4	2.10494E+6
8.50000E+1	3.21510E+4	9.92195E+3	3.53813E+6	1.08617E+6	8.13861E+4	2.09822E+6
8.51000E+1	3.21729E+4	9.96401E+3	3.62278E+6	1.09719E+6	8.08250E+4	2.07817E+6
8.52000E+1	3.22304E+4	1.00728E+4	3.54668E+6	1.07673E+6	8.13946E+4	2.09170E+6
8.53000E+1	3.22698E+4	1.01247E+4	3.62814E+6	1.08364E+6	8.09072E+4	2.08938E+6
8.54000E+1	3.22495E+4	1.02323E+4	3.42492E+6	1.05928E+6	8.07965E+4	2.11817E+6
8.55000E+1	3.21988E+4	1.02507E+4	3.79859E+6	1.07357E+6	8.07702E+4	2.09465E+6
8.56000E+1	3.22304E+4	1.03114E+4	3.68266E+6	1.11476E+6	8.09177E+4	2.11280E+6
8.57000E+1	3.23838E+4	1.03569E+4	3.60722E+6	1.06932E+6	8.10285E+4	2.08615E+6
8.58000E+1	3.21876E+4	1.04366E+4	3.48063E+6	1.09965E+6	8.11352E+4	2.12055E+6
8.59000E+1	3.22326E+4	1.04425E+4	3.52707E+6	1.09420E+6	8.08850E+4	2.07802E+6
8.60000E+1	3.24346E+4	1.05157E+4	3.55054E+6	1.10674E+6	8.12177E+4	2.12008E+6
8.61000E+1	3.23454E+4	1.06405E+4	3.54839E+6	1.09932E+6	8.07723E+4	2.11390E+6
8.62000E+1	3.25760E+4	1.06303E+4	3.62546E+6	1.06708E+6	8.04507E+4	2.07542E+6
8.63000E+1	3.22867E+4	1.07254E+4	3.73690E+6	1.09333E+6	8.08661E+4	2.10103E+6
8.64000E+1	3.24442E+4	1.08147E+4	3.60899E+6	1.08962E+6	8.06471E+4	2.09558E+6
8.65000E+1	3.24906E+4	1.08005E+4	3.64433E+6	1.08364E+6	8.08492E+4	2.16099E+6
8.66000E+1	3.26576E+4	1.08254E+4	3.65975E+6	1.08612E+6	8.03794E+4	2.04283E+6
8.67000E+1	3.26825E+4	1.09320E+4	3.68312E+6	1.10580E+6	8.05536E+4	2.13333E+6
8.68000E+1	3.25256E+4	1.09617E+4	3.63847E+6	1.08581E+6	8.04612E+4	2.07192E+6
8.69000E+1	3.29816E+4	1.11369E+4	3.57300E+6	1.08192E+6	8.03312E+4	2.13285E+6
8.70000E+1	3.29149E+4	1.10610E+4	3.57300E+6	1.10164E+6	8.08871E+4	2.13109E+6
8.71000E+1	3.29793E+4	1.12185E+4	3.80055E+6	1.09812E+6	8.07555E+4	2.15050E+6
8.72000E+1	3.31047E+4	1.12903E+4	3.61966E+6	1.09738E+6	8.08239E+4	2.17291E+6
8.73000E+1	3.29070E+4	1.12596E+4	3.56001E+6	1.10599E+6	8.06829E+4	2.16083E+6
8.74000E+1	3.30956E+4	1.14174E+4	3.69980E+6	1.09900E+6	8.05757E+4	2.08599E+6
8.75000E+1	3.31773E+4	1.14114E+4	3.61698E+6	1.10016E+6	8.03815E+4	2.13366E+6
8.76000E+1	3.30916E+4	1.14674E+4	3.58871E+6	1.10411E+6	8.05683E+4	2.10855E+6
8.77000E+1	3.29684E+4	1.15940E+4	3.78347E+6	1.11268E+6	8.08513E+4	2.11580E+6
8.78000E+1	3.31418E+4	1.15675E+4	3.76557E+6	1.09965E+6	8.02474E+4	2.20481E+6
8.79000E+1	3.31475E+4	1.16490E+4	3.72933E+6	1.10402E+6	8.04455E+4	2.13382E+6
8.80000E+1	3.30836E+4	1.17925E+4	3.67163E+6	1.12227E+6	8.01334E+4	2.15132E+6
8.81000E+1	3.34010E+4	1.17942E+4	3.95336E+6	1.10989E+6	8.03197E+4	2.13817E+6
8.82000E+1	3.32236E+4	1.18373E+4	3.74451E+6	1.10589E+6	8.04770E+4	2.12182E+6
8.83000E+1	3.33294E+4	1.19494E+4	3.77716E+6	1.11667E+6	8.05127E+4	2.18563E+6
8.84000E+1	3.32842E+4	1.19542E+4	3.82620E+6	1.12083E+6	8.04014E+4	2.15377E+6
8.85000E+1	3.32974E+4	1.20387E+4	3.86888E+6	1.10951E+6	8.01502E+4	2.14091E+6
8.86000E+1	3.34722E+4	1.20804E+4	3.87091E+6	1.11022E+6	8.02841E+4	2.21081E+6
8.87000E+1	3.34676E+4	1.21966E+4	4.00210E+6	1.11978E+6	7.98287E+4	2.16214E+6
8.88000E+1	3.34355E+4	1.22206E+4	3.91976E+6	1.12314E+6	8.00895E+4	2.22692E+6
8.89000E+1	3.35583E+4	1.23473E+4	3.74832E+6	1.11605E+6	8.03616E+4	2.18479E+6
8.90000E+1	3.33386E+4	1.24222E+4	3.83217E+6	1.11272E+6	8.01669E+4	2.17541E+6
8.91000E+1	3.33753E+4	1.24792E+4	3.74498E+6	1.11287E+6	8.04780E+4	2.23322E+6
8.92000E+1	3.35468E+4	1.26286E+4	3.69052E+6	1.10127E+6	7.98881E+4	2.20190E+6
8.93000E+1	3.36745E+4	1.26924E+4	3.70445E+6	1.10444E+6	8.00185E+4	2.27336E+6
8.94000E+1	3.36037E+4	1.27407E+4	3.78055E+6	1.12122E+6	7.99580E+4	2.16859E+6
8.95000E+1	3.35359E+4	1.27611E+4	3.92184E+6	1.12098E+6	8.00509E+4	2.22710E+6
8.96000E+1	3.35986E+4	1.28357E+4	3.56173E+6	1.10777E+6	8.02778E+4	2.18782E+6
8.97000E+1	3.37603E+4	1.29429E+4	3.68589E+6	1.11372E+6	7.99413E+4	2.20875E+6
8.98000E+1	3.35399E+4	1.29187E+4	3.74594E+6	1.11225E+6	8.00352E+4	2.22501E+6
8.99000E+1	3.36768E+4	1.30161E+4	3.87803E+6	1.12382E+6	8.02726E+4	2.21858E+6
9.00000E+1	3.40694E+4	1.30779E+4	3.71427E+6	1.12064E+6	7.99434E+4	2.23340E+6
9.01000E+1	3.37944E+4	1.31393E+4	3.92758E+6	1.12305E+6	7.96694E+4	2.24769E+6
9.02000E+1	3.36964E+4	1.33123E+4	3.88877E+6	1.11036E+6	7.99705E+4	2.26739E+6
9.03000E+1	3.36486E+4	1.32487E+4	3.82919E+6	1.13694E+6	7.98506E+4	2.29553E+6
9.04000E+1	3.37707E+4	1.32706E+4	3.72697E+6	1.10688E+6	7.97267E+4	2.24556E+6
9.05000E+1	3.38832E+4	1.33661E+4	3.98752E+6	1.11997E+6	7.99256E+4	2.23568E+6
9.06000E+1	3.39364E+4	1.33463E+4	3.93596E+6	1.13940E+6	8.00091E+4	2.21651E+6
9.07000E+1	3.37730E+4	1.35715E+4	3.68082E+6	1.11192E+6	7.98266E+4	2.20686E+6
9.08000E+1	3.37799E+4	1.35789E+4	3.87243E+6	1.11791E+6	7.97391E+4	2.17458E+6
9.09000E+1	3.39063E+4	1.37262E+4	3.77281E+6	1.13955E+6	7.99778E+4	2.22797E+6
9.10000E+1	3.39346E+4	1.38293E+4	3.96184E+6	1.13154E+6	7.99747E+4	2.25625E+6
9.11000E+1	3.40249E+4	1.38167E+4	3.72320E+6	1.14757E+6	8.01481E+4	2.21702E+6
9.12000E+1	3.41569E+4	1.39145E+4	4.00699E+6	1.12122E+6	8.01021E+4	2.19832E+6
9.13000E+1	3.40179E+4	1.39956E+4	3.88058E+6	1.13413E+6	7.97038E+4	2.27918E+6
9.14000E+1	3.39826E+4	1.39530E+4	3.91872E+6	1.10711E+6	7.95157E+4	2.23445E+6
9.15000E+1	3.37707E+4	1.42306E+4	3.81136E+6	1.12473E+6	7.96663E+4	2.26721E+6
9.16000E+1	3.39942E+4	1.41377E+4	3.81383E+6	1.12623E+6	7.97391E+4	2.25893E+6
9.17000E+1	3.39838E+4	1.42230E+4	3.94438E+6	1.12309E+6	7.97194E+4	2.21945E+6
9.18000E+1	3.41598E+4	1.42394E+4	3.84416E+6	1.14000E+6	7.99142E+4	2.29812E+6
9.19000E+1	3.41946E+4	1.44032E+4	4.01079E+6	1.12006E+6	7.97142E+4	2.26216E+6
9.20000E+1	3.41575E+4	1.43851E+4	3.84567E+6	1.11715E+6	7.95343E+4	2.22780E+6
9.21000E+1	3.42155E+4	1.44889E+4	4.23650E+6	1.13315E+6	7.95001E+4	2.27137E+6
9.22000E+1	3.41337E+4	1.45594E+4	3.93386E+6	1.11925E+6	7.94596E+4	2.30406E+6
9.23000E+1	3.41778E+4	1.45163E+4	3.73785E+6	1.15059E+6	7.96237E+4	2.31153E+6
9.24000E+1	3.42933E+4	1.47462E+4	3.78250E+6	1.11591E+6	7.98006E+4	2.28028E+6
9.25000E+1	3.42016E+4	1.47156E+4	3.84667E+6	1.13105E+6	7.94233E+4	2.27391E+6
9.26000E+1	3.43044E+4	1.48566E+4	3.92654E+6	1.11149E+6	7.95510E+4	2.25804E+6
9.27000E+1	3.41912E+4	1.48987E+4	3.77136E+6	1.10852E+6	7.92720E+4	2.28834E+6
9.28000E+1	3.43387E+4	1.49966E+4	3.94807E+6	1.12213E+6	7.92109E+4	2.31322E+6
9.29000E+1	3.43381E+4	1.50652E+4	3.78882E+6	1.12469E+6	7.95821E+4	2.26145E+6
9.30000E+1	3.42533E+4	1.51207E+4	3.99345E+6	1.15580E+6	7.92606E+4	2.24769E+6
9.31000E+1	3.42649E+4	1.50750E+4	3.67438E+6	1.13080E+6	7.91933E+4	2.30034E+6
9.32000E+1	3.44376E+4	1.51899E+4	3.69654E+6	1.13423E+6	7.93974E+4	2.37499E+6
9.33000E+1	3.42382E+4	1.52720E+4	3.80496E+6	1.13861E+6	7.94762E+4	2.32946E+6
9.34000E+1	3.43480E+4	1.53972E+4	3.97410E+6	1.11743E+6	7.94472E+4	2.24096E+6
9.35000E+1	3.42445E+4	1.55553E+4	4.06653E+6	1.14602E+6	7.93735E+4	2.27409E+6
9.36000E+1	3.45635E+4	1.55742E+4	3.99885E+6	1.14552E+6	7.92689E+4	2.30648E+6
9.37000E+1	3.44620E+4	1.55553E+4	3.85875E+6	1.12522E+6	7.93860E+4	2.28522E+6
9.38000E+1	3.44248E+4	1.56465E+4	3.97517E+6	1.12827E+6	7.94306E+4	2.26342E+6
9.39000E+1	3.42062E+4	1.57293E+4	4.02994E+6	1.11767E+6	7.92347E+4	2.27391E+6
9.40000E+1	3.46037E+4	1.58727E+4	3.89133E+6	1.12822E+6	7.94762E+4	2.28595E+6
9.41000E+1	3.43922E+4	1.59268E+4	3.96344E+6	1.13071E+6	7.94596E+4	2.33251E+6
9.42000E+1	3.44551E+4	1.59988E+4	3.99237E+6	1.15403E+6	7.95032E+4	2.33270E+6
9.43000E+1	3.43869E+4	1.60148E+4	3.85421E+6	1.14079E+6	7.92865E+4	2.32623E+6
9.44000E+1	3.44277E+4	1.60773E+4	3.92080E+6	1.13345E+6	7.91396E+4	2.33575E+6
9.45000E+1	3.44638E+4	1.61685E+4	3.89647E+6	1.14527E+6	7.91478E+4	2.37380E+6
9.46000E+1	3.44766E+4	1.63156E+4	3.83118E+6	1.13017E+6	7.94461E+4	2.31078E+6
9.47000E+1	3.46230E+4	1.64029E+4	4.09808E+6	1.14094E+6	7.92803E+4	2.27882E+6
9.48000E+1	3.47410E+4	1.64195E+4	3.76077E+6	1.12696E+6	7.92575E+4	2.35444E+6
9.49000E+1	3.45623E+4	1.63990E+4	4.00644E+6	1.12030E+6	7.91923E+4	2.40252E+6
9.50000E+1	3.46061E+4	1.64929E+4	3.82670E+6	1.14348E+6	7.87990E+4	2.38629E+6
9.51000E+1	3.47838E+4	1.65287E+4	4.01025E+6	1.12745E+6	7.90135E+4	2.39910E+6
9.52000E+1	3.48452E+4	1.68046E+4	4.03599E+6	1.13802E+6	7.89351E+4	2.26306E+6
9.53000E+1	3.46773E+4	1.67439E+4	3.96237E+6	1.15362E+6	7.96892E+4	2.38390E+6
9.54000E+1	3.47785E+4	1.68872E+4	3.80742E+6	1.14452E+6	7.97444E+4	2.32529E+6
9.55000E+1	3.49056E+4	1.67887E+4	3.97731E+6	1.16044E+6	7.92761E+4	2.30313E+6
9.56000E+1	3.46464E+4	1.68604E+4	3.69330E+6	1.14953E+6	7.91675E+4	2.31341E+6
9.57000E+1	3.49637E+4	1.70424E+4	3.90214E+6	1.14838E+6	7.91592E+4	2.29941E+6
9.58000E+1	3.51111E+4	1.70711E+4	4.08732E+6	1.12560E+6	7.89062E+4	2.32377E+6
9.59000E+1	3.47586E+4	1.72608E+4	4.04593E+6	1.14005E+6	7.89042E+4	2.29608E+6
9.60000E+1	3.50177E+4	1.72462E+4	4.29048E+6	1.14923E+6	7.90610E+4	2.34477E+6
9.61000E+1	3.50259E+4	1.73415E+4	4.01788E+6	1.13570E+6	7.88403E+4	2.31547E+6
9.62000E+1	3.52100E+4	1.73144E+4	4.03489E+6	1.13926E+6	7.88928E+4	2.36242E+6
9.63000E+1	3.50200E+4	1.74605E+4	4.06429E+6	1.15743E+6	7.87362E+4	2.32604E+6
9.64000E+1	3.52023E+4	1.75219E+4	4.01679E+6	1.18587E+6	7.89506E+4	2.31097E+6
9.65000E+1	3.51464E+4	1.76252E+4	3.97143E+6	1.17572E+6	7.89857E+4	2.31811E+6
9.66000E+1	3.49514E+4	1.77189E+4	4.17675E+6	1.17609E+6	7.91044E+4	2.35852E+6
9.67000E+1	3.50294E+4	1.76983E+4	3.85371E+6	1.14778E+6	7.92130E+4	2.38988E+6
9.68000E+1	3.51600E+4	1.78315E+4	3.87294E+6	1.14218E+6	7.87795E+4	2.42574E+6
9.69000E+1	3.52454E+4	1.78816E+4	3.95600E+6	1.16213E+6	7.89722E+4	2.30369E+6
9.70000E+1	3.51847E+4	1.79945E+4	4.10491E+6	1.15850E+6	7.89464E+4	2.43875E+6
9.71000E+1	3.51423E+4	1.81167E+4	4.07213E+6	1.16249E+6	7.89454E+4	2.36869E+6
9.72000E+1	3.53232E+4	1.80349E+4	4.05037E+6	1.16734E+6	7.88403E+4	2.38668E+6
9.73000E+1	3.52277E+4	1.81697E+4	3.86229E+6	1.17384E+6	7.87918E+4	2.33594E+6
9.74000E+1	3.52742E+4	1.82431E+4	4.01843E+6	1.16910E+6	7.88959E+4	2.36340E+6
9.75000E+1	3.51076E+4	1.83233E+4	4.35347E+6	1.17180E+6	7.90197E+4	2.41999E+6
9.76000E+1	3.53373E+4	1.83897E+4	4.00481E+6	1.17154E+6	7.89991E+4	2.37755E+6
9.77000E+1	3.53255E+4	1.84394E+4	3.99993E+6	1.14607E+6	7.85080E+4	2.43834E+6
9.78000E+1	3.51929E+4	1.84624E+4	3.98698E+6	1.15942E+6	7.88928E+4	2.38509E+6
9.79000E+1	3.52000E+4	1.86313E+4	4.48707E+6	1.17353E+6	7.87826E+4	2.37795E+6
9.80000E+1	3.53185E+4	1.87266E+4	4.11118E+6	1.13566E+6	7.85019E+4	2.37420E+6
9.81000E+1	3.54809E+4	1.89090E+4	4.23045E+6	1.15876E+6	7.84773E+4	2.41448E+6
9.82000E+1	3.53716E+4	1.89158E+4	4.06653E+6	1.15054E+6	7.89960E+4	2.41815E+6
9.83000E+1	3.53757E+4	1.89363E+4	3.96610E+6	1.15014E+6	7.84198E+4	2.36437E+6
9.84000E+1	3.53368E+4	1.90736E+4	4.02445E+6	1.16755E+6	7.86673E+4	2.55062E+6
9.85000E+1	3.55507E+4	1.90499E+4	3.96823E+6	1.13817E+6	7.86375E+4	2.40778E+6
9.86000E+1	3.53757E+4	1.91431E+4	4.09525E+6	1.15413E+6	7.88629E+4	2.37479E+6
9.87000E+1	3.54519E+4	1.91944E+4	4.11175E+6	1.16734E+6	7.85871E+4	2.42225E+6
9.88000E+1	3.52018E+4	1.92182E+4	4.16734E+6	1.15276E+6	7.89330E+4	2.40535E+6
9.89000E+1	3.56105E+4	1.93103E+4	4.04704E+6	1.15621E+6	7.87249E+4	2.38629E+6
9.90000E+1	3.54029E+4	1.92933E+4	3.86229E+6	1.17274E+6	7.84280E+4	2.39970E+6
9.91000E+1	3.53686E+4	1.93731E+4	4.11118E+6	1.16584E+6	7.86416E+4	2.35560E+6
9.92000E+1	3.53822E+4	1.96391E+4	4.06485E+6	1.13448E+6	7.87517E+4	2.37065E+6
9.93000E+1	3.54537E+4	1.95349E+4	4.11175E+6	1.14908E+6	7.85748E+4	2.47178E+6
9.94000E+1	3.53669E+4	1.96395E+4	4.06597E+6	1.18513E+6	7.89650E+4	2.48829E+6
9.95000E+1	3.54389E+4	1.96875E+4	4.13647E+6	1.14978E+6	7.83398E+4	2.42512E+6
9.96000E+1	3.53556E+4	1.99062E+4	4.14052E+6	1.16656E+6	7.86138E+4	2.36967E+6
9.97000E+1	3.52772E+4	1.98178E+4	4.21240E+6	1.18178E+6	7.81924E+4	2.41285E+6
9.98000E+1	3.52607E+4	1.98326E+4	4.03269E+6	1.13575E+6	7.86015E+4	2.36869E+6
9.99000E+1	3.52990E+4	2.00806E+4	4.08450E+6	1.15089E+6	7.86848E+4	2.38171E+6
1.00000E+2	3.51023E+4	2.01145E+4	4.00862E+6	1.16039E+6	7.83962E+4	2.37380E+6
1.00100E+2	3.53669E+4	2.01229E+4	4.16031E+6	1.17384E+6	7.84629E+4	2.46858E+6
1.00200E+2	3.54637E+4	2.01857E+4	4.14632E+6	1.16724E+6	7.86478E+4	2.41123E+6
1.00300E+2	3.52012E+4	2.03558E+4	4.33438E+6	1.18247E+6	7.88196E+4	2.44166E+6
1.00400E+2	3.52666E+4	2.04310E+4	4.06485E+6	1.16075E+6	7.85501E+4	2.36281E+6
1.00500E+2	3.52624E+4	2.04576E+4	4.44409E+6	1.16275E+6	7.88083E+4	2.40030E+6
1.00600E+2	3.52807E+4	2.05694E+4	4.01243E+6	1.15723E+6	7.85604E+4	2.42122E+6
1.00700E+2	3.49490E+4	2.06538E+4	4.17498E+6	1.15109E+6	7.87434E+4	2.46434E+6
1.00800E+2	3.51688E+4	2.07547E+4	4.26271E+6	1.15453E+6	7.86272E+4	2.34265E+6
1.00900E+2	3.51258E+4	2.07585E+4	3.98160E+6	1.14893E+6	7.84619E+4	2.36183E+6
1.01000E+2	3.52495E+4	2.06594E+4	4.15856E+6	1.17050E+6	7.86622E+4	2.44458E+6
1.01100E+2	3.52955E+4	2.08469E+4	4.17557E+6	1.17217E+6	7.88897E+4	2.49369E+6
1.01200E+2	3.51064E+4	2.10136E+4	4.03324E+6	1.16476E+6	7.86056E+4	2.35502E+6
1.01300E+2	3.48019E+4	2.11057E+4	4.11748E+6	1.16605E+6	7.84916E+4	2.44729E+6
1.01400E+2	3.50100E+4	2.10108E+4	4.13474E+6	1.17316E+6	7.85327E+4	2.38191E+6
1.01500E+2	3.49924E+4	2.11454E+4	4.05593E+6	1.16698E+6	7.87167E+4	2.35599E+6
1.01600E+2	3.49748E+4	2.12036E+4	4.11461E+6	1.15616E+6	7.84731E+4	2.45274E+6
1.01700E+2	3.49496E+4	2.13382E+4	4.17263E+6	1.16316E+6	7.86519E+4	2.37558E+6
1.01800E+2	3.50953E+4	2.14189E+4	4.13127E+6	1.15922E+6	7.84239E+4	2.40071E+6
1.01900E+2	3.50330E+4	2.15030E+4	4.12494E+6	1.15580E+6	7.85758E+4	2.40394E+6
1.02000E+2	3.48751E+4	2.15786E+4	4.14110E+6	1.15494E+6	7.86303E+4	2.49586E+6
1.02100E+2	3.50330E+4	2.15867E+4	4.30919E+6	1.16651E+6	7.85409E+4	2.48312E+6
1.02200E+2	3.49613E+4	2.17747E+4	4.09185E+6	1.15738E+6	7.81648E+4	2.44187E+6
1.02300E+2	3.50670E+4	2.17890E+4	4.27809E+6	1.16656E+6	7.83235E+4	2.46138E+6
1.02400E+2	3.49167E+4	2.18665E+4	3.94701E+6	1.15220E+6	7.86385E+4	2.43792E+6
1.02500E+2	3.51853E+4	2.18516E+4	4.06876E+6	1.15651E+6	7.85378E+4	2.43274E+6
1.02600E+2	3.51158E+4	2.19431E+4	3.99561E+6	1.17113E+6	7.85440E+4	2.37874E+6
1.02700E+2	3.51723E+4	2.20217E+4	3.95441E+6	1.14537E+6	7.87476E+4	2.40252E+6
1.02800E+2	3.50007E+4	2.20179E+4	3.94280E+6	1.14572E+6	7.83542E+4	2.44083E+6
1.02900E+2	3.50247E+4	2.20937E+4	4.07044E+6	1.16342E+6	7.85697E+4	2.53554E+6
1.03000E+2	3.50142E+4	2.21922E+4	4.01188E+6	1.16651E+6	7.84762E+4	2.40172E+6
1.03100E+2	3.51576E+4	2.22543E+4	4.08958E+6	1.15565E+6	7.85594E+4	2.44395E+6
1.03200E+2	3.49801E+4	2.22052E+4	4.17675E+6	1.15469E+6	7.83870E+4	2.45568E+6
1.03300E+2	3.52076E+4	2.25695E+4	4.31107E+6	1.15570E+6	7.86334E+4	2.42862E+6
1.03400E+2	3.50106E+4	2.25275E+4	4.23710E+6	1.17930E+6	7.84957E+4	2.44813E+6
1.03500E+2	3.51694E+4	2.25850E+4	4.27500E+6	1.15089E+6	7.85974E+4	2.47626E+6
1.03600E+2	3.50024E+4	2.25928E+4	4.21060E+6	1.13970E+6	7.84362E+4	2.35037E+6
1.03700E+2	3.50512E+4	2.27072E+4	4.16031E+6	1.16791E+6	7.84783E+4	2.40717E+6
1.03800E+2	3.54389E+4	2.29434E+4	4.35859E+6	1.17165E+6	7.84660E+4	2.44959E+6
1.03900E+2	3.50905E+4	2.28820E+4	4.10605E+6	1.18507E+6	7.85234E+4	2.48958E+6
1.04000E+2	3.51452E+4	2.28718E+4	4.52949E+6	1.17154E+6	7.85132E+4	2.45442E+6
1.04100E+2	3.52707E+4	2.29521E+4	4.15214E+6	1.16254E+6	7.81760E+4	2.45905E+6
1.04200E+2	3.51788E+4	2.29516E+4	4.01952E+6	1.16615E+6	7.83398E+4	2.39970E+6
1.04300E+2	3.53014E+4	2.32837E+4	4.15506E+6	1.18785E+6	7.83112E+4	2.46561E+6
1.04400E+2	3.52400E+4	2.33160E+4	3.96663E+6	1.18041E+6	7.84301E+4	2.45211E+6
1.04500E+2	3.54236E+4	2.32539E+4	4.11404E+6	1.18736E+6	7.82671E+4	2.44062E+6
1.04600E+2	3.52442E+4	2.33342E+4	4.07493E+6	1.18157E+6	7.80994E+4	2.41102E+6
1.04700E+2	3.53804E+4	2.33631E+4	3.98536E+6	1.16419E+6	7.81658E+4	2.41775E+6
1.04800E+2	3.55448E+4	2.35708E+4	4.17793E+6	1.17861E+6	7.84403E+4	2.46476E+6
1.04900E+2	3.53509E+4	2.34892E+4	4.30168E+6	1.15256E+6	7.82886E+4	2.61388E+6
1.05000E+2	3.55619E+4	2.35871E+4	4.43083E+6	1.17442E+6	7.80943E+4	2.44583E+6
1.05100E+2	3.54614E+4	2.36964E+4	4.10434E+6	1.16522E+6	7.81914E+4	2.49326E+6
1.05200E+2	3.53982E+4	2.36723E+4	3.99831E+6	1.18433E+6	7.82436E+4	2.46710E+6
1.05300E+2	3.54803E+4	2.37827E+4	4.15331E+6	1.18215E+6	7.82374E+4	2.49175E+6
1.05400E+2	3.52624E+4	2.38781E+4	3.89904E+6	1.17311E+6	7.79615E+4	2.50261E+6
1.05500E+2	3.55116E+4	2.40350E+4	4.05037E+6	1.17756E+6	7.81096E+4	2.48462E+6
1.05600E+2	3.56941E+4	2.41248E+4	4.37465E+6	1.18950E+6	7.82630E+4	2.54542E+6
1.05700E+2	3.56076E+4	2.40920E+4	4.23589E+6	1.17756E+6	7.80268E+4	2.41815E+6
1.05800E+2	3.57054E+4	2.40970E+4	4.25781E+6	1.17029E+6	7.79727E+4	2.49543E+6
1.05900E+2	3.57113E+4	2.41988E+4	4.30293E+6	1.15059E+6	7.83429E+4	2.54881E+6
1.06000E+2	3.56983E+4	2.42341E+4	4.24743E+6	1.20688E+6	7.82231E+4	2.51533E+6
1.06100E+2	3.57410E+4	2.42634E+4	4.29110E+6	1.17342E+6	7.79126E+4	2.51820E+6
1.06200E+2	3.58574E+4	2.44128E+4	4.35603E+6	1.16843E+6	7.81495E+4	2.53129E+6
1.06300E+2	3.56977E+4	2.44398E+4	4.25109E+6	1.16672E+6	7.81576E+4	2.44855E+6
1.06400E+2	3.59526E+4	2.44802E+4	4.25170E+6	1.17368E+6	7.81311E+4	2.44729E+6
1.06500E+2	3.59395E+4	2.46071E+4	4.16090E+6	1.16419E+6	7.82538E+4	2.42204E+6
1.06600E+2	3.58765E+4	2.46862E+4	4.25048E+6	1.19208E+6	7.80248E+4	2.52795E+6
1.06700E+2	3.59741E+4	2.47188E+4	4.38306E+6	1.19775E+6	7.82589E+4	2.44062E+6
1.06800E+2	3.58806E+4	2.45891E+4	4.22984E+6	1.17295E+6	7.78687E+4	2.45358E+6
1.06900E+2	3.60671E+4	2.48306E+4	4.12666E+6	1.18763E+6	7.78473E+4	2.49435E+6
1.07000E+2	3.62409E+4	2.49125E+4	4.22441E+6	1.17264E+6	7.78840E+4	2.46731E+6
1.07100E+2	3.62086E+4	2.50287E+4	4.03985E+6	1.15835E+6	7.81382E+4	2.56221E+6
1.07200E+2	3.61082E+4	2.50862E+4	4.31609E+6	1.20025E+6	7.80207E+4	2.54249E+6
1.07300E+2	3.62845E+4	2.51886E+4	4.28427E+6	1.19976E+6	7.82589E+4	2.51071E+6
1.07400E+2	3.62038E+4	2.51876E+4	4.19212E+6	1.19949E+6	7.80360E+4	2.56198E+6
1.07500E+2	3.61960E+4	2.52330E+4	4.19153E+6	1.19015E+6	7.81403E+4	2.56770E+6
1.07600E+2	3.61954E+4	2.53114E+4	4.28737E+6	1.16548E+6	7.74975E+4	2.48527E+6
1.07700E+2	3.63965E+4	2.53878E+4	4.17675E+6	1.19278E+6	7.78056E+4	2.46519E+6
1.07800E+2	3.65441E+4	2.54907E+4	4.20761E+6	1.19380E+6	7.79748E+4	2.52329E+6
1.07900E+2	3.63672E+4	2.55004E+4	4.59673E+6	1.20600E+6	7.78147E+4	2.51489E+6
1.08000E+2	3.63216E+4	2.56147E+4	4.18561E+6	1.20424E+6	7.78891E+4	2.51467E+6
1.08100E+2	3.63420E+4	2.55852E+4	4.25475E+6	1.18036E+6	7.78606E+4	2.53867E+6
1.08200E+2	3.63234E+4	2.56818E+4	4.42752E+6	1.19359E+6	7.78371E+4	2.50480E+6
1.08300E+2	3.63564E+4	2.56416E+4	4.43679E+6	1.20517E+6	7.81188E+4	2.51886E+6
1.08400E+2	3.63270E+4	2.58734E+4	4.27686E+6	1.18147E+6	7.79809E+4	2.56701E+6
1.08500E+2	3.64337E+4	2.58801E+4	4.13879E+6	1.21179E+6	7.78891E+4	2.57506E+6
1.08600E+2	3.65441E+4	2.60042E+4	4.18857E+6	1.19851E+6	7.78371E+4	2.53464E+6
1.08700E+2	3.65333E+4	2.60964E+4	4.18147E+6	1.19090E+6	7.78646E+4	2.52728E+6
1.08800E+2	3.65207E+4	2.62307E+4	4.23771E+6	1.20080E+6	7.79554E+4	2.59246E+6
1.08900E+2	3.68554E+4	2.61440E+4	4.30731E+6	1.19569E+6	7.75818E+4	2.52174E+6
1.09000E+2	3.64907E+4	2.63109E+4	4.35923E+6	1.17683E+6	7.75807E+4	2.52929E+6
1.09100E+2	3.66842E+4	2.62713E+4	4.14865E+6	1.21052E+6	7.79625E+4	2.57945E+6
1.09200E+2	3.67113E+4	2.63885E+4	4.31295E+6	1.20914E+6	7.78025E+4	2.52573E+6
1.09300E+2	3.66162E+4	2.64436E+4	4.30043E+6	1.20145E+6	7.77811E+4	2.53867E+6
1.09400E+2	3.70215E+4	2.65256E+4	4.35859E+6	1.19629E+6	7.77546E+4	2.62078E+6
1.09500E+2	3.67999E+4	2.65859E+4	4.61457E+6	1.21035E+6	7.77068E+4	2.51908E+6
1.09600E+2	3.68228E+4	2.66148E+4	4.47760E+6	1.20287E+6	7.77954E+4	2.57667E+6
1.09700E+2	3.69006E+4	2.66510E+4	4.37982E+6	1.20952E+6	7.76804E+4	2.58920E+6
1.09800E+2	3.68626E+4	2.68316E+4	4.41764E+6	1.20517E+6	7.77292E+4	2.64873E+6
1.09900E+2	3.70324E+4	2.69058E+4	4.11633E+6	1.20178E+6	7.78769E+4	2.63204E+6
1.10000E+2	3.68801E+4	2.70892E+4	4.21480E+6	1.20991E+6	7.73008E+4	2.62389E+6
1.10100E+2	3.70772E+4	2.68985E+4	4.27316E+6	1.20020E+6	7.76021E+4	2.52996E+6
1.10200E+2	3.70390E+4	2.70793E+4	4.43878E+6	1.19321E+6	7.73869E+4	2.55152E+6
1.10300E+2	3.69737E+4	2.72992E+4	4.35283E+6	1.20096E+6	7.73950E+4	2.65483E+6
1.10400E+2	3.70711E+4	2.71824E+4	4.42950E+6	1.20809E+6	7.75909E+4	2.60773E+6
1.10500E+2	3.71280E+4	2.73175E+4	4.60100E+6	1.19047E+6	7.73920E+4	2.58176E+6
1.10600E+2	3.70021E+4	2.74357E+4	4.33819E+6	1.18099E+6	7.76529E+4	2.62796E+6
1.10700E+2	3.71081E+4	2.73468E+4	4.84910E+6	1.21135E+6	7.74762E+4	2.63758E+6
1.10800E+2	3.70239E+4	2.75708E+4	4.09071E+6	1.21926E+6	7.74823E+4	2.51930E+6
1.10900E+2	3.73125E+4	2.74634E+4	4.15973E+6	1.18790E+6	7.73991E+4	2.60560E+6
1.11000E+2	3.75010E+4	2.75828E+4	4.44077E+6	1.20331E+6	7.72330E+4	2.63517E+6
1.11100E+2	3.73562E+4	2.76747E+4	4.34900E+6	1.19467E+6	7.73697E+4	2.59176E+6
1.11200E+2	3.73732E+4	2.77745E+4	4.46280E+6	1.17609E+6	7.73778E+4	2.55629E+6
1.11300E+2	3.75156E+4	2.77435E+4	4.17734E+6	1.21030E+6	7.71460E+4	2.59667E+6
1.11400E+2	3.76761E+4	2.77966E+4	4.44077E+6	1.23155E+6	7.74609E+4	2.67602E+6
1.11500E+2	3.75772E+4	2.78129E+4	4.44542E+6	1.21910E+6	7.72674E+4	2.68949E+6
1.11600E+2	3.76260E+4	2.79816E+4	4.24317E+6	1.20468E+6	7.72998E+4	2.66662E+6
1.11700E+2	3.74882E+4	2.80433E+4	4.30481E+6	1.21279E+6	7.73940E+4	2.53464E+6
1.11800E+2	3.77274E+4	2.82227E+4	4.54264E+6	1.24191E+6	7.73079E+4	2.62964E+6
1.11900E+2	3.76987E+4	2.81364E+4	4.76761E+6	1.21041E+6	7.74559E+4	2.58501E+6
1.12000E+2	3.77469E+4	2.83181E+4	4.38565E+6	1.21898E+6	7.74254E+4	2.63830E+6
1.12100E+2	3.77879E+4	2.82211E+4	4.40845E+6	1.19542E+6	7.71167E+4	2.63132E+6
1.12200E+2	3.75937E+4	2.84104E+4	4.55657E+6	1.20216E+6	7.73970E+4	2.59246E+6
1.12300E+2	3.76144E+4	2.83982E+4	4.28180E+6	1.22699E+6	7.73535E+4	2.62940E+6
1.12400E+2	3.76901E+4	2.85157E+4	4.47625E+6	1.23120E+6	7.74366E+4	2.57529E+6
1.12500E+2	3.76541E+4	2.83568E+4	4.31169E+6	1.24023E+6	7.70217E+4	2.59925E+6
1.12600E+2	3.76938E+4	2.85982E+4	4.64411E+6	1.20660E+6	7.75320E+4	2.69200E+6
1.12700E+2	3.78705E+4	2.86132E+4	4.34836E+6	1.22586E+6	7.72745E+4	2.64995E+6
1.12800E+2	3.76229E+4	2.87236E+4	4.63904E+6	1.21775E+6	7.72471E+4	2.59878E+6
1.12900E+2	3.78277E+4	2.88390E+4	4.56848E+6	1.22705E+6	7.71439E+4	2.52595E+6
1.13000E+2	3.78271E+4	2.88005E+4	4.47086E+6	1.22444E+6	7.75564E+4	2.57138E+6
1.13100E+2	3.76748E+4	2.89337E+4	4.67991E+6	1.23172E+6	7.73271E+4	2.69728E+6
1.13200E+2	3.78338E+4	2.89482E+4	4.31044E+6	1.23820E+6	7.71470E+4	2.66785E+6
1.13300E+2	3.78338E+4	2.90275E+4	4.32427E+6	1.21530E+6	7.70550E+4	2.67453E+6
1.13400E+2	3.76938E+4	2.90479E+4	4.22381E+6	1.23861E+6	7.76682E+4	2.58338E+6
1.13500E+2	3.77702E+4	2.91725E+4	4.32742E+6	1.24000E+6	7.72876E+4	2.65654E+6
1.13600E+2	3.77757E+4	2.92392E+4	4.28551E+6	1.21680E+6	7.70904E+4	2.55993E+6
1.13700E+2	3.77622E+4	2.91504E+4	4.53709E+6	1.22841E+6	7.71086E+4	2.66909E+6
1.13800E+2	3.75424E+4	2.92715E+4	4.45209E+6	1.20897E+6	7.72603E+4	2.54384E+6
1.13900E+2	3.76486E+4	2.93701E+4	4.43679E+6	1.19721E+6	7.71925E+4	2.60113E+6
1.14000E+2	3.77286E+4	2.94391E+4	4.58398E+6	1.21921E+6	7.72431E+4	2.66884E+6
1.14100E+2	3.78319E+4	2.94801E+4	4.62749E+6	1.22773E+6	7.71409E+4	2.70208E+6
1.14200E+2	3.77977E+4	2.96592E+4	4.19272E+6	1.23229E+6	7.76224E+4	2.63662E+6
1.14300E+2	3.77861E+4	2.94418E+4	4.52880E+6	1.24516E+6	7.72907E+4	2.64509E+6
1.14400E+2	3.74261E+4	2.96911E+4	4.46011E+6	1.22625E+6	7.70308E+4	2.73873E+6
1.14500E+2	3.74194E+4	2.97578E+4	4.66963E+6	1.24738E+6	7.75076E+4	2.70284E+6
1.14600E+2	3.77543E+4	2.98023E+4	4.46682E+6	1.21135E+6	7.71167E+4	2.61483E+6
1.14700E+2	3.77457E+4	2.99093E+4	4.12724E+6	1.22620E+6	7.72643E+4	2.68124E+6
1.14800E+2	3.73805E+4	2.97963E+4	4.36243E+6	1.21463E+6	7.72583E+4	2.66169E+6
1.14900E+2	3.77011E+4	3.00454E+4	4.19807E+6	1.21318E+6	7.70530E+4	2.66243E+6
1.15000E+2	3.77158E+4	3.01397E+4	4.46884E+6	1.24011E+6	7.73768E+4	2.66366E+6
1.15100E+2	3.75400E+4	3.00492E+4	4.32742E+6	1.22529E+6	7.70278E+4	2.67676E+6
1.15200E+2	3.75071E+4	2.99784E+4	4.31420E+6	1.21202E+6	7.69682E+4	2.67280E+6
1.15300E+2	3.77243E+4	3.01594E+4	4.41238E+6	1.22207E+6	7.72006E+4	2.66391E+6
1.15400E+2	3.76413E+4	3.02336E+4	4.70954E+6	1.21954E+6	7.69793E+4	2.67379E+6
1.15500E+2	3.76614E+4	3.02424E+4	4.52604E+6	1.22072E+6	7.67767E+4	2.70487E+6
1.15600E+2	3.75132E+4	3.03496E+4	4.45677E+6	1.18763E+6	7.66228E+4	2.63734E+6
1.15700E+2	3.73896E+4	3.04624E+4	4.28365E+6	1.19889E+6	7.67073E+4	2.75151E+6
1.15800E+2	3.71759E+4	3.04899E+4	4.63254E+6	1.21641E+6	7.70389E+4	2.66219E+6
1.15900E+2	3.69864E+4	3.06178E+4	4.28675E+6	1.23994E+6	7.69501E+4	2.67205E+6
1.16000E+2	3.68668E+4	3.07064E+4	4.49182E+6	1.21904E+6	7.68694E+4	2.68674E+6
1.16100E+2	3.70493E+4	3.06558E+4	4.22020E+6	1.21274E+6	7.71167E+4	2.68025E+6
1.16200E+2	3.69768E+4	3.07873E+4	4.49454E+6	1.23126E+6	7.69773E+4	2.69981E+6
1.16300E+2	3.67565E+4	3.07031E+4	4.47153E+6	1.21669E+6	7.70217E+4	2.68324E+6
1.16400E+2	3.71117E+4	3.07444E+4	4.51709E+6	1.22084E+6	7.70116E+4	2.65410E+6
1.16500E+2	3.72360E+4	3.09252E+4	4.16734E+6	1.19927E+6	7.69037E+4	2.69150E+6
1.16600E+2	3.71426E+4	3.09330E+4	4.45610E+6	1.20870E+6	7.66098E+4	2.70208E+6
1.16700E+2	3.71602E+4	3.09043E+4	4.19569E+6	1.22027E+6	7.69460E+4	2.68974E+6
1.16800E+2	3.72754E+4	3.12031E+4	4.74255E+6	1.20457E+6	7.67828E+4	2.68524E+6
1.16900E+2	3.71741E+4	3.12069E+4	4.28861E+6	1.19353E+6	7.68049E+4	2.61365E+6
1.17000E+2	3.71893E+4	3.10131E+4	4.21840E+6	1.21057E+6	7.69692E+4	2.69502E+6
1.17100E+2	3.71141E+4	3.12863E+4	4.46615E+6	1.21285E+6	7.69884E+4	2.78839E+6
1.17200E+2	3.71044E+4	3.13385E+4	4.20045E+6	1.22134E+6	7.67556E+4	2.68124E+6
1.17300E+2	3.73750E+4	3.14436E+4	4.39214E+6	1.22337E+6	7.67938E+4	2.58501E+6
1.17400E+2	3.73750E+4	3.14347E+4	4.44010E+6	1.21507E+6	7.67807E+4	2.72735E+6
1.17500E+2	3.70179E+4	3.13507E+4	4.28799E+6	1.20561E+6	7.67938E+4	2.74680E+6
1.17600E+2	3.73112E+4	3.14013E+4	4.09015E+6	1.20348E+6	7.69057E+4	2.77928E+6
1.17700E+2	3.68180E+4	3.15963E+4	4.16558E+6	1.21268E+6	7.67999E+4	2.60372E+6
1.17800E+2	3.67071E+4	3.15194E+4	4.32679E+6	1.22745E+6	7.69006E+4	2.73019E+6
1.17900E+2	3.67366E+4	3.16354E+4	4.23408E+6	1.22745E+6	7.72572E+4	2.64363E+6
1.18000E+2	3.67396E+4	3.17522E+4	4.05871E+6	1.22875E+6	7.68301E+4	2.61650E+6
1.18100E+2	3.68059E+4	3.17874E+4	4.39604E+6	1.19515E+6	7.68896E+4	2.81853E+6
1.18200E+2	3.68626E+4	3.18809E+4	4.27871E+6	1.21324E+6	7.70086E+4	2.77368E+6
1.18300E+2	3.65237E+4	3.19869E+4	4.49930E+6	1.19429E+6	7.67787E+4	2.61602E+6
1.18400E+2	3.63582E+4	3.19499E+4	4.05037E+6	1.18950E+6	7.66630E+4	2.69728E+6
1.18500E+2	3.61936E+4	3.19308E+4	4.02171E+6	1.21932E+6	7.69823E+4	2.69981E+6
1.18600E+2	3.60820E+4	3.20605E+4	4.28985E+6	1.18843E+6	7.66500E+4	2.66465E+6
1.18700E+2	3.61303E+4	3.21386E+4	4.54890E+6	1.21240E+6	7.67546E+4	2.84344E+6
1.18800E+2	3.59765E+4	3.20728E+4	4.14691E+6	1.18619E+6	7.68966E+4	2.62964E+6
1.18900E+2	3.62642E+4	3.22123E+4	4.14865E+6	1.17688E+6	7.68533E+4	2.76414E+6
1.19000E+2	3.60689E+4	3.22501E+4	3.99075E+6	1.19987E+6	7.67898E+4	2.71888E+6
1.19100E+2	3.62995E+4	3.23905E+4	4.62821E+6	1.21024E+6	7.70409E+4	2.80081E+6
1.19200E+2	3.61978E+4	3.24527E+4	4.02719E+6	1.20129E+6	7.68321E+4	2.69351E+6
1.19300E+2	3.61423E+4	3.23866E+4	3.99885E+6	1.18284E+6	7.70459E+4	2.66440E+6
1.19400E+2	3.62134E+4	3.25398E+4	4.18029E+6	1.20765E+6	7.71146E+4	2.65068E+6
1.19500E+2	3.59163E+4	3.24668E+4	4.10719E+6	1.17835E+6	7.69581E+4	2.76123E+6
1.19600E+2	3.63216E+4	3.26304E+4	4.19272E+6	1.23901E+6	7.69511E+4	2.69100E+6
1.19700E+2	3.62773E+4	3.27609E+4	4.25170E+6	1.22117E+6	7.69410E+4	2.72195E+6
1.19800E+2	3.60045E+4	3.28182E+4	4.12379E+6	1.20331E+6	7.71045E+4	2.71862E+6
1.19900E+2	3.61023E+4	3.27592E+4	4.26577E+6	1.18115E+6	7.68241E+4	2.69678E+6
1.20000E+2	3.60885E+4	3.29713E+4	4.36500E+6	1.20134E+6	7.69269E+4	2.76864E+6
1.20100E+2	3.62959E+4	3.30186E+4	4.47355E+6	1.18635E+6	7.70328E+4	2.80651E+6
1.20200E+2	3.62504E+4	3.29776E+4	4.01952E+6	1.16972E+6	7.70540E+4	2.70006E+6
1.20300E+2	3.63246E+4	3.29286E+4	4.10776E+6	1.19456E+6	7.71429E+4	2.68624E+6
1.20400E+2	3.63546E+4	3.30420E+4	4.22140E+6	1.18422E+6	7.71723E+4	2.83011E+6
1.20500E+2	3.64613E+4	3.31127E+4	4.10491E+6	1.18827E+6	7.69329E+4	2.65239E+6
1.20600E+2	3.64235E+4	3.32304E+4	4.68507E+6	1.18753E+6	7.69652E+4	2.73847E+6
1.20700E+2	3.65381E+4	3.33472E+4	4.50886E+6	1.18683E+6	7.68331E+4	2.67652E+6
1.20800E+2	3.66367E+4	3.33357E+4	4.11118E+6	1.18966E+6	7.69864E+4	2.66391E+6
1.20900E+2	3.64793E+4	3.33924E+4	4.79525E+6	1.18897E+6	7.68623E+4	2.65777E+6
1.21000E+2	3.65069E+4	3.32350E+4	4.41107E+6	1.20991E+6	7.70924E+4	2.78249E+6
1.21100E+2	3.62935E+4	3.32768E+4	4.21360E+6	1.16708E+6	7.69127E+4	2.68000E+6
1.21200E+2	3.62881E+4	3.33220E+4	3.97571E+6	1.18918E+6	7.68754E+4	2.77528E+6
1.21300E+2	3.60504E+4	3.36250E+4	4.14923E+6	1.18475E+6	7.68865E+4	2.78893E+6
1.21400E+2	3.60009E+4	3.36049E+4	4.44476E+6	1.18020E+6	7.68190E+4	2.65581E+6
1.21500E+2	3.62259E+4	3.37580E+4	4.16441E+6	1.19020E+6	7.70025E+4	2.66760E+6
1.21600E+2	3.62809E+4	3.35687E+4	4.25231E+6	1.19337E+6	7.67878E+4	2.67652E+6
1.21700E+2	3.60504E+4	3.38019E+4	4.17380E+6	1.14607E+6	7.68785E+4	2.67131E+6
1.21800E+2	3.59556E+4	3.37333E+4	4.36243E+6	1.17951E+6	7.70581E+4	2.79620E+6
1.21900E+2	3.58420E+4	3.38117E+4	4.23408E+6	1.16780E+6	7.70995E+4	2.69981E+6
1.22000E+2	3.58384E+4	3.40208E+4	4.31357E+6	1.16522E+6	7.68361E+4	2.65801E+6
1.22100E+2	3.55910E+4	3.42300E+4	4.21900E+6	1.17337E+6	7.67928E+4	2.71760E+6
1.22200E+2	3.53084E+4	3.41459E+4	4.27316E+6	1.18608E+6	7.69430E+4	2.78920E+6
1.22300E+2	3.55270E+4	3.41343E+4	4.21180E+6	1.17819E+6	7.68966E+4	2.66612E+6
1.22400E+2	3.55945E+4	3.40058E+4	4.24865E+6	1.19353E+6	7.68916E+4	2.74107E+6
1.22500E+2	3.56888E+4	3.41320E+4	4.55448E+6	1.17139E+6	7.69390E+4	2.68099E+6
