0.00000E+0	4.81473E+4	8.30885E+4	4.89088E+6	1.66124E+6	8.82607E+4	3.75722E+6
1.00000E-1	4.23433E+4	7.56545E+4	4.85582E+6	1.60260E+6	8.18514E+4	3.62617E+6
2.00000E-1	4.22774E+4	7.52499E+4	4.77028E+6	1.55547E+6	8.15260E+4	3.50207E+6
3.00000E-1	4.25165E+4	7.54946E+4	5.09468E+6	1.58194E+6	8.21160E+4	3.84898E+6
4.00000E-1	4.24576E+4	7.52103E+4	4.74671E+6	1.62618E+6	8.14676E+4	3.57065E+6
5.00000E-1	4.26042E+4	7.52172E+4	4.61995E+6	1.57966E+6	8.17801E+4	3.52733E+6
6.00000E-1	4.24393E+4	7.53608E+4	4.66926E+6	1.57107E+6	8.18184E+4	3.63604E+6
7.00000E-1	4.28260E+4	7.51253E+4	4.96086E+6	1.58248E+6	8.15844E+4	3.67099E+6
8.00000E-1	4.29017E+4	7.50206E+4	5.07908E+6	1.61625E+6	8.17950E+4	3.73956E+6
9.00000E-1	4.24655E+4	7.49624E+4	4.66194E+6	1.59767E+6	8.13129E+4	3.59424E+6
1.00000E+0	4.27328E+4	7.49407E+4	4.78869E+6	1.61398E+6	8.17971E+4	3.74004E+6
1.10000E+0	4.27610E+4	7.51618E+4	4.58645E+6	1.60963E+6	8.15398E+4	3.66642E+6
1.20000E+0	4.26547E+4	7.48757E+4	4.93623E+6	1.62416E+6	8.17396E+4	3.77600E+6
1.30000E+0	4.28832E+4	7.48264E+4	4.73915E+6	1.58139E+6	8.15908E+4	3.60793E+6
1.40000E+0	4.28103E+4	7.52914E+4	4.96582E+6	1.60008E+6	8.14432E+4	3.78522E+6
1.50000E+0	4.27984E+4	7.47585E+4	4.74974E+6	1.56766E+6	8.12557E+4	3.50877E+6
1.60000E+0	4.27998E+4	7.50719E+4	4.98907E+6	1.57477E+6	8.15833E+4	3.61903E+6
1.70000E+0	4.29109E+4	7.46739E+4	4.70991E+6	1.60728E+6	8.16917E+4	3.70940E+6
1.80000E+0	4.28030E+4	7.46297E+4	4.81423E+6	1.58761E+6	8.14528E+4	3.65185E+6
1.90000E+0	4.27361E+4	7.48057E+4	5.26065E+6	1.56587E+6	8.18418E+4	3.53200E+6
2.00000E+0	4.24766E+4	7.43315E+4	4.69950E+6	1.62906E+6	8.13796E+4	3.62394E+6
2.10000E+0	4.23884E+4	7.46651E+4	4.66926E+6	1.64530E+6	8.14591E+4	3.65730E+6
2.20000E+0	4.23988E+4	7.47113E+4	4.71812E+6	1.60616E+6	8.11774E+4	3.53285E+6
2.30000E+0	4.23688E+4	7.46032E+4	4.63868E+6	1.65299E+6	8.13118E+4	3.77552E+6
2.40000E+0	4.23616E+4	7.51243E+4	4.82281E+6	1.68628E+6	8.11076E+4	3.63739E+6
2.50000E+0	4.20417E+4	7.46140E+4	4.54647E+6	1.65576E+6	8.09039E+4	3.87732E+6
2.60000E+0	4.22357E+4	7.44707E+4	4.96416E+6	1.67271E+6	8.11710E+4	3.70194E+6
2.70000E+0	4.19781E+4	7.43071E+4	4.51126E+6	1.69568E+6	8.09957E+4	3.61369E+6
2.80000E+0	4.20346E+4	7.44609E+4	4.98740E+6	1.69288E+6	8.11266E+4	3.65049E+6
2.90000E+0	4.21530E+4	7.44491E+4	4.58787E+6	1.66415E+6	8.10601E+4	3.57761E+6
3.00000E+0	4.21159E+4	7.48540E+4	4.95509E+6	1.67160E+6	8.11488E+4	3.70940E+6
3.10000E+0	4.19423E+4	7.45374E+4	4.33470E+6	1.63690E+6	8.10971E+4	3.63469E+6
3.20000E+0	4.19742E+4	7.45590E+4	4.73388E+6	1.71203E+6	8.15101E+4	3.68248E+6
3.30000E+0	4.17738E+4	7.45089E+4	4.39246E+6	1.66024E+6	8.11298E+4	3.71784E+6
3.40000E+0	4.18243E+4	7.44991E+4	4.76189E+6	1.62868E+6	8.10886E+4	3.72489E+6
3.50000E+0	4.17272E+4	7.42934E+4	4.38338E+6	1.64510E+6	8.12546E+4	3.63919E+6
3.60000E+0	4.18101E+4	7.43903E+4	4.80569E+6	1.62149E+6	8.09756E+4	3.53242E+6
3.70000E+0	4.17265E+4	7.42552E+4	4.59994E+6	1.62945E+6	8.11393E+4	3.65321E+6
3.80000E+0	4.15565E+4	7.45894E+4	4.54577E+6	1.59082E+6	8.10928E+4	3.70054E+6
3.90000E+0	4.17129E+4	7.45099E+4	4.54021E+6	1.66324E+6	8.09503E+4	3.61458E+6
4.00000E+0	4.18483E+4	7.41731E+4	4.61278E+6	1.60559E+6	8.11732E+4	3.60837E+6
4.10000E+0	4.15817E+4	7.44393E+4	4.55832E+6	1.58239E+6	8.14347E+4	3.57761E+6
4.20000E+0	4.14540E+4	7.43981E+4	4.76113E+6	1.59878E+6	8.12208E+4	3.55251E+6
4.30000E+0	4.14649E+4	7.39944E+4	4.45710E+6	1.56936E+6	8.12430E+4	3.41638E+6
4.40000E+0	4.13142E+4	7.40773E+4	4.79486E+6	1.53999E+6	8.15154E+4	3.64822E+6
4.50000E+0	4.13895E+4	7.43159E+4	4.78101E+6	1.53999E+6	8.12271E+4	3.57587E+6
4.60000E+0	4.13593E+4	7.42611E+4	4.34677E+6	1.53861E+6	8.15982E+4	3.58722E+6
4.70000E+0	4.11703E+4	7.41047E+4	4.46985E+6	1.57630E+6	8.13817E+4	3.50835E+6
4.80000E+0	4.09069E+4	7.42689E+4	4.87010E+6	1.57730E+6	8.11933E+4	3.62528E+6
4.90000E+0	4.08500E+4	7.43932E+4	4.57727E+6	1.55671E+6	8.12515E+4	3.52352E+6
5.00000E+0	4.08167E+4	7.42572E+4	4.54091E+6	1.57902E+6	8.12546E+4	3.47964E+6
5.10000E+0	4.06948E+4	7.43991E+4	4.68839E+6	1.53627E+6	8.14178E+4	3.60704E+6
5.20000E+0	4.05909E+4	7.40061E+4	4.52569E+6	1.56132E+6	8.12790E+4	3.58241E+6
5.30000E+0	4.09030E+4	7.40354E+4	4.62498E+6	1.54338E+6	8.15632E+4	3.68571E+6
5.40000E+0	4.06865E+4	7.40168E+4	4.52569E+6	1.56177E+6	8.11266E+4	3.56848E+6
5.50000E+0	4.05566E+4	7.40695E+4	4.56462E+6	1.51718E+6	8.12377E+4	3.43802E+6
5.60000E+0	4.05999E+4	7.41428E+4	4.49624E+6	1.56194E+6	8.11573E+4	3.55337E+6
5.70000E+0	4.06935E+4	7.37587E+4	4.50921E+6	1.55265E+6	8.11594E+4	3.52818E+6
5.80000E+0	4.05127E+4	7.39349E+4	4.50784E+6	1.55618E+6	8.10147E+4	3.57413E+6
5.90000E+0	4.08161E+4	7.38989E+4	4.57939E+6	1.54242E+6	8.11827E+4	3.59644E+6
6.00000E+0	4.05941E+4	7.37188E+4	4.35379E+6	1.52582E+6	8.12716E+4	3.49915E+6
6.10000E+0	4.06343E+4	7.37276E+4	4.45376E+6	1.55485E+6	8.11235E+4	3.48792E+6
6.20000E+0	4.04033E+4	7.34538E+4	4.42389E+6	1.56524E+6	8.09609E+4	3.45016E+6
6.30000E+0	4.06094E+4	7.36615E+4	4.56182E+6	1.55742E+6	8.11922E+4	3.55811E+6
6.40000E+0	4.01302E+4	7.36246E+4	4.31263E+6	1.54025E+6	8.08259E+4	3.37621E+6
6.50000E+0	4.02612E+4	7.37237E+4	4.56392E+6	1.53982E+6	8.08870E+4	3.56199E+6
6.60000E+0	3.99141E+4	7.39759E+4	4.14023E+6	1.52335E+6	8.09029E+4	3.50165E+6
6.70000E+0	4.00587E+4	7.38804E+4	4.70618E+6	1.56453E+6	8.10802E+4	3.49831E+6
6.80000E+0	3.98820E+4	7.37616E+4	4.26670E+6	1.51205E+6	8.12091E+4	3.43359E+6
6.90000E+0	3.99968E+4	7.38570E+4	4.65247E+6	1.55565E+6	8.11626E+4	3.56027E+6
7.00000E+0	3.94565E+4	7.34829E+4	4.48876E+6	1.57026E+6	8.09250E+4	3.46689E+6
7.10000E+0	3.95575E+4	7.34373E+4	4.16470E+6	1.50680E+6	8.06270E+4	3.53412E+6
7.20000E+0	3.96831E+4	7.36032E+4	4.40289E+6	1.57921E+6	8.10442E+4	3.50710E+6
7.30000E+0	3.93257E+4	7.34373E+4	4.33533E+6	1.57143E+6	8.11235E+4	3.55768E+6
7.40000E+0	3.92519E+4	7.33540E+4	4.33090E+6	1.51718E+6	8.10474E+4	3.47017E+6
7.50000E+0	3.91995E+4	7.33550E+4	4.34677E+6	1.50050E+6	8.09725E+4	3.38050E+6
7.60000E+0	3.92825E+4	7.37752E+4	4.48267E+6	1.57893E+6	8.13234E+4	3.57761E+6
7.70000E+0	3.91290E+4	7.34063E+4	4.19777E+6	1.55221E+6	8.09408E+4	3.54779E+6
7.80000E+0	3.89365E+4	7.31509E+4	4.20612E+6	1.49778E+6	8.09999E+4	3.48460E+6
7.90000E+0	3.88911E+4	7.37188E+4	4.46179E+6	1.48651E+6	8.09714E+4	3.44125E+6
8.00000E+0	3.88880E+4	7.35945E+4	4.48538E+6	1.48578E+6	8.13362E+4	3.35032E+6
8.10000E+0	3.87037E+4	7.36275E+4	4.50237E+6	1.52556E+6	8.10664E+4	3.58241E+6
8.20000E+0	3.88433E+4	7.38025E+4	4.11891E+6	1.52446E+6	8.12896E+4	3.47305E+6
8.30000E+0	3.88129E+4	7.35712E+4	4.39181E+6	1.51356E+6	8.14178E+4	3.48088E+6
8.40000E+0	3.86554E+4	7.35226E+4	4.19242E+6	1.52846E+6	8.13393E+4	3.30490E+6
8.50000E+0	3.84531E+4	7.33279E+4	4.15476E+6	1.53731E+6	8.13203E+4	3.33923E+6
8.60000E+0	3.81930E+4	7.34994E+4	4.29888E+6	1.49729E+6	8.13139E+4	3.44287E+6
8.70000E+0	3.84383E+4	7.31500E+4	4.28335E+6	1.48441E+6	8.12747E+4	3.33581E+6
8.80000E+0	3.84346E+4	7.39106E+4	4.30950E+6	1.52098E+6	8.15653E+4	3.57631E+6
8.90000E+0	3.82207E+4	7.33685E+4	4.13792E+6	1.47572E+6	8.11985E+4	3.17348E+6
9.00000E+0	3.82207E+4	7.34044E+4	4.27655E+6	1.50224E+6	8.12811E+4	3.42757E+6
9.10000E+0	3.80959E+4	7.33356E+4	4.12063E+6	1.52872E+6	8.12060E+4	3.42757E+6
9.20000E+0	3.79995E+4	7.34170E+4	4.37950E+6	1.50166E+6	8.12589E+4	3.28375E+6
9.30000E+0	3.79891E+4	7.33056E+4	4.41337E+6	1.50597E+6	8.14814E+4	3.48584E+6
9.40000E+0	3.80744E+4	7.33782E+4	4.42785E+6	1.51617E+6	8.14210E+4	3.34420E+6
9.50000E+0	3.81604E+4	7.30863E+4	3.87014E+6	1.50091E+6	8.09915E+4	3.30266E+6
9.60000E+0	3.79216E+4	7.33831E+4	4.37562E+6	1.47804E+6	8.13446E+4	3.36573E+6
9.70000E+0	3.78922E+4	7.31954E+4	4.24530E+6	1.50746E+6	8.10749E+4	3.36534E+6
9.80000E+0	3.78622E+4	7.33782E+4	4.13387E+6	1.47820E+6	8.13817E+4	3.36302E+6
9.90000E+0	3.78487E+4	7.32379E+4	4.24105E+6	1.47820E+6	8.13372E+4	3.39854E+6
1.00000E+1	3.78102E+4	7.34257E+4	4.15476E+6	1.44806E+6	8.12620E+4	3.22538E+6
1.01000E+1	3.79792E+4	7.34160E+4	4.20492E+6	1.50680E+6	8.13637E+4	3.40368E+6
1.02000E+1	3.77533E+4	7.33443E+4	4.38468E+6	1.48368E+6	8.16248E+4	3.37777E+6
1.03000E+1	3.77252E+4	7.32447E+4	4.02692E+6	1.49401E+6	8.14443E+4	3.38871E+6
1.04000E+1	3.77692E+4	7.33143E+4	4.14371E+6	1.48287E+6	8.14857E+4	3.39854E+6
1.05000E+1	3.78224E+4	7.31954E+4	3.95945E+6	1.47764E+6	8.12949E+4	3.33353E+6
1.06000E+1	3.77539E+4	7.30534E+4	4.34613E+6	1.49745E+6	8.14952E+4	3.33315E+6
1.07000E+1	3.75494E+4	7.30341E+4	4.03572E+6	1.46106E+6	8.12504E+4	3.34267E+6
1.08000E+1	3.74781E+4	7.31529E+4	4.30825E+6	1.47093E+6	8.16216E+4	3.46198E+6
1.09000E+1	3.76189E+4	7.30004E+4	4.35571E+6	1.47253E+6	8.14888E+4	3.34038E+6
1.10000E+1	3.74720E+4	7.29387E+4	4.29701E+6	1.50505E+6	8.13044E+4	3.38950E+6
1.11000E+1	3.74258E+4	7.31799E+4	4.08930E+6	1.46871E+6	8.14623E+4	3.33809E+6
1.12000E+1	3.76433E+4	7.31567E+4	3.95945E+6	1.50257E+6	8.15886E+4	3.18874E+6
1.13000E+1	3.75293E+4	7.36187E+4	4.22231E+6	1.50821E+6	8.15079E+4	3.33467E+6
1.14000E+1	3.75153E+4	7.33918E+4	4.01761E+6	1.46689E+6	8.14390E+4	3.21473E+6
1.15000E+1	3.75086E+4	7.30805E+4	4.23862E+6	1.48223E+6	8.14400E+4	3.35955E+6
1.16000E+1	3.76476E+4	7.30042E+4	4.09440E+6	1.46950E+6	8.16928E+4	3.32255E+6
1.17000E+1	3.76305E+4	7.29580E+4	4.19123E+6	1.47893E+6	8.17779E+4	3.20590E+6
1.18000E+1	3.78450E+4	7.30785E+4	4.35059E+6	1.51751E+6	8.14697E+4	3.27052E+6
1.19000E+1	3.77961E+4	7.27837E+4	4.10918E+6	1.51264E+6	8.15207E+4	3.32557E+6
1.20000E+1	3.78493E+4	7.27943E+4	4.31138E+6	1.47237E+6	8.15632E+4	3.48833E+6
1.21000E+1	3.79222E+4	7.27472E+4	4.20671E+6	1.46539E+6	8.12472E+4	3.18074E+6
1.22000E+1	3.80793E+4	7.30525E+4	4.18058E+6	1.50431E+6	8.16715E+4	3.42797E+6
1.23000E+1	3.81444E+4	7.28058E+4	4.32900E+6	1.48166E+6	8.12282E+4	3.28485E+6
1.24000E+1	3.81819E+4	7.29320E+4	4.25078E+6	1.51507E+6	8.13669E+4	3.35186E+6
1.25000E+1	3.82404E+4	7.28828E+4	4.15710E+6	1.50497E+6	8.12028E+4	3.19888E+6
1.26000E+1	3.82152E+4	7.25896E+4	4.17175E+6	1.47692E+6	8.13012E+4	3.24257E+6
1.27000E+1	3.85298E+4	7.28463E+4	4.49148E+6	1.51072E+6	8.15058E+4	3.20625E+6
1.28000E+1	3.84081E+4	7.27501E+4	4.71663E+6	1.49360E+6	8.12631E+4	3.25812E+6
1.29000E+1	3.84778E+4	7.28251E+4	4.29265E+6	1.51912E+6	8.13976E+4	3.34076E+6
1.30000E+1	3.88489E+4	7.30033E+4	4.27162E+6	1.47277E+6	8.14644E+4	3.29336E+6
1.31000E+1	3.88191E+4	7.27145E+4	4.53606E+6	1.48586E+6	8.10949E+4	3.24834E+6
1.32000E+1	3.92294E+4	7.25944E+4	4.20731E+6	1.50166E+6	8.10516E+4	3.30341E+6
1.33000E+1	3.89627E+4	7.28068E+4	4.22351E+6	1.49688E+6	8.15398E+4	3.23431E+6
1.34000E+1	3.90797E+4	7.29271E+4	4.38468E+6	1.51381E+6	8.12769E+4	3.38050E+6
1.35000E+1	3.90205E+4	7.27414E+4	4.61135E+6	1.52633E+6	8.11985E+4	3.22931E+6
1.36000E+1	3.90660E+4	7.25580E+4	4.32143E+6	1.49721E+6	8.12800E+4	3.25051E+6
1.37000E+1	3.91714E+4	7.26079E+4	4.36404E+6	1.52412E+6	8.12081E+4	3.32746E+6
1.38000E+1	3.90922E+4	7.27693E+4	4.21810E+6	1.50224E+6	8.08913E+4	3.22396E+6
1.39000E+1	3.92625E+4	7.27424E+4	4.47524E+6	1.54433E+6	8.13213E+4	3.19502E+6
1.40000E+1	3.94120E+4	7.25810E+4	4.33027E+6	1.49204E+6	8.13256E+4	3.38675E+6
1.41000E+1	3.94208E+4	7.24947E+4	4.49080E+6	1.56703E+6	8.10274E+4	3.49041E+6
1.42000E+1	3.94333E+4	7.27241E+4	4.66999E+6	1.54442E+6	8.10464E+4	3.45545E+6
1.43000E+1	3.94051E+4	7.26847E+4	4.49080E+6	1.50655E+6	8.09841E+4	3.33315E+6
1.44000E+1	3.94127E+4	7.26232E+4	4.53329E+6	1.53619E+6	8.10390E+4	3.45912E+6
1.45000E+1	3.94546E+4	7.23415E+4	4.30887E+6	1.50655E+6	8.07606E+4	3.23324E+6
1.46000E+1	3.95738E+4	7.28568E+4	4.40485E+6	1.55239E+6	8.10347E+4	3.30827E+6
1.47000E+1	3.95342E+4	7.24736E+4	4.60920E+6	1.52480E+6	8.12398E+4	3.39028E+6
1.48000E+1	3.98139E+4	7.25369E+4	4.25567E+6	1.53947E+6	8.12112E+4	3.28559E+6
1.49000E+1	3.95273E+4	7.25254E+4	4.20015E+6	1.52778E+6	8.14337E+4	3.26103E+6
1.50000E+1	3.95531E+4	7.25532E+4	4.25017E+6	1.55777E+6	8.09820E+4	3.37777E+6
1.51000E+1	3.97076E+4	7.25321E+4	4.14429E+6	1.52906E+6	8.10147E+4	3.23933E+6
1.52000E+1	3.95656E+4	7.25043E+4	4.46985E+6	1.49573E+6	8.11362E+4	3.26723E+6
1.53000E+1	3.96322E+4	7.26290E+4	4.28582E+6	1.52590E+6	8.10981E+4	3.35109E+6
1.54000E+1	3.96146E+4	7.25359E+4	4.35379E+6	1.52983E+6	8.09545E+4	3.27896E+6
1.55000E+1	3.97743E+4	7.24564E+4	4.29701E+6	1.50671E+6	8.07638E+4	3.18944E+6
1.56000E+1	3.96183E+4	7.24429E+4	4.34804E+6	1.54949E+6	8.12567E+4	3.33809E+6
1.57000E+1	3.96919E+4	7.27222E+4	4.45443E+6	1.55133E+6	8.08459E+4	3.47799E+6
1.58000E+1	3.98933E+4	7.26645E+4	4.35891E+6	1.53533E+6	8.11045E+4	3.40289E+6
1.59000E+1	3.97164E+4	7.24391E+4	4.30262E+6	1.47860E+6	8.08639E+4	3.35378E+6
1.60000E+1	3.95631E+4	7.25733E+4	4.44243E+6	1.53249E+6	8.09366E+4	3.21190E+6
1.61000E+1	3.98927E+4	7.26194E+4	4.71438E+6	1.53026E+6	8.10569E+4	3.42316E+6
1.62000E+1	3.98353E+4	7.26386E+4	4.17822E+6	1.54800E+6	8.11975E+4	3.42037E+6
1.63000E+1	3.94684E+4	7.28963E+4	4.26485E+6	1.53515E+6	8.08892E+4	3.33619E+6
1.64000E+1	3.95311E+4	7.28722E+4	4.36083E+6	1.56079E+6	8.13086E+4	3.30565E+6
1.65000E+1	3.96008E+4	7.26463E+4	4.48809E+6	1.51549E+6	8.12028E+4	3.27308E+6
1.66000E+1	3.96491E+4	7.24094E+4	4.30262E+6	1.51659E+6	8.14072E+4	3.31502E+6
1.67000E+1	3.96378E+4	7.25829E+4	4.57727E+6	1.50646E+6	8.10611E+4	3.40843E+6
1.68000E+1	3.95311E+4	7.27549E+4	4.33217E+6	1.50489E+6	8.12208E+4	3.34152E+6
1.69000E+1	3.94014E+4	7.27789E+4	4.39832E+6	1.56685E+6	8.14337E+4	3.43560E+6
1.70000E+1	3.96862E+4	7.25532E+4	4.41731E+6	1.52005E+6	8.11362E+4	3.34114E+6
1.71000E+1	3.94734E+4	7.27933E+4	4.47726E+6	1.54756E+6	8.11467E+4	3.24617E+6
1.72000E+1	3.95838E+4	7.24075E+4	4.11033E+6	1.53757E+6	8.11214E+4	3.30977E+6
1.73000E+1	3.97655E+4	7.26261E+4	4.61851E+6	1.53378E+6	8.12409E+4	3.37116E+6
1.74000E+1	3.94227E+4	7.25685E+4	4.51606E+6	1.50364E+6	8.11467E+4	3.32822E+6
1.75000E+1	3.92750E+4	7.26713E+4	4.27716E+6	1.53636E+6	8.11636E+4	3.39736E+6
1.76000E+1	3.93476E+4	7.28106E+4	4.34677E+6	1.49860E+6	8.12451E+4	3.33049E+6
1.77000E+1	3.93970E+4	7.28540E+4	4.12006E+6	1.49360E+6	8.13934E+4	3.35839E+6
1.78000E+1	3.92126E+4	7.27472E+4	4.63002E+6	1.54896E+6	8.15133E+4	3.49665E+6
1.79000E+1	3.89595E+4	7.24822E+4	4.08648E+6	1.58614E+6	8.12377E+4	3.50333E+6
1.80000E+1	3.88837E+4	7.23951E+4	4.31577E+6	1.51482E+6	8.15005E+4	3.44570E+6
1.81000E+1	3.85242E+4	7.23625E+4	4.13908E+6	1.49131E+6	8.11584E+4	3.22289E+6
1.82000E+1	3.86065E+4	7.24842E+4	4.30199E+6	1.54164E+6	8.12906E+4	3.43359E+6
1.83000E+1	3.81918E+4	7.25187E+4	4.09893E+6	1.48045E+6	8.13658E+4	3.43399E+6
1.84000E+1	3.82552E+4	7.26309E+4	4.12810E+6	1.54286E+6	8.14941E+4	3.39461E+6
1.85000E+1	3.78628E+4	7.25244E+4	4.16587E+6	1.50240E+6	8.12430E+4	3.37504E+6
1.86000E+1	3.80523E+4	7.25753E+4	4.21450E+6	1.52022E+6	8.12991E+4	3.44692E+6
1.87000E+1	3.79952E+4	7.24966E+4	4.23498E+6	1.49581E+6	8.12906E+4	3.39500E+6
1.88000E+1	3.75665E+4	7.23855E+4	4.21570E+6	1.48336E+6	8.13182E+4	3.32142E+6
1.89000E+1	3.74915E+4	7.23424E+4	4.27840E+6	1.49943E+6	8.12144E+4	3.37155E+6
1.90000E+1	3.74276E+4	7.26405E+4	4.15768E+6	1.47885E+6	8.15430E+4	3.34420E+6
1.91000E+1	3.71883E+4	7.25100E+4	3.77208E+6	1.45886E+6	8.11436E+4	3.16762E+6
1.92000E+1	3.69522E+4	7.25120E+4	4.13156E+6	1.48757E+6	8.16875E+4	3.34955E+6
1.93000E+1	3.71471E+4	7.23156E+4	4.16236E+6	1.50381E+6	8.12197E+4	3.21084E+6
1.94000E+1	3.69963E+4	7.24554E+4	3.98671E+6	1.49778E+6	8.16907E+4	3.31615E+6
1.95000E+1	3.69462E+4	7.22955E+4	4.24895E+6	1.46642E+6	8.14294E+4	3.25449E+6
1.96000E+1	3.67597E+4	7.26674E+4	4.27223E+6	1.50730E+6	8.14772E+4	3.33771E+6
1.97000E+1	3.69540E+4	7.25014E+4	4.14836E+6	1.48879E+6	8.12155E+4	3.24834E+6
1.98000E+1	3.68092E+4	7.21837E+4	3.89364E+6	1.47692E+6	8.16620E+4	3.15939E+6
1.99000E+1	3.68683E+4	7.27039E+4	4.39507E+6	1.50290E+6	8.17237E+4	3.35339E+6
2.00000E+1	3.66550E+4	7.23979E+4	3.97865E+6	1.45527E+6	8.16620E+4	3.26030E+6
2.01000E+1	3.65864E+4	7.24516E+4	3.93833E+6	1.44313E+6	8.12451E+4	3.22681E+6
2.02000E+1	3.64873E+4	7.21026E+4	3.87269E+6	1.50190E+6	8.15695E+4	3.16865E+6
2.03000E+1	3.64081E+4	7.23386E+4	3.94622E+6	1.44775E+6	8.17417E+4	3.30229E+6
2.04000E+1	3.66165E+4	7.24286E+4	4.02911E+6	1.49033E+6	8.16003E+4	3.42757E+6
2.05000E+1	3.63920E+4	7.23099E+4	4.28335E+6	1.47197E+6	8.16195E+4	3.34420E+6
2.06000E+1	3.66008E+4	7.22420E+4	3.86913E+6	1.48384E+6	8.14400E+4	3.27418E+6
2.07000E+1	3.66833E+4	7.22267E+4	4.08196E+6	1.48424E+6	8.18003E+4	3.45097E+6
2.08000E+1	3.64759E+4	7.19186E+4	3.96903E+6	1.45480E+6	8.15886E+4	3.20520E+6
2.09000E+1	3.68453E+4	7.24391E+4	4.20313E+6	1.45832E+6	8.12366E+4	3.17901E+6
2.10000E+1	3.69456E+4	7.23357E+4	4.27162E+6	1.46816E+6	8.16258E+4	3.31577E+6
2.11000E+1	3.68713E+4	7.21560E+4	3.99696E+6	1.47828E+6	8.16397E+4	3.13358E+6
2.12000E+1	3.69051E+4	7.24535E+4	4.08648E+6	1.48765E+6	8.17162E+4	3.31464E+6
2.13000E+1	3.68846E+4	7.21283E+4	4.02089E+6	1.45535E+6	8.14485E+4	3.18526E+6
2.14000E+1	3.68230E+4	7.22143E+4	4.26363E+6	1.47548E+6	8.13033E+4	3.26759E+6
2.15000E+1	3.68074E+4	7.21217E+4	4.04787E+6	1.45652E+6	8.19004E+4	3.06017E+6
2.16000E+1	3.68273E+4	7.19929E+4	3.96956E+6	1.48619E+6	8.16141E+4	3.13999E+6
2.17000E+1	3.68743E+4	7.20091E+4	3.85295E+6	1.47684E+6	8.15971E+4	3.17417E+6
2.18000E+1	3.69558E+4	7.18643E+4	3.98187E+6	1.47412E+6	8.14422E+4	3.14949E+6
2.19000E+1	3.70526E+4	7.19129E+4	4.09440E+6	1.44528E+6	8.13309E+4	3.27162E+6
2.20000E+1	3.66977E+4	7.18177E+4	4.15476E+6	1.46832E+6	8.15207E+4	3.24113E+6
2.21000E+1	3.66724E+4	7.19891E+4	3.86103E+6	1.46863E+6	8.15154E+4	3.40724E+6
2.22000E+1	3.67043E+4	7.18501E+4	3.99966E+6	1.50821E+6	8.14114E+4	3.37933E+6
2.23000E+1	3.68188E+4	7.19967E+4	3.89107E+6	1.47844E+6	8.12864E+4	3.27198E+6
2.24000E+1	3.65906E+4	7.19415E+4	4.08027E+6	1.50547E+6	8.14857E+4	3.31201E+6
2.25000E+1	3.71507E+4	7.21331E+4	4.06289E+6	1.44790E+6	8.15504E+4	3.27345E+6
2.26000E+1	3.68357E+4	7.20959E+4	4.23015E+6	1.46255E+6	8.16205E+4	3.31539E+6
2.27000E+1	3.67417E+4	7.20320E+4	4.00726E+6	1.44999E+6	8.17694E+4	3.21331E+6
2.28000E+1	3.67844E+4	7.21694E+4	3.99264E+6	1.48231E+6	8.16875E+4	3.27528E+6
2.29000E+1	3.69232E+4	7.26290E+4	4.19896E+6	1.50930E+6	8.19943E+4	3.28744E+6
2.30000E+1	3.39378E+4	7.20224E+4	4.00563E+6	1.47412E+6	8.22144E+4	3.34879E+6
2.31000E+1	2.46253E+4	7.24200E+4	3.69214E+6	1.45022E+6	8.22326E+4	3.22859E+6
2.32000E+1	1.56411E+4	7.23606E+4	2.24063E+6	1.36195E+6	8.32633E+4	2.98602E+6
2.33000E+1	9.06083E+3	7.22965E+4	7.31780E+5	1.13479E+6	8.52484E+4	2.60235E+6
2.34000E+1	4.91843E+3	7.22755E+4	2.95616E+5	8.71943E+5	8.85844E+4	2.05866E+6
2.35000E+1	2.97619E+3	7.17816E+4	1.64323E+5	5.75883E+5	9.31421E+4	1.45524E+6
2.36000E+1	2.05862E+3	7.10008E+4	1.08579E+5	3.62350E+5	9.98266E+4	9.70810E+5
2.37000E+1	1.56871E+3	6.92304E+4	7.45767E+4	2.27114E+5	1.07500E+5	6.57193E+5
2.38000E+1	1.24569E+3	6.59293E+4	5.42225E+4	1.55902E+5	1.16768E+5	4.49969E+5
2.39000E+1	1.09368E+3	6.16181E+4	4.11488E+4	1.12521E+5	1.26948E+5	3.25242E+5
2.40000E+1	9.78898E+2	5.53494E+4	3.24035E+4	8.59384E+4	1.37004E+5	2.46530E+5
2.41000E+1	8.98806E+2	4.85901E+4	2.71573E+4	6.84822E+4	1.46893E+5	1.95318E+5
2.42000E+1	8.64707E+2	4.15879E+4	2.46546E+4	5.69205E+4	1.56375E+5	1.63578E+5
2.43000E+1	8.56514E+2	3.51776E+4	2.27484E+4	4.82520E+4	1.64523E+5	1.42309E+5
2.44000E+1	8.09673E+2	2.96017E+4	2.15091E+4	4.18593E+4	1.70899E+5	1.28017E+5
2.45000E+1	8.36200E+2	2.50942E+4	2.08939E+4	3.77270E+4	1.77335E+5	1.17528E+5
2.46000E+1	8.36200E+2	2.14616E+4	2.06448E+4	3.43825E+4	1.82659E+5	1.10709E+5
2.47000E+1	7.90360E+2	1.84710E+4	2.06205E+4	3.22943E+4	1.86470E+5	1.05526E+5
2.48000E+1	8.57825E+2	1.61515E+4	2.05090E+4	3.04610E+4	1.90160E+5	1.01426E+5
2.49000E+1	8.20806E+2	1.42318E+4	2.02420E+4	2.88510E+4	1.93250E+5	9.85108E+4
2.50000E+1	8.17531E+2	1.26616E+4	2.04398E+4	2.80018E+4	1.96298E+5	9.65349E+4
2.51000E+1	8.07709E+2	1.14097E+4	2.02429E+4	2.71009E+4	1.99145E+5	9.44907E+4
2.52000E+1	8.37510E+2	1.02926E+4	2.02010E+4	2.65020E+4	2.01713E+5	9.32050E+4
2.53000E+1	7.92651E+2	9.32492E+3	2.00044E+4	2.56525E+4	2.02855E+5	9.11820E+4
2.54000E+1	8.21134E+2	8.58982E+3	1.96607E+4	2.49590E+4	2.05637E+5	8.99908E+4
2.55000E+1	8.27356E+2	7.94820E+3	1.94365E+4	2.46589E+4	2.07457E+5	8.89292E+4
2.56000E+1	7.69418E+2	7.38540E+3	1.95252E+4	2.41553E+4	2.08861E+5	8.79431E+4
2.57000E+1	7.70073E+2	6.85161E+3	1.92598E+4	2.33746E+4	2.11928E+5	8.69470E+4
2.58000E+1	8.02798E+2	6.43721E+3	1.92328E+4	2.30503E+4	2.12905E+5	8.58356E+4
2.59000E+1	7.85451E+2	6.02384E+3	1.91056E+4	2.27462E+4	2.15831E+5	8.50810E+4
2.60000E+1	7.90687E+2	5.74391E+3	1.88830E+4	2.21400E+4	2.16753E+5	8.40658E+4
2.61000E+1	7.78906E+2	5.37309E+3	1.89199E+4	2.19179E+4	2.18371E+5	8.37422E+4
2.62000E+1	7.63530E+2	5.15604E+3	1.92254E+4	2.16713E+4	2.20019E+5	8.35509E+4
2.63000E+1	7.85778E+2	4.90088E+3	1.91431E+4	2.12535E+4	2.20118E+5	8.24719E+4
2.64000E+1	8.02798E+2	4.65260E+3	1.90754E+4	2.10639E+4	2.21467E+5	8.23368E+4
2.65000E+1	7.75634E+2	4.48456E+3	1.91783E+4	2.08240E+4	2.23262E+5	8.17528E+4
2.66000E+1	7.87742E+2	4.28657E+3	1.92199E+4	2.07300E+4	2.24685E+5	8.16539E+4
2.67000E+1	7.77925E+2	4.17597E+3	1.92442E+4	2.05022E+4	2.25066E+5	8.13398E+4
2.68000E+1	7.52083E+2	3.94920E+3	1.92612E+4	2.02352E+4	2.25417E+5	8.06453E+4
2.69000E+1	8.01489E+2	3.84904E+3	1.96478E+4	2.02986E+4	2.27308E+5	8.05802E+4
2.70000E+1	7.91669E+2	3.73798E+3	1.95842E+4	2.00673E+4	2.27996E+5	8.07421E+4
2.71000E+1	7.85778E+2	3.60156E+3	1.97757E+4	1.99597E+4	2.28677E+5	8.00919E+4
2.72000E+1	7.98543E+2	3.48757E+3	1.94346E+4	1.98226E+4	2.29064E+5	8.03493E+4
2.73000E+1	7.81197E+2	3.43343E+3	1.89773E+4	1.97011E+4	2.28931E+5	7.93842E+4
2.74000E+1	7.42927E+2	3.32188E+3	1.87093E+4	1.97103E+4	2.30198E+5	7.89416E+4
2.75000E+1	7.36715E+2	3.23803E+3	1.84800E+4	1.93981E+4	2.32123E+5	7.86100E+4
2.76000E+1	7.54045E+2	3.13615E+3	1.82710E+4	1.93678E+4	2.32486E+5	7.78334E+4
2.77000E+1	7.68110E+2	3.08100E+3	1.81539E+4	1.92385E+4	2.34579E+5	7.75374E+4
2.78000E+1	7.47177E+2	2.99344E+3	1.79210E+4	1.87531E+4	2.34893E+5	7.68687E+4
2.79000E+1	7.42273E+2	2.89477E+3	1.76943E+4	1.87699E+4	2.36308E+5	7.64544E+4
2.80000E+1	7.38676E+2	2.86886E+3	1.76613E+4	1.85635E+4	2.36600E+5	7.61790E+4
2.81000E+1	7.43581E+2	2.76056E+3	1.74738E+4	1.84391E+4	2.37412E+5	7.56486E+4
2.82000E+1	7.66801E+2	2.72927E+3	1.73375E+4	1.82775E+4	2.38476E+5	7.57282E+4
2.83000E+1	7.50775E+2	2.68203E+3	1.73792E+4	1.81402E+4	2.39327E+5	7.48078E+4
2.84000E+1	7.44235E+2	2.59752E+3	1.72949E+4	1.78849E+4	2.39985E+5	7.46180E+4
2.85000E+1	7.14161E+2	2.57989E+3	1.72714E+4	1.78366E+4	2.40212E+5	7.43404E+4
2.86000E+1	7.41946E+2	2.54092E+3	1.71338E+4	1.74425E+4	2.40555E+5	7.37345E+4
2.87000E+1	7.07953E+2	2.46239E+3	1.72236E+4	1.74807E+4	2.41076E+5	7.33338E+4
2.88000E+1	7.14161E+2	2.41202E+3	1.73592E+4	1.74447E+4	2.41985E+5	7.33057E+4
2.89000E+1	7.74326E+2	2.37115E+3	1.73477E+4	1.72008E+4	2.41515E+5	7.30111E+4
2.90000E+1	7.06973E+2	2.30535E+3	1.75833E+4	1.72273E+4	2.41578E+5	7.27002E+4
2.91000E+1	7.43254E+2	2.30198E+3	1.78668E+4	1.71048E+4	2.42525E+5	7.27925E+4
2.92000E+1	7.60913E+2	2.26289E+3	1.79031E+4	1.69711E+4	2.42015E+5	7.23779E+4
2.93000E+1	7.41946E+2	2.21507E+3	1.81144E+4	1.71070E+4	2.41849E+5	7.24421E+4
2.94000E+1	7.86433E+2	2.23291E+3	1.83319E+4	1.68857E+4	2.41590E+5	7.23329E+4
2.95000E+1	7.60913E+2	2.16427E+3	1.84262E+4	1.71809E+4	2.42680E+5	7.24469E+4
2.96000E+1	7.54045E+2	2.12393E+3	1.85302E+4	1.70735E+4	2.42464E+5	7.23090E+4
2.97000E+1	7.74326E+2	2.12326E+3	1.86689E+4	1.70218E+4	2.40929E+5	7.20960E+4
2.98000E+1	7.39003E+2	2.06550E+3	1.88739E+4	1.71415E+4	2.41699E+5	7.20836E+4
2.99000E+1	7.57970E+2	2.02222E+3	1.88506E+4	1.71915E+4	2.42162E+5	7.20559E+4
3.00000E+1	7.83815E+2	2.02289E+3	1.89992E+4	1.71742E+4	2.42926E+5	7.21332E+4
3.01000E+1	7.74326E+2	1.97999E+3	1.91421E+4	1.69976E+4	2.42079E+5	7.23588E+4
3.02000E+1	7.70073E+2	1.97295E+3	1.91687E+4	1.70854E+4	2.41567E+5	7.20969E+4
3.03000E+1	7.44562E+2	1.95085E+3	1.91385E+4	1.73297E+4	2.42181E+5	7.20550E+4
3.04000E+1	7.84469E+2	1.96994E+3	1.91540E+4	1.72543E+4	2.42283E+5	7.20626E+4
3.05000E+1	7.46523E+2	1.93511E+3	1.92781E+4	1.73204E+4	2.43214E+5	7.16677E+4
3.06000E+1	7.73671E+2	1.91068E+3	1.96261E+4	1.73594E+4	2.42434E+5	7.17608E+4
3.07000E+1	7.76289E+2	1.88426E+3	1.98561E+4	1.71490E+4	2.41361E+5	7.16914E+4
3.08000E+1	8.01489E+2	1.87188E+3	2.02071E+4	1.73089E+4	2.42528E+5	7.20349E+4
3.09000E+1	7.89378E+2	1.84882E+3	2.03273E+4	1.73541E+4	2.41402E+5	7.22507E+4
3.10000E+1	7.55680E+2	1.80439E+3	2.05062E+4	1.75585E+4	2.41046E+5	7.23674E+4
3.11000E+1	7.66474E+2	1.80706E+3	2.04454E+4	1.77262E+4	2.42253E+5	7.25466E+4
3.12000E+1	7.97233E+2	1.80239E+3	2.00026E+4	1.77816E+4	2.41545E+5	7.24641E+4
3.13000E+1	7.76616E+2	1.80272E+3	1.96662E+4	1.76767E+4	2.42155E+5	7.21093E+4
3.14000E+1	7.40311E+2	1.77702E+3	1.93258E+4	1.80248E+4	2.42483E+5	7.16572E+4
3.15000E+1	7.48158E+2	1.72065E+3	1.91412E+4	1.78245E+4	2.44078E+5	7.16971E+4
3.16000E+1	7.59278E+2	1.72899E+3	1.89682E+4	1.78312E+4	2.43111E+5	7.11216E+4
3.17000E+1	7.56007E+2	1.74699E+3	1.88402E+4	1.77606E+4	2.44808E+5	7.14146E+4
3.18000E+1	7.36715E+2	1.73232E+3	1.84845E+4	1.75394E+4	2.44647E+5	7.06390E+4
3.19000E+1	7.53391E+2	1.75133E+3	1.83201E+4	1.75683E+4	2.46061E+5	7.04394E+4
3.20000E+1	7.28542E+2	1.71932E+3	1.81036E+4	1.76601E+4	2.46617E+5	7.01834E+4
3.21000E+1	7.29196E+2	1.66934E+3	1.76778E+4	1.73093E+4	2.47183E+5	6.99495E+4
3.22000E+1	7.19063E+2	1.69033E+3	1.75312E+4	1.74318E+4	2.48763E+5	6.97274E+4
3.23000E+1	7.25600E+2	1.62740E+3	1.72200E+4	1.73248E+4	2.48344E+5	6.90103E+4
3.24000E+1	7.29523E+2	1.62208E+3	1.71444E+4	1.73093E+4	2.50006E+5	6.90001E+4
3.25000E+1	7.39330E+2	1.64537E+3	1.69114E+4	1.72800E+4	2.49438E+5	6.83110E+4
3.26000E+1	7.17429E+2	1.60345E+3	1.66526E+4	1.71048E+4	2.51855E+5	6.83265E+4
3.27000E+1	7.39330E+2	1.60744E+3	1.64771E+4	1.71565E+4	2.52310E+5	6.81642E+4
3.28000E+1	7.15468E+2	1.60544E+3	1.62228E+4	1.68584E+4	2.51958E+5	6.72671E+4
3.29000E+1	6.99458E+2	1.57818E+3	1.57724E+4	1.68228E+4	2.53921E+5	6.68723E+4
3.30000E+1	7.08280E+2	1.54063E+3	1.53744E+4	1.67696E+4	2.53897E+5	6.66170E+4
3.31000E+1	6.40036E+2	1.57286E+3	1.48888E+4	1.66287E+4	2.55848E+5	6.59055E+4
3.32000E+1	6.81820E+2	1.55558E+3	1.43905E+4	1.64791E+4	2.56863E+5	6.54985E+4
3.33000E+1	7.16122E+2	1.53664E+3	1.40128E+4	1.62958E+4	2.58905E+5	6.47703E+4
3.34000E+1	6.74309E+2	1.51240E+3	1.38017E+4	1.61922E+4	2.60489E+5	6.41559E+4
3.35000E+1	6.64188E+2	1.47855E+3	1.36271E+4	1.59738E+4	2.61716E+5	6.36954E+4
3.36000E+1	6.96518E+2	1.44472E+3	1.33843E+4	1.58189E+4	2.62985E+5	6.31696E+4
3.37000E+1	6.53742E+2	1.46296E+3	1.32685E+4	1.53652E+4	2.63644E+5	6.25220E+4
3.38000E+1	6.49173E+2	1.46197E+3	1.34009E+4	1.53523E+4	2.65120E+5	6.25245E+4
3.39000E+1	6.83453E+2	1.47855E+3	1.33082E+4	1.51367E+4	2.65502E+5	6.20206E+4
3.40000E+1	6.70391E+2	1.44406E+3	1.35016E+4	1.51187E+4	2.66894E+5	6.19209E+4
3.41000E+1	6.39709E+2	1.44936E+3	1.36080E+4	1.49601E+4	2.67228E+5	6.17690E+4
3.42000E+1	6.61576E+2	1.42881E+3	1.35390E+4	1.48780E+4	2.67336E+5	6.16334E+4
3.43000E+1	6.81493E+2	1.40065E+3	1.36646E+4	1.45051E+4	2.67658E+5	6.16224E+4
3.44000E+1	7.04359E+2	1.40760E+3	1.39416E+4	1.46180E+4	2.68282E+5	6.15450E+4
3.45000E+1	6.35794E+2	1.43511E+3	1.40920E+4	1.46256E+4	2.68225E+5	6.17757E+4
3.46000E+1	6.66473E+2	1.37018E+3	1.41646E+4	1.46662E+4	2.67141E+5	6.17294E+4
3.47000E+1	6.72677E+2	1.38011E+3	1.43825E+4	1.46569E+4	2.67410E+5	6.17547E+4
3.48000E+1	6.76595E+2	1.40562E+3	1.46025E+4	1.45076E+4	2.67493E+5	6.20198E+4
3.49000E+1	7.07953E+2	1.31459E+3	1.49710E+4	1.45630E+4	2.66318E+5	6.19970E+4
3.50000E+1	6.65167E+2	1.34536E+3	1.51164E+4	1.46243E+4	2.66573E+5	6.22569E+4
3.51000E+1	6.94558E+2	1.34602E+3	1.55535E+4	1.47871E+4	2.65998E+5	6.26327E+4
3.52000E+1	7.02725E+2	1.36720E+3	1.57189E+4	1.46739E+4	2.65184E+5	6.24999E+4
3.53000E+1	7.12201E+2	1.35562E+3	1.59471E+4	1.48908E+4	2.65968E+5	6.29974E+4
3.54000E+1	7.32138E+2	1.35131E+3	1.62146E+4	1.49516E+4	2.64652E+5	6.28571E+4
3.55000E+1	7.17102E+2	1.34701E+3	1.64408E+4	1.49367E+4	2.64541E+5	6.33215E+4
3.56000E+1	7.03052E+2	1.34304E+3	1.68067E+4	1.51285E+4	2.63917E+5	6.36720E+4
3.57000E+1	7.30830E+2	1.32881E+3	1.70295E+4	1.52748E+4	2.64053E+5	6.41394E+4
3.58000E+1	7.06973E+2	1.34867E+3	1.73614E+4	1.52778E+4	2.63486E+5	6.41420E+4
3.59000E+1	7.17102E+2	1.29740E+3	1.75236E+4	1.54841E+4	2.62527E+5	6.43715E+4
3.60000E+1	7.05666E+2	1.31459E+3	1.77756E+4	1.55464E+4	2.62113E+5	6.46680E+4
3.61000E+1	7.39657E+2	1.31790E+3	1.80717E+4	1.57114E+4	2.61135E+5	6.50462E+4
3.62000E+1	7.41619E+2	1.32154E+3	1.84786E+4	1.57981E+4	2.59762E+5	6.51112E+4
3.63000E+1	7.29196E+2	1.29608E+3	1.86607E+4	1.60792E+4	2.60025E+5	6.52448E+4
3.64000E+1	7.76943E+2	1.30071E+3	1.89244E+4	1.60861E+4	2.59113E+5	6.55842E+4
3.65000E+1	7.65820E+2	1.29376E+3	1.92923E+4	1.62283E+4	2.59092E+5	6.60048E+4
3.66000E+1	7.72363E+2	1.30269E+3	1.96040E+4	1.63206E+4	2.58615E+5	6.62191E+4
3.67000E+1	7.69418E+2	1.28319E+3	2.00137E+4	1.65670E+4	2.57904E+5	6.65321E+4
3.68000E+1	7.78906E+2	1.28021E+3	2.04029E+4	1.68821E+4	2.57315E+5	6.68221E+4
3.69000E+1	7.84469E+2	1.30467E+3	2.06523E+4	1.69323E+4	2.56240E+5	6.72256E+4
3.70000E+1	7.85451E+2	1.26733E+3	2.11761E+4	1.71309E+4	2.55555E+5	6.77072E+4
3.71000E+1	7.96906E+2	1.28451E+3	2.14392E+4	1.71906E+4	2.54787E+5	6.80622E+4
3.72000E+1	8.03125E+2	1.28814E+3	2.16801E+4	1.76379E+4	2.54074E+5	6.83329E+4
3.73000E+1	8.20806E+2	1.30038E+3	2.19450E+4	1.80661E+4	2.54329E+5	6.87218E+4
3.74000E+1	8.09673E+2	1.29971E+3	2.18368E+4	1.78487E+4	2.52482E+5	6.88292E+4
3.75000E+1	8.07381E+2	1.27691E+3	2.18755E+4	1.84468E+4	2.52374E+5	6.88411E+4
3.76000E+1	7.80542E+2	1.29674E+3	2.18301E+4	1.82672E+4	2.52494E+5	6.94661E+4
3.77000E+1	8.07709E+2	1.28253E+3	2.20240E+4	1.85866E+4	2.51683E+5	6.95948E+4
3.78000E+1	7.99525E+2	1.26534E+3	2.19809E+4	1.87458E+4	2.52218E+5	6.97701E+4
3.79000E+1	8.07381E+2	1.28484E+3	2.16539E+4	1.89356E+4	2.51520E+5	6.94328E+4
3.80000E+1	7.78252E+2	1.26336E+3	2.12893E+4	1.91145E+4	2.51242E+5	6.93394E+4
3.81000E+1	7.96579E+2	1.29112E+3	2.10381E+4	1.89661E+4	2.52502E+5	6.95188E+4
3.82000E+1	7.88396E+2	1.27228E+3	2.06378E+4	1.90857E+4	2.52943E+5	6.92499E+4
3.83000E+1	7.92324E+2	1.29376E+3	2.02974E+4	1.93146E+4	2.53635E+5	6.90020E+4
3.84000E+1	7.54372E+2	1.29343E+3	1.98844E+4	1.88454E+4	2.53128E+5	6.84416E+4
3.85000E+1	7.46850E+2	1.30864E+3	1.98395E+4	1.92046E+4	2.53901E+5	6.87447E+4
3.86000E+1	7.79561E+2	1.27063E+3	1.96718E+4	1.89985E+4	2.54778E+5	6.84873E+4
3.87000E+1	7.62549E+2	1.27426E+3	1.95073E+4	1.87563E+4	2.54880E+5	6.82636E+4
3.88000E+1	7.96906E+2	1.27162E+3	1.97161E+4	1.89616E+4	2.54815E+5	6.82426E+4
3.89000E+1	7.55026E+2	1.28418E+3	1.98159E+4	1.89401E+4	2.56093E+5	6.81050E+4
3.90000E+1	7.72363E+2	1.25841E+3	1.98057E+4	1.88973E+4	2.55640E+5	6.81105E+4
3.91000E+1	7.97233E+2	1.26766E+3	1.97993E+4	1.88773E+4	2.55465E+5	6.78078E+4
3.92000E+1	7.73999E+2	1.28517E+3	1.97424E+4	1.88104E+4	2.56310E+5	6.79840E+4
3.93000E+1	7.78579E+2	1.24519E+3	1.96376E+4	1.89132E+4	2.54730E+5	6.78205E+4
3.94000E+1	7.71054E+2	1.27889E+3	1.93726E+4	1.89538E+4	2.56281E+5	6.76999E+4
3.95000E+1	7.83160E+2	1.25973E+3	1.92140E+4	1.88686E+4	2.56924E+5	6.78033E+4
3.96000E+1	8.00507E+2	1.27724E+3	1.89777E+4	1.89073E+4	2.56539E+5	6.76284E+4
3.97000E+1	7.68437E+2	1.26039E+3	1.90672E+4	1.89433E+4	2.57817E+5	6.75271E+4
3.98000E+1	7.62876E+2	1.23265E+3	1.87338E+4	1.87454E+4	2.56748E+5	6.74701E+4
3.99000E+1	7.65820E+2	1.25576E+3	1.87252E+4	1.87313E+4	2.58044E+5	6.69917E+4
4.00000E+1	7.97233E+2	1.26006E+3	1.84050E+4	1.85626E+4	2.58371E+5	6.67728E+4
4.01000E+1	7.54045E+2	1.25378E+3	1.83946E+4	1.87686E+4	2.58627E+5	6.66170E+4
4.02000E+1	7.61895E+2	1.27493E+3	1.81589E+4	1.84436E+4	2.59704E+5	6.67369E+4
4.03000E+1	7.75634E+2	1.24090E+3	1.82624E+4	1.85717E+4	2.59354E+5	6.66027E+4
4.04000E+1	7.66801E+2	1.25477E+3	1.82426E+4	1.84617E+4	2.60134E+5	6.64508E+4
4.05000E+1	7.51102E+2	1.27030E+3	1.82669E+4	1.85391E+4	2.60238E+5	6.62582E+4
4.06000E+1	7.50448E+2	1.24189E+3	1.81386E+4	1.83452E+4	2.60042E+5	6.58248E+4
4.07000E+1	7.29849E+2	1.24123E+3	1.81099E+4	1.85427E+4	2.61429E+5	6.58895E+4
4.08000E+1	7.62222E+2	1.23364E+3	1.79362E+4	1.82221E+4	2.60787E+5	6.58443E+4
4.09000E+1	7.59605E+2	1.23661E+3	1.77992E+4	1.83745E+4	2.61097E+5	6.57301E+4
4.10000E+1	7.39657E+2	1.23133E+3	1.78220E+4	1.80014E+4	2.61948E+5	6.58939E+4
4.11000E+1	7.44235E+2	1.19337E+3	1.76791E+4	1.81375E+4	2.62341E+5	6.55038E+4
4.12000E+1	7.71381E+2	1.21977E+3	1.77295E+4	1.80858E+4	2.62273E+5	6.54394E+4
4.13000E+1	7.34753E+2	1.20723E+3	1.76555E+4	1.79064E+4	2.60887E+5	6.53672E+4
4.14000E+1	7.56661E+2	1.20228E+3	1.79474E+4	1.79010E+4	2.63491E+5	6.52413E+4
4.15000E+1	7.60259E+2	1.20591E+3	1.81341E+4	1.77874E+4	2.62870E+5	6.55692E+4
4.16000E+1	7.77270E+2	1.22109E+3	1.84913E+4	1.77704E+4	2.62540E+5	6.57469E+4
4.17000E+1	7.45215E+2	1.19931E+3	1.87406E+4	1.77892E+4	2.61893E+5	6.54297E+4
4.18000E+1	7.90360E+2	1.20624E+3	1.90882E+4	1.79028E+4	2.61838E+5	6.59755E+4
4.19000E+1	7.76616E+2	1.20063E+3	1.89800E+4	1.79033E+4	2.60959E+5	6.58647E+4
4.20000E+1	7.80215E+2	1.21119E+3	1.91097E+4	1.80037E+4	2.61581E+5	6.61995E+4
4.21000E+1	7.87742E+2	1.18282E+3	1.91819E+4	1.80571E+4	2.62167E+5	6.61497E+4
4.22000E+1	7.84469E+2	1.20030E+3	1.94181E+4	1.80634E+4	2.61366E+5	6.63366E+4
4.23000E+1	7.72690E+2	1.20921E+3	1.95911E+4	1.84395E+4	2.59996E+5	6.64660E+4
4.24000E+1	8.00179E+2	1.22274E+3	1.96916E+4	1.81510E+4	2.61207E+5	6.65428E+4
4.25000E+1	7.65493E+2	1.21350E+3	1.98774E+4	1.85617E+4	2.60841E+5	6.68992E+4
4.26000E+1	7.76616E+2	1.23859E+3	1.99998E+4	1.84386E+4	2.59783E+5	6.68597E+4
4.27000E+1	7.96251E+2	1.20426E+3	2.00216E+4	1.85807E+4	2.60242E+5	6.70735E+4
4.28000E+1	8.10001E+2	1.17457E+3	1.99989E+4	1.86963E+4	2.60573E+5	6.68974E+4
4.29000E+1	7.81524E+2	1.19370E+3	1.96676E+4	1.88377E+4	2.60230E+5	6.69755E+4
4.30000E+1	7.83487E+2	1.21614E+3	1.92928E+4	1.89693E+4	2.60263E+5	6.71374E+4
4.31000E+1	7.77598E+2	1.19403E+3	1.90120E+4	1.89625E+4	2.61060E+5	6.69297E+4
4.32000E+1	7.48812E+2	1.21416E+3	1.85723E+4	1.89757E+4	2.61956E+5	6.66045E+4
4.33000E+1	7.80215E+2	1.19931E+3	1.82138E+4	1.88172E+4	2.62413E+5	6.63277E+4
4.34000E+1	7.55026E+2	1.20327E+3	1.82449E+4	1.89255E+4	2.63474E+5	6.61844E+4
4.35000E+1	7.54699E+2	1.17358E+3	1.81238E+4	1.87140E+4	2.64177E+5	6.60777E+4
4.36000E+1	7.49794E+2	1.20426E+3	1.83052E+4	1.87440E+4	2.64785E+5	6.59649E+4
4.37000E+1	7.99525E+2	1.19403E+3	1.81193E+4	1.85689E+4	2.65141E+5	6.58053E+4
4.38000E+1	7.66147E+2	1.18546E+3	1.82327E+4	1.86396E+4	2.64288E+5	6.54968E+4
4.39000E+1	7.77925E+2	1.20855E+3	1.80847E+4	1.82649E+4	2.65081E+5	6.57380E+4
4.40000E+1	7.55026E+2	1.17556E+3	1.80322E+4	1.85875E+4	2.65038E+5	6.52791E+4
4.41000E+1	7.26908E+2	1.19766E+3	1.79057E+4	1.84423E+4	2.66603E+5	6.48858E+4
4.42000E+1	7.44562E+2	1.20030E+3	1.78229E+4	1.82325E+4	2.66361E+5	6.52483E+4
4.43000E+1	7.57315E+2	1.19469E+3	1.78194E+4	1.82464E+4	2.66261E+5	6.50339E+4
4.44000E+1	7.62222E+2	1.18183E+3	1.78095E+4	1.82568E+4	2.66261E+5	6.50620E+4
4.45000E+1	7.63857E+2	1.20855E+3	1.74938E+4	1.79956E+4	2.65468E+5	6.47737E+4
4.46000E+1	7.54699E+2	1.18843E+3	1.75436E+4	1.81025E+4	2.67024E+5	6.48175E+4
4.47000E+1	7.66801E+2	1.18843E+3	1.74280E+4	1.77137E+4	2.67276E+5	6.44560E+4
4.48000E+1	7.56988E+2	1.15710E+3	1.71674E+4	1.77977E+4	2.67463E+5	6.45999E+4
4.49000E+1	7.53391E+2	1.18249E+3	1.71435E+4	1.78053E+4	2.68125E+5	6.44020E+4
4.50000E+1	7.39330E+2	1.18414E+3	1.67781E+4	1.77642E+4	2.67981E+5	6.43036E+4
4.51000E+1	7.52737E+2	1.17523E+3	1.64898E+4	1.78505E+4	2.68444E+5	6.38448E+4
4.52000E+1	7.32465E+2	1.18513E+3	1.63143E+4	1.74380E+4	2.69417E+5	6.35229E+4
4.53000E+1	7.48158E+2	1.15545E+3	1.62263E+4	1.75123E+4	2.69475E+5	6.34049E+4
4.54000E+1	7.17429E+2	1.18612E+3	1.60156E+4	1.72388E+4	2.69211E+5	6.32339E+4
4.55000E+1	7.17102E+2	1.17029E+3	1.57992E+4	1.72805E+4	2.71176E+5	6.27307E+4
4.56000E+1	7.46196E+2	1.17029E+3	1.57573E+4	1.70792E+4	2.71691E+5	6.26412E+4
4.57000E+1	7.28215E+2	1.15182E+3	1.54418E+4	1.69552E+4	2.71460E+5	6.23282E+4
4.58000E+1	7.35407E+2	1.16171E+3	1.55058E+4	1.69980E+4	2.73660E+5	6.23579E+4
4.59000E+1	7.23312E+2	1.19040E+3	1.52908E+4	1.68285E+4	2.71754E+5	6.17580E+4
4.60000E+1	7.13835E+2	1.15809E+3	1.53873E+4	1.67204E+4	2.74187E+5	6.19006E+4
4.61000E+1	7.30830E+2	1.17622E+3	1.52908E+4	1.65363E+4	2.75559E+5	6.18939E+4
4.62000E+1	7.29523E+2	1.16369E+3	1.53980E+4	1.64642E+4	2.74494E+5	6.17791E+4
4.63000E+1	7.32792E+2	1.17424E+3	1.54392E+4	1.64061E+4	2.73903E+5	6.17513E+4
4.64000E+1	7.20697E+2	1.13370E+3	1.56577E+4	1.63149E+4	2.74331E+5	6.13871E+4
4.65000E+1	7.52083E+2	1.16369E+3	1.59645E+4	1.63058E+4	2.73534E+5	6.20384E+4
4.66000E+1	7.39984E+2	1.13304E+3	1.62102E+4	1.62113E+4	2.74201E+5	6.17977E+4
4.67000E+1	7.32465E+2	1.13337E+3	1.65690E+4	1.64406E+4	2.73530E+5	6.19707E+4
4.68000E+1	7.41292E+2	1.14194E+3	1.67799E+4	1.62387E+4	2.72315E+5	6.23036E+4
4.69000E+1	7.49794E+2	1.12875E+3	1.71302E+4	1.64528E+4	2.73327E+5	6.26293E+4
4.70000E+1	7.56661E+2	1.14952E+3	1.75160E+4	1.65749E+4	2.72834E+5	6.28665E+4
4.71000E+1	7.49794E+2	1.11689E+3	1.78212E+4	1.66800E+4	2.71140E+5	6.27248E+4
4.72000E+1	7.83160E+2	1.12019E+3	1.82295E+4	1.68830E+4	2.70489E+5	6.31936E+4
4.73000E+1	7.86760E+2	1.14128E+3	1.84728E+4	1.68368E+4	2.69387E+5	6.35892E+4
4.74000E+1	7.81197E+2	1.16765E+3	1.89490E+4	1.70201E+4	2.69501E+5	6.39877E+4
4.75000E+1	7.64511E+2	1.13930E+3	1.94089E+4	1.72366E+4	2.69180E+5	6.45301E+4
4.76000E+1	7.90360E+2	1.14226E+3	1.95634E+4	1.74105E+4	2.67197E+5	6.45981E+4
4.77000E+1	8.01489E+2	1.09088E+3	1.99798E+4	1.77262E+4	2.66794E+5	6.50199E+4
4.78000E+1	7.77598E+2	1.13501E+3	2.03483E+4	1.76726E+4	2.67184E+5	6.56266E+4
4.79000E+1	8.15239E+2	1.14589E+3	2.08256E+4	1.80185E+4	2.65744E+5	6.58576E+4
4.80000E+1	8.33907E+2	1.14029E+3	2.11969E+4	1.83474E+4	2.66033E+5	6.60581E+4
4.81000E+1	8.17859E+2	1.12744E+3	2.14307E+4	1.83632E+4	2.63129E+5	6.63402E+4
4.82000E+1	8.31942E+2	1.15347E+3	2.19799E+4	1.88236E+4	2.63219E+5	6.69585E+4
4.83000E+1	8.09673E+2	1.13567E+3	2.23193E+4	1.87508E+4	2.61526E+5	6.73572E+4
4.84000E+1	8.71263E+2	1.15182E+3	2.28382E+4	1.91771E+4	2.61337E+5	6.75569E+4
4.85000E+1	8.53237E+2	1.14095E+3	2.33836E+4	1.93770E+4	2.61223E+5	6.81861E+4
4.86000E+1	8.30959E+2	1.12842E+3	2.39220E+4	1.96522E+4	2.60301E+5	6.84499E+4
4.87000E+1	8.63396E+2	1.12908E+3	2.45176E+4	1.99638E+4	2.59412E+5	6.89992E+4
4.88000E+1	8.84705E+2	1.13831E+3	2.52517E+4	2.00232E+4	2.58077E+5	6.98389E+4
4.89000E+1	8.57497E+2	1.13930E+3	2.59623E+4	2.05921E+4	2.57027E+5	6.99346E+4
4.90000E+1	8.80114E+2	1.13930E+3	2.63355E+4	2.09549E+4	2.55836E+5	7.05228E+4
4.91000E+1	8.97166E+2	1.16567E+3	2.67037E+4	2.12152E+4	2.54710E+5	7.10226E+4
4.92000E+1	8.92575E+2	1.12678E+3	2.69021E+4	2.17840E+4	2.54078E+5	7.15775E+4
4.93000E+1	9.11271E+2	1.14292E+3	2.68404E+4	2.19739E+4	2.53530E+5	7.21074E+4
4.94000E+1	9.27349E+2	1.16765E+3	2.67115E+4	2.23929E+4	2.52610E+5	7.18730E+4
4.95000E+1	8.68968E+2	1.15413E+3	2.69665E+4	2.28837E+4	2.53929E+5	7.24373E+4
4.96000E+1	8.59791E+2	1.16468E+3	2.65111E+4	2.27525E+4	2.52398E+5	7.21179E+4
4.97000E+1	8.93559E+2	1.20624E+3	2.64430E+4	2.31289E+4	2.52871E+5	7.26022E+4
4.98000E+1	9.09959E+2	1.18117E+3	2.65317E+4	2.32403E+4	2.52959E+5	7.26550E+4
4.99000E+1	9.08647E+2	1.20789E+3	2.69696E+4	2.34884E+4	2.54135E+5	7.31791E+4
5.00000E+1	9.23739E+2	1.18117E+3	2.76935E+4	2.35096E+4	2.54811E+5	7.38152E+4
5.01000E+1	9.98283E+2	1.16501E+3	2.90500E+4	2.37434E+4	2.54714E+5	7.43728E+4
5.02000E+1	1.01373E+3	1.17688E+3	3.07250E+4	2.39772E+4	2.54868E+5	7.54342E+4
5.03000E+1	9.97626E+2	1.19931E+3	3.27035E+4	2.44001E+4	2.53176E+5	7.61150E+4
5.04000E+1	1.03510E+3	1.20327E+3	3.51882E+4	2.48841E+4	2.51198E+5	7.71978E+4
5.05000E+1	1.11541E+3	1.22803E+3	3.78760E+4	2.54260E+4	2.48614E+5	7.87283E+4
5.06000E+1	1.13024E+3	1.21746E+3	4.07704E+4	2.64248E+4	2.47137E+5	7.97988E+4
5.07000E+1	1.21631E+3	1.23727E+3	4.42964E+4	2.72535E+4	2.45003E+5	8.12805E+4
5.08000E+1	1.22192E+3	1.19601E+3	4.82275E+4	2.82414E+4	2.41087E+5	8.28987E+4
5.09000E+1	1.28996E+3	1.24123E+3	5.26562E+4	2.95322E+4	2.39572E+5	8.44376E+4
5.10000E+1	1.33890E+3	1.23364E+3	5.73361E+4	3.07826E+4	2.37031E+5	8.60294E+4
5.11000E+1	1.41506E+3	1.24156E+3	6.25559E+4	3.23716E+4	2.34958E+5	8.76035E+4
5.12000E+1	1.47772E+3	1.23034E+3	6.80822E+4	3.39430E+4	2.30722E+5	8.95129E+4
5.13000E+1	1.46611E+3	1.25477E+3	7.45747E+4	3.59166E+4	2.29179E+5	9.12739E+4
5.14000E+1	1.57934E+3	1.25213E+3	8.07989E+4	3.76494E+4	2.25653E+5	9.32135E+4
5.15000E+1	1.62391E+3	1.26402E+3	8.87407E+4	3.99570E+4	2.24072E+5	9.55604E+4
5.16000E+1	1.65053E+3	1.27526E+3	9.66855E+4	4.21745E+4	2.20432E+5	9.73735E+4
5.17000E+1	1.74349E+3	1.28715E+3	1.05626E+5	4.48428E+4	2.19831E+5	9.97255E+4
5.18000E+1	1.84264E+3	1.27294E+3	1.15190E+5	4.71779E+4	2.15655E+5	1.02037E+5
5.19000E+1	1.86436E+3	1.30004E+3	1.25361E+5	5.04122E+4	2.14274E+5	1.03907E+5
5.20000E+1	1.94633E+3	1.34536E+3	1.36946E+5	5.36822E+4	2.12584E+5	1.06337E+5
5.21000E+1	2.02105E+3	1.32055E+3	1.47289E+5	5.67382E+4	2.10111E+5	1.08539E+5
5.22000E+1	2.05828E+3	1.34800E+3	1.60461E+5	6.06882E+4	2.06952E+5	1.11455E+5
5.23000E+1	2.15468E+3	1.32716E+3	1.72759E+5	6.40513E+4	2.05975E+5	1.13934E+5
5.24000E+1	2.20749E+3	1.38077E+3	1.86331E+5	6.82430E+4	2.02504E+5	1.15815E+5
5.25000E+1	2.30991E+3	1.35727E+3	2.00028E+5	7.25354E+4	2.02315E+5	1.18485E+5
5.26000E+1	2.41388E+3	1.37945E+3	2.14638E+5	7.70477E+4	1.98995E+5	1.21314E+5
5.27000E+1	2.47271E+3	1.39104E+3	2.29880E+5	8.13900E+4	1.97041E+5	1.24789E+5
5.28000E+1	2.59769E+3	1.39071E+3	2.47527E+5	8.55627E+4	1.95846E+5	1.27364E+5
5.29000E+1	2.66794E+3	1.37647E+3	2.63692E+5	9.07783E+4	1.93380E+5	1.29331E+5
5.30000E+1	2.71958E+3	1.41257E+3	2.81262E+5	9.53246E+4	1.91654E+5	1.33099E+5
5.31000E+1	2.79238E+3	1.39998E+3	2.98752E+5	1.01203E+5	1.88985E+5	1.35832E+5
5.32000E+1	2.90825E+3	1.41456E+3	3.18088E+5	1.06398E+5	1.87561E+5	1.39014E+5
5.33000E+1	3.01480E+3	1.41125E+3	3.38178E+5	1.12058E+5	1.85721E+5	1.42138E+5
5.34000E+1	3.12638E+3	1.40727E+3	3.62629E+5	1.18415E+5	1.83910E+5	1.46343E+5
5.35000E+1	3.25571E+3	1.46860E+3	3.80467E+5	1.24338E+5	1.82212E+5	1.48704E+5
5.36000E+1	3.32446E+3	1.45533E+3	4.05663E+5	1.31042E+5	1.80531E+5	1.52787E+5
5.37000E+1	3.49188E+3	1.44638E+3	4.25481E+5	1.36904E+5	1.78502E+5	1.55509E+5
5.38000E+1	3.53987E+3	1.47888E+3	4.46896E+5	1.43968E+5	1.76473E+5	1.59634E+5
5.39000E+1	3.72844E+3	1.44273E+3	4.68762E+5	1.51125E+5	1.75704E+5	1.63706E+5
5.40000E+1	3.83393E+3	1.50045E+3	4.94583E+5	1.58864E+5	1.73848E+5	1.67575E+5
5.41000E+1	3.91805E+3	1.49116E+3	5.23523E+5	1.67737E+5	1.72437E+5	1.72188E+5
5.42000E+1	4.10138E+3	1.46429E+3	5.46618E+5	1.74737E+5	1.70272E+5	1.75314E+5
5.43000E+1	4.26293E+3	1.53432E+3	5.68956E+5	1.82185E+5	1.68372E+5	1.79401E+5
5.44000E+1	4.41304E+3	1.52070E+3	5.92384E+5	1.90314E+5	1.67060E+5	1.83955E+5
5.45000E+1	4.51886E+3	1.56222E+3	6.25223E+5	1.98351E+5	1.65646E+5	1.87543E+5
5.46000E+1	4.65877E+3	1.56256E+3	6.48500E+5	2.08284E+5	1.64163E+5	1.92910E+5
5.47000E+1	4.82772E+3	1.55292E+3	6.69220E+5	2.15228E+5	1.62629E+5	1.96642E+5
5.48000E+1	5.07150E+3	1.55857E+3	6.92796E+5	2.24298E+5	1.61316E+5	2.00921E+5
5.49000E+1	5.18045E+3	1.57818E+3	7.18661E+5	2.31750E+5	1.59813E+5	2.06145E+5
5.50000E+1	5.39509E+3	1.57452E+3	7.53062E+5	2.41739E+5	1.58562E+5	2.11284E+5
5.51000E+1	5.48930E+3	1.57419E+3	7.76600E+5	2.49037E+5	1.57477E+5	2.15788E+5
5.52000E+1	5.66346E+3	1.61476E+3	7.98056E+5	2.56497E+5	1.55820E+5	2.19450E+5
5.53000E+1	5.81980E+3	1.62008E+3	8.20425E+5	2.65932E+5	1.54302E+5	2.26596E+5
5.54000E+1	6.05807E+3	1.63605E+3	8.54856E+5	2.75217E+5	1.53816E+5	2.33198E+5
5.55000E+1	6.11862E+3	1.63239E+3	8.79720E+5	2.82802E+5	1.51898E+5	2.37231E+5
5.56000E+1	6.37210E+3	1.65336E+3	9.21607E+5	2.93552E+5	1.51034E+5	2.43314E+5
5.57000E+1	6.61031E+3	1.66868E+3	9.32000E+5	3.01468E+5	1.49437E+5	2.47889E+5
5.58000E+1	6.74229E+3	1.66601E+3	9.36722E+5	3.09886E+5	1.48045E+5	2.53991E+5
5.59000E+1	6.96336E+3	1.66002E+3	9.82948E+5	3.17079E+5	1.47399E+5	2.61941E+5
5.60000E+1	7.17609E+3	1.69966E+3	9.94171E+5	3.24488E+5	1.45514E+5	2.65263E+5
5.61000E+1	7.33471E+3	1.70499E+3	1.04397E+6	3.35549E+5	1.44699E+5	2.73011E+5
5.62000E+1	7.53887E+3	1.72199E+3	1.06287E+6	3.41484E+5	1.43762E+5	2.78736E+5
5.63000E+1	7.71314E+3	1.71465E+3	1.06949E+6	3.51299E+5	1.42854E+5	2.86253E+5
5.64000E+1	7.93413E+3	1.75533E+3	1.13905E+6	3.62054E+5	1.41917E+5	2.93211E+5
5.65000E+1	8.10893E+3	1.74466E+3	1.11871E+6	3.68689E+5	1.40692E+5	2.98512E+5
5.66000E+1	8.35764E+3	1.73666E+3	1.14977E+6	3.76240E+5	1.40308E+5	3.08471E+5
5.67000E+1	8.52851E+3	1.73199E+3	1.17797E+6	3.80449E+5	1.38858E+5	3.11503E+5
5.68000E+1	8.66414E+3	1.78369E+3	1.18061E+6	3.90021E+5	1.38131E+5	3.19433E+5
5.69000E+1	9.03900E+3	1.77602E+3	1.19861E+6	3.97458E+5	1.36572E+5	3.27015E+5
5.70000E+1	9.22240E+3	1.79938E+3	1.22834E+6	4.07014E+5	1.35708E+5	3.34931E+5
5.71000E+1	9.39061E+3	1.80840E+3	1.25201E+6	4.14450E+5	1.35481E+5	3.43108E+5
5.72000E+1	9.66617E+3	1.80038E+3	1.27757E+6	4.24066E+5	1.34334E+5	3.49148E+5
5.73000E+1	9.84003E+3	1.83746E+3	1.29842E+6	4.29926E+5	1.33247E+5	3.59004E+5
5.74000E+1	1.00324E+4	1.87790E+3	1.35540E+6	4.35069E+5	1.32489E+5	3.65852E+5
5.75000E+1	1.01312E+4	1.85049E+3	1.33230E+6	4.45929E+5	1.31435E+5	3.70555E+5
5.76000E+1	1.04588E+4	1.85684E+3	1.36841E+6	4.53059E+5	1.31060E+5	3.83635E+5
5.77000E+1	1.06080E+4	1.87824E+3	1.39869E+6	4.58271E+5	1.29745E+5	3.92662E+5
5.78000E+1	1.08370E+4	1.89763E+3	1.41072E+6	4.65802E+5	1.29280E+5	3.93775E+5
5.79000E+1	1.10099E+4	1.92172E+3	1.41397E+6	4.68725E+5	1.28251E+5	4.05376E+5
5.80000E+1	1.12701E+4	1.91135E+3	1.43828E+6	4.76275E+5	1.27527E+5	4.15190E+5
5.81000E+1	1.14351E+4	1.88827E+3	1.45476E+6	4.81391E+5	1.26779E+5	4.24000E+5
5.82000E+1	1.17010E+4	1.92976E+3	1.46354E+6	4.90516E+5	1.26357E+5	4.29959E+5
5.83000E+1	1.18257E+4	1.99004E+3	1.48404E+6	4.97818E+5	1.25947E+5	4.44336E+5
5.84000E+1	1.21109E+4	1.98301E+3	1.53891E+6	5.04301E+5	1.24734E+5	4.49628E+5
5.85000E+1	1.22406E+4	1.97496E+3	1.53021E+6	5.12565E+5	1.24189E+5	4.60505E+5
5.86000E+1	1.24056E+4	2.01820E+3	1.54238E+6	5.15139E+5	1.23753E+5	4.64512E+5
5.87000E+1	1.26418E+4	1.99842E+3	1.53640E+6	5.24144E+5	1.23299E+5	4.78138E+5
5.88000E+1	1.28359E+4	2.02357E+3	1.56529E+6	5.24332E+5	1.22695E+5	4.89055E+5
5.89000E+1	1.30270E+4	2.03866E+3	1.57075E+6	5.35413E+5	1.21937E+5	4.96137E+5
5.90000E+1	1.32649E+4	2.05208E+3	1.67266E+6	5.48719E+5	1.21345E+5	5.10188E+5
5.91000E+1	1.33866E+4	2.03866E+3	1.63462E+6	5.42701E+5	1.20241E+5	5.13190E+5
5.92000E+1	1.35276E+4	2.03899E+3	1.61877E+6	5.49330E+5	1.19731E+5	5.25484E+5
5.93000E+1	1.37877E+4	2.09840E+3	1.68756E+6	5.58365E+5	1.19730E+5	5.35720E+5
5.94000E+1	1.39678E+4	2.12662E+3	1.69656E+6	5.62354E+5	1.18591E+5	5.46902E+5
5.95000E+1	1.39724E+4	2.09202E+3	1.69948E+6	5.70640E+5	1.18418E+5	5.54141E+5
5.96000E+1	1.42938E+4	2.13939E+3	1.66460E+6	5.76944E+5	1.17579E+5	5.58638E+5
5.97000E+1	1.43646E+4	2.09639E+3	1.71378E+6	5.78676E+5	1.16706E+5	5.75303E+5
5.98000E+1	1.46781E+4	2.14813E+3	1.76579E+6	5.84845E+5	1.16355E+5	5.84567E+5
5.99000E+1	1.47340E+4	2.18310E+3	1.78723E+6	5.93878E+5	1.15760E+5	5.95068E+5
6.00000E+1	1.48138E+4	2.17940E+3	1.79033E+6	5.98515E+5	1.15763E+5	6.05302E+5
6.01000E+1	1.49516E+4	2.19185E+3	1.75077E+6	6.03120E+5	1.14714E+5	6.10257E+5
6.02000E+1	1.51196E+4	2.20026E+3	1.77243E+6	6.07624E+5	1.14580E+5	6.25344E+5
6.03000E+1	1.53095E+4	2.21810E+3	1.76198E+6	6.17222E+5	1.13975E+5	6.33815E+5
6.04000E+1	1.53802E+4	2.23729E+3	1.89161E+6	6.20451E+5	1.13481E+5	6.53279E+5
6.05000E+1	1.55417E+4	2.23695E+3	1.80448E+6	6.29613E+5	1.13160E+5	6.57083E+5
6.06000E+1	1.57002E+4	2.20497E+3	1.80483E+6	6.28192E+5	1.12835E+5	6.64617E+5
6.07000E+1	1.58561E+4	2.29591E+3	1.88778E+6	6.36591E+5	1.12589E+5	6.75080E+5
6.08000E+1	1.59495E+4	2.30535E+3	1.85670E+6	6.37431E+5	1.11794E+5	6.73361E+5
6.09000E+1	1.61426E+4	2.33301E+3	1.88982E+6	6.41217E+5	1.11491E+5	6.94320E+5
6.10000E+1	1.61795E+4	2.36068E+3	1.86924E+6	6.49413E+5	1.10926E+5	7.10328E+5
6.11000E+1	1.64061E+4	2.35495E+3	1.92923E+6	6.53396E+5	1.10671E+5	7.22503E+5
6.12000E+1	1.64319E+4	2.40019E+3	1.95001E+6	6.59368E+5	1.10347E+5	7.34982E+5
6.13000E+1	1.65841E+4	2.35090E+3	1.91645E+6	6.66475E+5	1.10216E+5	7.42621E+5
6.14000E+1	1.68210E+4	2.37014E+3	1.94205E+6	6.61548E+5	1.09187E+5	7.46020E+5
6.15000E+1	1.67744E+4	2.36879E+3	1.98330E+6	6.69782E+5	1.09463E+5	7.66786E+5
6.16000E+1	1.70532E+4	2.41743E+3	2.04359E+6	6.79291E+5	1.09110E+5	7.74060E+5
6.17000E+1	1.71424E+4	2.37892E+3	1.96762E+6	6.79878E+5	1.08397E+5	7.75835E+5
6.18000E+1	1.73479E+4	2.39310E+3	2.06270E+6	6.85901E+5	1.08349E+5	7.97021E+5
6.19000E+1	1.74856E+4	2.42756E+3	1.98653E+6	6.87796E+5	1.08045E+5	7.94539E+5
6.20000E+1	1.74282E+4	2.46442E+3	2.02641E+6	6.90726E+5	1.07857E+5	8.16379E+5
6.21000E+1	1.75603E+4	2.48743E+3	2.04670E+6	7.05814E+5	1.07187E+5	8.33466E+5
6.22000E+1	1.77400E+4	2.48810E+3	2.01352E+6	7.03540E+5	1.07026E+5	8.23853E+5
6.23000E+1	1.78415E+4	2.50469E+3	2.03886E+6	7.07827E+5	1.07224E+5	8.52252E+5
6.24000E+1	1.79279E+4	2.52636E+3	2.03886E+6	7.09006E+5	1.06275E+5	8.54037E+5
6.25000E+1	1.81636E+4	2.54837E+3	2.12806E+6	7.10633E+5	1.06218E+5	8.66002E+5
6.26000E+1	1.81937E+4	2.49825E+3	2.01756E+6	7.18845E+5	1.05704E+5	8.73302E+5
6.27000E+1	1.83957E+4	2.58158E+3	2.04744E+6	7.24303E+5	1.05446E+5	8.76948E+5
6.28000E+1	1.83646E+4	2.55854E+3	2.20980E+6	7.31167E+5	1.05660E+5	9.06471E+5
6.29000E+1	1.85481E+4	2.60736E+3	2.10386E+6	7.31212E+5	1.05012E+5	9.02506E+5
6.30000E+1	1.86750E+4	2.65215E+3	2.13754E+6	7.39757E+5	1.04961E+5	9.14896E+5
6.31000E+1	1.88008E+4	2.62160E+3	2.14061E+6	7.38125E+5	1.04423E+5	9.39887E+5
6.32000E+1	1.89616E+4	2.61448E+3	2.19003E+6	7.49874E+5	1.04132E+5	9.37905E+5
6.33000E+1	1.91145E+4	2.66166E+3	2.19562E+6	7.65370E+5	1.04499E+5	9.60095E+5
6.34000E+1	1.90464E+4	2.67456E+3	2.19596E+6	7.54789E+5	1.03990E+5	9.67349E+5
6.35000E+1	1.91598E+4	2.64875E+3	2.24010E+6	7.60882E+5	1.03727E+5	9.69519E+5
6.36000E+1	1.92976E+4	2.71771E+3	2.18413E+6	7.54577E+5	1.03379E+5	9.82990E+5
6.37000E+1	1.93595E+4	2.73199E+3	2.25002E+6	7.64671E+5	1.02988E+5	9.92096E+5
6.38000E+1	1.95835E+4	2.77145E+3	2.23271E+6	7.78970E+5	1.03010E+5	9.90332E+5
6.39000E+1	1.95190E+4	2.77859E+3	2.23009E+6	7.76043E+5	1.02860E+5	1.02458E+6
6.40000E+1	1.95909E+4	2.78165E+3	2.30688E+6	7.69808E+5	1.02425E+5	1.00548E+6
6.41000E+1	1.98619E+4	2.82013E+3	2.30856E+6	7.75524E+5	1.02115E+5	1.01943E+6
6.42000E+1	1.98268E+4	2.87670E+3	2.26831E+6	7.90188E+5	1.01940E+5	1.03147E+6
6.43000E+1	2.01663E+4	2.79561E+3	2.34749E+6	7.87033E+5	1.01821E+5	1.05157E+6
6.44000E+1	2.02282E+4	2.87908E+3	2.31813E+6	7.94523E+5	1.01403E+5	1.05333E+6
6.45000E+1	2.02674E+4	2.78880E+3	2.34421E+6	8.03033E+5	1.01471E+5	1.08183E+6
6.46000E+1	2.02650E+4	2.90262E+3	2.27811E+6	7.95168E+5	1.01303E+5	1.09268E+6
6.47000E+1	2.04536E+4	2.91251E+3	2.37560E+6	8.16417E+5	1.01313E+5	1.09774E+6
6.48000E+1	2.05308E+4	2.91763E+3	2.34633E+6	7.98745E+5	1.00938E+5	1.08044E+6
6.49000E+1	2.06254E+4	2.95825E+3	2.33903E+6	8.10316E+5	1.00745E+5	1.10800E+6
6.50000E+1	2.06015E+4	2.95108E+3	2.43194E+6	8.08850E+5	1.00738E+5	1.12545E+6
6.51000E+1	2.07394E+4	2.98900E+3	2.33788E+6	8.09516E+5	1.00440E+5	1.12502E+6
6.52000E+1	2.08805E+4	3.05089E+3	2.42617E+6	8.30455E+5	1.00361E+5	1.13007E+6
6.53000E+1	2.09483E+4	3.04233E+3	2.43628E+6	8.26788E+5	1.00727E+5	1.15549E+6
6.54000E+1	2.10214E+4	2.99993E+3	2.43235E+6	8.32187E+5	1.00042E+5	1.16280E+6
6.55000E+1	2.11253E+4	3.08545E+3	2.42678E+6	8.38586E+5	9.98073E+4	1.17420E+6
6.56000E+1	2.12010E+4	3.05773E+3	2.32910E+6	8.42519E+5	9.96633E+4	1.16609E+6
6.57000E+1	2.12284E+4	3.10840E+3	2.39670E+6	8.31907E+5	9.95234E+4	1.18945E+6
6.58000E+1	2.14566E+4	3.12175E+3	2.47222E+6	8.40662E+5	9.95889E+4	1.19428E+6
6.59000E+1	2.14784E+4	3.16494E+3	2.41920E+6	8.40092E+5	9.91560E+4	1.22421E+6
6.60000E+1	2.16022E+4	3.13786E+3	2.56750E+6	8.41832E+5	9.90781E+4	1.20792E+6
6.61000E+1	2.17047E+4	3.18209E+3	2.42432E+6	8.54606E+5	9.88435E+4	1.19693E+6
6.62000E+1	2.17290E+4	3.19787E+3	2.44272E+6	8.47294E+5	9.90207E+4	1.23895E+6
6.63000E+1	2.20022E+4	3.25211E+3	2.47585E+6	8.65534E+5	9.91139E+4	1.24219E+6
6.64000E+1	2.17682E+4	3.22738E+3	2.49069E+6	8.48857E+5	9.85357E+4	1.22710E+6
6.65000E+1	2.20440E+4	3.29574E+3	2.53668E+6	8.60158E+5	9.86755E+4	1.25396E+6
6.66000E+1	2.21342E+4	3.29643E+3	2.57255E+6	8.66044E+5	9.83796E+4	1.26079E+6
6.67000E+1	2.22179E+4	3.29265E+3	2.58852E+6	8.72827E+5	9.82415E+4	1.28181E+6
6.68000E+1	2.23210E+4	3.31844E+3	2.44397E+6	8.72248E+5	9.79457E+4	1.29141E+6
6.69000E+1	2.23060E+4	3.35318E+3	2.49415E+6	8.80323E+5	9.78208E+4	1.28761E+6
6.70000E+1	2.25596E+4	3.34183E+3	2.59389E+6	8.86242E+5	9.78044E+4	1.30558E+6
6.71000E+1	2.25335E+4	3.38451E+3	2.51932E+6	8.79612E+5	9.76243E+4	1.28867E+6
6.72000E+1	2.26967E+4	3.38175E+3	2.53154E+6	8.87120E+5	9.76646E+4	1.31095E+6
6.73000E+1	2.26511E+4	3.46653E+3	2.57600E+6	8.98809E+5	9.75250E+4	1.33975E+6
6.74000E+1	2.27297E+4	3.45411E+3	2.62152E+6	9.03556E+5	9.74018E+4	1.34397E+6
6.75000E+1	2.29075E+4	3.49033E+3	2.69378E+6	8.97653E+5	9.71736E+4	1.34329E+6
6.76000E+1	2.28253E+4	3.47825E+3	2.61415E+6	9.02033E+5	9.72839E+4	1.34997E+6
6.77000E+1	2.29786E+4	3.51345E+3	2.64365E+6	9.10646E+5	9.73466E+4	1.36592E+6
6.78000E+1	2.28905E+4	3.49344E+3	2.61154E+6	9.11569E+5	9.68011E+4	1.33681E+6
6.79000E+1	2.30127E+4	3.57597E+3	2.77664E+6	9.23308E+5	9.69797E+4	1.38878E+6
6.80000E+1	2.31343E+4	3.59153E+3	2.61296E+6	9.20582E+5	9.65855E+4	1.36683E+6
6.81000E+1	2.32643E+4	3.62853E+3	2.61296E+6	9.18239E+5	9.66116E+4	1.40480E+6
6.82000E+1	2.33672E+4	3.62473E+3	2.67381E+6	9.15640E+5	9.64300E+4	1.40400E+6
6.83000E+1	2.32022E+4	3.65276E+3	2.63495E+6	9.19911E+5	9.62226E+4	1.38635E+6
6.84000E+1	2.34909E+4	3.69085E+3	2.66837E+6	9.17805E+5	9.61048E+4	1.40611E+6
6.85000E+1	2.34491E+4	3.67872E+3	2.87023E+6	9.26115E+5	9.62536E+4	1.41834E+6
6.86000E+1	2.34369E+4	3.70644E+3	2.66049E+6	9.25133E+5	9.59092E+4	1.41961E+6
6.87000E+1	2.36129E+4	3.78341E+3	2.67406E+6	9.42135E+5	9.58227E+4	1.43760E+6
6.88000E+1	2.36074E+4	3.80424E+3	2.80627E+6	9.31606E+5	9.56746E+4	1.43859E+6
6.89000E+1	2.36316E+4	3.79556E+3	2.77185E+6	9.29621E+5	9.54713E+4	1.43608E+6
6.90000E+1	2.37109E+4	3.82264E+3	2.70489E+6	9.33254E+5	9.54688E+4	1.43989E+6
6.91000E+1	2.39208E+4	3.83167E+3	2.84096E+6	9.46527E+5	9.54147E+4	1.49512E+6
6.92000E+1	2.38595E+4	3.87545E+3	2.77584E+6	9.47021E+5	9.53778E+4	1.47265E+6
6.93000E+1	2.39901E+4	3.92693E+3	2.71252E+6	9.33392E+5	9.52942E+4	1.47011E+6
6.94000E+1	2.38333E+4	3.91197E+3	2.69328E+6	9.37814E+5	9.53163E+4	1.45657E+6
6.95000E+1	2.40550E+4	3.95686E+3	2.88078E+6	9.45470E+5	9.52843E+4	1.48211E+6
6.96000E+1	2.40932E+4	3.98960E+3	2.73875E+6	9.41296E+5	9.49471E+4	1.47641E+6
6.97000E+1	2.40679E+4	3.98646E+3	2.73073E+6	9.53382E+5	9.47966E+4	1.45735E+6
6.98000E+1	2.40788E+4	4.01225E+3	2.90125E+6	9.56249E+5	9.49520E+4	1.51588E+6
6.99000E+1	2.41260E+4	4.00946E+3	2.75389E+6	9.52203E+5	9.49422E+4	1.50993E+6
7.00000E+1	2.40550E+4	4.03003E+3	2.77931E+6	9.55064E+5	9.42602E+4	1.51353E+6
7.01000E+1	2.43502E+4	4.14591E+3	2.77132E+6	9.72267E+5	9.48406E+4	1.51454E+6
7.02000E+1	2.42273E+4	4.06665E+3	2.87108E+6	9.75239E+5	9.46646E+4	1.53280E+6
7.03000E+1	2.40853E+4	4.13717E+3	2.77078E+6	9.64216E+5	9.43258E+4	1.52306E+6
7.04000E+1	2.42293E+4	4.13193E+3	2.84319E+6	9.73231E+5	9.46451E+4	1.54378E+6
7.05000E+1	2.40863E+4	4.20675E+3	2.77025E+6	9.55746E+5	9.42128E+4	1.55174E+6
7.06000E+1	2.40456E+4	4.22879E+3	2.86314E+6	9.74383E+5	9.46659E+4	1.55016E+6
7.07000E+1	2.39154E+4	4.20955E+3	2.77557E+6	9.54133E+5	9.40998E+4	1.54604E+6
7.08000E+1	2.40887E+4	4.26380E+3	2.82737E+6	9.67657E+5	9.43380E+4	1.59291E+6
7.09000E+1	2.40347E+4	4.33425E+3	2.81226E+6	9.62141E+5	9.39518E+4	1.57917E+6
7.10000E+1	2.38274E+4	4.30585E+3	2.74448E+6	9.84632E+5	9.40925E+4	1.56879E+6
7.11000E+1	2.39178E+4	4.37564E+3	2.72275E+6	9.60652E+5	9.44658E+4	1.55836E+6
7.12000E+1	2.39698E+4	4.37635E+3	2.81090E+6	9.84556E+5	9.44744E+4	1.58950E+6
7.13000E+1	2.40565E+4	4.41602E+3	2.81226E+6	9.65422E+5	9.41532E+4	1.59689E+6
7.14000E+1	2.39228E+4	4.40373E+3	2.83207E+6	9.66557E+5	9.37243E+4	1.56682E+6
7.15000E+1	2.40620E+4	4.47858E+3	2.96164E+6	9.70640E+5	9.38925E+4	1.60042E+6
7.16000E+1	2.39678E+4	4.49300E+3	2.92523E+6	9.71527E+5	9.39555E+4	1.58729E+6
7.17000E+1	2.40074E+4	4.50919E+3	2.95380E+6	9.90999E+5	9.40331E+4	1.62326E+6
7.18000E+1	2.39183E+4	4.60181E+3	2.79245E+6	9.74011E+5	9.37533E+4	1.58208E+6
7.19000E+1	2.39975E+4	4.58666E+3	2.83540E+6	9.73417E+5	9.35757E+4	1.58784E+6
7.20000E+1	2.40654E+4	4.61450E+3	2.96284E+6	9.92535E+5	9.37666E+4	1.63076E+6
7.21000E+1	2.40878E+4	4.62085E+3	2.80491E+6	9.76768E+5	9.33887E+4	1.56467E+6
7.22000E+1	2.41031E+4	4.64307E+3	2.95952E+6	9.85884E+5	9.38174E+4	1.61840E+6
7.23000E+1	2.40263E+4	4.68542E+3	2.89228E+6	9.85466E+5	9.37376E+4	1.62298E+6
7.24000E+1	2.41294E+4	4.72922E+3	2.89026E+6	9.70382E+5	9.34550E+4	1.60144E+6
7.25000E+1	2.42015E+4	4.73523E+3	3.00017E+6	9.74569E+5	9.38574E+4	1.62643E+6
7.26000E+1	2.41334E+4	4.81445E+3	2.88279E+6	1.00774E+6	9.37376E+4	1.64575E+6
7.27000E+1	2.41265E+4	4.83215E+3	2.83096E+6	1.00774E+6	9.32527E+4	1.60725E+6
7.28000E+1	2.41672E+4	4.83994E+3	2.94422E+6	9.85656E+5	9.32960E+4	1.64654E+6
7.29000E+1	2.41756E+4	4.88847E+3	2.77238E+6	9.75649E+5	9.35684E+4	1.65038E+6
7.30000E+1	2.40972E+4	4.89414E+3	2.84766E+6	9.85504E+5	9.32539E+4	1.61432E+6
7.31000E+1	2.43826E+4	4.96686E+3	2.87336E+6	1.00415E+6	9.31841E+4	1.65861E+6
7.32000E+1	2.42512E+4	4.98710E+3	2.94661E+6	9.90615E+5	9.35105E+4	1.67247E+6
7.33000E+1	2.42313E+4	5.01125E+3	2.98476E+6	1.00541E+6	9.30027E+4	1.64340E+6
7.34000E+1	2.40838E+4	5.00450E+3	2.87964E+6	9.86759E+5	9.30796E+4	1.62116E+6
7.35000E+1	2.41960E+4	5.08235E+3	2.86257E+6	9.86721E+5	9.29931E+4	1.60528E+6
7.36000E+1	2.43418E+4	5.08733E+3	3.07370E+6	1.00412E+6	9.32816E+4	1.68121E+6
7.37000E+1	2.43722E+4	5.11616E+3	2.89372E+6	9.96549E+5	9.30736E+4	1.68583E+6
7.38000E+1	2.42775E+4	5.13539E+3	2.83346E+6	1.00384E+6	9.27738E+4	1.63008E+6
7.39000E+1	2.43936E+4	5.16388E+3	2.92287E+6	1.01063E+6	9.33225E+4	1.69284E+6
7.40000E+1	2.44709E+4	5.29695E+3	2.91758E+6	1.00632E+6	9.32046E+4	1.69077E+6
7.41000E+1	2.44395E+4	5.26517E+3	3.04540E+6	1.02342E+6	9.28217E+4	1.64673E+6
7.42000E+1	2.45328E+4	5.27945E+3	2.96557E+6	9.92227E+5	9.29931E+4	1.64880E+6
7.43000E+1	2.44919E+4	5.33554E+3	2.88250E+6	1.01370E+6	9.27654E+4	1.72049E+6
7.44000E+1	2.45893E+4	5.33733E+3	2.90590E+6	1.01941E+6	9.28349E+4	1.69243E+6
7.45000E+1	2.46168E+4	5.42892E+3	3.07663E+6	1.00553E+6	9.29644E+4	1.70472E+6
7.46000E+1	2.45853E+4	5.38382E+3	2.92996E+6	1.01566E+6	9.25227E+4	1.67399E+6
7.47000E+1	2.45808E+4	5.42355E+3	2.91378E+6	1.02232E+6	9.25275E+4	1.68050E+6
7.48000E+1	2.46488E+4	5.48015E+3	3.03524E+6	1.03190E+6	9.26099E+4	1.66110E+6
7.49000E+1	2.45528E+4	5.52785E+3	2.91495E+6	1.02758E+6	9.25132E+4	1.69616E+6
7.50000E+1	2.46969E+4	5.48159E+3	2.89487E+6	1.01816E+6	9.27367E+4	1.68060E+6
7.51000E+1	2.47270E+4	5.53790E+3	3.02356E+6	1.03808E+6	9.25729E+4	1.71676E+6
7.52000E+1	2.48062E+4	5.60360E+3	2.88968E+6	1.03190E+6	9.23235E+4	1.71900E+6
7.53000E+1	2.47696E+4	5.62193E+3	2.87649E+6	1.02171E+6	9.25323E+4	1.66601E+6
7.54000E+1	2.48198E+4	5.72410E+3	2.96678E+6	1.02566E+6	9.25669E+4	1.73015E+6
7.55000E+1	2.47997E+4	5.69782E+3	3.10748E+6	1.03214E+6	9.25585E+4	1.72596E+6
7.56000E+1	2.47475E+4	5.69422E+3	2.96103E+6	1.02873E+6	9.23164E+4	1.71242E+6
7.57000E+1	2.49167E+4	5.82864E+3	3.00637E+6	1.02517E+6	9.23104E+4	1.73048E+6
7.58000E+1	2.49892E+4	5.87556E+3	3.15662E+6	1.04076E+6	9.20035E+4	1.79588E+6
7.59000E+1	2.50672E+4	5.85426E+3	2.92700E+6	1.02562E+6	9.21318E+4	1.72639E+6
7.60000E+1	2.51257E+4	5.87376E+3	3.01729E+6	1.03376E+6	9.21509E+4	1.74627E+6
7.61000E+1	2.51020E+4	5.92832E+3	3.15559E+6	1.04459E+6	9.23295E+4	1.75277E+6
7.62000E+1	2.49761E+4	5.91928E+3	2.97712E+6	1.05631E+6	9.19892E+4	1.76088E+6
7.63000E+1	2.50450E+4	5.98148E+3	3.02576E+6	1.03338E+6	9.18302E+4	1.75354E+6
7.64000E+1	2.52277E+4	6.00247E+3	2.99429E+6	1.03367E+6	9.18006E+4	1.74539E+6
7.65000E+1	2.52054E+4	6.05463E+3	2.98721E+6	1.04193E+6	9.20035E+4	1.74868E+6
7.66000E+1	2.51348E+4	6.09958E+3	3.02955E+6	1.05830E+6	9.21081E+4	1.75387E+6
7.67000E+1	2.51403E+4	6.15183E+3	3.00668E+6	1.04535E+6	9.15840E+4	1.74769E+6
7.68000E+1	2.53465E+4	6.12642E+3	3.14810E+6	1.05365E+6	9.18706E+4	1.74287E+6
7.69000E+1	2.53349E+4	6.18887E+3	3.10252E+6	1.04172E+6	9.17722E+4	1.71411E+6
7.70000E+1	2.54965E+4	6.24666E+3	3.18766E+6	1.06181E+6	9.19619E+4	1.83380E+6
7.71000E+1	2.53875E+4	6.24921E+3	3.03429E+6	1.04000E+6	9.16301E+4	1.80192E+6
7.72000E+1	2.54367E+4	6.35296E+3	3.03429E+6	1.04886E+6	9.18196E+4	1.76389E+6
7.73000E+1	2.55310E+4	6.37301E+3	3.11413E+6	1.06762E+6	9.17828E+4	1.81684E+6
7.74000E+1	2.54823E+4	6.34968E+3	3.20165E+6	1.03975E+6	9.19607E+4	1.75954E+6
7.75000E+1	2.54965E+4	6.36353E+3	3.16759E+6	1.05696E+6	9.14859E+4	1.77515E+6
7.76000E+1	2.57125E+4	6.44816E+3	3.04508E+6	1.05799E+6	9.16538E+4	1.80800E+6
7.77000E+1	2.56545E+4	6.52378E+3	3.14572E+6	1.06155E+6	9.15272E+4	1.84800E+6
7.78000E+1	2.58053E+4	6.50806E+3	3.17275E+6	1.06272E+6	9.13466E+4	1.81141E+6
7.79000E+1	2.56891E+4	6.55888E+3	3.13827E+6	1.05622E+6	9.16372E+4	1.77822E+6
7.80000E+1	2.58012E+4	6.59511E+3	3.22463E+6	1.06277E+6	9.14032E+4	1.80941E+6
7.81000E+1	2.59114E+4	6.65701E+3	3.17483E+6	1.07652E+6	9.11286E+4	1.79646E+6
7.82000E+1	2.61319E+4	6.63320E+3	3.05885E+6	1.07692E+6	9.11086E+4	1.78049E+6
7.83000E+1	2.61258E+4	6.80748E+3	3.22749E+6	1.08117E+6	9.12770E+4	1.87477E+6
7.84000E+1	2.59278E+4	6.77662E+3	3.20411E+6	1.09744E+6	9.13855E+4	1.81601E+6
7.85000E+1	2.61478E+4	6.85859E+3	3.20446E+6	1.06832E+6	9.13183E+4	1.84275E+6
7.86000E+1	2.60909E+4	6.85271E+3	3.23320E+6	1.07044E+6	9.10580E+4	1.82923E+6
7.87000E+1	2.61084E+4	6.85308E+3	3.15935E+6	1.08406E+6	9.12417E+4	1.81850E+6
7.88000E+1	2.62700E+4	6.93148E+3	3.28334E+6	1.09749E+6	9.12381E+4	1.84190E+6
7.89000E+1	2.61688E+4	6.95506E+3	3.15593E+6	1.09772E+6	9.08290E+4	1.81188E+6
7.90000E+1	2.62879E+4	7.07017E+3	3.31123E+6	1.09353E+6	9.10815E+4	1.88436E+6
7.91000E+1	2.63702E+4	7.06833E+3	3.24362E+6	1.10040E+6	9.10145E+4	1.81933E+6
7.92000E+1	2.63388E+4	7.11784E+3	3.07111E+6	1.09725E+6	9.11039E+4	1.88170E+6
7.93000E+1	2.64577E+4	7.13374E+3	3.21611E+6	1.09772E+6	9.09064E+4	1.90189E+6
7.94000E+1	2.64557E+4	7.19997E+3	3.29259E+6	1.10666E+6	9.12440E+4	1.89239E+6
7.95000E+1	2.65923E+4	7.23589E+3	3.12080E+6	1.09444E+6	9.06332E+4	1.82743E+6
7.96000E+1	2.64639E+4	7.28815E+3	3.22392E+6	1.10184E+6	9.08794E+4	1.85265E+6
7.97000E+1	2.66187E+4	7.32117E+3	3.28629E+6	1.13087E+6	9.09581E+4	1.88932E+6
7.98000E+1	2.64073E+4	7.28704E+3	3.14810E+6	1.09014E+6	9.05970E+4	1.86963E+6
7.99000E+1	2.65521E+4	7.36089E+3	3.18488E+6	1.10492E+6	9.08923E+4	1.86340E+6
8.00000E+1	2.66616E+4	7.45083E+3	3.30823E+6	1.12615E+6	9.08125E+4	1.94651E+6
8.01000E+1	2.66486E+4	7.38391E+3	3.20200E+6	1.10129E+6	9.05677E+4	1.85956E+6
8.02000E+1	2.67940E+4	7.48990E+3	3.25228E+6	1.09385E+6	9.06977E+4	1.86415E+6
8.03000E+1	2.69070E+4	7.57297E+3	3.32629E+6	1.13009E+6	9.08161E+4	1.95572E+6
8.04000E+1	2.68194E+4	7.62146E+3	3.07273E+6	1.12316E+6	9.05385E+4	1.85253E+6
8.05000E+1	2.69293E+4	7.66476E+3	3.32516E+6	1.09873E+6	9.09346E+4	1.85511E+6
8.06000E+1	2.68811E+4	7.68381E+3	3.42073E+6	1.11831E+6	9.06871E+4	1.95124E+6
8.07000E+1	2.70062E+4	7.69390E+3	3.37734E+6	1.09550E+6	9.03538E+4	1.89803E+6
8.08000E+1	2.70951E+4	7.77728E+3	3.32667E+6	1.11108E+6	9.03048E+4	1.88373E+6
8.09000E+1	2.70884E+4	7.81023E+3	3.23320E+6	1.12104E+6	9.03025E+4	1.95968E+6
8.10000E+1	2.72347E+4	7.85818E+3	3.11346E+6	1.10087E+6	9.02733E+4	1.90811E+6
8.11000E+1	2.71597E+4	7.91292E+3	3.31799E+6	1.10282E+6	9.02990E+4	1.92343E+6
8.12000E+1	2.71045E+4	7.84131E+3	3.35759E+6	1.13858E+6	9.02127E+4	1.96214E+6
8.13000E+1	2.71310E+4	8.00041E+3	3.33045E+6	1.11616E+6	9.01533E+4	1.89764E+6
8.14000E+1	2.71738E+4	8.04214E+3	3.18071E+6	1.11103E+6	9.03317E+4	1.95056E+6
8.15000E+1	2.70389E+4	8.08202E+3	3.33958E+6	1.11735E+6	9.04134E+4	1.97524E+6
8.16000E+1	2.72546E+4	8.16224E+3	3.35489E+6	1.14394E+6	9.02523E+4	1.91908E+6
8.17000E+1	2.71498E+4	8.19504E+3	3.27561E+6	1.14106E+6	9.02687E+4	1.94934E+6
8.18000E+1	2.71113E+4	8.08465E+3	3.26500E+6	1.13009E+6	9.00147E+4	1.89354E+6
8.19000E+1	2.74118E+4	8.25277E+3	3.37656E+6	1.15995E+6	9.01474E+4	1.91581E+6
8.20000E+1	2.72640E+4	8.25692E+3	3.28334E+6	1.11397E+6	9.03130E+4	1.95328E+6
8.21000E+1	2.72410E+4	8.29205E+3	3.33996E+6	1.14086E+6	9.00427E+4	1.99174E+6
8.22000E+1	2.73308E+4	8.40248E+3	3.28555E+6	1.13888E+6	9.01917E+4	1.99033E+6
8.23000E+1	2.73674E+4	8.40702E+3	3.24830E+6	1.13528E+6	8.97232E+4	1.98472E+6
8.24000E+1	2.73423E+4	8.50897E+3	3.37617E+6	1.14639E+6	9.00985E+4	1.93590E+6
8.25000E+1	2.73465E+4	8.48432E+3	3.44566E+6	1.12727E+6	9.00403E+4	2.01066E+6
8.26000E+1	2.73438E+4	8.56552E+3	3.21505E+6	1.11941E+6	8.96050E+4	1.92858E+6
8.27000E+1	2.74013E+4	8.55185E+3	3.33121E+6	1.12785E+6	8.99868E+4	1.98500E+6
8.28000E+1	2.74872E+4	8.64760E+3	3.24758E+6	1.14724E+6	8.96931E+4	1.93925E+6
8.29000E+1	2.75055E+4	8.71914E+3	3.32440E+6	1.14985E+6	8.96340E+4	2.00665E+6
8.30000E+1	2.74735E+4	8.72257E+3	3.31123E+6	1.13087E+6	8.97986E+4	1.99598E+6
8.31000E+1	2.73809E+4	8.83579E+3	3.36879E+6	1.14160E+6	8.99880E+4	2.00994E+6
8.32000E+1	2.74474E+4	8.81938E+3	3.33083E+6	1.14031E+6	8.98277E+4	1.97150E+6
8.33000E+1	2.75705E+4	8.81404E+3	3.37656E+6	1.15566E+6	8.98602E+4	2.02890E+6
8.34000E+1	2.76219E+4	8.91866E+3	3.31950E+6	1.13547E+6	8.96456E+4	1.98836E+6
8.35000E+1	2.76434E+4	8.99822E+3	3.28371E+6	1.13420E+6	8.96803E+4	1.97261E+6
8.36000E+1	2.76581E+4	9.09783E+3	3.39653E+6	1.14409E+6	8.97708E+4	1.98935E+6
8.37000E+1	2.76376E+4	9.08057E+3	3.25627E+6	1.13425E+6	8.96305E+4	1.96777E+6
8.38000E+1	2.76838E+4	9.11048E+3	3.38398E+6	1.14900E+6	8.97232E+4	2.00808E+6
8.39000E+1	2.79438E+4	9.12736E+3	3.37189E+6	1.13987E+6	8.99252E+4	1.98122E+6
8.40000E+1	2.78837E+4	9.20722E+3	3.34225E+6	1.15313E+6	8.99194E+4	1.99967E+6
8.41000E+1	2.79828E+4	9.31529E+3	3.48415E+6	1.16995E+6	8.95136E+4	2.05731E+6
8.42000E+1	2.79211E+4	9.32684E+3	3.37384E+6	1.16328E+6	8.92040E+4	2.04257E+6
8.43000E+1	2.80156E+4	9.37615E+3	3.34301E+6	1.17208E+6	8.98056E+4	2.03740E+6
8.44000E+1	2.81255E+4	9.36652E+3	3.48125E+6	1.16251E+6	8.93644E+4	2.00493E+6
8.45000E+1	2.80267E+4	9.45098E+3	3.37773E+6	1.15867E+6	8.92293E+4	2.08034E+6
8.46000E+1	2.81271E+4	9.54213E+3	3.46890E+6	1.17668E+6	8.93598E+4	1.99471E+6
8.47000E+1	2.83220E+4	9.65901E+3	3.56498E+6	1.16472E+6	8.94962E+4	2.03241E+6
8.48000E+1	2.81847E+4	9.59241E+3	3.49994E+6	1.16174E+6	8.94049E+4	2.01858E+6
8.49000E+1	2.82594E+4	9.70435E+3	3.49744E+6	1.17005E+6	8.93783E+4	2.01699E+6
8.50000E+1	2.82626E+4	9.77768E+3	3.35797E+6	1.16549E+6	8.96259E+4	2.04538E+6
8.51000E+1	2.81779E+4	9.70862E+3	3.44162E+6	1.15990E+6	8.91728E+4	2.06907E+6
8.52000E+1	2.84107E+4	9.81963E+3	3.44040E+6	1.15485E+6	8.94083E+4	2.07256E+6
8.53000E+1	2.84133E+4	9.89467E+3	3.51504E+6	1.19414E+6	8.94442E+4	2.09143E+6
8.54000E+1	2.83576E+4	9.92697E+3	3.57931E+6	1.17208E+6	8.94546E+4	2.09623E+6
8.55000E+1	2.84792E+4	1.00084E+4	3.57496E+6	1.19544E+6	8.95714E+4	2.06393E+6
8.56000E+1	2.83172E+4	9.97683E+3	3.53281E+6	1.17784E+6	8.94072E+4	2.09189E+6
8.57000E+1	2.83804E+4	1.01282E+4	3.48787E+6	1.15903E+6	8.91671E+4	2.05611E+6
8.58000E+1	2.84840E+4	1.01826E+4	3.57278E+6	1.18477E+6	8.94141E+4	2.06182E+6
8.59000E+1	2.86486E+4	1.01970E+4	3.32705E+6	1.16591E+6	8.91532E+4	2.04124E+6
8.60000E+1	2.87889E+4	1.02197E+4	3.45175E+6	1.18122E+6	8.93748E+4	2.05431E+6
8.61000E+1	2.86747E+4	1.02687E+4	3.65634E+6	1.15831E+6	8.90507E+4	2.06755E+6
8.62000E+1	2.88221E+4	1.03126E+4	3.53111E+6	1.17585E+6	8.91855E+4	2.05596E+6
8.63000E+1	2.87323E+4	1.03110E+4	3.54389E+6	1.20623E+6	8.92063E+4	2.06302E+6
8.64000E+1	2.89998E+4	1.04940E+4	3.44647E+6	1.15882E+6	8.89863E+4	2.08280E+6
8.65000E+1	2.85873E+4	1.04177E+4	3.61232E+6	1.17663E+6	8.90380E+4	2.05521E+6
8.66000E+1	2.89211E+4	1.05420E+4	3.54218E+6	1.19815E+6	8.89253E+4	2.04124E+6
8.67000E+1	2.88542E+4	1.05357E+4	3.67461E+6	1.17187E+6	8.91971E+4	2.06952E+6
8.68000E+1	2.88018E+4	1.07131E+4	3.52771E+6	1.19226E+6	8.94904E+4	2.14695E+6
8.69000E+1	2.88082E+4	1.06902E+4	3.60877E+6	1.17926E+6	8.90288E+4	2.12936E+6
8.70000E+1	2.90358E+4	1.06831E+4	3.70749E+6	1.18159E+6	8.92605E+4	2.08895E+6
8.71000E+1	2.89821E+4	1.08274E+4	3.47712E+6	1.15903E+6	8.89264E+4	2.11710E+6
8.72000E+1	2.90111E+4	1.07593E+4	3.70422E+6	1.19837E+6	8.91060E+4	2.11283E+6
8.73000E+1	2.89736E+4	1.08947E+4	3.51083E+6	1.16958E+6	8.88356E+4	2.10936E+6
8.74000E+1	2.91958E+4	1.08737E+4	3.52475E+6	1.19436E+6	8.90645E+4	2.12043E+6
8.75000E+1	2.91480E+4	1.09839E+4	3.44566E+6	1.17021E+6	8.89483E+4	2.14841E+6
8.76000E+1	2.92023E+4	1.10812E+4	3.55204E+6	1.20481E+6	8.90058E+4	2.14354E+6
8.77000E+1	2.92690E+4	1.10740E+4	3.59244E+6	1.18947E+6	8.88667E+4	2.11900E+6
8.78000E+1	2.93864E+4	1.11811E+4	3.69910E+6	1.18920E+6	8.88115E+4	2.08926E+6
8.79000E+1	2.94269E+4	1.12241E+4	3.59113E+6	1.20772E+6	8.89057E+4	2.15675E+6
8.80000E+1	2.93724E+4	1.12261E+4	3.64275E+6	1.18973E+6	8.87840E+4	2.15347E+6
8.81000E+1	2.95376E+4	1.12967E+4	3.76871E+6	1.19793E+6	8.89966E+4	2.16796E+6
8.82000E+1	2.96112E+4	1.13250E+4	3.54518E+6	1.20547E+6	8.88896E+4	2.12122E+6
8.83000E+1	2.95760E+4	1.13757E+4	3.68013E+6	1.18238E+6	8.87484E+4	2.17261E+6
8.84000E+1	2.97136E+4	1.15398E+4	3.54432E+6	1.17874E+6	8.85008E+4	2.13465E+6
8.85000E+1	2.98373E+4	1.15062E+4	3.69214E+6	1.20355E+6	8.85042E+4	2.13965E+6
8.86000E+1	2.98661E+4	1.15655E+4	3.50036E+6	1.22463E+6	8.86566E+4	2.16383E+6
8.87000E+1	3.00178E+4	1.16815E+4	3.74284E+6	1.21164E+6	8.86715E+4	2.15659E+6
8.88000E+1	3.01072E+4	1.16008E+4	3.52559E+6	1.20404E+6	8.84333E+4	2.10575E+6
8.89000E+1	3.01831E+4	1.17165E+4	3.59772E+6	1.21170E+6	8.84275E+4	2.23959E+6
8.90000E+1	3.02246E+4	1.17595E+4	3.62792E+6	1.20667E+6	8.83235E+4	2.17728E+6
8.91000E+1	3.03827E+4	1.18126E+4	3.74665E+6	1.21398E+6	8.85271E+4	2.19853E+6
8.92000E+1	3.02098E+4	1.18989E+4	3.70795E+6	1.23868E+6	8.84653E+4	2.20896E+6
8.93000E+1	3.04528E+4	1.19086E+4	3.61988E+6	1.20245E+6	8.82367E+4	2.23220E+6
8.94000E+1	3.04024E+4	1.19905E+4	3.63645E+6	1.21755E+6	8.82207E+4	2.16879E+6
8.95000E+1	3.03870E+4	1.20589E+4	3.66911E+6	1.22650E+6	8.81694E+4	2.16317E+6
8.96000E+1	3.04555E+4	1.20989E+4	3.69585E+6	1.21420E+6	8.83224E+4	2.15037E+6
8.97000E+1	3.07192E+4	1.21313E+4	3.66957E+6	1.22514E+6	8.82093E+4	2.19870E+6
8.98000E+1	3.06186E+4	1.21909E+4	3.66500E+6	1.22678E+6	8.81283E+4	2.22888E+6
8.99000E+1	3.06774E+4	1.22404E+4	3.80865E+6	1.23638E+6	8.79905E+4	2.13901E+6
9.00000E+1	3.08383E+4	1.23025E+4	3.89673E+6	1.24221E+6	8.81854E+4	2.27358E+6
9.01000E+1	3.07264E+4	1.23997E+4	3.74808E+6	1.23311E+6	8.80360E+4	2.26238E+6
9.02000E+1	3.09205E+4	1.23680E+4	3.84642E+6	1.23609E+6	8.83521E+4	2.26959E+6
9.03000E+1	3.09929E+4	1.24535E+4	3.72957E+6	1.20689E+6	8.77960E+4	2.20536E+6
9.04000E+1	3.10880E+4	1.24910E+4	3.80079E+6	1.25280E+6	8.79836E+4	2.21654E+6
9.05000E+1	3.09625E+4	1.25640E+4	3.77257E+6	1.24402E+6	8.82915E+4	2.22940E+6
9.06000E+1	3.11262E+4	1.26298E+4	3.73951E+6	1.24256E+6	8.82687E+4	2.21671E+6
9.07000E+1	3.10709E+4	1.27206E+4	3.84843E+6	1.25133E+6	8.80258E+4	2.18230E+6
9.08000E+1	3.11345E+4	1.28029E+4	3.75957E+6	1.21331E+6	8.78505E+4	2.22243E+6
9.09000E+1	3.11833E+4	1.27558E+4	3.64863E+6	1.22136E+6	8.79495E+4	2.19394E+6
9.10000E+1	3.13232E+4	1.29108E+4	4.07971E+6	1.21425E+6	8.77960E+4	2.24436E+6
9.11000E+1	3.13087E+4	1.28977E+4	3.73809E+6	1.23580E+6	8.78221E+4	2.23642E+6
9.12000E+1	3.15380E+4	1.29277E+4	3.75813E+6	1.22843E+6	8.81192E+4	2.26941E+6
9.13000E+1	3.17188E+4	1.30070E+4	3.93098E+6	1.23955E+6	8.78539E+4	2.24507E+6
9.14000E+1	3.18246E+4	1.30399E+4	3.89673E+6	1.27103E+6	8.81010E+4	2.19157E+6
9.15000E+1	3.16044E+4	1.31458E+4	3.85749E+6	1.24898E+6	8.77948E+4	2.26815E+6
9.16000E+1	3.16674E+4	1.32015E+4	3.71029E+6	1.23805E+6	8.78130E+4	2.28324E+6
9.17000E+1	3.18022E+4	1.32912E+4	3.81654E+6	1.27595E+6	8.79631E+4	2.35467E+6
9.18000E+1	3.18582E+4	1.32664E+4	3.96583E+6	1.26578E+6	8.75713E+4	2.35099E+6
9.19000E+1	3.16596E+4	1.32540E+4	3.60081E+6	1.22040E+6	8.74172E+4	2.22574E+6
9.20000E+1	3.18677E+4	1.34307E+4	3.90549E+6	1.25151E+6	8.76688E+4	2.27977E+6
9.21000E+1	3.18369E+4	1.35021E+4	3.92210E+6	1.26009E+6	8.73381E+4	2.31814E+6
9.22000E+1	3.16764E+4	1.35124E+4	3.82298E+6	1.23271E+6	8.72917E+4	2.21429E+6
9.23000E+1	3.18576E+4	1.35955E+4	4.00835E+6	1.28282E+6	8.73222E+4	2.29815E+6
9.24000E+1	3.17529E+4	1.36051E+4	3.80177E+6	1.26284E+6	8.74206E+4	2.28452E+6
9.25000E+1	3.18464E+4	1.36708E+4	3.87727E+6	1.27846E+6	8.73516E+4	2.26977E+6
9.26000E+1	3.18694E+4	1.38351E+4	3.71170E+6	1.26338E+6	8.74354E+4	2.29298E+6
9.27000E+1	3.17166E+4	1.37704E+4	3.96956E+6	1.24013E+6	8.72544E+4	2.31326E+6
9.28000E+1	3.18067E+4	1.38501E+4	3.89518E+6	1.24152E+6	8.72861E+4	2.34481E+6
9.29000E+1	3.19838E+4	1.39872E+4	3.93413E+6	1.26704E+6	8.75667E+4	2.35428E+6
9.30000E+1	3.19456E+4	1.39517E+4	3.88186E+6	1.25109E+6	8.71698E+4	2.28068E+6
9.31000E+1	3.18050E+4	1.40463E+4	3.98348E+6	1.27358E+6	8.73098E+4	2.47395E+6
9.32000E+1	3.18346E+4	1.40459E+4	3.67553E+6	1.24547E+6	8.72036E+4	2.32097E+6
9.33000E+1	3.17339E+4	1.42406E+4	3.93465E+6	1.24963E+6	8.73008E+4	2.33465E+6
9.34000E+1	3.19036E+4	1.42713E+4	3.87574E+6	1.24933E+6	8.75373E+4	2.33924E+6
9.35000E+1	3.16747E+4	1.41994E+4	4.01543E+6	1.28257E+6	8.73652E+4	2.33713E+6
9.36000E+1	3.18789E+4	1.42919E+4	3.81654E+6	1.27882E+6	8.73765E+4	2.35292E+6
9.37000E+1	3.18016E+4	1.43791E+4	3.94939E+6	1.27097E+6	8.73369E+4	2.34693E+6
9.38000E+1	3.16859E+4	1.44348E+4	3.98348E+6	1.26075E+6	8.71957E+4	2.32495E+6
9.39000E+1	3.17613E+4	1.45243E+4	3.82397E+6	1.27999E+6	8.71257E+4	2.35934E+6
9.40000E+1	3.16792E+4	1.45078E+4	3.85295E+6	1.26518E+6	8.70716E+4	2.32211E+6
9.41000E+1	3.17356E+4	1.44774E+4	4.07971E+6	1.24758E+6	8.71912E+4	2.31457E+6
9.42000E+1	3.18268E+4	1.46169E+4	3.94569E+6	1.29168E+6	8.72556E+4	2.42004E+6
9.43000E+1	3.18414E+4	1.47169E+4	3.78322E+6	1.27279E+6	8.71517E+4	2.32760E+6
9.44000E+1	3.16289E+4	1.47720E+4	3.87727E+6	1.24413E+6	8.75475E+4	2.40196E+6
9.45000E+1	3.16122E+4	1.47881E+4	3.80177E+6	1.23626E+6	8.70727E+4	2.34000E+6
9.46000E+1	3.16959E+4	1.48191E+4	3.83641E+6	1.26728E+6	8.70863E+4	2.33197E+6
9.47000E+1	3.15302E+4	1.49654E+4	3.87778E+6	1.25505E+6	8.70897E+4	2.32324E+6
9.48000E+1	3.18167E+4	1.48502E+4	4.19183E+6	1.28473E+6	8.69207E+4	2.45047E+6
9.49000E+1	3.15882E+4	1.50571E+4	3.85094E+6	1.25363E+6	8.70840E+4	2.33350E+6
9.50000E+1	3.15564E+4	1.51390E+4	3.78517E+6	1.25968E+6	8.70502E+4	2.32988E+6
9.51000E+1	3.17049E+4	1.50775E+4	4.13792E+6	1.23834E+6	8.70277E+4	2.42763E+6
9.52000E+1	3.16300E+4	1.51933E+4	3.97758E+6	1.24013E+6	8.68981E+4	2.34173E+6
9.53000E+1	3.16278E+4	1.51399E+4	4.27470E+6	1.25369E+6	8.70897E+4	2.41820E+6
9.54000E+1	3.17149E+4	1.52386E+4	4.08987E+6	1.26368E+6	8.69015E+4	2.41351E+6
9.55000E+1	3.15809E+4	1.53632E+4	3.83641E+6	1.22254E+6	8.70840E+4	2.33331E+6
9.56000E+1	3.20680E+4	1.55191E+4	4.17057E+6	1.25611E+6	8.71021E+4	2.31382E+6
9.57000E+1	3.19686E+4	1.54435E+4	4.01107E+6	1.28036E+6	8.70975E+4	2.41758E+6
9.58000E+1	3.16702E+4	1.55359E+4	3.92471E+6	1.27766E+6	8.68858E+4	2.29427E+6
9.59000E+1	3.18621E+4	1.56534E+4	4.05620E+6	1.27157E+6	8.71145E+4	2.37562E+6
9.60000E+1	3.19164E+4	1.56030E+4	3.75142E+6	1.25033E+6	8.69657E+4	2.34173E+6
9.61000E+1	3.17351E+4	1.56564E+4	3.94675E+6	1.28739E+6	8.71698E+4	2.40317E+6
9.62000E+1	3.18285E+4	1.58187E+4	3.87676E+6	1.26129E+6	8.67014E+4	2.34192E+6
9.63000E+1	3.17932E+4	1.58018E+4	3.82844E+6	1.27364E+6	8.67082E+4	2.33236E+6
9.64000E+1	3.19092E+4	1.59320E+4	3.95256E+6	1.25795E+6	8.69589E+4	2.41208E+6
9.65000E+1	3.19428E+4	1.59796E+4	3.83491E+6	1.27036E+6	8.71675E+4	2.38553E+6
9.66000E+1	3.19366E+4	1.59290E+4	3.99966E+6	1.24927E+6	8.71844E+4	2.43423E+6
9.67000E+1	3.20523E+4	1.60403E+4	3.88544E+6	1.29112E+6	8.69184E+4	2.34135E+6
9.68000E+1	3.20197E+4	1.60820E+4	3.96051E+6	1.27662E+6	8.68160E+4	2.34616E+6
9.69000E+1	3.20455E+4	1.61780E+4	4.23741E+6	1.28417E+6	8.71968E+4	2.38136E+6
9.70000E+1	3.17999E+4	1.62581E+4	3.76341E+6	1.25274E+6	8.67632E+4	2.36285E+6
9.71000E+1	3.20040E+4	1.62703E+4	4.08196E+6	1.27424E+6	8.69961E+4	2.44337E+6
9.72000E+1	3.18526E+4	1.63623E+4	4.07971E+6	1.26129E+6	8.69330E+4	2.51273E+6
9.73000E+1	3.20967E+4	1.63592E+4	3.99426E+6	1.27772E+6	8.68486E+4	2.41351E+6
9.74000E+1	3.20377E+4	1.64413E+4	3.87218E+6	1.27467E+6	8.67744E+4	2.36324E+6
9.75000E+1	3.18509E+4	1.64487E+4	3.96530E+6	1.27206E+6	8.68149E+4	2.39914E+6
9.76000E+1	3.20382E+4	1.65020E+4	3.98348E+6	1.29299E+6	8.65959E+4	2.40964E+6
9.77000E+1	3.20686E+4	1.65615E+4	3.91067E+6	1.28411E+6	8.65780E+4	2.41738E+6
9.78000E+1	3.20618E+4	1.67351E+4	3.81852E+6	1.32340E+6	8.66823E+4	2.34192E+6
9.79000E+1	3.21028E+4	1.68164E+4	3.98779E+6	1.30688E+6	8.66352E+4	2.44754E+6
9.80000E+1	3.19989E+4	1.67562E+4	3.90343E+6	1.25133E+6	8.65735E+4	2.40216E+6
9.81000E+1	3.21090E+4	1.68203E+4	4.18235E+6	1.26464E+6	8.66284E+4	2.37660E+6
9.82000E+1	3.20292E+4	1.69110E+4	4.01052E+6	1.29871E+6	8.68633E+4	2.38852E+6
9.83000E+1	3.21326E+4	1.69105E+4	3.89518E+6	1.25914E+6	8.68666E+4	2.49092E+6
9.84000E+1	3.20388E+4	1.70070E+4	3.93780E+6	1.28553E+6	8.64289E+4	2.42249E+6
9.85000E+1	3.22227E+4	1.70781E+4	4.03021E+6	1.26994E+6	8.67756E+4	2.41860E+6
9.86000E+1	3.20854E+4	1.71108E+4	3.93413E+6	1.25991E+6	8.67025E+4	2.34596E+6
9.87000E+1	3.21872E+4	1.72191E+4	3.89879E+6	1.27230E+6	8.68824E+4	2.37443E+6
9.88000E+1	3.19456E+4	1.71267E+4	4.06960E+6	1.25730E+6	8.66273E+4	2.44233E+6
9.89000E+1	3.21884E+4	1.72395E+4	4.00454E+6	1.29106E+6	8.67126E+4	2.45320E+6
9.90000E+1	3.21028E+4	1.73592E+4	3.91015E+6	1.28165E+6	8.68160E+4	2.45678E+6
9.91000E+1	3.20860E+4	1.73259E+4	4.09837E+6	1.30332E+6	8.68014E+4	2.47374E+6
9.92000E+1	3.19232E+4	1.73721E+4	3.98348E+6	1.26608E+6	8.66554E+4	2.40964E+6
9.93000E+1	3.21051E+4	1.74938E+4	4.08817E+6	1.27858E+6	8.69015E+4	2.42331E+6
9.94000E+1	3.18548E+4	1.75672E+4	4.02144E+6	1.28522E+6	8.66352E+4	2.41758E+6
9.95000E+1	3.21377E+4	1.75298E+4	3.92941E+6	1.26716E+6	8.67958E+4	2.36833E+6
9.96000E+1	3.18582E+4	1.76314E+4	4.15944E+6	1.26994E+6	8.67677E+4	2.44838E+6
9.97000E+1	3.18285E+4	1.76755E+4	3.82050E+6	1.27797E+6	8.66610E+4	2.41147E+6
9.98000E+1	3.18430E+4	1.77912E+4	4.20075E+6	1.29243E+6	8.67374E+4	2.41249E+6
9.99000E+1	3.17988E+4	1.78104E+4	3.90136E+6	1.27260E+6	8.67194E+4	2.50637E+6
1.00000E+2	3.17977E+4	1.78793E+4	4.01107E+6	1.28603E+6	8.68891E+4	2.44295E+6
1.00100E+2	3.16395E+4	1.78614E+4	3.88954E+6	1.26069E+6	8.67194E+4	2.38394E+6
1.00200E+2	3.14294E+4	1.80111E+4	3.98402E+6	1.27200E+6	8.65141E+4	2.44108E+6
1.00300E+2	3.12643E+4	1.79774E+4	3.97223E+6	1.29081E+6	8.66486E+4	2.39632E+6
1.00400E+2	3.11617E+4	1.80982E+4	3.77257E+6	1.26380E+6	8.64233E+4	2.40883E+6
1.00500E+2	3.11850E+4	1.80941E+4	3.89416E+6	1.28875E+6	8.63808E+4	2.44274E+6
1.00600E+2	3.13799E+4	1.81265E+4	3.89467E+6	1.27406E+6	8.64692E+4	2.43340E+6
1.00700E+2	3.12710E+4	1.83689E+4	4.02966E+6	1.28671E+6	8.63226E+4	2.54186E+6
1.00800E+2	3.11600E+4	1.82512E+4	3.75238E+6	1.26776E+6	8.64491E+4	2.46523E+6
1.00900E+2	3.11611E+4	1.83801E+4	3.70655E+6	1.24951E+6	8.65275E+4	2.48747E+6
1.01000E+2	3.09851E+4	1.83585E+4	3.86052E+6	1.27839E+6	8.66273E+4	2.42639E+6
1.01100E+2	3.08201E+4	1.84705E+4	3.78080E+6	1.27218E+6	8.70367E+4	2.44754E+6
1.01200E+2	3.06252E+4	1.85986E+4	3.82447E+6	1.26230E+6	8.68340E+4	2.45006E+6
1.01300E+2	3.07170E+4	1.85818E+4	3.83342E+6	1.24998E+6	8.63181E+4	2.41922E+6
1.01400E+2	3.06329E+4	1.85207E+4	4.01107E+6	1.29726E+6	8.65443E+4	2.41881E+6
1.01500E+2	3.06604E+4	1.86566E+4	3.84341E+6	1.25345E+6	8.65903E+4	2.39713E+6
1.01600E+2	3.08035E+4	1.89221E+4	3.85295E+6	1.27345E+6	8.65959E+4	2.42270E+6
1.01700E+2	3.06780E+4	1.87161E+4	3.74570E+6	1.25475E+6	8.65275E+4	2.48467E+6
1.01800E+2	3.07534E+4	1.88506E+4	3.87931E+6	1.26939E+6	8.65701E+4	2.44733E+6
1.01900E+2	3.10543E+4	1.89549E+4	4.28768E+6	1.29512E+6	8.68127E+4	2.47502E+6
1.02000E+2	3.08228E+4	1.88429E+4	3.73382E+6	1.24974E+6	8.67070E+4	2.38414E+6
1.02100E+2	3.09437E+4	1.89878E+4	3.79981E+6	1.29075E+6	8.66318E+4	2.52577E+6
1.02200E+2	3.09586E+4	1.90571E+4	3.94622E+6	1.25938E+6	8.66733E+4	2.47823E+6
1.02300E+2	3.09945E+4	1.91385E+4	3.79688E+6	1.27091E+6	8.66913E+4	2.49808E+6
1.02400E+2	3.09354E+4	1.91367E+4	3.76822E+6	1.25831E+6	8.67048E+4	2.47246E+6
1.02500E+2	3.10891E+4	1.92163E+4	3.82695E+6	1.26452E+6	8.65780E+4	2.40458E+6
1.02600E+2	3.10637E+4	1.92735E+4	3.93360E+6	1.27382E+6	8.67632E+4	2.47716E+6
1.02700E+2	3.13471E+4	1.93176E+4	3.86913E+6	1.26410E+6	8.64569E+4	2.42701E+6
1.02800E+2	3.11938E+4	1.94411E+4	3.84141E+6	1.24530E+6	8.64659E+4	2.39271E+6
1.02900E+2	3.14979E+4	1.93933E+4	3.94886E+6	1.28011E+6	8.66632E+4	2.47887E+6
1.03000E+2	3.13682E+4	1.94098E+4	3.93833E+6	1.26982E+6	8.67711E+4	2.43506E+6
1.03100E+2	3.13604E+4	1.94811E+4	3.69585E+6	1.25021E+6	8.65387E+4	2.45194E+6
1.03200E+2	3.15915E+4	1.96174E+4	3.88033E+6	1.26722E+6	8.67093E+4	2.46884E+6
1.03300E+2	3.15748E+4	1.96888E+4	3.81852E+6	1.26368E+6	8.68115E+4	2.44379E+6
1.03400E+2	3.16027E+4	1.98284E+4	3.84492E+6	1.24869E+6	8.66105E+4	2.43734E+6
1.03500E+2	3.14973E+4	1.97613E+4	3.84291E+6	1.25926E+6	8.66958E+4	2.47716E+6
1.03600E+2	3.17434E+4	1.97512E+4	3.89056E+6	1.27157E+6	8.68037E+4	2.48037E+6
1.03700E+2	3.15982E+4	1.98691E+4	4.02692E+6	1.30969E+6	8.69026E+4	2.42044E+6
1.03800E+2	3.15586E+4	1.98761E+4	3.92263E+6	1.27693E+6	8.65006E+4	2.40539E+6
1.03900E+2	3.17955E+4	2.00351E+4	3.98456E+6	1.26897E+6	8.67846E+4	2.49765E+6
1.04000E+2	3.17160E+4	1.98594E+4	4.14023E+6	1.27097E+6	8.66139E+4	2.44337E+6
1.04100E+2	3.17630E+4	2.00513E+4	3.83941E+6	1.27443E+6	8.64054E+4	2.42578E+6
1.04200E+2	3.17625E+4	2.01624E+4	3.80767E+6	1.27224E+6	8.66318E+4	2.45194E+6
1.04300E+2	3.16473E+4	2.01796E+4	4.16998E+6	1.27145E+6	8.68801E+4	2.46799E+6
1.04400E+2	3.15681E+4	2.01568E+4	3.78614E+6	1.27376E+6	8.66352E+4	2.44504E+6
1.04500E+2	3.14912E+4	2.02816E+4	3.89879E+6	1.25280E+6	8.65611E+4	2.47203E+6
1.04600E+2	3.17261E+4	2.04529E+4	3.78809E+6	1.26807E+6	8.65735E+4	2.48768E+6
1.04700E+2	3.15475E+4	2.03950E+4	3.91015E+6	1.29437E+6	8.64502E+4	2.51471E+6
1.04800E+2	3.15581E+4	2.04604E+4	3.82745E+6	1.26855E+6	8.64894E+4	2.43361E+6
1.04900E+2	3.15820E+4	2.05053E+4	3.95680E+6	1.26596E+6	8.67553E+4	2.50156E+6
1.05000E+2	3.15374E+4	2.05834E+4	3.85900E+6	1.25386E+6	8.66374E+4	2.46841E+6
1.05100E+2	3.17043E+4	2.06509E+4	4.21150E+6	1.28603E+6	8.66038E+4	2.47823E+6
1.05200E+2	3.16133E+4	2.06017E+4	3.65135E+6	1.27882E+6	8.63002E+4	2.36912E+6
1.05300E+2	3.18442E+4	2.06716E+4	3.96636E+6	1.27018E+6	8.63338E+4	2.50200E+6
1.05400E+2	3.16619E+4	2.06735E+4	3.91534E+6	1.27388E+6	8.66172E+4	2.45867E+6
1.05500E+2	3.16702E+4	2.06941E+4	3.90446E+6	1.27327E+6	8.65589E+4	2.46863E+6
1.05600E+2	3.17323E+4	2.07843E+4	4.07802E+6	1.28257E+6	8.63562E+4	2.44985E+6
1.05700E+2	3.16753E+4	2.09184E+4	4.05732E+6	1.27018E+6	8.65073E+4	2.52911E+6
1.05800E+2	3.17848E+4	2.08991E+4	3.72343E+6	1.28603E+6	8.66038E+4	2.42147E+6
1.05900E+2	3.17010E+4	2.10693E+4	3.88186E+6	1.28857E+6	8.64950E+4	2.47267E+6
1.06000E+2	3.20242E+4	2.10726E+4	4.08873E+6	1.28072E+6	8.64793E+4	2.51163E+6
1.06100E+2	3.18402E+4	2.10103E+4	3.87676E+6	1.25157E+6	8.62254E+4	2.42290E+6
1.06200E+2	3.20422E+4	2.10991E+4	4.16060E+6	1.27236E+6	8.65522E+4	2.51010E+6
1.06300E+2	3.19641E+4	2.11444E+4	4.09723E+6	1.28838E+6	8.66183E+4	2.48166E+6
1.06400E+2	3.20450E+4	2.12627E+4	3.92994E+6	1.27218E+6	8.62153E+4	2.45446E+6
1.06500E+2	3.20231E+4	2.14155E+4	3.99696E+6	1.27479E+6	8.62578E+4	2.50265E+6
1.06600E+2	3.20590E+4	2.13917E+4	3.91586E+6	1.26266E+6	8.59453E+4	2.48617E+6
1.06700E+2	3.22283E+4	2.12902E+4	3.96424E+6	1.28658E+6	8.65208E+4	2.51626E+6
1.06800E+2	3.21636E+4	2.14093E+4	3.97705E+6	1.29143E+6	8.62309E+4	2.57050E+6
1.06900E+2	3.22069E+4	2.13889E+4	4.13329E+6	1.28300E+6	8.61148E+4	2.48101E+6
1.07000E+2	3.20877E+4	2.15063E+4	3.90240E+6	1.28609E+6	8.60557E+4	2.45341E+6
1.07100E+2	3.22109E+4	2.14345E+4	4.09156E+6	1.31104E+6	8.61751E+4	2.53962E+6
1.07200E+2	3.22931E+4	2.16744E+4	3.94517E+6	1.27607E+6	8.61974E+4	2.55474E+6
1.07300E+2	3.23591E+4	2.17636E+4	3.81259E+6	1.27772E+6	8.59208E+4	2.46671E+6
1.07400E+2	3.24987E+4	2.17976E+4	3.99804E+6	1.31820E+6	8.62410E+4	2.56157E+6
1.07500E+2	3.25355E+4	2.18320E+4	4.23923E+6	1.29745E+6	8.60635E+4	2.46671E+6
1.07600E+2	3.22328E+4	2.19014E+4	3.89827E+6	1.27315E+6	8.57217E+4	2.48919E+6
1.07700E+2	3.25021E+4	2.17894E+4	4.16881E+6	1.33704E+6	8.64715E+4	2.55497E+6
1.07800E+2	3.24354E+4	2.19617E+4	4.36147E+6	1.32805E+6	8.62991E+4	2.54164E+6
1.07900E+2	3.24456E+4	2.19986E+4	4.00346E+6	1.29770E+6	8.61115E+4	2.43093E+6
1.08000E+2	3.24461E+4	2.21532E+4	4.00129E+6	1.29826E+6	8.62120E+4	2.47844E+6
1.08100E+2	3.26363E+4	2.19517E+4	4.09043E+6	1.31104E+6	8.61316E+4	2.51581E+6
1.08200E+2	3.24625E+4	2.22870E+4	4.12235E+6	1.34037E+6	8.60278E+4	2.50440E+6
1.08300E+2	3.26102E+4	2.22153E+4	4.02856E+6	1.31220E+6	8.61427E+4	2.52134E+6
1.08400E+2	3.26856E+4	2.22393E+4	4.03021E+6	1.30269E+6	8.59999E+4	2.50418E+6
1.08500E+2	3.25247E+4	2.22047E+4	4.31640E+6	1.32543E+6	8.61360E+4	2.52377E+6
1.08600E+2	3.25995E+4	2.23487E+4	4.22652E+6	1.28727E+6	8.58518E+4	2.59088E+6
1.08700E+2	3.25910E+4	2.24365E+4	4.22291E+6	1.30415E+6	8.61204E+4	2.54052E+6
1.08800E+2	3.27026E+4	2.24153E+4	4.04234E+6	1.31697E+6	8.60579E+4	2.49482E+6
1.08900E+2	3.26822E+4	2.24636E+4	3.88954E+6	1.28362E+6	8.56384E+4	2.40216E+6
1.09000E+2	3.26471E+4	2.24965E+4	4.43513E+6	1.35224E+6	8.62958E+4	2.62107E+6
1.09100E+2	3.26471E+4	2.26494E+4	4.11834E+6	1.31425E+6	8.59977E+4	2.49612E+6
1.09200E+2	3.23682E+4	2.25342E+4	3.86355E+6	1.29274E+6	8.60769E+4	2.52711E+6
1.09300E+2	3.24071E+4	2.27552E+4	4.04732E+6	1.31130E+6	8.61371E+4	2.49114E+6
1.09400E+2	3.24173E+4	2.26160E+4	3.90343E+6	1.31587E+6	8.58107E+4	2.51736E+6
1.09500E+2	3.23168E+4	2.27479E+4	4.18649E+6	1.32831E+6	8.59754E+4	2.51471E+6
1.09600E+2	3.22407E+4	2.28499E+4	3.94992E+6	1.30224E+6	8.58696E+4	2.55565E+6
1.09700E+2	3.23338E+4	2.28003E+4	3.95945E+6	1.28727E+6	8.57373E+4	2.48768E+6
1.09800E+2	3.24218E+4	2.27935E+4	4.16236E+6	1.30079E+6	8.59899E+4	2.57511E+6
1.09900E+2	3.24292E+4	2.29156E+4	4.01925E+6	1.29984E+6	8.56851E+4	2.52555E+6
1.10000E+2	3.25728E+4	2.31111E+4	4.55762E+6	1.32281E+6	8.57206E+4	2.59578E+6
1.10100E+2	3.25609E+4	2.31443E+4	4.06178E+6	1.29959E+6	8.56873E+4	2.60047E+6
1.10200E+2	3.22543E+4	2.30788E+4	3.76389E+6	1.33141E+6	8.59142E+4	2.53290E+6
1.10300E+2	3.23738E+4	2.33415E+4	3.98671E+6	1.31852E+6	8.58552E+4	2.61132E+6
1.10400E+2	3.22328E+4	2.31150E+4	3.88595E+6	1.30465E+6	8.59598E+4	2.63859E+6
1.10500E+2	3.24134E+4	2.32088E+4	3.90446E+6	1.30459E+6	8.55419E+4	2.46523E+6
1.10600E+2	3.21653E+4	2.32205E+4	4.00237E+6	1.32138E+6	8.59721E+4	2.49917E+6
1.10700E+2	3.23056E+4	2.33621E+4	3.94359E+6	1.31723E+6	8.55985E+4	2.50900E+6
1.10800E+2	3.20079E+4	2.32514E+4	3.96850E+6	1.29256E+6	8.55286E+4	2.53134E+6
1.10900E+2	3.23456E+4	2.33822E+4	4.13850E+6	1.32366E+6	8.58107E+4	2.58459E+6
1.11000E+2	3.25202E+4	2.35255E+4	4.12868E+6	1.32014E+6	8.58463E+4	2.50222E+6
1.11100E+2	3.23230E+4	2.34106E+4	4.01434E+6	1.27200E+6	8.55718E+4	2.54164E+6
1.11200E+2	3.25706E+4	2.35501E+4	4.09780E+6	1.30389E+6	8.59353E+4	2.54231E+6
1.11300E+2	3.24569E+4	2.37886E+4	4.00889E+6	1.32047E+6	8.58874E+4	2.62944E+6
1.11400E+2	3.25360E+4	2.36353E+4	3.99102E+6	1.29118E+6	8.54377E+4	2.51780E+6
1.11500E+2	3.27446E+4	2.36993E+4	4.08760E+6	1.29871E+6	8.56984E+4	2.51604E+6
1.11600E+2	3.27117E+4	2.38212E+4	4.09950E+6	1.31677E+6	8.56728E+4	2.65000E+6
1.11700E+2	3.29089E+4	2.38459E+4	4.18294E+6	1.32720E+6	8.55053E+4	2.57372E+6
1.11800E+2	3.30855E+4	2.39181E+4	4.21390E+6	1.33121E+6	8.56473E+4	2.62298E+6
1.11900E+2	3.30433E+4	2.38084E+4	3.85346E+6	1.32588E+6	8.55308E+4	2.57211E+6
1.12000E+2	3.30530E+4	2.39760E+4	4.14952E+6	1.30899E+6	8.57106E+4	2.56454E+6
1.12100E+2	3.29852E+4	2.39097E+4	3.95362E+6	1.30313E+6	8.55996E+4	2.52755E+6
1.12200E+2	3.31946E+4	2.40449E+4	4.34104E+6	1.33997E+6	8.55618E+4	2.68954E+6
1.12300E+2	3.33944E+4	2.40072E+4	4.21330E+6	1.31451E+6	8.54864E+4	2.58761E+6
1.12400E+2	3.31803E+4	2.39705E+4	4.03792E+6	1.29845E+6	8.53513E+4	2.57811E+6
1.12500E+2	3.32421E+4	2.42111E+4	4.14023E+6	1.32034E+6	8.54355E+4	2.60071E+6
1.12600E+2	3.34535E+4	2.42355E+4	4.06401E+6	1.32073E+6	8.56551E+4	2.62513E+6
1.12700E+2	3.32404E+4	2.41952E+4	4.21210E+6	1.30612E+6	8.53867E+4	2.68030E+6
1.12800E+2	3.34242E+4	2.43335E+4	4.15651E+6	1.31548E+6	8.52374E+4	2.56981E+6
1.12900E+2	3.34271E+4	2.42718E+4	3.95203E+6	1.28263E+6	8.56640E+4	2.57487E+6
1.13000E+2	3.35000E+4	2.44307E+4	4.37820E+6	1.32386E+6	8.58418E+4	2.60259E+6
1.13100E+2	3.35080E+4	2.44213E+4	4.03627E+6	1.32431E+6	8.53380E+4	2.60612E+6
1.13200E+2	3.37969E+4	2.46446E+4	4.01379E+6	1.32014E+6	8.55241E+4	2.53268E+6
1.13300E+2	3.34759E+4	2.46271E+4	4.24287E+6	1.31310E+6	8.56240E+4	2.57073E+6
1.13400E+2	3.35649E+4	2.46711E+4	4.16822E+6	1.33147E+6	8.52694E+4	2.58482E+6
1.13500E+2	3.36155E+4	2.46506E+4	4.23317E+6	1.31316E+6	8.52009E+4	2.54750E+6
1.13600E+2	3.38055E+4	2.46811E+4	4.36019E+6	1.33871E+6	8.55463E+4	2.65831E+6
1.13700E+2	3.36040E+4	2.46026E+4	4.35123E+6	1.33951E+6	8.55430E+4	2.61940E+6
1.13800E+2	3.35879E+4	2.46746E+4	4.33787E+6	1.31310E+6	8.53779E+4	2.53894E+6
1.13900E+2	3.36391E+4	2.48979E+4	4.34550E+6	1.34466E+6	8.54089E+4	2.63546E+6
1.14000E+2	3.35430E+4	2.48260E+4	4.09043E+6	1.29978E+6	8.52838E+4	2.54119E+6
1.14100E+2	3.36788E+4	2.48868E+4	4.32269E+6	1.31781E+6	8.55097E+4	2.59111E+6
1.14200E+2	3.37087E+4	2.50287E+4	4.05565E+6	1.31716E+6	8.52540E+4	2.60400E+6
1.14300E+2	3.35752E+4	2.50151E+4	4.07802E+6	1.31117E+6	8.51357E+4	2.57188E+6
1.14400E+2	3.38159E+4	2.50720E+4	4.34996E+6	1.35899E+6	8.56351E+4	2.60990E+6
1.14500E+2	3.35936E+4	2.50639E+4	4.19599E+6	1.32890E+6	8.51379E+4	2.56821E+6
1.14600E+2	3.36632E+4	2.52871E+4	3.95839E+6	1.33207E+6	8.50596E+4	2.60849E+6
1.14700E+2	3.34977E+4	2.50141E+4	4.34422E+6	1.32660E+6	8.54122E+4	2.55202E+6
1.14800E+2	3.33388E+4	2.52249E+4	4.44642E+6	1.32811E+6	8.50143E+4	2.60730E+6
1.14900E+2	3.35264E+4	2.53842E+4	4.27716E+6	1.31833E+6	8.54510E+4	2.60542E+6
1.15000E+2	3.35948E+4	2.52830E+4	4.09496E+6	1.32818E+6	8.53447E+4	2.58924E+6
1.15100E+2	3.33978E+4	2.53377E+4	4.16822E+6	1.31175E+6	8.53723E+4	2.58134E+6
1.15200E+2	3.37594E+4	2.54035E+4	4.42917E+6	1.34064E+6	8.52595E+4	2.76049E+6
1.15300E+2	3.35482E+4	2.55455E+4	4.42587E+6	1.34446E+6	8.52849E+4	2.61773E+6
1.15400E+2	3.35448E+4	2.54217E+4	3.96370E+6	1.32034E+6	8.50927E+4	2.61726E+6
