0.00000E+0	8.24872E+4	7.07611E+4	7.20640E+6	2.12587E+6	8.24561E+4	1.08336E+6
1.00000E-1	7.26774E+4	6.33990E+4	5.62236E+6	1.94035E+6	7.41363E+4	1.00493E+6
2.00000E-1	7.26870E+4	6.35342E+4	5.77174E+6	1.98433E+6	7.42145E+4	1.01325E+6
3.00000E-1	7.32963E+4	6.38908E+4	6.71998E+6	2.10047E+6	7.45240E+4	1.05381E+6
4.00000E-1	7.38934E+4	6.38181E+4	7.64388E+6	2.11176E+6	7.47313E+4	1.05591E+6
5.00000E-1	7.35221E+4	6.36695E+4	6.46468E+6	2.00882E+6	7.43104E+4	1.02239E+6
6.00000E-1	7.30230E+4	6.34394E+4	5.84940E+6	1.97568E+6	7.41998E+4	1.02178E+6
7.00000E-1	7.29295E+4	6.31825E+4	5.64566E+6	1.97028E+6	7.42634E+4	1.01433E+6
8.00000E-1	7.34464E+4	6.35445E+4	6.66646E+6	2.05584E+6	7.44064E+4	1.03624E+6
9.00000E-1	7.30751E+4	6.31825E+4	5.77619E+6	1.94384E+6	7.40201E+4	1.00493E+6
1.00000E+0	7.37678E+4	6.37974E+4	6.93643E+6	2.14633E+6	7.44191E+4	1.05222E+6
1.10000E+0	7.30509E+4	6.33534E+4	5.65205E+6	1.94870E+6	7.40855E+4	1.01613E+6
1.20000E+0	7.35366E+4	6.36532E+4	6.51364E+6	2.03949E+6	7.43554E+4	1.02438E+6
1.30000E+0	7.37922E+4	6.36695E+4	6.41644E+6	2.04674E+6	7.43946E+4	1.03865E+6
1.40000E+0	7.33012E+4	6.31371E+4	5.69068E+6	1.93433E+6	7.38126E+4	9.94411E+5
1.50000E+0	7.41256E+4	6.35988E+4	7.06639E+6	2.13340E+6	7.46252E+4	1.05047E+6
1.60000E+0	7.39431E+4	6.36048E+4	6.22652E+6	1.95616E+6	7.41744E+4	1.00900E+6
1.70000E+0	7.40621E+4	6.33552E+4	6.43428E+6	2.05017E+6	7.42077E+4	1.02016E+6
1.80000E+0	7.43887E+4	6.36851E+4	6.91416E+6	2.17131E+6	7.44642E+4	1.05064E+6
1.90000E+0	7.42536E+4	6.35566E+4	6.21622E+6	2.02587E+6	7.41373E+4	1.01317E+6
2.00000E+0	7.42468E+4	6.31637E+4	5.75292E+6	1.96505E+6	7.43515E+4	1.00820E+6
2.10000E+0	7.38885E+4	6.32624E+4	5.64885E+6	1.91204E+6	7.38642E+4	1.00171E+6
2.20000E+0	7.42311E+4	6.31079E+4	6.15386E+6	1.99304E+6	7.41578E+4	1.01178E+6
2.30000E+0	7.48327E+4	6.38484E+4	7.36274E+6	2.16800E+6	7.45574E+4	1.04872E+6
2.40000E+0	7.49441E+4	6.38337E+4	7.17217E+6	2.22334E+6	7.42654E+4	1.04087E+6
2.50000E+0	7.44681E+4	6.34317E+4	5.81989E+6	1.99233E+6	7.37980E+4	1.01194E+6
2.60000E+0	7.41901E+4	6.30754E+4	5.60448E+6	1.96012E+6	7.37299E+4	9.93485E+5
2.70000E+0	7.42654E+4	6.33723E+4	5.79516E+6	1.98545E+6	7.38788E+4	1.01130E+6
2.80000E+0	7.46822E+4	6.33775E+4	6.26544E+6	2.09037E+6	7.41637E+4	1.02393E+6
2.90000E+0	7.53027E+4	6.36092E+4	7.57115E+6	2.13388E+6	7.40621E+4	1.04877E+6
3.00000E+0	7.48485E+4	6.36178E+4	6.56333E+6	2.04764E+6	7.39256E+4	1.02292E+6
3.10000E+0	7.49450E+4	6.35678E+4	6.34875E+6	2.03479E+6	7.40006E+4	1.02851E+6
3.20000E+0	7.50042E+4	6.36506E+4	6.43015E+6	2.06562E+6	7.39187E+4	1.02211E+6
3.30000E+0	7.48534E+4	6.35842E+4	6.24332E+6	1.98000E+6	7.39490E+4	1.01826E+6
3.40000E+0	7.44250E+4	6.31251E+4	5.66808E+6	2.04038E+6	7.37600E+4	9.89226E+5
3.50000E+0	7.44632E+4	6.33113E+4	5.51877E+6	1.95766E+6	7.36220E+4	9.96731E+5
3.60000E+0	7.48958E+4	6.35238E+4	6.45913E+6	2.02893E+6	7.37367E+4	1.01931E+6
3.70000E+0	7.56102E+4	6.39791E+4	7.44987E+6	2.13452E+6	7.41412E+4	1.05725E+6
3.80000E+0	7.55506E+4	6.36342E+4	6.56190E+6	2.08729E+6	7.37902E+4	1.02569E+6
3.90000E+0	7.50161E+4	6.35393E+4	5.71346E+6	1.99093E+6	7.36667E+4	9.96266E+5
4.00000E+0	7.49125E+4	6.34644E+4	6.13376E+6	1.98307E+6	7.34309E+4	9.94642E+5
4.10000E+0	7.55466E+4	6.36428E+4	6.70354E+6	2.09533E+6	7.39724E+4	1.03678E+6
4.20000E+0	7.57991E+4	6.37593E+4	7.60543E+6	2.14325E+6	7.41168E+4	1.03886E+6
4.30000E+0	7.50496E+4	6.33405E+4	5.95029E+6	2.03596E+6	7.34842E+4	1.00039E+6
4.40000E+0	7.54246E+4	6.34498E+4	6.39871E+6	2.02878E+6	7.37163E+4	1.00975E+6
4.50000E+0	7.61843E+4	6.38129E+4	7.16026E+6	2.15777E+6	7.41217E+4	1.03428E+6
4.60000E+0	7.58818E+4	6.35859E+4	6.24073E+6	2.03479E+6	7.37367E+4	1.01891E+6
4.70000E+0	7.56410E+4	6.33775E+4	5.99543E+6	2.01601E+6	7.36910E+4	1.00583E+6
4.80000E+0	7.56827E+4	6.35152E+4	5.81425E+6	1.96904E+6	7.33302E+4	9.96421E+5
4.90000E+0	7.56837E+4	6.35273E+4	5.81538E+6	1.96739E+6	7.34668E+4	9.98322E+5
5.00000E+0	7.55824E+4	6.32864E+4	5.35966E+6	1.91832E+6	7.33525E+4	9.85227E+5
5.10000E+0	7.58699E+4	6.31757E+4	5.40126E+6	1.96121E+6	7.34183E+4	1.00113E+6
5.20000E+0	7.61903E+4	6.34403E+4	5.33861E+6	1.94761E+6	7.33176E+4	1.00203E+6
5.30000E+0	7.62914E+4	6.34498E+4	5.76619E+6	2.02645E+6	7.35327E+4	1.00210E+6
5.40000E+0	7.66465E+4	6.40614E+4	7.06639E+6	2.19127E+6	7.38155E+4	1.03953E+6
5.50000E+0	7.70496E+4	6.44012E+4	7.64968E+6	2.18890E+6	7.40768E+4	1.04474E+6
5.60000E+0	7.71729E+4	6.41603E+4	7.45171E+6	2.15089E+6	7.39938E+4	1.04226E+6
5.70000E+0	7.70465E+4	6.44012E+4	7.66713E+6	2.10469E+6	7.39139E+4	1.04567E+6
5.80000E+0	7.72498E+4	6.40944E+4	6.79421E+6	2.13549E+6	7.39051E+4	1.03135E+6
5.90000E+0	7.71678E+4	6.38216E+4	6.68421E+6	2.05764E+6	7.36376E+4	1.01229E+6
6.00000E+0	7.67220E+4	6.35928E+4	5.62975E+6	2.00868E+6	7.34532E+4	9.99840E+5
6.10000E+0	7.73672E+4	6.40892E+4	7.53154E+6	2.13952E+6	7.38739E+4	1.03453E+6
6.20000E+0	7.68045E+4	6.37645E+4	5.75513E+6	1.99870E+6	7.33680E+4	1.00340E+6
6.30000E+0	7.77542E+4	6.39505E+4	7.16366E+6	2.12923E+6	7.38895E+4	1.03486E+6
6.40000E+0	7.78367E+4	6.42307E+4	6.72298E+6	2.08528E+6	7.34901E+4	1.02695E+6
6.50000E+0	7.71102E+4	6.36040E+4	5.99783E+6	1.96753E+6	7.31378E+4	1.00031E+6
6.60000E+0	7.76627E+4	6.39713E+4	6.89204E+6	2.09455E+6	7.37105E+4	1.02487E+6
6.70000E+0	7.84604E+4	6.41725E+4	7.47197E+6	2.20334E+6	7.38360E+4	1.04003E+6
6.80000E+0	7.81562E+4	6.43081E+4	7.37712E+6	2.10000E+6	7.37620E+4	1.03147E+6
6.90000E+0	7.76057E+4	6.40580E+4	6.07670E+6	2.02281E+6	7.35162E+4	1.01066E+6
7.00000E+0	7.79122E+4	6.39687E+4	6.68717E+6	2.08945E+6	7.35502E+4	1.02982E+6
7.10000E+0	7.84071E+4	6.42942E+4	7.37352E+6	2.12221E+6	7.38321E+4	1.03928E+6
7.20000E+0	7.78021E+4	6.39401E+4	5.95383E+6	2.00382E+6	7.33680E+4	1.00872E+6
7.30000E+0	7.83784E+4	6.40857E+4	7.36274E+6	2.11871E+6	7.37834E+4	1.03778E+6
7.40000E+0	7.86484E+4	6.43098E+4	7.59206E+6	2.16617E+6	7.37202E+4	1.05372E+6
7.50000E+0	7.85477E+4	6.41838E+4	6.52069E+6	2.03567E+6	7.32780E+4	1.01674E+6
7.60000E+0	7.86186E+4	6.42585E+4	6.58918E+6	2.09704E+6	7.33990E+4	1.03437E+6
7.70000E+0	7.83938E+4	6.43289E+4	7.09129E+6	2.08790E+6	7.33341E+4	1.02259E+6
7.80000E+0	7.79652E+4	6.39237E+4	5.73751E+6	2.00983E+6	7.29825E+4	1.00269E+6
7.90000E+0	7.87595E+4	6.43498E+4	6.92210E+6	2.14049E+6	7.38194E+4	1.05453E+6
8.00000E+0	7.86792E+4	6.43933E+4	6.63124E+6	2.05375E+6	7.33302E+4	1.02950E+6
8.10000E+0	7.84214E+4	6.40805E+4	6.05588E+6	2.05809E+6	7.32886E+4	1.00987E+6
8.20000E+0	7.90441E+4	6.44047E+4	7.07301E+6	2.18603E+6	7.35609E+4	1.03811E+6
8.30000E+0	7.94198E+4	6.47039E+4	7.47012E+6	2.13436E+6	7.37776E+4	1.03803E+6
8.40000E+0	7.86782E+4	6.42220E+4	6.12751E+6	2.04467E+6	7.33641E+4	9.99840E+5
8.50000E+0	7.87719E+4	6.40077E+4	5.87689E+6	2.02136E+6	7.32093E+4	1.00927E+6
8.60000E+0	7.88759E+4	6.42524E+4	6.36352E+6	2.04615E+6	7.35017E+4	1.01822E+6
8.70000E+0	7.94882E+4	6.46663E+4	7.24965E+6	2.16205E+6	7.38817E+4	1.05034E+6
8.80000E+0	8.00996E+4	6.48841E+4	8.62321E+6	2.09502E+6	7.36949E+4	1.05453E+6
8.90000E+0	7.97762E+4	6.46104E+4	6.43015E+6	2.06471E+6	7.31803E+4	1.01501E+6
9.00000E+0	7.95422E+4	6.43707E+4	5.89189E+6	2.06365E+6	7.32286E+4	1.02601E+6
9.10000E+0	8.04797E+4	6.47826E+4	8.06342E+6	2.19465E+6	7.38223E+4	1.05312E+6
9.20000E+0	8.06089E+4	6.48080E+4	6.63270E+6	2.10767E+6	7.36220E+4	1.03740E+6
9.30000E+0	8.03633E+4	6.45973E+4	6.36083E+6	2.04793E+6	7.32557E+4	1.02028E+6
9.40000E+0	8.02156E+4	6.45476E+4	5.67452E+6	2.00725E+6	7.33747E+4	1.01329E+6
9.50000E+0	8.03884E+4	6.45921E+4	6.08532E+6	2.01371E+6	7.30731E+4	1.01746E+6
9.60000E+0	8.10661E+4	6.48473E+4	6.64587E+6	2.07854E+6	7.35327E+4	1.03899E+6
9.70000E+0	8.08288E+4	6.47476E+4	6.16902E+6	2.10924E+6	7.34774E+4	1.04576E+6
9.80000E+0	8.10038E+4	6.47310E+4	6.51505E+6	2.07122E+6	7.32451E+4	1.04343E+6
9.90000E+0	8.11327E+4	6.49227E+4	6.44254E+6	2.10172E+6	7.32818E+4	1.05192E+6
1.00000E+1	8.07793E+4	6.48062E+4	6.13376E+6	2.04304E+6	7.30307E+4	1.01786E+6
1.01000E+1	8.08604E+4	6.46960E+4	6.54905E+6	2.05330E+6	7.31195E+4	1.03007E+6
1.02000E+1	8.14175E+4	6.46820E+4	6.32473E+6	2.04571E+6	7.31127E+4	1.03536E+6
1.03000E+1	8.09901E+4	6.46244E+4	5.84826E+6	2.01098E+6	7.29295E+4	1.02198E+6
1.04000E+1	8.14164E+4	6.48115E+4	7.50537E+6	2.14600E+6	7.33864E+4	1.04588E+6
1.05000E+1	8.13221E+4	6.48202E+4	7.31284E+6	2.07640E+6	7.33864E+4	1.03267E+6
1.06000E+1	8.10946E+4	6.45912E+4	6.16775E+6	2.05375E+6	7.29854E+4	1.02450E+6
1.07000E+1	8.19652E+4	6.51807E+4	7.68076E+6	2.16932E+6	7.33331E+4	1.06493E+6
1.08000E+1	8.16489E+4	6.49235E+4	6.81417E+6	2.10877E+6	7.32451E+4	1.04474E+6
1.09000E+1	8.14164E+4	6.48859E+4	6.10138E+6	1.96794E+6	7.29034E+4	1.01601E+6
1.10000E+1	8.16202E+4	6.47913E+4	6.13126E+6	2.06170E+6	7.30587E+4	1.03176E+6
1.11000E+1	8.13051E+4	6.50700E+4	7.13656E+6	2.09022E+6	7.32074E+4	1.04749E+6
1.12000E+1	8.10101E+4	6.47572E+4	5.79404E+6	1.99700E+6	7.28929E+4	1.02267E+6
1.13000E+1	8.10365E+4	6.48377E+4	5.79292E+6	2.00639E+6	7.28688E+4	1.02340E+6
1.14000E+1	8.16128E+4	6.49393E+4	6.31543E+6	2.08452E+6	7.29054E+4	1.03213E+6
1.15000E+1	8.19406E+4	6.52335E+4	6.53768E+6	2.17231E+6	7.33960E+4	1.05149E+6
1.16000E+1	8.21157E+4	6.56293E+4	7.75360E+6	2.21900E+6	7.34503E+4	1.07959E+6
1.17000E+1	8.16946E+4	6.54104E+4	6.74555E+6	2.07747E+6	7.30731E+4	1.03114E+6
1.18000E+1	8.17116E+4	6.50674E+4	5.85054E+6	2.04156E+6	7.28659E+4	1.03333E+6
1.19000E+1	8.23725E+4	6.56435E+4	7.92207E+6	2.21037E+6	7.35356E+4	1.08359E+6
1.20000E+1	8.16457E+4	6.52467E+4	6.06076E+6	2.05046E+6	7.30461E+4	1.05505E+6
1.21000E+1	8.16734E+4	6.53109E+4	6.83425E+6	2.13469E+6	7.32896E+4	1.06227E+6
1.22000E+1	8.15639E+4	6.56152E+4	6.30484E+6	2.11665E+6	7.32190E+4	1.05372E+6
1.23000E+1	8.17595E+4	6.52951E+4	7.30930E+6	2.06562E+6	7.29410E+4	1.05880E+6
1.24000E+1	8.21670E+4	6.57753E+4	7.32881E+6	2.13823E+6	7.33244E+4	1.07308E+6
1.25000E+1	8.16882E+4	6.51684E+4	5.78064E+6	2.01832E+6	7.30365E+4	1.04373E+6
1.26000E+1	8.19001E+4	6.54369E+4	7.22191E+6	2.16436E+6	7.33922E+4	1.06888E+6
1.27000E+1	8.20890E+4	6.59446E+4	7.65355E+6	2.21329E+6	7.33341E+4	1.08260E+6
1.28000E+1	8.22504E+4	6.58382E+4	6.94601E+6	2.12316E+6	7.32876E+4	1.05923E+6
1.29000E+1	8.17021E+4	6.53179E+4	5.62552E+6	1.97721E+6	7.28515E+4	1.04213E+6
1.30000E+1	8.18959E+4	6.55030E+4	6.61813E+6	2.06365E+6	7.31243E+4	1.07521E+6
1.31000E+1	8.27838E+4	6.57496E+4	7.77552E+6	2.20163E+6	7.34329E+4	1.08835E+6
1.32000E+1	8.30436E+4	6.55852E+4	7.01873E+6	2.08482E+6	7.32325E+4	1.07923E+6
1.33000E+1	8.26677E+4	6.56912E+4	6.69758E+6	2.07335E+6	7.30731E+4	1.05441E+6
1.34000E+1	8.21681E+4	6.54096E+4	5.72983E+6	1.99163E+6	7.27841E+4	1.03823E+6
1.35000E+1	8.21072E+4	6.51877E+4	6.03035E+6	2.02107E+6	7.29266E+4	1.03903E+6
1.36000E+1	8.31981E+4	6.58550E+4	7.16366E+6	2.16155E+6	7.32132E+4	1.07623E+6
1.37000E+1	8.30199E+4	6.56753E+4	7.23229E+6	2.13003E+6	7.30075E+4	1.06651E+6
1.38000E+1	8.26902E+4	6.54722E+4	6.43015E+6	2.03964E+6	7.29429E+4	1.05820E+6
1.39000E+1	8.34894E+4	6.58249E+4	7.39337E+6	2.20899E+6	7.31011E+4	1.08594E+6
1.40000E+1	8.40410E+4	6.61578E+4	7.83390E+6	2.19415E+6	7.32199E+4	1.08748E+6
1.41000E+1	8.33593E+4	6.57355E+4	6.88890E+6	2.03479E+6	7.27697E+4	1.05677E+6
1.42000E+1	8.31257E+4	6.56125E+4	6.59784E+6	2.06275E+6	7.29863E+4	1.07686E+6
1.43000E+1	8.39908E+4	6.60937E+4	7.55413E+6	2.16122E+6	7.30384E+4	1.08075E+6
1.44000E+1	8.33203E+4	6.54810E+4	5.85282E+6	2.02878E+6	7.25689E+4	1.04622E+6
1.45000E+1	8.39766E+4	6.58550E+4	7.31284E+6	2.15793E+6	7.28245E+4	1.07281E+6
1.46000E+1	8.44906E+4	6.59632E+4	6.96525E+6	2.14552E+6	7.29767E+4	1.08999E+6
1.47000E+1	8.37077E+4	6.56868E+4	6.43979E+6	2.06592E+6	7.26515E+4	1.05906E+6
1.48000E+1	8.42037E+4	6.58134E+4	6.42192E+6	2.05659E+6	7.26889E+4	1.06756E+6
1.49000E+1	8.48752E+4	6.61426E+4	6.50519E+6	2.16237E+6	7.27716E+4	1.08251E+6
1.50000E+1	8.41873E+4	6.57682E+4	6.26544E+6	2.08929E+6	7.25574E+4	1.07188E+6
1.51000E+1	8.53720E+4	6.62307E+4	7.58064E+6	2.21157E+6	7.29757E+4	1.08278E+6
1.52000E+1	8.42234E+4	6.57709E+4	6.26283E+6	2.03273E+6	7.23907E+4	1.05432E+6
1.53000E+1	8.52028E+4	6.61222E+4	8.52144E+6	2.19635E+6	7.30722E+4	1.09928E+6
1.54000E+1	8.58081E+4	6.64554E+4	8.37549E+6	2.23593E+6	7.30230E+4	1.10838E+6
1.55000E+1	8.48741E+4	6.59996E+4	6.68124E+6	2.05959E+6	7.27110E+4	1.05781E+6
1.56000E+1	8.47574E+4	6.58231E+4	6.88104E+6	2.08621E+6	7.27351E+4	1.06559E+6
1.57000E+1	8.52271E+4	6.64679E+4	7.84608E+6	2.24156E+6	7.27831E+4	1.09669E+6
1.58000E+1	8.50206E+4	6.61284E+4	6.49958E+6	2.06365E+6	7.23275E+4	1.05441E+6
1.59000E+1	8.54828E+4	6.66180E+4	7.40969E+6	2.13356E+6	7.26880E+4	1.08685E+6
1.60000E+1	8.50945E+4	6.61578E+4	7.03181E+6	2.11428E+6	7.26188E+4	1.07308E+6
1.61000E+1	8.58170E+4	6.64348E+4	7.28638E+6	2.15744E+6	7.27639E+4	1.08463E+6
1.62000E+1	8.55415E+4	6.61693E+4	6.29297E+6	2.09906E+6	7.25565E+4	1.07042E+6
1.63000E+1	8.58248E+4	6.62058E+4	6.86381E+6	2.10031E+6	7.25766E+4	1.07887E+6
1.64000E+1	8.62574E+4	6.64705E+4	7.77752E+6	2.15875E+6	7.26966E+4	1.09076E+6
1.65000E+1	8.58259E+4	6.61960E+4	6.58629E+6	2.06079E+6	7.26111E+4	1.07583E+6
1.66000E+1	8.66483E+4	6.65170E+4	7.37352E+6	2.16287E+6	7.24865E+4	1.10053E+6
1.67000E+1	8.63346E+4	6.62165E+4	6.89993E+6	2.10908E+6	7.25344E+4	1.08817E+6
1.68000E+1	8.70555E+4	6.65045E+4	8.21653E+6	2.12923E+6	7.26515E+4	1.10866E+6
1.69000E+1	8.66337E+4	6.62895E+4	6.37972E+6	2.05091E+6	7.23859E+4	1.08971E+6
1.70000E+1	8.70363E+4	6.64964E+4	7.13319E+6	2.12237E+6	7.25171E+4	1.10650E+6
1.71000E+1	8.68292E+4	6.62966E+4	6.96847E+6	2.10453E+6	7.23840E+4	1.07977E+6
1.72000E+1	8.70352E+4	6.66475E+4	7.75161E+6	2.11855E+6	7.23667E+4	1.09696E+6
1.73000E+1	8.74724E+4	6.66735E+4	7.23576E+6	2.19042E+6	7.25766E+4	1.10425E+6
1.74000E+1	8.70341E+4	6.64268E+4	6.56762E+6	2.09657E+6	7.23045E+4	1.08889E+6
1.75000E+1	8.81702E+4	6.67388E+4	8.15680E+6	2.23101E+6	7.27899E+4	1.13007E+6
1.76000E+1	8.74113E+4	6.63073E+4	6.58773E+6	2.12189E+6	7.20429E+4	1.09623E+6
1.77000E+1	8.74724E+4	6.66797E+4	7.89726E+6	2.14779E+6	7.25056E+4	1.10857E+6
1.78000E+1	8.82992E+4	6.68240E+4	7.96794E+6	2.15580E+6	7.24951E+4	1.11791E+6
1.79000E+1	8.79651E+4	6.66744E+4	6.79880E+6	2.07472E+6	7.22825E+4	1.10608E+6
1.80000E+1	8.83209E+4	6.69675E+4	7.79957E+6	2.13823E+6	7.23198E+4	1.12449E+6
1.81000E+1	8.83220E+4	6.67962E+4	7.44437E+6	2.18066E+6	7.25267E+4	1.13296E+6
1.82000E+1	8.80767E+4	6.66851E+4	7.19610E+6	2.19669E+6	7.23026E+4	1.10782E+6
1.83000E+1	8.89341E+4	6.70754E+4	7.82377E+6	2.19737E+6	7.24635E+4	1.13256E+6
1.84000E+1	8.82181E+4	6.65661E+4	6.90625E+6	2.02937E+6	7.23284E+4	1.09743E+6
1.85000E+1	8.89779E+4	6.70754E+4	8.13271E+6	2.30712E+6	7.26928E+4	1.15474E+6
1.86000E+1	8.86356E+4	6.67782E+4	6.55618E+6	2.03758E+6	7.20514E+4	1.12021E+6
1.87000E+1	8.88996E+4	6.70745E+4	7.66713E+6	2.19059E+6	7.25047E+4	1.14617E+6
1.88000E+1	8.94554E+4	6.72924E+4	8.79061E+6	2.24688E+6	7.26265E+4	1.16029E+6
1.89000E+1	8.90262E+4	6.71204E+4	6.80187E+6	2.12093E+6	7.22653E+4	1.12199E+6
1.90000E+1	8.91840E+4	6.72320E+4	7.71406E+6	2.28804E+6	7.25478E+4	1.14169E+6
1.91000E+1	8.96765E+4	6.78052E+4	7.07136E+6	2.19567E+6	7.25593E+4	1.13792E+6
1.92000E+1	8.87400E+4	6.74133E+4	7.01220E+6	2.11554E+6	7.25728E+4	1.14104E+6
1.93000E+1	8.98145E+4	6.80387E+4	8.55510E+6	2.24439E+6	7.30336E+4	1.17956E+6
1.94000E+1	8.88962E+4	6.83887E+4	7.87876E+6	2.19177E+6	7.31098E+4	1.15469E+6
1.95000E+1	8.83529E+4	6.79841E+4	6.87476E+6	2.14065E+6	7.31001E+4	1.14522E+6
1.96000E+1	8.85588E+4	6.79877E+4	7.71406E+6	2.26314E+6	7.32557E+4	1.17368E+6
1.97000E+1	8.62619E+4	6.77281E+4	7.32525E+6	2.15711E+6	7.27053E+4	1.15403E+6
1.98000E+1	8.40956E+4	6.78134E+4	7.37172E+6	2.18890E+6	7.28524E+4	1.16512E+6
1.99000E+1	7.97825E+4	6.76339E+4	6.95241E+6	2.17098E+6	7.27274E+4	1.16424E+6
2.00000E+1	7.51988E+4	6.74268E+4	6.40825E+6	2.09471E+6	7.23045E+4	1.13438E+6
2.01000E+1	7.13174E+4	6.72428E+4	6.41508E+6	2.13742E+6	7.23198E+4	1.16491E+6
2.02000E+1	6.76441E+4	6.68652E+4	5.68852E+6	2.03861E+6	7.18971E+4	1.12415E+6
2.03000E+1	6.49036E+4	6.71051E+4	6.06321E+6	2.07153E+6	7.16803E+4	1.11997E+6
2.04000E+1	6.20234E+4	6.61800E+4	4.96830E+6	1.91022E+6	7.10351E+4	1.09168E+6
2.05000E+1	6.00963E+4	6.67782E+4	5.82441E+6	2.03508E+6	7.17031E+4	1.13921E+6
2.06000E+1	5.80872E+4	6.63528E+4	5.15804E+6	1.90089E+6	7.10596E+4	1.09812E+6
2.07000E+1	5.61649E+4	6.61213E+4	5.12793E+6	1.88363E+6	7.14688E+4	1.08894E+6
2.08000E+1	5.53621E+4	6.62290E+4	5.00162E+6	1.86231E+6	7.14745E+4	1.08771E+6
2.09000E+1	5.33693E+4	6.57850E+4	4.42126E+6	1.84023E+6	7.10521E+4	1.06393E+6
2.10000E+1	5.28211E+4	6.59011E+4	4.95756E+6	1.92345E+6	7.13316E+4	1.09512E+6
2.11000E+1	5.14114E+4	6.56444E+4	4.40616E+6	1.84741E+6	7.10059E+4	1.06006E+6
2.12000E+1	5.07291E+4	6.58470E+4	4.46380E+6	1.87806E+6	7.12862E+4	1.06866E+6
2.13000E+1	4.93059E+4	6.53725E+4	4.14081E+6	1.78749E+6	7.10172E+4	1.03432E+6
2.14000E+1	4.91875E+4	6.57753E+4	4.75733E+6	1.89664E+6	7.12446E+4	1.07171E+6
2.15000E+1	4.79509E+4	6.55419E+4	3.91171E+6	1.77824E+6	7.11304E+4	1.04104E+6
2.16000E+1	4.78184E+4	6.58940E+4	4.56602E+6	1.84254E+6	7.15513E+4	1.07065E+6
2.17000E+1	4.70147E+4	6.56373E+4	4.22411E+6	1.79811E+6	7.12201E+4	1.03653E+6
2.18000E+1	4.62458E+4	6.53206E+4	3.70982E+6	1.72705E+6	7.12805E+4	1.02081E+6
2.19000E+1	4.60483E+4	6.58302E+4	4.24165E+6	1.83575E+6	7.18400E+4	1.05205E+6
2.20000E+1	4.57918E+4	6.58772E+4	4.12580E+6	1.83744E+6	7.16661E+4	1.03553E+6
2.21000E+1	4.49882E+4	6.54686E+4	3.75813E+6	1.73939E+6	7.14859E+4	1.01461E+6
2.22000E+1	4.50302E+4	6.58648E+4	4.14081E+6	1.85231E+6	7.19866E+4	1.05759E+6
2.23000E+1	4.46039E+4	6.53127E+4	3.71638E+6	1.77009E+6	7.17050E+4	1.03408E+6
2.24000E+1	4.41111E+4	6.55622E+4	4.08987E+6	1.78382E+6	7.19456E+4	1.03061E+6
2.25000E+1	4.39046E+4	6.57903E+4	4.12580E+6	1.86280E+6	7.21927E+4	1.04758E+6
2.26000E+1	4.35811E+4	6.53144E+4	3.77789E+6	1.74794E+6	7.20276E+4	1.00781E+6
2.27000E+1	4.34836E+4	6.54889E+4	3.98994E+6	1.80522E+6	7.21994E+4	1.02830E+6
2.28000E+1	4.33550E+4	6.58798E+4	4.22532E+6	1.82925E+6	7.21440E+4	1.03176E+6
2.29000E+1	4.31349E+4	6.56399E+4	4.10121E+6	1.82435E+6	7.21994E+4	1.04041E+6
2.30000E+1	4.25911E+4	6.53074E+4	3.64863E+6	1.74431E+6	7.21173E+4	1.00761E+6
2.31000E+1	4.21067E+4	6.52458E+4	3.54903E+6	1.70695E+6	7.18381E+4	9.86329E+5
2.32000E+1	4.20592E+4	6.52449E+4	3.77740E+6	1.77156E+6	7.20076E+4	1.01209E+6
2.33000E+1	4.21054E+4	6.56214E+4	3.94411E+6	1.87379E+6	7.25286E+4	1.02917E+6
2.34000E+1	4.17329E+4	6.52335E+4	3.74141E+6	1.75080E+6	7.23763E+4	1.00650E+6
2.35000E+1	4.16107E+4	6.50762E+4	3.73951E+6	1.79071E+6	7.23792E+4	1.01509E+6
2.36000E+1	4.16579E+4	6.53990E+4	3.80276E+6	1.78154E+6	7.25804E+4	1.01309E+6
2.37000E+1	4.10964E+4	6.48220E+4	3.45134E+6	1.70495E+6	7.22366E+4	9.78141E+5
2.38000E+1	4.12409E+4	6.51956E+4	3.80668E+6	1.80533E+6	7.26438E+4	1.01078E+6
2.39000E+1	4.09503E+4	6.51376E+4	3.62390E+6	1.76593E+6	7.25104E+4	9.92177E+5
2.40000E+1	4.09362E+4	6.53681E+4	3.97919E+6	1.84193E+6	7.27812E+4	1.01381E+6
2.41000E+1	4.07241E+4	6.50656E+4	3.65316E+6	1.74640E+6	7.24692E+4	9.81861E+5
2.42000E+1	4.03157E+4	6.48596E+4	3.43476E+6	1.74662E+6	7.24596E+4	9.80317E+5
2.43000E+1	4.04611E+4	6.52730E+4	3.79932E+6	1.80932E+6	7.25852E+4	1.00793E+6
2.44000E+1	4.01731E+4	6.49393E+4	3.68751E+6	1.73169E+6	7.23476E+4	9.90221E+5
2.45000E+1	4.03347E+4	6.55075E+4	3.85094E+6	1.75356E+6	7.26006E+4	9.98089E+5
2.46000E+1	3.99917E+4	6.49849E+4	3.61098E+6	1.76235E+6	7.26217E+4	1.00242E+6
2.47000E+1	3.98517E+4	6.50806E+4	3.86659E+6	1.78531E+6	7.26342E+4	9.87014E+5
2.48000E+1	3.98025E+4	6.47922E+4	3.61899E+6	1.76112E+6	7.26207E+4	9.86557E+5
2.49000E+1	3.97604E+4	6.54069E+4	3.79883E+6	1.79997E+6	7.27812E+4	9.84318E+5
2.50000E+1	3.96679E+4	6.50358E+4	3.72532E+6	1.71923E+6	7.26649E+4	9.82691E+5
2.51000E+1	3.95624E+4	6.48657E+4	3.64185E+6	1.72009E+6	7.27610E+4	9.82578E+5
2.52000E+1	3.95806E+4	6.54140E+4	3.94622E+6	1.80850E+6	7.30905E+4	1.00805E+6
2.53000E+1	3.91339E+4	6.48596E+4	3.60744E+6	1.72426E+6	7.26688E+4	9.82427E+5
2.54000E+1	3.93757E+4	6.52027E+4	3.77160E+6	1.75511E+6	7.29738E+4	9.95801E+5
2.55000E+1	3.91913E+4	6.50753E+4	3.91067E+6	1.79915E+6	7.27649E+4	9.90374E+5
2.56000E+1	3.89377E+4	6.50305E+4	3.66500E+6	1.75689E+6	7.28014E+4	9.83674E+5
2.57000E+1	3.90161E+4	6.51315E+4	3.75813E+6	1.78611E+6	7.27312E+4	9.87737E+5
2.58000E+1	3.87315E+4	6.48543E+4	3.67140E+6	1.76134E+6	7.29140E+4	9.91025E+5
2.59000E+1	3.87737E+4	6.48885E+4	3.84391E+6	1.74574E+6	7.29863E+4	9.76757E+5
2.60000E+1	3.85761E+4	6.46969E+4	3.66135E+6	1.75157E+6	7.27745E+4	9.69817E+5
2.61000E+1	3.87322E+4	6.50402E+4	3.82993E+6	1.77291E+6	7.31938E+4	9.92869E+5
2.62000E+1	3.85340E+4	6.47870E+4	3.81161E+6	1.77995E+6	7.29873E+4	9.83409E+5
2.63000E+1	3.82034E+4	6.47450E+4	3.62971E+6	1.71350E+6	7.29603E+4	9.70961E+5
2.64000E+1	3.84883E+4	6.51122E+4	3.85195E+6	1.79811E+6	7.33515E+4	1.00749E+6
2.65000E+1	3.82520E+4	6.47870E+4	3.68151E+6	1.77597E+6	7.29198E+4	9.74669E+5
2.66000E+1	3.82262E+4	6.47118E+4	3.66500E+6	1.67665E+6	7.30596E+4	9.62057E+5
2.67000E+1	3.82120E+4	6.47450E+4	4.06122E+6	1.79371E+6	7.32344E+4	9.91217E+5
2.68000E+1	3.78272E+4	6.48710E+4	3.77498E+6	1.73494E+6	7.31291E+4	9.74558E+5
2.69000E+1	3.80141E+4	6.48719E+4	3.79981E+6	1.76313E+6	7.33931E+4	9.73369E+5
2.70000E+1	3.80068E+4	6.47179E+4	3.61854E+6	1.74563E+6	7.30644E+4	9.81145E+5
2.71000E+1	3.79534E+4	6.48141E+4	3.79736E+6	1.75845E+6	7.31030E+4	9.89226E+5
2.72000E+1	3.78658E+4	6.48508E+4	3.81753E+6	1.75257E+6	7.31446E+4	9.90450E+5
2.73000E+1	3.76921E+4	6.44482E+4	3.54646E+6	1.71721E+6	7.28851E+4	9.63804E+5
2.74000E+1	3.77416E+4	6.48316E+4	3.87625E+6	1.79660E+6	7.32373E+4	9.84090E+5
2.75000E+1	3.77062E+4	6.46952E+4	3.78322E+6	1.78841E+6	7.32780E+4	9.76832E+5
2.76000E+1	3.76878E+4	6.43333E+4	3.50370E+6	1.71466E+6	7.31755E+4	9.66986E+5
2.77000E+1	3.76317E+4	6.48281E+4	4.13099E+6	1.78257E+6	7.34968E+4	9.89264E+5
2.78000E+1	3.74026E+4	6.44988E+4	3.48043E+6	1.69753E+6	7.31368E+4	9.71072E+5
2.79000E+1	3.75877E+4	6.46934E+4	3.92680E+6	1.81014E+6	7.36327E+4	9.92062E+5
2.80000E+1	3.72750E+4	6.41994E+4	3.50120E+6	1.69847E+6	7.30152E+4	9.55592E+5
2.81000E+1	3.73375E+4	6.44395E+4	3.89467E+6	1.75390E+6	7.35483E+4	9.73146E+5
2.82000E+1	3.74239E+4	6.46087E+4	3.89827E+6	1.74739E+6	7.33931E+4	9.69449E+5
2.83000E+1	3.72556E+4	6.46620E+4	3.84843E+6	1.78040E+6	7.34891E+4	9.77205E+5
2.84000E+1	3.70308E+4	6.43055E+4	3.57670E+6	1.73602E+6	7.33031E+4	9.77654E+5
2.85000E+1	3.71761E+4	6.42394E+4	3.90188E+6	1.80148E+6	7.32673E+4	9.75526E+5
2.86000E+1	3.71379E+4	6.46279E+4	3.90808E+6	1.81320E+6	7.33999E+4	9.87547E+5
2.87000E+1	3.70677E+4	6.44587E+4	3.54133E+6	1.75412E+6	7.32586E+4	9.68491E+5
2.88000E+1	3.69703E+4	6.44116E+4	3.79297E+6	1.74278E+6	7.34019E+4	9.75340E+5
2.89000E+1	3.71113E+4	6.47424E+4	4.10291E+6	1.78864E+6	7.37649E+4	9.98594E+5
2.90000E+1	3.70671E+4	6.46288E+4	3.69399E+6	1.71945E+6	7.34183E+4	9.85569E+5
2.91000E+1	3.67705E+4	6.44970E+4	3.66272E+6	1.75290E+6	7.32431E+4	9.70038E+5
2.92000E+1	3.69316E+4	6.45956E+4	3.83841E+6	1.75745E+6	7.37056E+4	9.77243E+5
2.93000E+1	3.68893E+4	6.45877E+4	3.90705E+6	1.76672E+6	7.37766E+4	9.92985E+5
2.94000E+1	3.68085E+4	6.44195E+4	3.61054E+6	1.74300E+6	7.35463E+4	9.71183E+5
2.95000E+1	3.67874E+4	6.45537E+4	3.86001E+6	1.77654E+6	7.35570E+4	9.84052E+5
2.96000E+1	3.67302E+4	6.46392E+4	3.93360E+6	1.78474E+6	7.36823E+4	9.97506E+5
2.97000E+1	3.66862E+4	6.41334E+4	3.70749E+6	1.75003E+6	7.33718E+4	9.66692E+5
2.98000E+1	3.68043E+4	6.44726E+4	3.76389E+6	1.77824E+6	7.38613E+4	9.78965E+5
2.99000E+1	3.66423E+4	6.44134E+4	3.98080E+6	1.77540E+6	7.36570E+4	9.83825E+5
3.00000E+1	3.65257E+4	6.42376E+4	3.56931E+6	1.70422E+6	7.34552E+4	9.64570E+5
3.01000E+1	3.65918E+4	6.44848E+4	3.95203E+6	1.77461E+6	7.39733E+4	9.88348E+5
3.02000E+1	3.64741E+4	6.40822E+4	3.77740E+6	1.71487E+6	7.33757E+4	9.54194E+5
3.03000E+1	3.65677E+4	6.46794E+4	3.98617E+6	1.76001E+6	7.38895E+4	9.96460E+5
3.04000E+1	3.63218E+4	6.41864E+4	3.80276E+6	1.77382E+6	7.35900E+4	9.73035E+5
3.05000E+1	3.62805E+4	6.41855E+4	3.69910E+6	1.71732E+6	7.35880E+4	9.77430E+5
3.06000E+1	3.64813E+4	6.45589E+4	4.07577E+6	1.82710E+6	7.38574E+4	9.97778E+5
3.07000E+1	3.63416E+4	6.41022E+4	3.57670E+6	1.68185E+6	7.36356E+4	9.70814E+5
3.08000E+1	3.63386E+4	6.45415E+4	3.97384E+6	1.77201E+6	7.37095E+4	9.81899E+5
3.09000E+1	3.62171E+4	6.44691E+4	3.86609E+6	1.75445E+6	7.38213E+4	9.76122E+5
3.10000E+1	3.64003E+4	6.41716E+4	3.67875E+6	1.71381E+6	7.35550E+4	9.63950E+5
3.11000E+1	3.61681E+4	6.44892E+4	3.97223E+6	1.79997E+6	7.41060E+4	9.89150E+5
3.12000E+1	3.65089E+4	6.45860E+4	4.13676E+6	1.81391E+6	7.40836E+4	1.01397E+6
3.13000E+1	3.61729E+4	6.40068E+4	3.58762E+6	1.71647E+6	7.37114E+4	9.84431E+5
3.14000E+1	3.60905E+4	6.41482E+4	3.81556E+6	1.74169E+6	7.38252E+4	9.77019E+5
3.15000E+1	3.63595E+4	6.44726E+4	4.21090E+6	1.87065E+6	7.42644E+4	1.00035E+6
3.16000E+1	3.63949E+4	6.45049E+4	4.05620E+6	1.79614E+6	7.39987E+4	9.93755E+5
3.17000E+1	3.63386E+4	6.47765E+4	4.07128E+6	1.80604E+6	7.40816E+4	9.85987E+5
3.18000E+1	3.60011E+4	6.41334E+4	3.79785E+6	1.72727E+6	7.37532E+4	9.71442E+5
3.19000E+1	3.57922E+4	6.40432E+4	3.53664E+6	1.70695E+6	7.37056E+4	9.63039E+5
3.20000E+1	3.61442E+4	6.43638E+4	4.11604E+6	1.80171E+6	7.41119E+4	9.95956E+5
3.21000E+1	3.60458E+4	6.41647E+4	3.97170E+6	1.75146E+6	7.38749E+4	9.88538E+5
3.22000E+1	3.57970E+4	6.36652E+4	3.58893E+6	1.70233E+6	7.35502E+4	9.60678E+5
3.23000E+1	3.59683E+4	6.43115E+4	4.12926E+6	1.79776E+6	7.40973E+4	1.00352E+6
3.24000E+1	3.58505E+4	6.38856E+4	3.74808E+6	1.69069E+6	7.36735E+4	9.60460E+5
3.25000E+1	3.58987E+4	6.40424E+4	3.98725E+6	1.78223E+6	7.39841E+4	9.87356E+5
3.26000E+1	3.56818E+4	6.37827E+4	3.44566E+6	1.69889E+6	7.34610E+4	9.56490E+5
3.27000E+1	3.58315E+4	6.39713E+4	3.87167E+6	1.73831E+6	7.37241E+4	9.73220E+5
3.28000E+1	3.57940E+4	6.39496E+4	3.90394E+6	1.75745E+6	7.37853E+4	9.89991E+5
3.29000E+1	3.55692E+4	6.36135E+4	3.67186E+6	1.71860E+6	7.34949E+4	9.56095E+5
3.30000E+1	3.56670E+4	6.40033E+4	4.04787E+6	1.80920E+6	7.38817E+4	1.00054E+6
3.31000E+1	3.56202E+4	6.39029E+4	3.59508E+6	1.70390E+6	7.34833E+4	9.54158E+5
3.32000E+1	3.57697E+4	6.38501E+4	3.98994E+6	1.76649E+6	7.37970E+4	9.78478E+5
3.33000E+1	3.58517E+4	6.41256E+4	3.87574E+6	1.73929E+6	7.34755E+4	9.87661E+5
3.34000E+1	3.53363E+4	6.33259E+4	3.47383E+6	1.68062E+6	7.33922E+4	9.53693E+5
3.35000E+1	3.56071E+4	6.39332E+4	3.98994E+6	1.77631E+6	7.38428E+4	9.86861E+5
3.36000E+1	3.56291E+4	6.36316E+4	3.72296E+6	1.66292E+6	7.33031E+4	9.64643E+5
3.37000E+1	3.56030E+4	6.38103E+4	4.12120E+6	1.75102E+6	7.36716E+4	9.77019E+5
3.38000E+1	3.57940E+4	6.38570E+4	3.95998E+6	1.73918E+6	7.36337E+4	9.77954E+5
3.39000E+1	3.57857E+4	6.38622E+4	4.15476E+6	1.78131E+6	7.37017E+4	9.91908E+5
3.40000E+1	3.54521E+4	6.37550E+4	3.75429E+6	1.73994E+6	7.35550E+4	9.75973E+5
3.41000E+1	3.54096E+4	6.37982E+4	3.85245E+6	1.73722E+6	7.36036E+4	9.79453E+5
3.42000E+1	3.52992E+4	6.33242E+4	3.71263E+6	1.68729E+6	7.35871E+4	9.64643E+5
3.43000E+1	3.53694E+4	6.33947E+4	3.69446E+6	1.65853E+6	7.34348E+4	9.58616E+5
3.44000E+1	3.54149E+4	6.36359E+4	3.90446E+6	1.72169E+6	7.34358E+4	9.59375E+5
3.45000E+1	3.53676E+4	6.32572E+4	3.68797E+6	1.65000E+6	7.31755E+4	9.47293E+5
3.46000E+1	3.55746E+4	6.35747E+4	4.08027E+6	1.77472E+6	7.36706E+4	9.84696E+5
3.47000E+1	3.55124E+4	6.34059E+4	3.62971E+6	1.70129E+6	7.34396E+4	9.66106E+5
3.48000E+1	3.54893E+4	6.33268E+4	3.77160E+6	1.68042E+6	7.33079E+4	9.49773E+5
3.49000E+1	3.52066E+4	6.31740E+4	3.63151E+6	1.69307E+6	7.33651E+4	9.50128E+5
3.50000E+1	3.52815E+4	6.31602E+4	3.64592E+6	1.67827E+6	7.30664E+4	9.47753E+5
3.51000E+1	3.54793E+4	6.35049E+4	4.04013E+6	1.79591E+6	7.35735E+4	9.96653E+5
3.52000E+1	3.54042E+4	6.32916E+4	3.67324E+6	1.68852E+6	7.33786E+4	9.65191E+5
3.53000E+1	3.52591E+4	6.33199E+4	3.68751E+6	1.72062E+6	7.33835E+4	9.61512E+5
3.54000E+1	3.55367E+4	6.36609E+4	4.35571E+6	1.82937E+6	7.37795E+4	1.00222E+6
3.55000E+1	3.55467E+4	6.35738E+4	3.94253E+6	1.75967E+6	7.34784E+4	9.76832E+5
3.56000E+1	3.54096E+4	6.31868E+4	3.71123E+6	1.66603E+6	7.31040E+4	9.57318E+5
3.57000E+1	3.51866E+4	6.33612E+4	3.93833E+6	1.74574E+6	7.31813E+4	9.66179E+5
3.58000E+1	3.55639E+4	6.35083E+4	4.10861E+6	1.75589E+6	7.35667E+4	9.89379E+5
3.59000E+1	3.53546E+4	6.30779E+4	3.63600E+6	1.66986E+6	7.33341E+4	9.59194E+5
3.60000E+1	3.50349E+4	6.32006E+4	3.61721E+6	1.69286E+6	7.30529E+4	9.44826E+5
3.61000E+1	3.53812E+4	6.36255E+4	4.29452E+6	1.79683E+6	7.36521E+4	9.94642E+5
3.62000E+1	3.55473E+4	6.35471E+4	4.12063E+6	1.77767E+6	7.38019E+4	9.99294E+5
3.63000E+1	3.53216E+4	6.34360E+4	3.80865E+6	1.76863E+6	7.34426E+4	9.82276E+5
3.64000E+1	3.51272E+4	6.30634E+4	3.68566E+6	1.71032E+6	7.32325E+4	9.65667E+5
3.65000E+1	3.53287E+4	6.36368E+4	4.27038E+6	1.76953E+6	7.36774E+4	1.00568E+6
3.66000E+1	3.52550E+4	6.33577E+4	3.76581E+6	1.70821E+6	7.34503E+4	9.68197E+5
3.67000E+1	3.49803E+4	6.32349E+4	3.62166E+6	1.69007E+6	7.33341E+4	9.53192E+5
3.68000E+1	3.55805E+4	6.36299E+4	4.17645E+6	1.77972E+6	7.37834E+4	9.92254E+5
3.69000E+1	3.49451E+4	6.30976E+4	3.67415E+6	1.66242E+6	7.32915E+4	9.57786E+5
3.70000E+1	3.49152E+4	6.31139E+4	3.61721E+6	1.71022E+6	7.33854E+4	9.70075E+5
3.71000E+1	3.51872E+4	6.34558E+4	4.13676E+6	1.75246E+6	7.37649E+4	9.81710E+5
3.72000E+1	3.51731E+4	6.29418E+4	3.64954E+6	1.66052E+6	7.32538E+4	9.57210E+5
3.73000E+1	3.49234E+4	6.31877E+4	3.86913E+6	1.72565E+6	7.35211E+4	9.80693E+5
3.74000E+1	3.51366E+4	6.33337E+4	3.91015E+6	1.70171E+6	7.33573E+4	9.80392E+5
3.75000E+1	3.48431E+4	6.30231E+4	3.73667E+6	1.70800E+6	7.34261E+4	9.67830E+5
3.76000E+1	3.50020E+4	6.33921E+4	4.15593E+6	1.74497E+6	7.37280E+4	9.86367E+5
3.77000E+1	3.50819E+4	6.32727E+4	3.86761E+6	1.72813E+6	7.36473E+4	9.83296E+5
3.78000E+1	3.46769E+4	6.30771E+4	3.42113E+6	1.66262E+6	7.31533E+4	9.73443E+5
3.79000E+1	3.49187E+4	6.32237E+4	4.01270E+6	1.75478E+6	7.35337E+4	9.94025E+5
3.80000E+1	3.46904E+4	6.31894E+4	3.90963E+6	1.73809E+6	7.37999E+4	9.86215E+5
3.81000E+1	3.46185E+4	6.29966E+4	3.71591E+6	1.73331E+6	7.34270E+4	9.79115E+5
3.82000E+1	3.48378E+4	6.34765E+4	3.92523E+6	1.77892E+6	7.38496E+4	9.92869E+5
3.83000E+1	3.49152E+4	6.32881E+4	3.92106E+6	1.74059E+6	7.40045E+4	9.89073E+5
3.84000E+1	3.46635E+4	6.29051E+4	3.64772E+6	1.71360E+6	7.38398E+4	9.56850E+5
3.85000E+1	3.46921E+4	6.31585E+4	3.74046E+6	1.72362E+6	7.35929E+4	9.69375E+5
3.86000E+1	3.47336E+4	6.35290E+4	4.19420E+6	1.77201E+6	7.41070E+4	1.00729E+6
3.87000E+1	3.48413E+4	6.35178E+4	4.05899E+6	1.80218E+6	7.41226E+4	1.00450E+6
3.88000E+1	3.46384E+4	6.29538E+4	3.60965E+6	1.67715E+6	7.38759E+4	9.71479E+5
3.89000E+1	3.45905E+4	6.28324E+4	3.50831E+6	1.63601E+6	7.36638E+4	9.62748E+5
3.90000E+1	3.46313E+4	6.31045E+4	3.61365E+6	1.67624E+6	7.37105E+4	9.67573E+5
3.91000E+1	3.44733E+4	6.31791E+4	3.55118E+6	1.67441E+6	7.35415E+4	9.64205E+5
3.92000E+1	3.45263E+4	6.29709E+4	3.57496E+6	1.69162E+6	7.37542E+4	9.75563E+5
3.93000E+1	3.49199E+4	6.35747E+4	3.98510E+6	1.80265E+6	7.42448E+4	1.01863E+6
3.94000E+1	3.49633E+4	6.32984E+4	4.01488E+6	1.72330E+6	7.38885E+4	1.00230E+6
3.95000E+1	3.46173E+4	6.29290E+4	3.52305E+6	1.66764E+6	7.32934E+4	9.70814E+5
3.96000E+1	3.43098E+4	6.30591E+4	3.59596E+6	1.68533E+6	7.35405E+4	9.76720E+5
3.97000E+1	3.45753E+4	6.32203E+4	3.84692E+6	1.71487E+6	7.37270E+4	1.00124E+6
3.98000E+1	3.44744E+4	6.30334E+4	3.54048E+6	1.68226E+6	7.36619E+4	9.92908E+5
3.99000E+1	3.45170E+4	6.32160E+4	3.82298E+6	1.71891E+6	7.36385E+4	9.87699E+5
4.00000E+1	3.43272E+4	6.30377E+4	3.66044E+6	1.68821E+6	7.33680E+4	9.95763E+5
4.01000E+1	3.47061E+4	6.33560E+4	4.03572E+6	1.74640E+6	7.37348E+4	1.02057E+6
4.02000E+1	3.44570E+4	6.29752E+4	3.54133E+6	1.65674E+6	7.34348E+4	9.75153E+5
4.03000E+1	3.41386E+4	6.30454E+4	3.62882E+6	1.70516E+6	7.33699E+4	9.83031E+5
4.04000E+1	3.44570E+4	6.31114E+4	3.76871E+6	1.70056E+6	7.34164E+4	1.00132E+6
4.05000E+1	3.41600E+4	6.26635E+4	3.73572E+6	1.64852E+6	7.31774E+4	9.98011E+5
4.06000E+1	3.42261E+4	6.27684E+4	3.64727E+6	1.67158E+6	7.33050E+4	9.80242E+5
4.07000E+1	3.41015E+4	6.29076E+4	3.79101E+6	1.69920E+6	7.35987E+4	9.96924E+5
4.08000E+1	3.44034E+4	6.31285E+4	4.08591E+6	1.78371E+6	7.37707E+4	1.01690E+6
4.09000E+1	3.41403E+4	6.27300E+4	3.66317E+6	1.63184E+6	7.30876E+4	9.90144E+5
4.10000E+1	3.42778E+4	6.30257E+4	4.11490E+6	1.71328E+6	7.34203E+4	1.01381E+6
4.11000E+1	3.40731E+4	6.28008E+4	3.62300E+6	1.65010E+6	7.31069E+4	9.82956E+5
4.12000E+1	3.39475E+4	6.27547E+4	3.69214E+6	1.68328E+6	7.34019E+4	9.95685E+5
4.13000E+1	3.41496E+4	6.31216E+4	3.72061E+6	1.70171E+6	7.31755E+4	1.00121E+6
4.14000E+1	3.39932E+4	6.28264E+4	3.70609E+6	1.67553E+6	7.33292E+4	9.93909E+5
4.15000E+1	3.42407E+4	6.32727E+4	3.87625E+6	1.72148E+6	7.34726E+4	1.00647E+6
4.16000E+1	3.39909E+4	6.30377E+4	3.52517E+6	1.63951E+6	7.35745E+4	9.80693E+5
4.17000E+1	3.42436E+4	6.33543E+4	3.96211E+6	1.76448E+6	7.37105E+4	1.01718E+6
4.18000E+1	3.42517E+4	6.35876E+4	3.93098E+6	1.69983E+6	7.40826E+4	1.01569E+6
4.19000E+1	3.41322E+4	6.34007E+4	3.78177E+6	1.70411E+6	7.40006E+4	1.00226E+6
4.20000E+1	3.43458E+4	6.37403E+4	3.77063E+6	1.71445E+6	7.41158E+4	1.00900E+6
4.21000E+1	3.41194E+4	6.33165E+4	3.55290E+6	1.63892E+6	7.38866E+4	1.00238E+6
4.22000E+1	3.44762E+4	6.37248E+4	4.02527E+6	1.74442E+6	7.45604E+4	1.03966E+6
4.23000E+1	3.43697E+4	6.38934E+4	3.89518E+6	1.71254E+6	7.43153E+4	1.01114E+6
4.24000E+1	3.43045E+4	6.38250E+4	3.92054E+6	1.70958E+6	7.45025E+4	1.02081E+6
4.25000E+1	3.44954E+4	6.39029E+4	3.84994E+6	1.72330E+6	7.43447E+4	1.02872E+6
4.26000E+1	3.45829E+4	6.37974E+4	3.85749E+6	1.77325E+6	7.44779E+4	1.04163E+6
4.27000E+1	3.47301E+4	6.42976E+4	3.99912E+6	1.79025E+6	7.44573E+4	1.03569E+6
4.28000E+1	3.43075E+4	6.36851E+4	3.65180E+6	1.68976E+6	7.41168E+4	1.02133E+6
4.29000E+1	3.46156E+4	6.41005E+4	3.97651E+6	1.73461E+6	7.44446E+4	1.05017E+6
4.30000E+1	3.43511E+4	6.37334E+4	3.65998E+6	1.70411E+6	7.42977E+4	1.02638E+6
4.31000E+1	3.48132E+4	6.40744E+4	4.03737E+6	1.75301E+6	7.45820E+4	1.05175E+6
4.32000E+1	3.45899E+4	6.37231E+4	3.81161E+6	1.68615E+6	7.43133E+4	1.02941E+6
4.33000E+1	3.47196E+4	6.40189E+4	3.90394E+6	1.72351E+6	7.42810E+4	1.04508E+6
4.34000E+1	3.45619E+4	6.37991E+4	3.78468E+6	1.72737E+6	7.44593E+4	1.03515E+6
4.35000E+1	3.48185E+4	6.41274E+4	4.01925E+6	1.77926E+6	7.45152E+4	1.05552E+6
4.36000E+1	3.48296E+4	6.39410E+4	3.76919E+6	1.75911E+6	7.43270E+4	1.05213E+6
4.37000E+1	3.49187E+4	6.41760E+4	3.94833E+6	1.73418E+6	7.45731E+4	1.05102E+6
4.38000E+1	3.48601E+4	6.39886E+4	4.00291E+6	1.75733E+6	7.46979E+4	1.05941E+6
4.39000E+1	3.49574E+4	6.39981E+4	3.80374E+6	1.73364E+6	7.42742E+4	1.03540E+6
4.40000E+1	3.49363E+4	6.41248E+4	3.99696E+6	1.73711E+6	7.43045E+4	1.04402E+6
4.41000E+1	3.50073E+4	6.39410E+4	3.89930E+6	1.70769E+6	7.42106E+4	1.03528E+6
4.42000E+1	3.51248E+4	6.39912E+4	4.00454E+6	1.75656E+6	7.44760E+4	1.04571E+6
4.43000E+1	3.50108E+4	6.38666E+4	3.88749E+6	1.71668E+6	7.42028E+4	1.04758E+6
4.44000E+1	3.50666E+4	6.39427E+4	3.91638E+6	1.68277E+6	7.41930E+4	1.04116E+6
4.45000E+1	3.55396E+4	6.41456E+4	4.20671E+6	1.78577E+6	7.45525E+4	1.06844E+6
4.46000E+1	3.50231E+4	6.38735E+4	3.83342E+6	1.72148E+6	7.41783E+4	1.03698E+6
4.47000E+1	3.52827E+4	6.42568E+4	4.17057E+6	1.77722E+6	7.44446E+4	1.07874E+6
4.48000E+1	3.51925E+4	6.38717E+4	3.77886E+6	1.70014E+6	7.40416E+4	1.03682E+6
4.49000E+1	3.54285E+4	6.43081E+4	4.19777E+6	1.80323E+6	7.45996E+4	1.08526E+6
4.50000E+1	3.55450E+4	6.40762E+4	4.23256E+6	1.79892E+6	7.45368E+4	1.07887E+6
4.51000E+1	3.53777E+4	6.38043E+4	3.98026E+6	1.72233E+6	7.40816E+4	1.05077E+6
4.52000E+1	3.57376E+4	6.43220E+4	4.25750E+6	1.75589E+6	7.44505E+4	1.06805E+6
4.53000E+1	3.54155E+4	6.38423E+4	3.68289E+6	1.69504E+6	7.41100E+4	1.03395E+6
4.54000E+1	3.57471E+4	6.43951E+4	4.06066E+6	1.80358E+6	7.46085E+4	1.07494E+6
4.55000E+1	3.58297E+4	6.42594E+4	4.27162E+6	1.81462E+6	7.47313E+4	1.07477E+6
4.56000E+1	3.55024E+4	6.38795E+4	3.72626E+6	1.71774E+6	7.41090E+4	1.04445E+6
4.57000E+1	3.60303E+4	6.43942E+4	4.32648E+6	1.84949E+6	7.47451E+4	1.09072E+6
4.58000E+1	3.57839E+4	6.38095E+4	3.79736E+6	1.70108E+6	7.40543E+4	1.05068E+6
4.59000E+1	3.60237E+4	6.42942E+4	4.38403E+6	1.79082E+6	7.46173E+4	1.09397E+6
4.60000E+1	3.60082E+4	6.39730E+4	4.00021E+6	1.72255E+6	7.43829E+4	1.06633E+6
4.61000E+1	3.61980E+4	6.40536E+4	4.11891E+6	1.73983E+6	7.42800E+4	1.05664E+6
4.62000E+1	3.60643E+4	6.39956E+4	3.96424E+6	1.72856E+6	7.42292E+4	1.05651E+6
4.63000E+1	3.63979E+4	6.44874E+4	4.64230E+6	1.82519E+6	7.46645E+4	1.10622E+6
4.64000E+1	3.63649E+4	6.43072E+4	3.89518E+6	1.75511E+6	7.40875E+4	1.07179E+6
4.65000E+1	3.61705E+4	6.44839E+4	4.28087E+6	1.76885E+6	7.42664E+4	1.08296E+6
4.66000E+1	3.66766E+4	6.44360E+4	4.58716E+6	1.81320E+6	7.46055E+4	1.09687E+6
4.67000E+1	3.64585E+4	6.41760E+4	3.92054E+6	1.75091E+6	7.41461E+4	1.06419E+6
4.68000E+1	3.64687E+4	6.40753E+4	4.11547E+6	1.74904E+6	7.41451E+4	1.07632E+6
4.69000E+1	3.67759E+4	6.40649E+4	4.01488E+6	1.76504E+6	7.44515E+4	1.09013E+6
4.70000E+1	3.67585E+4	6.43481E+4	4.28830E+6	1.77178E+6	7.42057E+4	1.08708E+6
4.71000E+1	3.69256E+4	6.41360E+4	4.03461E+6	1.72255E+6	7.41520E+4	1.06756E+6
4.72000E+1	3.71894E+4	6.47380E+4	4.56813E+6	1.80580E+6	7.44956E+4	1.11491E+6
4.73000E+1	3.70598E+4	6.42359E+4	4.15243E+6	1.77235E+6	7.42732E+4	1.07317E+6
4.74000E+1	3.72580E+4	6.46777E+4	4.55553E+6	1.80323E+6	7.44691E+4	1.09081E+6
4.75000E+1	3.72647E+4	6.42038E+4	3.93360E+6	1.68966E+6	7.41090E+4	1.06813E+6
4.76000E+1	3.72495E+4	6.42489E+4	4.09270E+6	1.77077E+6	7.40885E+4	1.07366E+6
4.77000E+1	3.76420E+4	6.45877E+4	4.81035E+6	1.88960E+6	7.44319E+4	1.12338E+6
4.78000E+1	3.80669E+4	6.45930E+4	4.40747E+6	1.82352E+6	7.43740E+4	1.10099E+6
4.79000E+1	3.77013E+4	6.41352E+4	3.86761E+6	1.73570E+6	7.41363E+4	1.06397E+6
4.80000E+1	3.79792E+4	6.43942E+4	4.63507E+6	1.84436E+6	7.43505E+4	1.09507E+6
4.81000E+1	3.83260E+4	6.44595E+4	4.34041E+6	1.80545E+6	7.44593E+4	1.10753E+6
4.82000E+1	3.83056E+4	6.43507E+4	4.19896E+6	1.76705E+6	7.42800E+4	1.08418E+6
4.83000E+1	3.85965E+4	6.47598E+4	4.94687E+6	1.91583E+6	7.45771E+4	1.13369E+6
4.84000E+1	3.87222E+4	6.45476E+4	4.20134E+6	1.74497E+6	7.41725E+4	1.08251E+6
4.85000E+1	3.90074E+4	6.44534E+4	4.36404E+6	1.81864E+6	7.40992E+4	1.09264E+6
4.86000E+1	3.91676E+4	6.46803E+4	4.43911E+6	1.80090E+6	7.40250E+4	1.10034E+6
4.87000E+1	3.96032E+4	6.45232E+4	4.74368E+6	1.80510E+6	7.41764E+4	1.10113E+6
4.88000E+1	3.98630E+4	6.46637E+4	4.33406E+6	1.80475E+6	7.39002E+4	1.09706E+6
4.89000E+1	4.05209E+4	6.49384E+4	4.99743E+6	1.80768E+6	7.41852E+4	1.11648E+6
4.90000E+1	4.05368E+4	6.45485E+4	4.39051E+6	1.73907E+6	7.36968E+4	1.07592E+6
4.91000E+1	4.13740E+4	6.50139E+4	5.27178E+6	1.87191E+6	7.41187E+4	1.12546E+6
4.92000E+1	4.17329E+4	6.46462E+4	4.50101E+6	1.74497E+6	7.36521E+4	1.09324E+6
4.93000E+1	4.25989E+4	6.50858E+4	5.16428E+6	1.84448E+6	7.40201E+4	1.12905E+6
4.94000E+1	4.29905E+4	6.45904E+4	4.54577E+6	1.79059E+6	7.37182E+4	1.10271E+6
4.95000E+1	4.41077E+4	6.51262E+4	5.02013E+6	1.80779E+6	7.38106E+4	1.12179E+6
4.96000E+1	4.47023E+4	6.50191E+4	5.07131E+6	1.82902E+6	7.38282E+4	1.12929E+6
4.97000E+1	4.53644E+4	6.49788E+4	5.00498E+6	1.82495E+6	7.37873E+4	1.12895E+6
4.98000E+1	4.62031E+4	6.48517E+4	5.37217E+6	1.87706E+6	7.38515E+4	1.12531E+6
4.99000E+1	4.73315E+4	6.51245E+4	5.13763E+6	1.86020E+6	7.37532E+4	1.12706E+6
5.00000E+1	4.77628E+4	6.48255E+4	4.90860E+6	1.79117E+6	7.34930E+4	1.08400E+6
5.01000E+1	4.90242E+4	6.54854E+4	5.67882E+6	1.87379E+6	7.36502E+4	1.11911E+6
5.02000E+1	4.99536E+4	6.52554E+4	6.04491E+6	1.86965E+6	7.35046E+4	1.11624E+6
5.03000E+1	5.07379E+4	6.53585E+4	6.73199E+6	1.92981E+6	7.36444E+4	1.16075E+6
5.04000E+1	5.15489E+4	6.53056E+4	5.70042E+6	1.85662E+6	7.35492E+4	1.12054E+6
5.05000E+1	5.27782E+4	6.53946E+4	6.58054E+6	1.95466E+6	7.35793E+4	1.17452E+6
5.06000E+1	5.34671E+4	6.52080E+4	5.76287E+6	1.87668E+6	7.32277E+4	1.12300E+6
5.07000E+1	5.45253E+4	6.55746E+4	6.70205E+6	1.94802E+6	7.34823E+4	1.16342E+6
5.08000E+1	5.53264E+4	6.50595E+4	5.48842E+6	1.90089E+6	7.32625E+4	1.13423E+6
5.09000E+1	5.66338E+4	6.53576E+4	6.55048E+6	1.95589E+6	7.35502E+4	1.17861E+6
5.10000E+1	5.73891E+4	6.54457E+4	6.13251E+6	1.93700E+6	7.32547E+4	1.14762E+6
5.11000E+1	5.83098E+4	6.58054E+4	7.06639E+6	1.96395E+6	7.33583E+4	1.17904E+6
5.12000E+1	5.94999E+4	6.56444E+4	6.23814E+6	1.91636E+6	7.33418E+4	1.14788E+6
5.13000E+1	6.05676E+4	6.60351E+4	7.63230E+6	2.06064E+6	7.33467E+4	1.18110E+6
5.14000E+1	6.12574E+4	6.55428E+4	6.19572E+6	1.91531E+6	7.29776E+4	1.16496E+6
5.15000E+1	6.24372E+4	6.58213E+4	6.73952E+6	2.01371E+6	7.30779E+4	1.18062E+6
5.16000E+1	6.30070E+4	6.59295E+4	7.03017E+6	2.02616E+6	7.30828E+4	1.17693E+6
5.17000E+1	6.41336E+4	6.58869E+4	6.96204E+6	1.98027E+6	7.31001E+4	1.17646E+6
5.18000E+1	6.49307E+4	6.59960E+4	7.40061E+6	2.03508E+6	7.30471E+4	1.20870E+6
5.19000E+1	6.56189E+4	6.59517E+4	7.18753E+6	1.99389E+6	7.28996E+4	1.18438E+6
5.20000E+1	6.63280E+4	6.61515E+4	8.25233E+6	2.06547E+6	7.30259E+4	1.19868E+6
5.21000E+1	6.72448E+4	6.59703E+4	7.70816E+6	2.01731E+6	7.27206E+4	1.18406E+6
5.22000E+1	6.79288E+4	6.61231E+4	6.82342E+6	1.99969E+6	7.27485E+4	1.18656E+6
5.23000E+1	6.82620E+4	6.61266E+4	6.99432E+6	2.06185E+6	7.26207E+4	1.19699E+6
5.24000E+1	6.93360E+4	6.63350E+4	7.93037E+6	2.06170E+6	7.27552E+4	1.21240E+6
5.25000E+1	6.97063E+4	6.62476E+4	7.77352E+6	2.08837E+6	7.27197E+4	1.22944E+6
5.26000E+1	7.04219E+4	6.63439E+4	7.56926E+6	2.02165E+6	7.26601E+4	1.20107E+6
5.27000E+1	7.09475E+4	6.65545E+4	7.93245E+6	2.14325E+6	7.29969E+4	1.22269E+6
5.28000E+1	7.16347E+4	6.63341E+4	6.82188E+6	2.07731E+6	7.26861E+4	1.20649E+6
5.29000E+1	7.20676E+4	6.65670E+4	8.26359E+6	2.08790E+6	7.25181E+4	1.24394E+6
5.30000E+1	7.27187E+4	6.64572E+4	8.51188E+6	2.11729E+6	7.23773E+4	1.24703E+6
5.31000E+1	7.32103E+4	6.65331E+4	7.45171E+6	2.04452E+6	7.23179E+4	1.21910E+6
5.32000E+1	7.39353E+4	6.69855E+4	8.84183E+6	2.20625E+6	7.23284E+4	1.26757E+6
5.33000E+1	7.36988E+4	6.62031E+4	7.25313E+6	2.07229E+6	7.21106E+4	1.20781E+6
5.34000E+1	7.46281E+4	6.67890E+4	8.42671E+6	2.12252E+6	7.21946E+4	1.25692E+6
5.35000E+1	7.55446E+4	6.69603E+4	9.25412E+6	2.16073E+6	7.24146E+4	1.27654E+6
5.36000E+1	7.60534E+4	6.69945E+4	9.38562E+6	2.20916E+6	7.25210E+4	1.28120E+6
5.37000E+1	7.60294E+4	6.71429E+4	9.08527E+6	2.14698E+6	7.22128E+4	1.26240E+6
5.38000E+1	7.59746E+4	6.68930E+4	8.12181E+6	2.03567E+6	7.19685E+4	1.26061E+6
5.39000E+1	7.59416E+4	6.67496E+4	7.49049E+6	2.07365E+6	7.16604E+4	1.24885E+6
5.40000E+1	7.69981E+4	6.72203E+4	1.00860E+7	2.30749E+6	7.22099E+4	1.29210E+6
5.41000E+1	7.68539E+4	6.70349E+4	8.31118E+6	2.12444E+6	7.18790E+4	1.25633E+6
5.42000E+1	7.71001E+4	6.69128E+4	8.11963E+6	2.09161E+6	7.18219E+4	1.26871E+6
5.43000E+1	7.78286E+4	6.72843E+4	8.89626E+6	2.27962E+6	7.21058E+4	1.29573E+6
5.44000E+1	7.76291E+4	6.71843E+4	7.85015E+6	2.06396E+6	7.17839E+4	1.26781E+6
5.45000E+1	7.83189E+4	6.73853E+4	8.55028E+6	2.21450E+6	7.18562E+4	1.29322E+6
5.46000E+1	7.79193E+4	6.71375E+4	7.93245E+6	2.07762E+6	7.15759E+4	1.26781E+6
5.47000E+1	7.80591E+4	6.74801E+4	8.28165E+6	2.14991E+6	7.15162E+4	1.29204E+6
5.48000E+1	7.75123E+4	6.67111E+4	6.32207E+6	2.05899E+6	7.12503E+4	1.25835E+6
5.49000E+1	7.85621E+4	6.76203E+4	8.81359E+6	2.20968E+6	7.17078E+4	1.30026E+6
5.50000E+1	7.90379E+4	6.76855E+4	8.80847E+6	2.25025E+6	7.16566E+4	1.31708E+6
5.51000E+1	7.85456E+4	6.76547E+4	7.31638E+6	2.03640E+6	7.12560E+4	1.27520E+6
5.52000E+1	7.84604E+4	6.71357E+4	6.70205E+6	2.05404E+6	7.11549E+4	1.26847E+6
5.53000E+1	7.85939E+4	6.74603E+4	6.82188E+6	2.10156E+6	7.13032E+4	1.28595E+6
5.54000E+1	7.84235E+4	6.75498E+4	8.20985E+6	2.14033E+6	7.13070E+4	1.30400E+6
5.55000E+1	7.90792E+4	6.75968E+4	7.49234E+6	2.09084E+6	7.12333E+4	1.29888E+6
5.56000E+1	7.98408E+4	6.81688E+4	9.31941E+6	2.22056E+6	7.14953E+4	1.31883E+6
5.57000E+1	8.00839E+4	6.80168E+4	8.62811E+6	2.17115E+6	7.16841E+4	1.33602E+6
5.58000E+1	8.01853E+4	6.82810E+4	7.80359E+6	2.19754E+6	7.13628E+4	1.31643E+6
5.59000E+1	7.97835E+4	6.81342E+4	7.61501E+6	2.13904E+6	7.13070E+4	1.30955E+6
5.60000E+1	7.96118E+4	6.78478E+4	6.90941E+6	2.08667E+6	7.11021E+4	1.29197E+6
5.61000E+1	8.02920E+4	6.84061E+4	7.97844E+6	2.16584E+6	7.15077E+4	1.33390E+6
5.62000E+1	8.09468E+4	6.86577E+4	8.76775E+6	2.25775E+6	7.18000E+4	1.36427E+6
5.63000E+1	8.15119E+4	6.87632E+4	9.00979E+6	2.23347E+6	7.15807E+4	1.35528E+6
5.64000E+1	8.06383E+4	6.83294E+4	6.33672E+6	2.08713E+6	7.12097E+4	1.30058E+6
5.65000E+1	8.08404E+4	6.81306E+4	6.63855E+6	2.04778E+6	7.10144E+4	1.28052E+6
5.66000E+1	8.13051E+4	6.88954E+4	8.67747E+6	2.18907E+6	7.14253E+4	1.38069E+6
5.67000E+1	8.10101E+4	6.86577E+4	6.89204E+6	2.07229E+6	7.12408E+4	1.33046E+6
5.68000E+1	8.13782E+4	6.91006E+4	9.04468E+6	2.18974E+6	7.15977E+4	1.35856E+6
5.69000E+1	8.16468E+4	6.90720E+4	7.99740E+6	2.19839E+6	7.12853E+4	1.35283E+6
5.70000E+1	8.15448E+4	6.89028E+4	8.18324E+6	2.10751E+6	7.12342E+4	1.32149E+6
5.71000E+1	8.24047E+4	6.94588E+4	9.01246E+6	2.24865E+6	7.15712E+4	1.39704E+6
5.72000E+1	8.11781E+4	6.89092E+4	7.02526E+6	2.07686E+6	7.09391E+4	1.33589E+6
5.73000E+1	8.27128E+4	6.92592E+4	8.29526E+6	2.18016E+6	7.14546E+4	1.40138E+6
5.74000E+1	8.19065E+4	6.91531E+4	7.39156E+6	2.07259E+6	7.10785E+4	1.33629E+6
5.75000E+1	8.28301E+4	6.95412E+4	8.93028E+6	2.23804E+6	7.12720E+4	1.40218E+6
5.76000E+1	8.20666E+4	6.90573E+4	7.33236E+6	2.09409E+6	7.09861E+4	1.34478E+6
5.77000E+1	8.28032E+4	6.94532E+4	9.89896E+6	2.24705E+6	7.14736E+4	1.37478E+6
5.78000E+1	8.25226E+4	6.93857E+4	7.35020E+6	2.09860E+6	7.10615E+4	1.35487E+6
5.79000E+1	8.26214E+4	6.94505E+4	8.70486E+6	2.18435E+6	7.11370E+4	1.38921E+6
5.80000E+1	8.19684E+4	6.93617E+4	7.29166E+6	2.09300E+6	7.10031E+4	1.34835E+6
5.81000E+1	8.29993E+4	6.96922E+4	8.67996E+6	2.24936E+6	7.13155E+4	1.40788E+6
5.82000E+1	8.26451E+4	6.93312E+4	7.55979E+6	2.13436E+6	7.09824E+4	1.34458E+6
5.83000E+1	8.30145E+4	6.98055E+4	9.62942E+6	2.15040E+6	7.13770E+4	1.40839E+6
5.84000E+1	8.27612E+4	6.95189E+4	7.32881E+6	2.05240E+6	7.07942E+4	1.34330E+6
5.85000E+1	8.22932E+4	6.92610E+4	6.52917E+6	2.08267E+6	7.06374E+4	1.36248E+6
5.86000E+1	8.35556E+4	6.99570E+4	9.00444E+6	2.20283E+6	7.11200E+4	1.41221E+6
5.87000E+1	8.34937E+4	7.01387E+4	8.60120E+6	2.26584E+6	7.12248E+4	1.42829E+6
5.88000E+1	8.40017E+4	7.02292E+4	8.84183E+6	2.27634E+6	7.12928E+4	1.42484E+6
5.89000E+1	8.37806E+4	7.02217E+4	8.82640E+6	2.23927E+6	7.10823E+4	1.43018E+6
5.90000E+1	8.38851E+4	7.01098E+4	9.12348E+6	2.23557E+6	7.10889E+4	1.39993E+6
5.91000E+1	8.35958E+4	7.02180E+4	9.02318E+6	2.23945E+6	7.09475E+4	1.42551E+6
5.92000E+1	8.41742E+4	7.01928E+4	9.40886E+6	2.17231E+6	7.08798E+4	1.41709E+6
5.93000E+1	8.33117E+4	6.97461E+4	7.36993E+6	2.07579E+6	7.05737E+4	1.37773E+6
5.94000E+1	8.36294E+4	6.98789E+4	7.18924E+6	2.11491E+6	7.06806E+4	1.38878E+6
5.95000E+1	8.41524E+4	7.01396E+4	9.16201E+6	2.21467E+6	7.08817E+4	1.44250E+6
5.96000E+1	8.44665E+4	7.06278E+4	8.63548E+6	2.18772E+6	7.10380E+4	1.43570E+6
5.97000E+1	8.42715E+4	6.99924E+4	7.05648E+6	2.08852E+6	7.06215E+4	1.35952E+6
5.98000E+1	8.41294E+4	6.99031E+4	6.94281E+6	2.03171E+6	7.06627E+4	1.34856E+6
5.99000E+1	8.43251E+4	7.01312E+4	7.22191E+6	2.10140E+6	7.04294E+4	1.37513E+6
6.00000E+1	8.46607E+4	7.02824E+4	6.96043E+6	2.13678E+6	7.07576E+4	1.40291E+6
6.01000E+1	8.44007E+4	7.02217E+4	6.73500E+6	2.03728E+6	7.03284E+4	1.36296E+6
6.02000E+1	8.42671E+4	7.00334E+4	7.26011E+6	2.02791E+6	7.04847E+4	1.37226E+6
6.03000E+1	8.42584E+4	7.00781E+4	6.56476E+6	2.04304E+6	7.03911E+4	1.36801E+6
6.04000E+1	8.41316E+4	7.01107E+4	7.27585E+6	2.05809E+6	7.03985E+4	1.39107E+6
6.05000E+1	8.51542E+4	7.07790E+4	8.62566E+6	2.20848E+6	7.07595E+4	1.46119E+6
6.06000E+1	8.50008E+4	7.08015E+4	7.81367E+6	2.16568E+6	7.06515E+4	1.42245E+6
6.07000E+1	8.40781E+4	7.04742E+4	6.33005E+6	2.05390E+6	7.02098E+4	1.38543E+6
6.08000E+1	8.47112E+4	7.07640E+4	8.13053E+6	2.21364E+6	7.06994E+4	1.40898E+6
6.09000E+1	8.54108E+4	7.12331E+4	8.82897E+6	2.23575E+6	7.08440E+4	1.46418E+6
6.10000E+1	8.49578E+4	7.08344E+4	7.33593E+6	2.11570E+6	7.05062E+4	1.43799E+6
6.11000E+1	8.48598E+4	7.07123E+4	7.41514E+6	2.04883E+6	7.01146E+4	1.37422E+6
6.12000E+1	8.53299E+4	7.09888E+4	9.36248E+6	2.20916E+6	7.05165E+4	1.46174E+6
6.13000E+1	8.54407E+4	7.11613E+4	8.38476E+6	2.16634E+6	7.06065E+4	1.44742E+6
6.14000E+1	8.50945E+4	7.06082E+4	7.37352E+6	2.03141E+6	7.02696E+4	1.42006E+6
6.15000E+1	8.47387E+4	7.06926E+4	7.13656E+6	2.09487E+6	7.01352E+4	1.41302E+6
6.16000E+1	8.57992E+4	7.13427E+4	9.67539E+6	2.23312E+6	7.05774E+4	1.46774E+6
6.17000E+1	8.56836E+4	7.07799E+4	8.10009E+6	2.11428E+6	7.02640E+4	1.41074E+6
6.18000E+1	8.54263E+4	7.06795E+4	7.42242E+6	2.11824E+6	7.03499E+4	1.42394E+6
6.19000E+1	8.63502E+4	7.13200E+4	8.62566E+6	2.21278E+6	7.06008E+4	1.46088E+6
6.20000E+1	8.63279E+4	7.14772E+4	9.14546E+6	2.20112E+6	7.05699E+4	1.47987E+6
6.21000E+1	8.64040E+4	7.12926E+4	8.80591E+6	2.17932E+6	7.05024E+4	1.48140E+6
6.22000E+1	8.66663E+4	7.12463E+4	8.10009E+6	2.14698E+6	7.03387E+4	1.49088E+6
6.23000E+1	8.57614E+4	7.06325E+4	6.79267E+6	2.01905E+6	6.99405E+4	1.40284E+6
6.24000E+1	8.61904E+4	7.10491E+4	7.97004E+6	2.10751E+6	7.01342E+4	1.45400E+6
6.25000E+1	8.68719E+4	7.14762E+4	8.94080E+6	2.26422E+6	7.03920E+4	1.50378E+6
6.26000E+1	8.71288E+4	7.13787E+4	7.60734E+6	2.09611E+6	7.02182E+4	1.46671E+6
6.27000E+1	8.62273E+4	7.09718E+4	6.60362E+6	2.04186E+6	6.99591E+4	1.41664E+6
6.28000E+1	8.77411E+4	7.15776E+4	8.20763E+6	2.16518E+6	7.04519E+4	1.46104E+6
6.29000E+1	8.72541E+4	7.14383E+4	7.51656E+6	2.16617E+6	7.00848E+4	1.44165E+6
6.30000E+1	8.69642E+4	7.14459E+4	6.98946E+6	2.04304E+6	6.98168E+4	1.41687E+6
6.31000E+1	8.70589E+4	7.13787E+4	7.58825E+6	2.12747E+6	7.01827E+4	1.46002E+6
6.32000E+1	8.80721E+4	7.17324E+4	1.08438E+7	2.25007E+6	7.05118E+4	1.53049E+6
6.33000E+1	8.83952E+4	7.19998E+4	9.08527E+6	2.27325E+6	7.02434E+4	1.50710E+6
6.34000E+1	8.79161E+4	7.19597E+4	8.37318E+6	2.22143E+6	7.02387E+4	1.48301E+6
6.35000E+1	8.80949E+4	7.15264E+4	7.85831E+6	2.10093E+6	6.98503E+4	1.44081E+6
6.36000E+1	8.76832E+4	7.12227E+4	7.21846E+6	2.04734E+6	6.95349E+4	1.44119E+6
6.37000E+1	8.75494E+4	7.12435E+4	6.64001E+6	2.00325E+6	6.97175E+4	1.39301E+6
6.38000E+1	8.82227E+4	7.17818E+4	8.96986E+6	2.21536E+6	6.99014E+4	1.45986E+6
6.39000E+1	8.86528E+4	7.22345E+4	9.19530E+6	2.19822E+6	7.03518E+4	1.48966E+6
6.40000E+1	8.78945E+4	7.16706E+4	7.04166E+6	2.09626E+6	6.96108E+4	1.46537E+6
6.41000E+1	8.83015E+4	7.19836E+4	9.16478E+6	2.22108E+6	7.00410E+4	1.47690E+6
6.42000E+1	8.86482E+4	7.20732E+4	8.57203E+6	2.20248E+6	7.00038E+4	1.52818E+6
6.43000E+1	8.74169E+4	7.13465E+4	6.80341E+6	2.04393E+6	6.96961E+4	1.43070E+6
6.44000E+1	8.81690E+4	7.19397E+4	8.10225E+6	2.17148E+6	6.99126E+4	1.46529E+6
6.45000E+1	8.82855E+4	7.23905E+4	8.07202E+6	2.18873E+6	7.01865E+4	1.49817E+6
6.46000E+1	8.79196E+4	7.25256E+4	8.99378E+6	2.24919E+6	7.01921E+4	1.53513E+6
6.47000E+1	8.76809E+4	7.20341E+4	8.19209E+6	2.24333E+6	7.01603E+4	1.48884E+6
6.48000E+1	8.75777E+4	7.23330E+4	8.71737E+6	2.22769E+6	7.03200E+4	1.48673E+6
6.49000E+1	8.73762E+4	7.23713E+4	7.98686E+6	2.12651E+6	7.01044E+4	1.48148E+6
6.50000E+1	8.67651E+4	7.21877E+4	6.91575E+6	2.05899E+6	6.98187E+4	1.42521E+6
6.51000E+1	8.74984E+4	7.27454E+4	9.16478E+6	2.27271E+6	7.03658E+4	1.50370E+6
6.52000E+1	8.70397E+4	7.27301E+4	8.29526E+6	2.14082E+6	7.02285E+4	1.50337E+6
6.53000E+1	8.64644E+4	7.20436E+4	6.96204E+6	2.04674E+6	6.98707E+4	1.44904E+6
6.54000E+1	8.68359E+4	7.28840E+4	8.62075E+6	2.17665E+6	7.00625E+4	1.51119E+6
6.55000E+1	8.69913E+4	7.28464E+4	9.05007E+6	2.22961E+6	7.03509E+4	1.54005E+6
6.56000E+1	8.67000E+4	7.28397E+4	8.08279E+6	2.12157E+6	7.03023E+4	1.47802E+6
6.57000E+1	8.62440E+4	7.25246E+4	6.61087E+6	2.12396E+6	7.02462E+4	1.47474E+6
6.58000E+1	8.60877E+4	7.22862E+4	6.52493E+6	1.98083E+6	6.98968E+4	1.43358E+6
6.59000E+1	8.66270E+4	7.24843E+4	6.86225E+6	2.12444E+6	6.99321E+4	1.45735E+6
6.60000E+1	8.66225E+4	7.27849E+4	8.63057E+6	2.18654E+6	7.02453E+4	1.52418E+6
6.61000E+1	8.68449E+4	7.31154E+4	8.87545E+6	2.25811E+6	7.01342E+4	1.52469E+6
6.62000E+1	8.71818E+4	7.32265E+4	8.67499E+6	2.26818E+6	7.02005E+4	1.54153E+6
6.63000E+1	8.72360E+4	7.33968E+4	9.23162E+6	2.23434E+6	7.02191E+4	1.55201E+6
6.64000E+1	8.74599E+4	7.29958E+4	7.95120E+6	2.08898E+6	7.00550E+4	1.48164E+6
6.65000E+1	8.61513E+4	7.23388E+4	6.57623E+6	1.98475E+6	6.97360E+4	1.45579E+6
6.66000E+1	8.64364E+4	7.28282E+4	6.34607E+6	2.03185E+6	6.97193E+4	1.43184E+6
6.67000E+1	8.66820E+4	7.27166E+4	6.57623E+6	2.00897E+6	6.97917E+4	1.45221E+6
6.68000E+1	8.66865E+4	7.26119E+4	6.59350E+6	2.05569E+6	6.99293E+4	1.46956E+6
6.69000E+1	8.65059E+4	7.25611E+4	6.60942E+6	2.04719E+6	6.99033E+4	1.47618E+6
6.70000E+1	8.78752E+4	7.32516E+4	8.92765E+6	2.16419E+6	7.04884E+4	1.52946E+6
6.71000E+1	8.71468E+4	7.27810E+4	7.58635E+6	2.05884E+6	6.98085E+4	1.46956E+6
6.72000E+1	8.76276E+4	7.32923E+4	8.97782E+6	2.19771E+6	7.02555E+4	1.55589E+6
6.73000E+1	8.80847E+4	7.30671E+4	6.98622E+6	2.10312E+6	6.97527E+4	1.49669E+6
6.74000E+1	8.70577E+4	7.29562E+4	7.04659E+6	2.07305E+6	6.96423E+4	1.50056E+6
6.75000E+1	8.84043E+4	7.34705E+4	8.43844E+6	2.23945E+6	7.00503E+4	1.54631E+6
6.76000E+1	8.79435E+4	7.31511E+4	6.89993E+6	2.03935E+6	6.97184E+4	1.49096E+6
6.77000E+1	8.82592E+4	7.31096E+4	7.72588E+6	2.10218E+6	6.97435E+4	1.48982E+6
6.78000E+1	8.87079E+4	7.36811E+4	9.40886E+6	2.21986E+6	7.00103E+4	1.58236E+6
6.79000E+1	8.87102E+4	7.36063E+4	8.05270E+6	2.15777E+6	6.99935E+4	1.53306E+6
6.80000E+1	8.86540E+4	7.36189E+4	8.44314E+6	2.17082E+6	7.01314E+4	1.51943E+6
6.81000E+1	8.86184E+4	7.38377E+4	9.07712E+6	2.08790E+6	7.01725E+4	1.54213E+6
6.82000E+1	8.84432E+4	7.29977E+4	7.29342E+6	2.06124E+6	6.97797E+4	1.52197E+6
6.83000E+1	8.86173E+4	7.31000E+4	7.24443E+6	2.02194E+6	6.94192E+4	1.47290E+6
6.84000E+1	8.97240E+4	7.37657E+4	8.39637E+6	2.25703E+6	7.00168E+4	1.58474E+6
6.85000E+1	9.00214E+4	7.38854E+4	8.66261E+6	2.17798E+6	7.00736E+4	1.57591E+6
6.86000E+1	8.93398E+4	7.34966E+4	7.22537E+6	2.10767E+6	6.96516E+4	1.48779E+6
6.87000E+1	8.87606E+4	7.28205E+4	6.96043E+6	2.05225E+6	6.96618E+4	1.48503E+6
6.88000E+1	8.99225E+4	7.37647E+4	8.11745E+6	2.20231E+6	6.97268E+4	1.57275E+6
6.89000E+1	8.87411E+4	7.33949E+4	7.48307E+6	2.09130E+6	6.95154E+4	1.48697E+6
6.90000E+1	8.89548E+4	7.37764E+4	7.82984E+6	2.20659E+6	6.98085E+4	1.55996E+6
6.91000E+1	9.00318E+4	7.37861E+4	8.62075E+6	2.21554E+6	6.99330E+4	1.55315E+6
6.92000E+1	8.95560E+4	7.36957E+4	8.05270E+6	2.19601E+6	6.96145E+4	1.55307E+6
