0.00000E+0	4.21241E+4	7.09981E+4	4.53204E+6	1.53011E+6	8.89252E+4	3.35555E+6
1.00000E-1	3.75322E+4	6.57522E+4	4.33546E+6	1.48136E+6	8.44064E+4	3.39681E+6
2.00000E-1	3.73775E+4	6.53275E+4	4.26559E+6	1.47462E+6	8.39638E+4	3.08044E+6
3.00000E-1	3.74718E+4	6.56867E+4	4.44589E+6	1.46541E+6	8.41045E+4	3.37100E+6
4.00000E-1	3.73004E+4	6.56814E+4	4.61579E+6	1.50641E+6	8.43068E+4	3.50358E+6
5.00000E-1	3.73514E+4	6.52123E+4	4.29588E+6	1.47040E+6	8.42236E+4	3.44959E+6
6.00000E-1	3.74700E+4	6.54553E+4	4.37575E+6	1.48702E+6	8.42783E+4	3.35055E+6
7.00000E-1	3.73940E+4	6.54174E+4	4.43327E+6	1.48718E+6	8.43078E+4	3.23560E+6
8.00000E-1	3.74238E+4	6.51182E+4	4.26130E+6	1.47231E+6	8.44382E+4	3.41582E+6
9.00000E-1	3.72348E+4	6.52967E+4	4.16189E+6	1.47895E+6	8.42750E+4	3.35094E+6
1.00000E+0	3.72439E+4	6.54606E+4	4.47740E+6	1.50899E+6	8.44404E+4	3.40273E+6
1.10000E+0	3.72233E+4	6.54756E+4	4.55008E+6	1.45211E+6	8.43659E+4	3.34978E+6
1.20000E+0	3.72773E+4	6.53971E+4	4.51208E+6	1.46218E+6	8.42794E+4	3.36442E+6
1.30000E+0	3.71966E+4	6.51903E+4	4.34117E+6	1.47486E+6	8.44831E+4	3.36519E+6
1.40000E+0	3.71675E+4	6.55895E+4	4.43725E+6	1.46628E+6	8.44053E+4	3.38034E+6
1.50000E+0	3.68126E+4	6.53883E+4	4.19254E+6	1.47327E+6	8.41056E+4	3.33224E+6
1.60000E+0	3.69387E+4	6.51007E+4	4.47335E+6	1.47263E+6	8.43527E+4	3.23955E+6
1.70000E+0	3.68482E+4	6.53179E+4	4.30775E+6	1.50666E+6	8.42805E+4	3.28471E+6
1.80000E+0	3.68995E+4	6.53337E+4	4.34244E+6	1.46905E+6	8.44930E+4	3.45407E+6
1.90000E+0	3.69085E+4	6.53804E+4	4.51277E+6	1.51762E+6	8.47093E+4	3.43585E+6
2.00000E+0	3.68277E+4	6.51832E+4	4.49162E+6	1.45670E+6	8.42433E+4	3.41224E+6
2.10000E+0	3.68590E+4	6.52008E+4	4.44722E+6	1.45795E+6	8.44283E+4	3.37061E+6
2.20000E+0	3.68705E+4	6.53302E+4	4.24907E+6	1.45592E+6	8.44502E+4	3.37333E+6
2.30000E+0	3.69412E+4	6.52730E+4	4.53481E+6	1.47943E+6	8.44458E+4	3.38229E+6
2.40000E+0	3.68995E+4	6.55074E+4	4.14964E+6	1.48088E+6	8.43002E+4	3.30812E+6
2.50000E+0	3.67981E+4	6.52721E+4	4.45189E+6	1.50624E+6	8.45764E+4	3.26562E+6
2.60000E+0	3.66777E+4	6.50410E+4	4.31841E+6	1.47590E+6	8.44513E+4	3.27184E+6
2.70000E+0	3.70912E+4	6.52633E+4	4.39390E+6	1.46945E+6	8.46422E+4	3.42300E+6
2.80000E+0	3.67547E+4	6.50155E+4	4.06972E+6	1.44515E+6	8.44689E+4	3.31863E+6
2.90000E+0	3.68500E+4	6.51868E+4	4.18957E+6	1.48281E+6	8.45456E+4	3.32807E+6
3.00000E+0	3.68283E+4	6.51200E+4	4.27235E+6	1.43636E+6	8.42980E+4	3.24495E+6
3.10000E+0	3.68452E+4	6.52149E+4	4.31904E+6	1.47614E+6	8.45303E+4	3.36906E+6
3.20000E+0	3.65508E+4	6.53055E+4	4.19432E+6	1.43712E+6	8.45544E+4	3.30812E+6
3.30000E+0	3.66500E+4	6.52923E+4	4.51208E+6	1.46691E+6	8.44382E+4	3.16989E+6
3.40000E+0	3.68971E+4	6.52738E+4	4.43990E+6	1.46668E+6	8.47895E+4	3.34137E+6
3.50000E+0	3.65520E+4	6.49164E+4	4.15138E+6	1.48637E+6	8.45193E+4	3.25834E+6
3.60000E+0	3.67367E+4	6.51701E+4	4.48416E+6	1.46604E+6	8.46159E+4	3.35247E+6
3.70000E+0	3.66494E+4	6.50524E+4	4.43725E+6	1.49027E+6	8.46653E+4	3.26489E+6
3.80000E+0	3.68663E+4	6.51622E+4	4.43195E+6	1.52508E+6	8.48159E+4	3.38190E+6
3.90000E+0	3.67620E+4	6.52281E+4	4.43261E+6	1.48112E+6	8.47203E+4	3.38190E+6
4.00000E+0	3.65232E+4	6.50743E+4	4.22544E+6	1.46022E+6	8.45588E+4	3.19139E+6
4.10000E+0	3.66379E+4	6.51674E+4	4.21762E+6	1.46715E+6	8.45928E+4	3.24531E+6
4.20000E+0	3.67650E+4	6.52668E+4	4.46998E+6	1.49551E+6	8.45423E+4	3.39957E+6
4.30000E+0	3.66145E+4	6.48832E+4	4.17893E+6	1.42451E+6	8.44371E+4	3.25036E+6
4.40000E+0	3.68717E+4	6.51226E+4	4.24360E+6	1.45304E+6	8.45358E+4	3.23632E+6
4.50000E+0	3.65670E+4	6.49743E+4	4.33356E+6	1.49863E+6	8.46159E+4	3.35901E+6
4.60000E+0	3.67132E+4	6.53258E+4	4.67969E+6	1.52363E+6	8.47378E+4	3.41383E+6
4.70000E+0	3.69659E+4	6.49804E+4	4.49569E+6	1.46802E+6	8.47686E+4	3.32542E+6
4.80000E+0	3.66765E+4	6.50234E+4	4.06412E+6	1.44400E+6	8.44404E+4	3.12103E+6
4.90000E+0	3.68343E+4	6.51209E+4	4.13399E+6	1.45920E+6	8.46598E+4	3.22488E+6
5.00000E+0	3.66867E+4	6.48735E+4	4.19195E+6	1.45779E+6	8.48314E+4	3.28951E+6
5.10000E+0	3.68301E+4	6.50410E+4	4.27852E+6	1.50999E+6	8.45478E+4	3.24315E+6
5.20000E+0	3.65983E+4	6.50585E+4	4.40760E+6	1.45529E+6	8.47280E+4	3.32542E+6
5.30000E+0	3.67035E+4	6.49682E+4	4.25762E+6	1.44839E+6	8.46818E+4	3.17403E+6
5.40000E+0	3.65820E+4	6.49384E+4	4.55008E+6	1.45865E+6	8.45698E+4	3.31299E+6
5.50000E+0	3.67204E+4	6.51657E+4	4.34817E+6	1.47032E+6	8.47719E+4	3.17334E+6
5.60000E+0	3.66091E+4	6.49980E+4	4.41744E+6	1.46794E+6	8.47269E+4	3.34634E+6
5.70000E+0	3.66807E+4	6.49822E+4	4.26928E+6	1.48290E+6	8.45808E+4	3.26307E+6
5.80000E+0	3.67059E+4	6.49059E+4	4.13168E+6	1.45141E+6	8.46302E+4	3.26380E+6
5.90000E+0	3.66951E+4	6.53134E+4	4.28533E+6	1.50019E+6	8.47807E+4	3.27697E+6
6.00000E+0	3.68017E+4	6.49997E+4	4.10075E+6	1.46108E+6	8.46302E+4	3.29730E+6
6.10000E+0	3.67120E+4	6.48236E+4	4.33800E+6	1.47000E+6	8.45884E+4	3.19909E+6
6.20000E+0	3.66536E+4	6.47650E+4	4.42666E+6	1.48354E+6	8.47367E+4	3.40827E+6
6.30000E+0	3.65586E+4	6.49471E+4	4.17480E+6	1.48354E+6	8.45259E+4	3.21742E+6
6.40000E+0	3.68790E+4	6.53654E+4	4.51345E+6	1.48645E+6	8.47181E+4	3.29581E+6
6.50000E+0	3.64991E+4	6.49664E+4	4.13688E+6	1.45936E+6	8.45171E+4	3.20717E+6
6.60000E+0	3.67397E+4	6.49524E+4	4.39585E+6	1.51762E+6	8.48633E+4	3.25507E+6
6.70000E+0	3.68464E+4	6.52017E+4	4.56616E+6	1.50907E+6	8.49294E+4	3.45855E+6
6.80000E+0	3.66644E+4	6.48735E+4	3.96860E+6	1.46628E+6	8.46170E+4	3.16473E+6
6.90000E+0	3.67258E+4	6.47694E+4	4.23389E+6	1.47438E+6	8.45720E+4	3.21813E+6
7.00000E+0	3.67318E+4	6.52360E+4	4.49501E+6	1.49863E+6	8.47763E+4	3.33832E+6
7.10000E+0	3.67523E+4	6.49568E+4	4.35647E+6	1.48201E+6	8.45489E+4	3.31863E+6
7.20000E+0	3.69412E+4	6.49796E+4	4.31841E+6	1.48273E+6	8.46906E+4	3.37333E+6
7.30000E+0	3.66969E+4	6.49427E+4	4.12534E+6	1.46045E+6	8.49018E+4	3.20576E+6
7.40000E+0	3.68820E+4	6.49769E+4	4.26805E+6	1.48185E+6	8.47631E+4	3.20189E+6
7.50000E+0	3.70288E+4	6.52659E+4	4.34435E+6	1.49231E+6	8.47664E+4	3.19558E+6
7.60000E+0	3.69176E+4	6.51499E+4	4.45523E+6	1.45436E+6	8.47192E+4	3.31037E+6
7.70000E+0	3.69726E+4	6.52466E+4	4.35392E+6	1.46486E+6	8.49646E+4	3.23632E+6
7.80000E+0	3.71202E+4	6.49270E+4	4.43195E+6	1.52508E+6	8.47115E+4	3.23095E+6
7.90000E+0	3.71729E+4	6.49883E+4	4.52721E+6	1.48897E+6	8.47521E+4	3.30438E+6
8.00000E+0	3.70724E+4	6.47772E+4	4.28657E+6	1.47598E+6	8.45906E+4	3.32920E+6
8.10000E+0	3.70337E+4	6.52184E+4	4.41876E+6	1.52687E+6	8.49944E+4	3.29210E+6
8.20000E+0	3.70984E+4	6.51288E+4	4.49842E+6	1.47534E+6	8.45259E+4	3.18895E+6
8.30000E+0	3.70645E+4	6.48280E+4	4.24360E+6	1.46636E+6	8.45862E+4	3.18061E+6
8.40000E+0	3.70585E+4	6.48823E+4	4.49230E+6	1.50375E+6	8.48578E+4	3.27955E+6
8.50000E+0	3.70337E+4	6.52950E+4	4.53481E+6	1.49223E+6	8.44184E+4	3.29656E+6
8.60000E+0	3.71748E+4	6.50638E+4	4.37575E+6	1.52075E+6	8.47356E+4	3.32807E+6
8.70000E+0	3.70651E+4	6.50383E+4	4.13572E+6	1.46834E+6	8.45884E+4	3.18547E+6
8.80000E+0	3.70337E+4	6.50813E+4	4.29526E+6	1.47279E+6	8.46675E+4	3.17957E+6
8.90000E+0	3.71705E+4	6.49270E+4	4.38351E+6	1.51317E+6	8.50462E+4	3.42701E+6
9.00000E+0	3.69792E+4	6.50734E+4	4.48280E+6	1.47686E+6	8.46170E+4	3.18790E+6
9.10000E+0	3.70857E+4	6.52184E+4	4.34626E+6	1.44692E+6	8.47928E+4	3.15891E+6
9.20000E+0	3.68458E+4	6.49655E+4	4.28843E+6	1.50450E+6	8.45994E+4	3.26599E+6
9.30000E+0	3.72925E+4	6.52800E+4	4.57178E+6	1.49690E+6	8.47510E+4	3.36674E+6
9.40000E+0	3.72002E+4	6.49971E+4	4.38935E+6	1.51283E+6	8.48203E+4	3.22916E+6
9.50000E+0	3.70349E+4	6.48788E+4	4.38935E+6	1.47927E+6	8.45281E+4	3.22133E+6
9.60000E+0	3.70318E+4	6.50708E+4	4.57600E+6	1.49912E+6	8.45983E+4	3.22845E+6
9.70000E+0	3.68156E+4	6.48306E+4	4.24725E+6	1.49830E+6	8.48380E+4	3.09057E+6
9.80000E+0	3.70385E+4	6.54500E+4	4.65698E+6	1.48419E+6	8.47631E+4	3.26672E+6
9.90000E+0	3.74207E+4	6.51358E+4	4.40172E+6	1.49133E+6	8.52649E+4	3.32315E+6
1.00000E+1	3.71669E+4	6.54059E+4	4.60008E+6	1.46597E+6	8.47851E+4	3.25036E+6
1.01000E+1	3.69176E+4	6.49129E+4	4.04079E+6	1.48718E+6	8.45467E+4	3.19314E+6
1.02000E+1	3.69110E+4	6.49042E+4	4.29900E+6	1.49125E+6	8.47609E+4	3.30887E+6
1.03000E+1	3.71439E+4	6.51701E+4	4.54174E+6	1.52338E+6	8.45588E+4	3.19768E+6
1.04000E+1	3.69146E+4	6.53179E+4	4.41547E+6	1.50441E+6	8.48732E+4	3.32391E+6
1.05000E+1	3.70887E+4	6.50971E+4	4.19908E+6	1.47574E+6	8.45325E+4	3.21246E+6
1.06000E+1	3.70912E+4	6.48858E+4	4.37188E+6	1.48032E+6	8.50021E+4	3.32202E+6
1.07000E+1	3.68904E+4	6.50620E+4	4.54521E+6	1.51544E+6	8.46389E+4	3.20717E+6
1.08000E+1	3.71081E+4	6.50690E+4	4.40433E+6	1.50666E+6	8.47653E+4	3.34366E+6
1.09000E+1	3.68832E+4	6.51270E+4	4.31088E+6	1.53045E+6	8.47444E+4	3.43142E+6
1.10000E+1	3.69937E+4	6.49673E+4	4.38610E+6	1.50966E+6	8.49580E+4	3.40669E+6
1.11000E+1	3.70397E+4	6.49699E+4	4.24664E+6	1.47654E+6	8.48523E+4	3.21884E+6
1.12000E+1	3.69786E+4	6.52835E+4	4.13630E+6	1.49003E+6	8.46137E+4	3.30140E+6
1.13000E+1	3.67138E+4	6.51815E+4	4.54730E+6	1.47919E+6	8.48754E+4	3.29470E+6
1.14000E+1	3.69563E+4	6.48508E+4	4.41219E+6	1.47231E+6	8.43922E+4	3.24315E+6
1.15000E+1	3.69128E+4	6.51630E+4	4.48010E+6	1.50799E+6	8.46148E+4	3.22702E+6
1.16000E+1	3.70155E+4	6.48630E+4	4.04245E+6	1.46985E+6	8.45127E+4	3.13614E+6
1.17000E+1	3.72221E+4	6.50410E+4	4.36032E+6	1.49551E+6	8.47247E+4	3.20471E+6
1.18000E+1	3.72518E+4	6.50462E+4	4.51277E+6	1.53578E+6	8.46060E+4	3.23883E+6
1.19000E+1	3.70560E+4	6.50506E+4	4.61865E+6	1.45881E+6	8.45676E+4	3.30625E+6
1.20000E+1	3.71396E+4	6.49778E+4	4.50866E+6	1.50915E+6	8.46082E+4	3.20752E+6
1.21000E+1	3.71408E+4	6.48595E+4	4.10360E+6	1.47271E+6	8.47115E+4	3.12739E+6
1.22000E+1	3.71487E+4	6.50611E+4	4.49297E+6	1.48257E+6	8.49503E+4	3.29136E+6
1.23000E+1	3.74372E+4	6.54306E+4	4.88783E+6	1.51594E+6	8.45731E+4	3.33642E+6
1.24000E+1	3.74432E+4	6.48621E+4	4.10930E+6	1.44561E+6	8.43188E+4	3.05522E+6
1.25000E+1	3.73927E+4	6.48832E+4	4.25579E+6	1.49362E+6	8.46170E+4	3.26125E+6
1.26000E+1	3.75937E+4	6.53223E+4	4.73102E+6	1.54028E+6	8.50010E+4	3.41542E+6
1.27000E+1	3.72233E+4	6.49024E+4	4.27051E+6	1.48783E+6	8.46016E+4	3.22453E+6
1.28000E+1	3.74956E+4	6.49445E+4	4.16658E+6	1.47510E+6	8.45851E+4	3.31712E+6
1.29000E+1	3.76102E+4	6.52932E+4	4.60364E+6	1.51746E+6	8.49955E+4	3.43746E+6
1.30000E+1	3.76175E+4	6.52281E+4	4.54939E+6	1.51409E+6	8.45676E+4	3.17231E+6
1.31000E+1	3.76407E+4	6.48630E+4	4.48483E+6	1.50334E+6	8.46302E+4	3.26708E+6
1.32000E+1	3.75669E+4	6.50296E+4	4.63088E+6	1.51216E+6	8.46126E+4	3.28766E+6
1.33000E+1	3.76316E+4	6.49278E+4	4.31778E+6	1.51216E+6	8.44930E+4	3.24423E+6
1.34000E+1	3.76145E+4	6.48814E+4	4.64027E+6	1.50234E+6	8.48302E+4	3.16920E+6
1.35000E+1	3.77769E+4	6.50647E+4	4.35072E+6	1.49962E+6	8.47532E+4	3.09813E+6
1.36000E+1	3.78608E+4	6.50208E+4	4.63521E+6	1.51544E+6	8.44119E+4	3.15720E+6
1.37000E+1	3.78565E+4	6.52686E+4	4.49978E+6	1.51594E+6	8.44864E+4	3.27881E+6
1.38000E+1	3.77012E+4	6.51850E+4	4.69668E+6	1.52943E+6	8.45160E+4	3.30065E+6
1.39000E+1	3.80177E+4	6.51560E+4	4.72501E+6	1.52134E+6	8.48269E+4	3.23991E+6
1.40000E+1	3.80042E+4	6.49051E+4	4.40956E+6	1.50028E+6	8.46159E+4	3.37644E+6
1.41000E+1	3.79944E+4	6.50910E+4	4.57812E+6	1.49223E+6	8.49701E+4	3.24964E+6
1.42000E+1	3.81393E+4	6.51428E+4	4.56546E+6	1.53037E+6	8.45698E+4	3.18303E+6
1.43000E+1	3.84252E+4	6.51929E+4	4.43858E+6	1.55470E+6	8.47477E+4	3.33794E+6
1.44000E+1	3.82445E+4	6.51270E+4	4.53827E+6	1.53483E+6	8.47115E+4	3.26198E+6
1.45000E+1	3.80895E+4	6.50252E+4	4.44256E+6	1.49452E+6	8.48049E+4	3.23704E+6
1.46000E+1	3.82562E+4	6.52351E+4	4.64680E+6	1.52244E+6	8.46104E+4	3.40629E+6
1.47000E+1	3.83851E+4	6.52360E+4	4.33800E+6	1.50416E+6	8.47851E+4	3.19979E+6
1.48000E+1	3.84752E+4	6.51296E+4	4.45991E+6	1.54707E+6	8.46455E+4	3.28544E+6
1.49000E+1	3.82322E+4	6.50111E+4	4.69964E+6	1.50740E+6	8.45040E+4	3.42821E+6
1.50000E+1	3.84882E+4	6.55303E+4	4.78423E+6	1.53037E+6	8.46565E+4	3.32580E+6
1.51000E+1	3.85098E+4	6.50129E+4	4.68116E+6	1.53561E+6	8.46093E+4	3.26635E+6
1.52000E+1	3.85358E+4	6.52554E+4	4.88944E+6	1.54917E+6	8.45467E+4	3.36867E+6
1.53000E+1	3.86837E+4	6.50980E+4	4.56686E+6	1.55391E+6	8.47873E+4	3.32504E+6
1.54000E+1	3.86713E+4	6.52316E+4	4.65990E+6	1.53880E+6	8.44886E+4	3.20893E+6
1.55000E+1	3.86286E+4	6.52307E+4	4.68116E+6	1.52780E+6	8.48314E+4	3.21070E+6
1.56000E+1	3.86564E+4	6.51340E+4	4.46797E+6	1.53432E+6	8.44447E+4	3.23381E+6
1.57000E+1	3.89301E+4	6.53883E+4	4.84414E+6	1.54654E+6	8.47576E+4	3.33110E+6
1.58000E+1	3.88599E+4	6.50208E+4	4.43924E+6	1.52482E+6	8.46181E+4	3.25073E+6
1.59000E+1	3.90035E+4	6.53073E+4	4.51414E+6	1.53140E+6	8.43812E+4	3.21849E+6
1.60000E+1	3.89855E+4	6.51648E+4	4.78193E+6	1.54645E+6	8.49073E+4	3.35170E+6
1.61000E+1	3.91880E+4	6.52483E+4	4.86311E+6	1.56804E+6	8.48743E+4	3.31449E+6
1.62000E+1	3.90583E+4	6.54253E+4	4.70187E+6	1.54978E+6	8.46258E+4	3.42260E+6
1.63000E+1	3.91238E+4	6.51490E+4	4.82765E+6	1.54306E+6	8.42772E+4	3.21671E+6
1.64000E+1	3.92736E+4	6.52237E+4	4.50251E+6	1.55250E+6	8.44645E+4	3.34749E+6
1.65000E+1	3.94338E+4	6.52712E+4	4.57882E+6	1.55233E+6	8.45358E+4	3.35017E+6
1.66000E+1	3.92767E+4	6.52518E+4	4.69964E+6	1.50691E+6	8.41963E+4	3.37995E+6
1.67000E+1	3.94594E+4	6.55012E+4	4.70039E+6	1.56786E+6	8.45786E+4	3.27514E+6
1.68000E+1	3.93956E+4	6.50182E+4	4.56616E+6	1.54785E+6	8.46752E+4	3.35824E+6
1.69000E+1	3.95686E+4	6.54209E+4	5.03131E+6	1.55321E+6	8.47818E+4	3.51281E+6
1.70000E+1	3.96351E+4	6.55162E+4	4.75672E+6	1.56455E+6	8.44842E+4	3.21140E+6
1.71000E+1	3.96219E+4	6.52967E+4	4.54730E+6	1.53088E+6	8.45237E+4	3.41941E+6
1.72000E+1	3.96263E+4	6.54818E+4	4.68264E+6	1.56313E+6	8.46532E+4	3.38151E+6
1.73000E+1	3.95435E+4	6.53901E+4	4.74308E+6	1.59085E+6	8.45533E+4	3.37333E+6
1.74000E+1	3.97118E+4	6.53733E+4	4.54243E+6	1.60356E+6	8.44546E+4	3.30363E+6
1.75000E+1	3.94764E+4	6.50331E+4	4.61149E+6	1.50907E+6	8.42696E+4	3.17024E+6
1.76000E+1	3.96144E+4	6.55012E+4	4.66428E+6	1.55753E+6	8.44711E+4	3.35017E+6
1.77000E+1	3.96521E+4	6.54412E+4	4.69446E+6	1.57047E+6	8.46159E+4	3.32731E+6
1.78000E+1	3.99436E+4	6.54342E+4	4.70262E+6	1.56948E+6	8.47807E+4	3.31976E+6
1.79000E+1	4.00092E+4	6.54527E+4	4.71379E+6	1.58938E+6	8.45588E+4	3.41145E+6
1.80000E+1	3.99139E+4	6.55701E+4	5.07666E+6	1.55957E+6	8.45149E+4	3.36906E+6
1.81000E+1	3.98093E+4	6.54774E+4	4.56406E+6	1.54943E+6	8.45171E+4	3.34099E+6
1.82000E+1	3.98610E+4	6.56584E+4	4.91361E+6	1.56921E+6	8.44009E+4	3.33642E+6
1.83000E+1	3.99146E+4	6.53628E+4	4.57178E+6	1.54768E+6	8.43330E+4	3.27881E+6
1.84000E+1	3.98440E+4	6.54377E+4	4.66063E+6	1.58745E+6	8.43516E+4	3.34787E+6
1.85000E+1	3.97369E+4	6.55268E+4	4.88223E+6	1.57969E+6	8.46159E+4	3.35285E+6
1.86000E+1	3.97596E+4	6.55215E+4	4.49026E+6	1.54523E+6	8.45040E+4	3.35824E+6
1.87000E+1	3.98226E+4	6.55506E+4	4.48890E+6	1.57263E+6	8.46126E+4	3.36017E+6
1.88000E+1	3.99493E+4	6.53311E+4	4.61221E+6	1.55930E+6	8.42980E+4	3.42141E+6
1.89000E+1	3.97665E+4	6.56054E+4	4.66282E+6	1.55285E+6	8.46356E+4	3.60686E+6
1.90000E+1	3.98566E+4	6.57805E+4	4.94950E+6	1.62171E+6	8.45193E+4	3.56831E+6
1.91000E+1	3.97231E+4	6.55047E+4	4.53550E+6	1.52644E+6	8.40761E+4	3.26270E+6
1.92000E+1	3.98679E+4	6.54985E+4	4.62296E+6	1.57362E+6	8.44524E+4	3.54933E+6
1.93000E+1	3.98459E+4	6.56443E+4	4.72052E+6	1.55444E+6	8.45248E+4	3.54548E+6
1.94000E+1	3.98673E+4	6.56593E+4	4.85281E+6	1.58041E+6	8.46115E+4	3.37411E+6
1.95000E+1	3.98364E+4	6.58089E+4	4.51003E+6	1.57281E+6	8.44623E+4	3.44352E+6
1.96000E+1	3.99916E+4	6.58664E+4	5.04662E+6	1.56652E+6	8.47510E+4	3.50149E+6
1.97000E+1	3.98862E+4	6.56072E+4	4.71229E+6	1.53803E+6	8.44908E+4	3.33148E+6
1.98000E+1	3.99083E+4	6.58859E+4	4.53550E+6	1.53054E+6	8.44546E+4	3.32920E+6
1.99000E+1	3.99127E+4	6.58390E+4	4.81439E+6	1.59937E+6	8.49745E+4	3.51997E+6
2.00000E+1	3.97615E+4	6.57248E+4	4.61579E+6	1.54628E+6	8.45281E+4	3.26052E+6
2.01000E+1	3.98944E+4	6.56761E+4	4.87504E+6	1.55647E+6	8.45818E+4	3.34672E+6
2.02000E+1	3.99385E+4	6.59046E+4	5.09486E+6	1.56679E+6	8.42652E+4	3.38973E+6
2.03000E+1	4.00933E+4	6.56788E+4	5.03385E+6	1.57724E+6	8.44469E+4	3.41622E+6
2.04000E+1	3.97772E+4	6.56841E+4	4.71603E+6	1.55815E+6	8.47334E+4	3.47124E+6
2.05000E+1	3.99650E+4	6.56752E+4	4.67822E+6	1.54236E+6	8.42892E+4	3.36055E+6
2.06000E+1	3.99070E+4	6.56363E+4	4.39390E+6	1.59343E+6	8.42958E+4	3.29433E+6
2.07000E+1	3.99556E+4	6.58558E+4	4.59013E+6	1.57128E+6	8.43724E+4	3.41383E+6
2.08000E+1	4.00313E+4	6.59214E+4	4.57882E+6	1.55066E+6	8.45237E+4	3.24783E+6
2.09000E+1	4.02123E+4	6.57495E+4	4.79502E+6	1.58397E+6	8.43275E+4	3.58486E+6
2.10000E+1	4.00029E+4	6.57655E+4	4.73328E+6	1.56804E+6	8.42882E+4	3.42741E+6
2.11000E+1	4.01724E+4	6.58549E+4	4.56126E+6	1.59464E+6	8.46126E+4	3.50525E+6
2.12000E+1	4.02287E+4	6.57504E+4	5.04577E+6	1.61723E+6	8.46840E+4	3.56139E+6
2.13000E+1	4.00876E+4	6.57938E+4	4.76052E+6	1.56482E+6	8.42324E+4	3.25217E+6
2.14000E+1	4.02959E+4	6.55180E+4	4.59439E+6	1.54628E+6	8.43976E+4	3.46386E+6
2.15000E+1	4.02686E+4	6.59241E+4	4.42205E+6	1.55215E+6	8.44141E+4	3.29991E+6
2.16000E+1	4.03555E+4	6.57752E+4	4.70931E+6	1.57805E+6	8.43549E+4	3.48278E+6
2.17000E+1	4.04375E+4	6.59516E+4	4.53966E+6	1.56117E+6	8.46258E+4	3.43424E+6
2.18000E+1	4.02896E+4	6.59223E+4	5.09921E+6	1.61193E+6	8.46609E+4	3.59056E+6
2.19000E+1	4.03873E+4	6.58682E+4	4.67748E+6	1.55550E+6	8.43078E+4	3.35285E+6
2.20000E+1	4.05258E+4	6.57566E+4	4.91361E+6	1.55851E+6	8.48104E+4	3.58398E+6
2.21000E+1	4.04349E+4	6.59267E+4	4.45322E+6	1.55948E+6	8.46236E+4	3.34940E+6
2.22000E+1	4.05602E+4	6.60901E+4	5.17430E+6	1.55303E+6	8.45588E+4	3.47206E+6
2.23000E+1	4.02629E+4	6.58789E+4	4.42205E+6	1.55860E+6	8.41908E+4	3.21459E+6
2.24000E+1	4.02465E+4	6.61185E+4	4.50661E+6	1.56786E+6	8.46543E+4	3.56052E+6
2.25000E+1	3.99663E+4	6.58709E+4	4.70633E+6	1.59612E+6	8.47323E+4	3.50065E+6
2.26000E+1	3.95742E+4	6.60661E+4	4.81828E+6	1.55576E+6	8.46214E+4	3.44513E+6
2.27000E+1	3.84931E+4	6.60519E+4	4.54800E+6	1.55356E+6	8.44272E+4	3.56744E+6
2.28000E+1	3.74968E+4	6.62556E+4	4.67528E+6	1.60235E+6	8.46708E+4	3.45610E+6
2.29000E+1	3.64206E+4	6.61612E+4	4.12764E+6	1.52210E+6	8.45643E+4	3.49565E+6
2.30000E+1	3.55289E+4	6.59010E+4	4.20385E+6	1.53020E+6	8.44184E+4	3.43303E+6
2.31000E+1	3.47704E+4	6.59037E+4	3.86062E+6	1.47855E+6	8.43330E+4	3.39523E+6
2.32000E+1	3.40452E+4	6.58275E+4	3.95214E+6	1.53509E+6	8.43385E+4	3.34978E+6
2.33000E+1	3.36205E+4	6.59454E+4	3.71507E+6	1.48979E+6	8.44119E+4	3.34328E+6
2.34000E+1	3.30774E+4	6.59791E+4	3.59297E+6	1.48637E+6	8.46719E+4	3.47453E+6
2.35000E+1	3.24782E+4	6.60901E+4	3.62980E+6	1.48112E+6	8.44634E+4	3.46796E+6
2.36000E+1	3.21454E+4	6.58283E+4	3.37742E+6	1.43598E+6	8.42630E+4	3.44311E+6
2.37000E+1	3.17875E+4	6.56867E+4	3.49003E+6	1.44423E+6	8.44206E+4	3.52631E+6
2.38000E+1	3.14237E+4	6.57920E+4	3.31468E+6	1.45017E+6	8.44195E+4	3.48361E+6
2.39000E+1	3.12669E+4	6.58115E+4	3.36538E+6	1.45273E+6	8.47422E+4	3.32353E+6
2.40000E+1	3.09049E+4	6.56257E+4	3.22115E+6	1.41728E+6	8.42827E+4	3.51239E+6
2.41000E+1	3.07004E+4	6.54227E+4	3.26946E+6	1.37721E+6	8.44305E+4	3.40392E+6
2.42000E+1	3.02785E+4	6.56841E+4	3.43887E+6	1.42212E+6	8.46027E+4	3.40115E+6
2.43000E+1	3.02086E+4	6.55533E+4	3.25235E+6	1.38883E+6	8.46049E+4	3.39720E+6
2.44000E+1	3.03031E+4	6.52985E+4	3.30009E+6	1.38597E+6	8.45040E+4	3.47618E+6
2.45000E+1	3.01431E+4	6.58009E+4	3.46652E+6	1.45102E+6	8.47323E+4	3.69293E+6
2.46000E+1	2.97362E+4	6.55815E+4	3.24765E+6	1.38165E+6	8.44831E+4	3.35978E+6
2.47000E+1	2.96208E+4	6.51402E+4	3.20982E+6	1.40521E+6	8.47752E+4	3.36751E+6
2.48000E+1	2.95542E+4	6.53275E+4	3.22649E+6	1.38533E+6	8.47521E+4	3.53523E+6
2.49000E+1	2.93830E+4	6.53355E+4	3.27019E+6	1.38250E+6	8.46686E+4	3.44878E+6
2.50000E+1	2.94397E+4	6.52334E+4	3.26544E+6	1.35922E+6	8.45687E+4	3.43826E+6
2.51000E+1	2.92602E+4	6.50541E+4	3.19052E+6	1.36480E+6	8.48027E+4	3.38034E+6
2.52000E+1	2.92473E+4	6.53513E+4	3.17974E+6	1.37419E+6	8.48842E+4	3.40392E+6
2.53000E+1	2.92306E+4	6.52694E+4	3.27716E+6	1.36674E+6	8.50584E+4	3.45122E+6
2.54000E+1	2.91365E+4	6.54835E+4	3.29712E+6	1.39262E+6	8.51942E+4	3.59539E+6
2.55000E+1	2.90286E+4	6.51050E+4	3.31882E+6	1.37974E+6	8.47302E+4	3.32807E+6
2.56000E+1	2.89236E+4	6.51446E+4	3.22506E+6	1.37559E+6	8.49183E+4	3.33034E+6
2.57000E+1	2.90002E+4	6.51314E+4	3.42400E+6	1.34327E+6	8.53224E+4	3.75654E+6
2.58000E+1	2.89530E+4	6.52914E+4	3.16319E+6	1.36211E+6	8.51809E+4	3.43665E+6
2.59000E+1	2.89723E+4	6.50796E+4	3.30009E+6	1.36563E+6	8.52848E+4	3.45163E+6
2.60000E+1	2.88829E+4	6.52087E+4	3.29674E+6	1.35226E+6	8.50528E+4	3.33946E+6
2.61000E+1	2.88754E+4	6.52747E+4	3.41323E+6	1.39162E+6	8.51754E+4	3.55363E+6
2.62000E+1	2.88214E+4	6.48639E+4	3.20066E+6	1.34207E+6	8.51102E+4	3.51955E+6
2.63000E+1	2.88947E+4	6.50138E+4	3.22186E+6	1.37363E+6	8.49426E+4	3.28655E+6
2.64000E+1	2.87957E+4	6.50629E+4	3.25743E+6	1.37139E+6	8.50407E+4	3.42300E+6
2.65000E+1	2.88487E+4	6.51059E+4	3.33547E+6	1.35137E+6	8.53744E+4	3.47001E+6
2.66000E+1	2.87621E+4	6.50489E+4	3.32259E+6	1.36149E+6	8.54542E+4	3.49982E+6
2.67000E+1	2.87963E+4	6.48508E+4	3.10093E+6	1.31867E+6	8.50308E+4	3.28692E+6
2.68000E+1	2.87306E+4	6.49743E+4	3.19401E+6	1.33427E+6	8.54121E+4	3.37567E+6
2.69000E+1	2.87733E+4	6.49129E+4	3.18425E+6	1.36625E+6	8.53390E+4	3.48651E+6
2.70000E+1	2.88037E+4	6.46400E+4	3.23937E+6	1.34522E+6	8.50308E+4	3.29619E+6
2.71000E+1	2.89048E+4	6.48000E+4	3.24693E+6	1.35110E+6	8.51842E+4	3.40431E+6
2.72000E+1	2.88465E+4	6.49848E+4	3.22293E+6	1.33779E+6	8.49812E+4	3.30438E+6
2.73000E+1	2.87866E+4	6.48131E+4	3.41722E+6	1.35097E+6	8.50617E+4	3.45692E+6
2.74000E+1	2.85285E+4	6.45606E+4	3.20664E+6	1.34341E+6	8.52306E+4	3.22952E+6
2.75000E+1	2.85962E+4	6.46942E+4	3.30419E+6	1.35511E+6	8.51180E+4	3.33794E+6
2.76000E+1	2.86980E+4	6.44568E+4	3.19401E+6	1.32833E+6	8.49073E+4	3.29470E+6
2.77000E+1	2.87434E+4	6.46374E+4	3.38210E+6	1.36583E+6	8.51765E+4	3.41941E+6
2.78000E+1	2.86196E+4	6.45187E+4	3.34423E+6	1.34677E+6	8.50782E+4	3.24783E+6
2.79000E+1	2.84929E+4	6.47160E+4	3.44008E+6	1.36252E+6	8.54132E+4	3.40352E+6
2.80000E+1	2.87824E+4	6.44725E+4	3.22079E+6	1.34873E+6	8.50363E+4	3.22631E+6
2.81000E+1	2.86596E+4	6.46715E+4	3.30457E+6	1.36183E+6	8.51500E+4	3.27184E+6
2.82000E+1	2.86351E+4	6.43167E+4	3.18634E+6	1.34153E+6	8.47488E+4	3.20682E+6
2.83000E+1	2.87370E+4	6.43863E+4	3.37430E+6	1.36452E+6	8.49492E+4	3.32580E+6
2.84000E+1	2.86639E+4	6.43167E+4	3.29972E+6	1.33739E+6	8.50186E+4	3.29953E+6
2.85000E+1	2.86521E+4	6.46269E+4	3.35574E+6	1.35471E+6	8.48159E+4	3.23704E+6
2.86000E+1	2.88920E+4	6.46103E+4	3.37547E+6	1.38783E+6	8.51058E+4	3.39209E+6
2.87000E+1	2.88107E+4	6.40137E+4	3.06084E+6	1.33826E+6	8.48413E+4	3.16405E+6
2.88000E+1	2.87375E+4	6.44900E+4	3.35458E+6	1.38045E+6	8.48732E+4	3.36519E+6
2.89000E+1	2.89836E+4	6.43828E+4	3.44291E+6	1.38137E+6	8.52892E+4	3.41343E+6
2.90000E+1	2.88845E+4	6.43576E+4	3.28748E+6	1.36452E+6	8.47115E+4	3.32731E+6
2.91000E+1	2.87428E+4	6.47117E+4	3.57113E+6	1.38975E+6	8.49238E+4	3.30774E+6
2.92000E+1	2.91371E+4	6.44002E+4	3.29600E+6	1.35949E+6	8.48038E+4	3.28212E+6
2.93000E+1	2.89605E+4	6.42958E+4	3.25743E+6	1.36819E+6	8.48424E+4	3.20189E+6
2.94000E+1	2.90302E+4	6.42906E+4	3.63474E+6	1.37104E+6	8.50120E+4	3.56918E+6
2.95000E+1	2.90050E+4	6.45336E+4	3.32070E+6	1.35355E+6	8.49216E+4	3.20189E+6
2.96000E+1	2.89520E+4	6.42880E+4	3.34729E+6	1.38384E+6	8.51754E+4	3.34099E+6
2.97000E+1	2.90876E+4	6.46863E+4	3.59913E+6	1.36618E+6	8.52096E+4	3.47700E+6
2.98000E+1	2.90115E+4	6.45458E+4	3.34271E+6	1.37889E+6	8.48798E+4	3.27661E+6
2.99000E+1	2.88791E+4	6.43262E+4	3.28305E+6	1.36328E+6	8.51036E+4	3.27110E+6
3.00000E+1	2.90474E+4	6.45458E+4	3.29340E+6	1.39240E+6	8.50242E+4	3.23345E+6
3.01000E+1	2.90506E+4	6.44220E+4	3.39425E+6	1.39026E+6	8.51875E+4	3.18408E+6
3.02000E+1	2.89696E+4	6.44072E+4	3.51386E+6	1.37118E+6	8.54021E+4	3.19593E+6
3.03000E+1	2.89321E+4	6.45370E+4	3.32108E+6	1.35205E+6	8.51301E+4	3.25435E+6
3.04000E+1	2.90479E+4	6.46584E+4	3.43082E+6	1.38597E+6	8.52981E+4	3.39248E+6
3.05000E+1	2.90098E+4	6.46261E+4	3.29266E+6	1.38640E+6	8.51036E+4	3.24351E+6
3.06000E+1	2.89562E+4	6.42871E+4	3.41403E+6	1.37749E+6	8.52594E+4	3.28877E+6
3.07000E+1	2.88519E+4	6.43828E+4	3.48464E+6	1.38997E+6	8.50959E+4	3.19768E+6
3.08000E+1	2.90018E+4	6.44464E+4	3.49377E+6	1.38306E+6	8.51588E+4	3.19174E+6
3.09000E+1	2.92930E+4	6.45336E+4	3.53544E+6	1.39312E+6	8.52771E+4	3.28139E+6
3.10000E+1	2.89225E+4	6.44455E+4	3.35766E+6	1.36653E+6	8.54265E+4	3.25036E+6
3.11000E+1	2.90029E+4	6.47257E+4	3.64149E+6	1.37685E+6	8.51091E+4	3.25870E+6
3.12000E+1	2.90796E+4	6.47563E+4	3.47103E+6	1.38833E+6	8.53401E+4	3.25543E+6
3.13000E+1	2.90597E+4	6.45842E+4	3.40135E+6	1.35573E+6	8.52052E+4	3.20611E+6
3.14000E+1	2.89461E+4	6.45379E+4	3.34615E+6	1.36149E+6	8.49338E+4	3.12807E+6
3.15000E+1	2.91774E+4	6.48061E+4	3.41642E+6	1.39766E+6	8.53623E+4	3.34481E+6
3.16000E+1	2.90640E+4	6.44298E+4	3.50170E+6	1.39701E+6	8.53479E+4	3.19104E+6
3.17000E+1	2.91392E+4	6.46025E+4	3.30980E+6	1.37349E+6	8.50848E+4	3.08697E+6
3.18000E+1	2.91000E+4	6.47230E+4	3.59121E+6	1.37279E+6	8.54365E+4	3.24387E+6
3.19000E+1	2.91333E+4	6.47230E+4	3.44170E+6	1.37791E+6	8.51942E+4	3.10308E+6
3.20000E+1	2.89509E+4	6.44211E+4	3.24513E+6	1.37251E+6	8.51500E+4	3.11803E+6
3.21000E+1	2.91940E+4	6.46732E+4	3.40095E+6	1.38363E+6	8.52981E+4	3.24567E+6
3.22000E+1	2.92699E+4	6.46601E+4	3.49502E+6	1.38897E+6	8.54143E+4	3.24711E+6
3.23000E+1	2.92500E+4	6.48735E+4	3.60134E+6	1.37279E+6	8.52019E+4	3.42181E+6
3.24000E+1	2.89557E+4	6.46968E+4	3.26289E+6	1.35634E+6	8.50782E+4	3.07134E+6
3.25000E+1	2.91467E+4	6.49576E+4	3.60443E+6	1.37889E+6	8.53711E+4	3.20365E+6
3.26000E+1	2.93701E+4	6.46348E+4	3.45468E+6	1.39651E+6	8.55462E+4	3.26234E+6
3.27000E+1	2.92575E+4	6.49208E+4	3.57722E+6	1.39470E+6	8.52826E+4	3.28028E+6
3.28000E+1	2.91156E+4	6.48683E+4	3.57678E+6	1.37363E+6	8.53933E+4	3.21565E+6
3.29000E+1	2.92667E+4	6.48473E+4	3.45549E+6	1.39701E+6	8.54154E+4	3.26818E+6
3.30000E+1	2.91274E+4	6.49989E+4	3.41682E+6	1.38790E+6	8.57138E+4	3.32202E+6
3.31000E+1	2.90345E+4	6.44821E+4	3.36190E+6	1.33853E+6	8.52273E+4	3.06810E+6
3.32000E+1	2.90056E+4	6.50524E+4	3.69177E+6	1.43491E+6	8.56861E+4	3.30140E+6
3.33000E+1	2.93205E+4	6.50945E+4	3.64510E+6	1.36736E+6	8.54597E+4	3.23811E+6
3.34000E+1	2.91999E+4	6.47842E+4	3.42601E+6	1.35341E+6	8.55151E+4	3.16645E+6
3.35000E+1	2.91930E+4	6.48639E+4	3.53928E+6	1.34623E+6	8.52649E+4	3.18582E+6
3.36000E+1	2.92898E+4	6.46103E+4	3.61329E+6	1.37118E+6	8.53567E+4	3.11736E+6
3.37000E+1	2.92059E+4	6.50708E+4	3.68575E+6	1.37777E+6	8.55429E+4	3.28286E+6
3.38000E+1	2.92909E+4	6.47239E+4	3.50714E+6	1.37812E+6	8.55850E+4	3.14087E+6
3.39000E+1	2.92742E+4	6.49910E+4	3.60222E+6	1.39564E+6	8.57872E+4	3.28360E+6
3.40000E+1	2.94165E+4	6.49305E+4	3.70571E+6	1.38947E+6	8.56083E+4	3.23166E+6
3.41000E+1	2.93124E+4	6.46785E+4	3.33661E+6	1.35901E+6	8.54243E+4	3.11037E+6
3.42000E+1	2.94230E+4	6.49462E+4	3.65643E+6	1.40274E+6	8.59152E+4	3.22524E+6
3.43000E+1	2.92155E+4	6.48910E+4	3.59957E+6	1.40748E+6	8.56516E+4	3.08468E+6
3.44000E+1	2.93760E+4	6.53487E+4	3.47103E+6	1.38883E+6	8.56316E+4	3.18825E+6
3.45000E+1	2.94780E+4	6.49611E+4	3.65962E+6	1.40675E+6	8.57427E+4	3.20999E+6
3.46000E+1	2.91242E+4	6.48087E+4	3.33167E+6	1.37174E+6	8.53390E+4	2.97154E+6
3.47000E+1	2.94014E+4	6.51130E+4	3.81121E+6	1.45343E+6	8.58261E+4	3.26818E+6
3.48000E+1	2.93911E+4	6.48762E+4	3.45020E+6	1.36431E+6	8.55717E+4	3.15412E+6
3.49000E+1	2.93238E+4	6.51261E+4	3.44493E+6	1.39766E+6	8.59352E+4	3.17714E+6
3.50000E+1	2.94996E+4	6.53205E+4	3.68160E+6	1.39983E+6	8.56894E+4	3.16714E+6
3.51000E+1	2.92645E+4	6.51094E+4	3.48879E+6	1.36452E+6	8.57705E+4	3.15549E+6
3.52000E+1	2.95472E+4	6.52342E+4	3.54612E+6	1.37939E+6	8.58461E+4	3.26307E+6
3.53000E+1	2.92381E+4	6.50225E+4	3.67792E+6	1.40216E+6	8.55784E+4	3.14664E+6
3.54000E+1	2.93755E+4	6.49936E+4	3.58289E+6	1.38115E+6	8.55540E+4	3.23274E+6
3.55000E+1	2.92430E+4	6.53566E+4	3.73724E+6	1.43469E+6	8.60221E+4	3.18234E+6
3.56000E+1	2.91763E+4	6.51789E+4	3.59737E+6	1.35614E+6	8.53291E+4	3.17162E+6
3.57000E+1	2.93270E+4	6.49945E+4	3.44331E+6	1.38519E+6	8.61069E+4	3.09090E+6
3.58000E+1	2.94284E+4	6.49603E+4	3.49211E+6	1.38306E+6	8.59597E+4	3.08762E+6
3.59000E+1	2.94726E+4	6.53425E+4	3.69269E+6	1.42070E+6	8.58662E+4	3.18442E+6
3.60000E+1	2.94419E+4	6.51912E+4	3.51260E+6	1.40332E+6	8.55318E+4	3.10738E+6
3.61000E+1	2.95661E+4	6.52228E+4	3.64330E+6	1.39781E+6	8.55340E+4	3.10044E+6
3.62000E+1	2.92984E+4	6.54104E+4	3.54998E+6	1.38818E+6	8.58940E+4	3.34061E+6
3.63000E+1	2.93793E+4	6.52430E+4	3.59473E+6	1.39708E+6	8.58573E+4	3.19383E+6
3.64000E+1	2.96219E+4	6.53681E+4	3.70105E+6	1.42204E+6	8.60110E+4	3.19314E+6
3.65000E+1	2.95488E+4	6.52589E+4	3.63969E+6	1.38399E+6	8.57839E+4	3.07946E+6
3.66000E+1	2.94170E+4	6.49568E+4	3.51218E+6	1.38954E+6	8.53578E+4	3.15481E+6
3.67000E+1	2.95986E+4	6.54994E+4	3.80875E+6	1.41034E+6	8.57705E+4	3.26125E+6
3.68000E+1	2.95488E+4	6.54033E+4	3.75535E+6	1.41358E+6	8.58450E+4	3.13378E+6
3.69000E+1	2.97579E+4	6.54112E+4	3.93266E+6	1.39976E+6	8.59374E+4	3.22952E+6
3.70000E+1	2.94689E+4	6.55471E+4	3.56983E+6	1.37377E+6	8.56205E+4	3.13614E+6
3.71000E+1	2.96863E+4	6.56116E+4	3.74913E+6	1.41049E+6	8.59007E+4	3.17783E+6
3.72000E+1	2.94905E+4	6.53760E+4	3.69269E+6	1.40543E+6	8.57405E+4	3.23453E+6
3.73000E+1	2.93011E+4	6.52941E+4	3.63339E+6	1.40682E+6	8.59619E+4	3.15515E+6
3.74000E+1	2.95196E+4	6.54386E+4	3.56031E+6	1.36059E+6	8.58028E+4	3.19279E+6
3.75000E+1	2.94683E+4	6.52342E+4	3.60753E+6	1.37826E+6	8.56106E+4	2.99235E+6
3.76000E+1	2.95283E+4	6.54615E+4	3.65099E+6	1.38285E+6	8.57249E+4	3.23202E+6
3.77000E+1	2.95678E+4	6.55612E+4	3.80383E+6	1.36896E+6	8.61035E+4	3.08337E+6
3.78000E+1	2.94591E+4	6.54897E+4	3.54056E+6	1.38271E+6	8.57650E+4	3.14935E+6
3.79000E+1	2.94435E+4	6.52228E+4	3.68668E+6	1.37967E+6	8.57161E+4	3.20752E+6
3.80000E+1	2.93847E+4	6.52413E+4	3.51765E+6	1.37742E+6	8.55129E+4	3.14460E+6
3.81000E+1	2.93879E+4	6.55533E+4	3.84251E+6	1.40565E+6	8.57916E+4	3.19383E+6
3.82000E+1	2.93087E+4	6.55127E+4	3.63160E+6	1.39399E+6	8.58028E+4	3.32693E+6
3.83000E+1	2.95634E+4	6.53055E+4	3.51428E+6	1.34961E+6	8.55684E+4	3.09320E+6
3.84000E+1	2.95418E+4	6.56151E+4	3.61729E+6	1.39679E+6	8.57249E+4	3.12639E+6
3.85000E+1	2.94122E+4	6.56681E+4	3.79795E+6	1.38626E+6	8.56672E+4	3.21955E+6
3.86000E+1	2.95126E+4	6.55992E+4	3.69640E+6	1.37889E+6	8.58005E+4	3.26161E+6
3.87000E+1	2.96576E+4	6.54783E+4	3.74151E+6	1.39370E+6	8.57216E+4	3.14426E+6
3.88000E+1	2.93534E+4	6.52862E+4	3.74103E+6	1.37904E+6	8.56905E+4	3.17714E+6
3.89000E+1	2.93971E+4	6.55957E+4	3.77315E+6	1.35402E+6	8.54630E+4	3.19488E+6
3.90000E+1	2.94932E+4	6.56054E+4	3.63070E+6	1.36218E+6	8.56339E+4	3.07556E+6
3.91000E+1	2.93313E+4	6.53372E+4	3.66783E+6	1.37756E+6	8.55495E+4	3.14290E+6
3.92000E+1	2.95115E+4	6.53487E+4	3.48340E+6	1.37925E+6	8.54819E+4	3.20084E+6
3.93000E+1	2.94624E+4	6.55118E+4	3.74961E+6	1.37363E+6	8.54741E+4	3.07231E+6
3.94000E+1	2.95007E+4	6.54430E+4	3.81862E+6	1.38278E+6	8.58328E+4	3.25870E+6
3.95000E+1	2.95991E+4	6.55197E+4	3.98843E+6	1.40266E+6	8.57594E+4	3.18825E+6
3.96000E+1	2.94170E+4	6.54968E+4	3.38327E+6	1.35943E+6	8.56538E+4	3.07816E+6
3.97000E+1	2.96024E+4	6.61265E+4	3.94053E+6	1.40136E+6	8.57850E+4	3.19034E+6
3.98000E+1	2.95791E+4	6.57672E+4	3.91544E+6	1.37946E+6	8.58105E+4	3.18026E+6
3.99000E+1	2.94473E+4	6.57894E+4	3.89066E+6	1.40034E+6	8.58328E+4	3.14901E+6
4.00000E+1	2.95375E+4	6.56858E+4	3.82904E+6	1.43378E+6	8.60277E+4	3.07913E+6
4.01000E+1	2.95153E+4	6.56301E+4	3.57200E+6	1.38797E+6	8.56983E+4	3.11836E+6
4.02000E+1	2.94062E+4	6.55453E+4	3.49836E+6	1.37237E+6	8.56772E+4	3.05522E+6
4.03000E+1	2.94073E+4	6.56779E+4	3.59825E+6	1.37251E+6	8.55384E+4	2.98682E+6
4.04000E+1	2.94095E+4	6.59463E+4	3.65507E+6	1.40223E+6	8.58339E+4	3.16542E+6
4.05000E+1	2.95061E+4	6.57318E+4	3.75248E+6	1.42078E+6	8.56694E+4	3.21317E+6
4.06000E+1	2.98214E+4	6.59480E+4	3.77944E+6	1.38562E+6	8.60277E+4	3.24639E+6
4.07000E+1	2.93809E+4	6.54977E+4	3.81121E+6	1.39104E+6	8.56627E+4	3.10407E+6
4.08000E+1	2.94840E+4	6.55851E+4	3.67333E+6	1.36736E+6	8.59541E+4	3.13479E+6
4.09000E+1	2.97107E+4	6.57469E+4	3.69269E+6	1.34026E+6	8.56961E+4	3.03546E+6
4.10000E+1	2.93227E+4	6.57274E+4	3.73344E+6	1.37286E+6	8.58862E+4	3.08468E+6
4.11000E+1	2.94694E+4	6.55418E+4	3.76928E+6	1.35703E+6	8.59887E+4	3.27697E+6
4.12000E+1	2.94564E+4	6.59684E+4	3.62309E+6	1.36314E+6	8.55739E+4	3.07913E+6
4.13000E+1	2.94575E+4	6.58913E+4	3.82854E+6	1.41929E+6	8.58907E+4	3.08959E+6
4.14000E+1	2.92042E+4	6.53971E+4	3.56896E+6	1.37132E+6	8.57272E+4	3.01344E+6
4.15000E+1	2.93318E+4	6.56399E+4	3.47638E+6	1.36632E+6	8.57627E+4	3.04053E+6
4.16000E+1	2.93270E+4	6.60741E+4	3.95903E+6	1.41528E+6	8.61538E+4	3.37061E+6
4.17000E+1	2.93475E+4	6.56549E+4	3.63025E+6	1.37014E+6	8.58139E+4	3.18477E+6
4.18000E+1	2.94516E+4	6.59028E+4	3.68622E+6	1.37244E+6	8.57761E+4	2.98927E+6
4.19000E+1	2.93890E+4	6.60031E+4	3.65825E+6	1.37861E+6	8.61582E+4	3.15276E+6
4.20000E+1	2.92484E+4	6.62155E+4	3.42161E+6	1.37384E+6	8.62007E+4	3.14087E+6
4.21000E+1	2.95742E+4	6.60883E+4	3.86012E+6	1.36847E+6	8.62040E+4	3.23524E+6
4.22000E+1	2.93901E+4	6.59205E+4	3.61240E+6	1.38236E+6	8.59909E+4	3.13783E+6
4.23000E+1	2.93038E+4	6.59294E+4	3.63519E+6	1.39853E+6	8.60355E+4	3.06778E+6
4.24000E+1	2.94554E+4	6.60386E+4	3.61774E+6	1.37111E+6	8.63986E+4	3.07101E+6
4.25000E+1	2.91870E+4	6.61897E+4	3.32372E+6	1.36204E+6	8.61281E+4	3.12371E+6
4.26000E+1	2.93275E+4	6.63545E+4	3.56679E+6	1.37594E+6	8.60121E+4	3.08697E+6
4.27000E+1	2.91575E+4	6.62093E+4	3.75009E+6	1.36066E+6	8.61571E+4	3.03451E+6
4.28000E+1	2.91973E+4	6.62529E+4	3.49128E+6	1.35097E+6	8.63359E+4	3.06972E+6
4.29000E+1	2.92995E+4	6.67656E+4	3.77653E+6	1.38811E+6	8.64277E+4	3.21778E+6
4.30000E+1	2.90372E+4	6.62671E+4	3.72023E+6	1.39040E+6	8.64501E+4	3.15822E+6
4.31000E+1	2.90984E+4	6.62004E+4	3.71132E+6	1.37875E+6	8.63583E+4	3.01939E+6
4.32000E+1	2.91838E+4	6.63295E+4	3.50421E+6	1.37342E+6	8.63314E+4	3.11403E+6
4.33000E+1	2.90801E+4	6.63019E+4	3.55686E+6	1.39773E+6	8.65655E+4	3.17058E+6
4.34000E+1	2.91602E+4	6.64687E+4	3.72588E+6	1.38683E+6	8.65610E+4	3.05169E+6
4.35000E+1	2.91784E+4	6.63019E+4	3.51638E+6	1.37007E+6	8.66755E+4	3.13648E+6
4.36000E+1	2.89879E+4	6.61719E+4	3.29712E+6	1.35491E+6	8.63650E+4	3.04563E+6
4.37000E+1	2.91510E+4	6.63687E+4	3.58814E+6	1.36224E+6	8.64624E+4	3.22275E+6
4.38000E+1	2.91129E+4	6.63982E+4	3.72777E+6	1.37433E+6	8.63404E+4	3.11869E+6
4.39000E+1	2.90216E+4	6.61470E+4	3.67012E+6	1.36958E+6	8.62834E+4	2.96124E+6
4.40000E+1	2.89616E+4	6.63536E+4	3.57940E+6	1.35491E+6	8.62431E+4	3.11702E+6
4.41000E+1	2.89895E+4	6.61132E+4	3.52102E+6	1.36563E+6	8.65117E+4	3.05330E+6
4.42000E+1	2.89552E+4	6.61230E+4	3.57157E+6	1.33401E+6	8.61147E+4	3.16062E+6
4.43000E+1	2.89691E+4	6.61986E+4	3.58289E+6	1.35970E+6	8.63740E+4	3.09024E+6
4.44000E+1	2.92511E+4	6.64392E+4	3.95373E+6	1.37819E+6	8.61225E+4	3.20893E+6
4.45000E+1	2.90131E+4	6.57495E+4	3.49586E+6	1.33149E+6	8.60154E+4	3.05394E+6
4.46000E+1	2.89621E+4	6.58213E+4	3.47679E+6	1.34536E+6	8.63057E+4	3.01594E+6
4.47000E+1	2.89455E+4	6.61248E+4	3.64330E+6	1.36487E+6	8.59196E+4	3.08860E+6
4.48000E+1	2.87711E+4	6.58567E+4	3.65008E+6	1.36861E+6	8.60545E+4	2.99358E+6
4.49000E+1	2.89455E+4	6.62111E+4	3.65916E+6	1.37615E+6	8.60980E+4	3.21955E+6
4.50000E+1	2.89734E+4	6.60723E+4	3.59253E+6	1.36875E+6	8.60924E+4	2.96185E+6
4.51000E+1	2.86703E+4	6.58443E+4	3.62756E+6	1.32264E+6	8.60500E+4	3.00410E+6
4.52000E+1	2.87829E+4	6.57548E+4	3.68253E+6	1.34408E+6	8.63292E+4	3.22417E+6
4.53000E+1	2.88037E+4	6.60555E+4	3.76447E+6	1.35436E+6	8.58484E+4	3.03673E+6
4.54000E+1	2.87888E+4	6.56072E+4	3.45102E+6	1.31964E+6	8.59787E+4	3.07458E+6
4.55000E+1	2.88487E+4	6.59445E+4	3.58990E+6	1.33275E+6	8.57850E+4	2.99358E+6
4.56000E+1	2.87370E+4	6.57150E+4	3.76784E+6	1.35457E+6	8.62342E+4	3.12874E+6
4.57000E+1	2.87012E+4	6.59613E+4	3.44089E+6	1.35083E+6	8.60244E+4	3.10242E+6
4.58000E+1	2.85461E+4	6.59516E+4	3.49128E+6	1.35977E+6	8.58183E+4	3.04435E+6
4.59000E+1	2.86063E+4	6.56584E+4	3.62309E+6	1.31048E+6	8.58005E+4	2.92485E+6
4.60000E+1	2.87914E+4	6.60110E+4	3.54569E+6	1.35580E+6	8.60132E+4	3.09385E+6
4.61000E+1	2.88225E+4	6.60084E+4	3.55643E+6	1.35757E+6	8.60132E+4	3.04276E+6
4.62000E+1	2.87407E+4	6.62155E+4	3.57461E+6	1.36542E+6	8.57661E+4	3.05266E+6
4.63000E+1	2.85685E+4	6.57779E+4	3.52652E+6	1.34220E+6	8.57227E+4	3.11270E+6
4.64000E+1	2.86943E+4	6.59880E+4	3.65144E+6	1.34066E+6	8.60879E+4	3.16852E+6
4.65000E+1	2.87530E+4	6.59232E+4	3.48547E+6	1.32335E+6	8.58350E+4	2.95371E+6
4.66000E+1	2.86420E+4	6.57920E+4	3.51428E+6	1.34019E+6	8.55651E+4	2.94802E+6
4.67000E+1	2.88738E+4	6.57504E+4	3.59605E+6	1.36826E+6	8.60076E+4	3.11170E+6
4.68000E+1	2.87327E+4	6.59463E+4	3.47144E+6	1.33083E+6	8.54808E+4	2.96245E+6
4.69000E+1	2.86057E+4	6.58904E+4	3.32901E+6	1.34053E+6	8.59798E+4	2.93342E+6
4.70000E+1	2.86751E+4	6.59791E+4	3.50337E+6	1.34833E+6	8.58261E+4	3.00317E+6
4.71000E+1	2.87727E+4	6.58975E+4	3.56809E+6	1.34630E+6	8.56961E+4	3.08076E+6
4.72000E+1	2.86116E+4	6.58895E+4	3.52441E+6	1.33813E+6	8.58662E+4	3.11103E+6
4.73000E+1	2.87776E+4	6.61194E+4	3.66007E+6	1.34576E+6	8.59363E+4	2.97306E+6
4.74000E+1	2.87856E+4	6.60421E+4	3.45102E+6	1.33103E+6	8.55473E+4	2.88902E+6
4.75000E+1	2.87466E+4	6.58922E+4	3.59737E+6	1.36528E+6	8.57805E+4	3.04467E+6
4.76000E+1	2.86713E+4	6.58727E+4	3.66326E+6	1.34772E+6	8.56905E+4	2.96911E+6
4.77000E+1	2.86708E+4	6.60403E+4	3.78089E+6	1.36135E+6	8.60232E+4	2.95913E+6
4.78000E+1	2.87247E+4	6.59365E+4	3.44453E+6	1.35137E+6	8.55140E+4	3.01001E+6
4.79000E+1	2.87311E+4	6.60208E+4	3.52652E+6	1.35205E+6	8.57016E+4	3.02536E+6
4.80000E+1	2.87103E+4	6.58213E+4	3.47350E+6	1.30895E+6	8.58795E+4	3.07881E+6
4.81000E+1	2.86847E+4	6.59897E+4	3.45020E+6	1.33017E+6	8.54775E+4	2.97885E+6
4.82000E+1	2.88315E+4	6.58815E+4	3.63564E+6	1.32257E+6	8.57227E+4	2.99976E+6
4.83000E+1	2.90222E+4	6.60102E+4	3.60310E+6	1.37946E+6	8.54553E+4	3.12471E+6
4.84000E+1	2.86900E+4	6.59587E+4	3.48423E+6	1.32264E+6	8.58005E+4	2.99266E+6
4.85000E+1	2.86927E+4	6.55762E+4	3.46980E+6	1.32682E+6	8.53401E+4	2.83365E+6
4.86000E+1	2.87332E+4	6.58035E+4	3.64691E+6	1.36667E+6	8.59018E+4	3.07523E+6
4.87000E+1	2.86756E+4	6.59507E+4	3.54655E+6	1.36736E+6	8.60143E+4	3.10110E+6
4.88000E+1	2.86047E+4	6.55100E+4	3.45916E+6	1.35511E+6	8.55218E+4	2.82095E+6
4.89000E+1	2.87097E+4	6.58594E+4	3.63609E+6	1.30309E+6	8.57027E+4	2.88070E+6
4.90000E+1	2.87647E+4	6.58257E+4	3.44777E+6	1.34812E+6	8.58072E+4	3.00410E+6
4.91000E+1	2.87423E+4	6.60004E+4	3.48547E+6	1.36039E+6	8.57383E+4	3.05426E+6
4.92000E+1	2.86740E+4	6.59072E+4	3.46775E+6	1.34833E+6	8.58306E+4	3.01001E+6
4.93000E+1	2.87097E+4	6.59480E+4	3.74199E+6	1.38505E+6	8.57283E+4	2.97093E+6
4.94000E+1	2.88850E+4	6.60164E+4	3.51091E+6	1.34469E+6	8.55429E+4	3.06842E+6
4.95000E+1	2.87007E+4	6.59267E+4	3.40332E+6	1.33693E+6	8.58206E+4	3.03831E+6
4.96000E+1	2.88192E+4	6.58718E+4	3.35998E+6	1.35253E+6	8.55961E+4	2.88729E+6
4.97000E+1	2.87802E+4	6.62725E+4	3.55428E+6	1.36937E+6	8.61996E+4	3.19418E+6
4.98000E+1	2.86644E+4	6.60714E+4	3.55127E+6	1.36521E+6	8.55085E+4	2.95732E+6
4.99000E+1	2.87076E+4	6.60839E+4	3.55901E+6	1.32945E+6	8.59330E+4	3.02851E+6
5.00000E+1	2.87455E+4	6.60972E+4	3.78575E+6	1.35737E+6	8.56983E+4	3.06875E+6
5.01000E+1	2.87792E+4	6.56690E+4	3.30756E+6	1.35355E+6	8.56816E+4	2.89392E+6
5.02000E+1	2.86612E+4	6.61488E+4	3.58552E+6	1.36861E+6	8.61538E+4	3.08828E+6
5.03000E+1	2.88454E+4	6.62413E+4	3.69316E+6	1.37925E+6	8.58684E+4	3.04595E+6
5.04000E+1	2.86436E+4	6.58691E+4	3.63969E+6	1.36197E+6	8.56228E+4	2.91252E+6
5.05000E+1	2.86484E+4	6.60102E+4	3.65416E+6	1.34160E+6	8.54996E+4	2.95522E+6
5.06000E+1	2.89241E+4	6.62939E+4	3.70665E+6	1.38890E+6	8.61895E+4	3.15106E+6
5.07000E+1	2.88128E+4	6.60652E+4	3.52187E+6	1.35198E+6	8.56650E+4	2.92132E+6
5.08000E+1	2.86953E+4	6.63438E+4	3.39464E+6	1.31945E+6	8.57205E+4	2.87727E+6
5.09000E+1	2.88257E+4	6.64017E+4	3.44534E+6	1.36563E+6	8.59831E+4	3.01594E+6
5.10000E+1	2.88438E+4	6.63643E+4	3.57243E+6	1.33566E+6	8.62074E+4	3.06294E+6
5.11000E+1	2.89198E+4	6.63402E+4	3.76206E+6	1.38059E+6	8.61627E+4	3.19453E+6
5.12000E+1	2.87599E+4	6.63589E+4	3.51638E+6	1.38066E+6	8.59129E+4	2.85854E+6
5.13000E+1	2.88412E+4	6.66680E+4	3.72353E+6	1.38669E+6	8.62163E+4	3.00410E+6
5.14000E+1	2.89573E+4	6.67997E+4	3.78624E+6	1.38299E+6	8.63706E+4	3.18165E+6
5.15000E+1	2.88203E+4	6.62262E+4	3.40887E+6	1.31964E+6	8.59475E+4	2.94294E+6
5.16000E+1	2.89380E+4	6.68490E+4	3.60930E+6	1.39140E+6	8.63292E+4	3.10143E+6
5.17000E+1	2.90522E+4	6.63340E+4	3.57157E+6	1.37342E+6	8.60935E+4	2.97977E+6
5.18000E+1	2.89048E+4	6.65759E+4	3.61729E+6	1.36149E+6	8.61370E+4	2.90872E+6
5.19000E+1	2.90576E+4	6.68804E+4	3.72730E+6	1.39162E+6	8.64031E+4	3.13008E+6
5.20000E+1	2.89911E+4	6.65374E+4	3.46120E+6	1.35628E+6	8.63057E+4	3.08893E+6
5.21000E+1	2.88888E+4	6.65446E+4	3.50630E+6	1.36046E+6	8.61839E+4	2.94324E+6
5.22000E+1	2.91973E+4	6.70187E+4	3.67058E+6	1.41270E+6	8.65711E+4	3.01126E+6
5.23000E+1	2.91011E+4	6.68167E+4	3.51386E+6	1.41284E+6	8.65005E+4	3.16302E+6
5.24000E+1	2.91623E+4	6.66787E+4	3.68622E+6	1.38654E+6	8.61013E+4	2.87841E+6
5.25000E+1	2.91231E+4	6.66528E+4	3.61107E+6	1.39377E+6	8.60444E+4	3.08566E+6
5.26000E+1	2.90007E+4	6.66931E+4	3.69455E+6	1.36757E+6	8.63975E+4	2.98008E+6
5.27000E+1	2.92053E+4	6.68490E+4	3.67838E+6	1.38406E+6	8.63449E+4	3.03324E+6
5.28000E+1	2.93949E+4	6.70528E+4	3.57504E+6	1.43750E+6	8.61962E+4	2.96185E+6
5.29000E+1	2.92887E+4	6.66134E+4	3.65144E+6	1.38633E+6	8.62063E+4	2.96729E+6
5.30000E+1	2.92629E+4	6.68337E+4	3.74436E+6	1.41100E+6	8.61415E+4	3.06100E+6
5.31000E+1	2.92446E+4	6.66197E+4	3.54655E+6	1.34334E+6	8.58506E+4	2.89681E+6
5.32000E+1	2.94338E+4	6.67540E+4	3.80727E+6	1.39162E+6	8.61661E+4	3.07458E+6
5.33000E+1	2.94089E+4	6.72364E+4	3.78867E+6	1.41447E+6	8.65027E+4	3.04212E+6
5.34000E+1	2.93857E+4	6.66904E+4	3.57722E+6	1.37967E+6	8.62543E+4	2.88500E+6
5.35000E+1	2.93755E+4	6.67154E+4	3.72117E+6	1.40056E+6	8.63203E+4	3.04340E+6
5.36000E+1	2.95164E+4	6.68068E+4	3.66190E+6	1.39047E+6	8.64770E+4	2.99420E+6
5.37000E+1	2.96154E+4	6.68463E+4	3.59077E+6	1.39853E+6	8.63516E+4	3.05972E+6
5.38000E+1	2.94370E+4	6.71221E+4	4.08998E+6	1.40070E+6	8.62454E+4	3.05875E+6
5.39000E+1	2.96343E+4	6.69836E+4	3.72588E+6	1.40975E+6	8.63728E+4	3.17438E+6
5.40000E+1	2.94905E+4	6.67226E+4	3.71039E+6	1.43362E+6	8.62599E+4	3.07556E+6
5.41000E+1	2.93518E+4	6.65383E+4	3.44817E+6	1.37244E+6	8.60143E+4	2.88643E+6
5.42000E+1	2.94408E+4	6.67862E+4	3.90095E+6	1.38854E+6	8.63695E+4	3.08076E+6
5.43000E+1	2.97362E+4	6.71419E+4	3.81319E+6	1.39810E+6	8.64053E+4	3.08959E+6
5.44000E+1	2.95050E+4	6.66805E+4	3.40135E+6	1.36590E+6	8.59876E+4	3.02158E+6
5.45000E+1	2.95337E+4	6.69585E+4	3.67608E+6	1.42631E+6	8.64725E+4	3.19839E+6
5.46000E+1	2.97134E+4	6.68221E+4	3.61908E+6	1.43582E+6	8.62040E+4	3.15685E+6
5.47000E+1	2.98588E+4	6.68023E+4	3.84101E+6	1.42429E+6	8.64378E+4	3.10871E+6
5.48000E+1	2.96397E+4	6.70231E+4	3.65643E+6	1.41321E+6	8.62375E+4	3.07653E+6
5.49000E+1	2.96100E+4	6.68884E+4	3.80924E+6	1.41262E+6	8.62130E+4	3.03324E+6
5.50000E+1	2.97167E+4	6.68167E+4	3.68575E+6	1.42070E+6	8.59330E+4	3.06875E+6
5.51000E+1	2.98404E+4	6.70447E+4	3.89580E+6	1.40165E+6	8.63214E+4	2.98008E+6
5.52000E+1	2.98100E+4	6.67083E+4	3.73439E+6	1.42286E+6	8.60667E+4	3.04371E+6
5.53000E+1	2.98626E+4	6.70618E+4	3.80531E+6	1.43453E+6	8.59965E+4	3.15003E+6
5.54000E+1	2.97682E+4	6.67656E+4	3.68160E+6	1.38883E+6	8.60032E+4	3.09681E+6
5.55000E+1	2.98040E+4	6.67504E+4	3.78478E+6	1.41122E+6	8.59564E+4	3.04690E+6
5.56000E+1	2.96928E+4	6.67602E+4	3.71132E+6	1.39205E+6	8.59218E+4	2.97154E+6
5.57000E+1	2.98404E+4	6.69181E+4	3.64375E+6	1.41632E+6	8.57605E+4	2.96972E+6
5.58000E+1	2.97291E+4	6.69118E+4	3.81813E+6	1.42909E+6	8.60745E+4	3.03419E+6
5.59000E+1	2.96912E+4	6.69127E+4	3.79942E+6	1.40114E+6	8.58818E+4	3.03324E+6
5.60000E+1	2.99534E+4	6.67979E+4	3.70478E+6	1.44608E+6	8.61169E+4	3.05426E+6
5.61000E+1	2.96868E+4	6.67898E+4	3.77363E+6	1.40602E+6	8.61739E+4	2.99729E+6
5.62000E+1	2.98621E+4	6.69225E+4	3.71413E+6	1.42759E+6	8.60556E+4	3.00814E+6
5.63000E+1	3.00024E+4	6.68929E+4	3.65325E+6	1.41056E+6	8.58217E+4	3.16267E+6
5.64000E+1	2.97590E+4	6.69944E+4	3.63115E+6	1.44700E+6	8.62308E+4	3.03799E+6
5.65000E+1	2.97948E+4	6.66501E+4	3.52652E+6	1.42518E+6	8.55584E+4	2.98252E+6
5.66000E+1	2.98540E+4	6.70016E+4	3.66098E+6	1.43256E+6	8.61214E+4	3.06423E+6
5.67000E+1	3.00847E+4	6.70196E+4	3.78867E+6	1.41019E+6	8.59040E+4	3.02945E+6
5.68000E+1	3.01452E+4	6.69145E+4	3.90095E+6	1.43872E+6	8.56305E+4	3.05522E+6
5.69000E+1	2.99600E+4	6.70681E+4	3.60178E+6	1.40865E+6	8.55129E+4	2.99883E+6
5.70000E+1	2.99747E+4	6.69037E+4	3.69687E+6	1.40434E+6	8.60835E+4	3.05682E+6
5.71000E+1	2.99741E+4	6.68535E+4	3.70385E+6	1.44554E+6	8.59051E+4	2.91867E+6
5.72000E+1	2.99230E+4	6.69791E+4	3.67287E+6	1.39586E+6	8.57127E+4	2.86108E+6
5.73000E+1	3.00602E+4	6.68391E+4	3.77025E+6	1.41996E+6	8.62498E+4	2.96517E+6
5.74000E+1	3.00062E+4	6.68992E+4	3.56853E+6	1.41439E+6	8.58328E+4	2.96760E+6
5.75000E+1	3.00771E+4	6.68867E+4	3.71788E+6	1.45584E+6	8.59430E+4	3.01594E+6
5.76000E+1	2.99083E+4	6.69127E+4	3.62622E+6	1.42010E+6	8.59519E+4	3.00348E+6
5.77000E+1	3.01632E+4	6.67710E+4	3.71788E+6	1.44200E+6	8.57983E+4	3.08828E+6
5.78000E+1	3.01207E+4	6.68633E+4	3.59385E+6	1.39154E+6	8.58851E+4	2.96942E+6
5.79000E+1	3.00318E+4	6.69217E+4	3.58595E+6	1.42391E+6	8.58539E+4	3.14155E+6
5.80000E+1	3.01087E+4	6.70321E+4	4.01226E+6	1.42977E+6	8.58951E+4	3.10209E+6
5.81000E+1	3.00907E+4	6.70061E+4	3.62801E+6	1.40624E+6	8.59553E+4	3.04563E+6
5.82000E+1	3.02026E+4	6.70070E+4	3.65962E+6	1.40121E+6	8.57027E+4	3.04467E+6
5.83000E+1	3.00340E+4	6.71320E+4	3.75248E+6	1.41951E+6	8.56650E+4	3.08272E+6
5.84000E+1	3.02419E+4	6.70537E+4	3.60930E+6	1.44677E+6	8.61370E+4	3.08435E+6
5.85000E+1	3.00504E+4	6.70222E+4	3.72447E+6	1.43423E+6	8.56894E+4	3.06455E+6
5.86000E+1	3.03940E+4	6.67298E+4	3.50630E+6	1.36778E+6	8.55673E+4	2.95251E+6
5.87000E+1	3.01622E+4	6.72031E+4	3.95743E+6	1.40507E+6	8.58117E+4	3.18373E+6
5.88000E+1	3.04927E+4	6.71599E+4	3.81121E+6	1.40733E+6	8.55839E+4	3.07978E+6
5.89000E+1	3.03053E+4	6.73004E+4	3.67792E+6	1.43864E+6	8.56983E+4	3.13378E+6
5.90000E+1	3.01583E+4	6.70861E+4	3.54912E+6	1.40521E+6	8.55440E+4	3.05169E+6
5.91000E+1	3.01316E+4	6.71365E+4	3.72636E+6	1.44908E+6	8.56239E+4	3.18721E+6
5.92000E+1	3.01654E+4	6.70249E+4	3.57374E+6	1.38519E+6	8.57627E+4	3.05042E+6
5.93000E+1	3.02026E+4	6.72175E+4	3.75056E+6	1.42706E+6	8.58717E+4	3.14494E+6
5.94000E+1	3.03978E+4	6.71671E+4	3.70012E+6	1.42481E+6	8.54254E+4	3.03958E+6
5.95000E+1	3.03502E+4	6.71959E+4	3.70711E+6	1.39846E+6	8.54221E+4	2.98804E+6
5.96000E+1	3.01447E+4	6.67432E+4	3.45468E+6	1.41447E+6	8.57527E+4	3.14087E+6
5.97000E+1	3.02173E+4	6.70393E+4	3.62980E+6	1.42010E+6	8.56861E+4	3.06229E+6
5.98000E+1	3.02408E+4	6.71275E+4	3.63564E+6	1.40543E+6	8.58194E+4	3.10772E+6
5.99000E+1	3.02534E+4	6.71149E+4	3.68206E+6	1.44423E+6	8.59787E+4	3.07816E+6
6.00000E+1	3.02867E+4	6.74873E+4	3.80678E+6	1.44162E+6	8.59619E+4	3.12337E+6
6.01000E+1	3.02381E+4	6.74638E+4	3.70571E+6	1.42698E+6	8.58985E+4	3.08729E+6
6.02000E+1	3.03529E+4	6.74114E+4	3.68160E+6	1.38868E+6	8.57638E+4	2.99945E+6
6.03000E+1	3.03781E+4	6.71077E+4	3.60797E+6	1.40194E+6	8.57061E+4	3.01188E+6
6.04000E+1	3.03688E+4	6.74385E+4	3.77170E+6	1.41144E+6	8.55961E+4	3.06519E+6
6.05000E+1	3.02621E+4	6.72166E+4	3.63115E+6	1.40924E+6	8.57261E+4	3.05266E+6
6.06000E+1	3.04110E+4	6.75804E+4	3.69177E+6	1.42804E+6	8.58506E+4	3.18338E+6
6.07000E+1	3.02813E+4	6.71626E+4	3.60001E+6	1.39449E+6	8.57572E+4	3.06004E+6
6.08000E+1	3.01851E+4	6.72977E+4	3.83053E+6	1.42264E+6	8.59452E+4	3.16852E+6
6.09000E+1	3.03885E+4	6.73365E+4	3.71273E+6	1.42638E+6	8.54276E+4	3.03577E+6
6.10000E+1	3.02403E+4	6.72680E+4	3.61240E+6	1.42646E+6	8.56738E+4	3.03609E+6
6.11000E+1	3.04411E+4	6.72355E+4	3.65462E+6	1.41425E+6	8.55140E+4	2.96608E+6
6.12000E+1	3.02785E+4	6.73518E+4	3.70992E+6	1.42608E+6	8.57961E+4	3.05234E+6
6.13000E+1	3.02802E+4	6.72130E+4	3.78187E+6	1.43173E+6	8.59274E+4	3.13479E+6
6.14000E+1	3.02785E+4	6.76537E+4	3.90663E+6	1.44631E+6	8.58918E+4	3.18930E+6
6.15000E+1	3.03365E+4	6.74954E+4	3.57766E+6	1.44785E+6	8.58539E+4	3.08207E+6
6.16000E+1	3.01856E+4	6.74250E+4	3.79209E+6	1.43598E+6	8.60322E+4	3.09879E+6
6.17000E+1	3.02195E+4	6.74006E+4	3.67379E+6	1.42286E+6	8.57839E+4	3.17300E+6
6.18000E+1	3.03847E+4	6.72508E+4	3.48051E+6	1.36245E+6	8.55684E+4	3.04818E+6
6.19000E+1	3.02752E+4	6.76546E+4	3.76832E+6	1.43060E+6	8.59096E+4	3.15515E+6
6.20000E+1	3.02326E+4	6.74141E+4	3.60443E+6	1.42706E+6	8.61102E+4	3.09517E+6
6.21000E+1	3.02353E+4	6.76112E+4	3.68945E+6	1.41780E+6	8.56816E+4	3.13884E+6
6.22000E+1	3.01993E+4	6.73753E+4	3.68806E+6	1.39831E+6	8.55540E+4	3.16199E+6
6.23000E+1	2.99959E+4	6.71680E+4	3.69873E+6	1.37377E+6	8.57027E+4	3.02347E+6
6.24000E+1	3.02271E+4	6.77670E+4	3.76302E+6	1.41906E+6	8.60110E+4	3.23847E+6
6.25000E+1	2.99730E+4	6.74548E+4	3.73344E+6	1.45483E+6	8.58172E+4	3.11103E+6
6.26000E+1	3.02157E+4	6.74927E+4	3.59165E+6	1.35450E+6	8.55484E+4	2.94413E+6
6.27000E+1	3.01944E+4	6.76402E+4	3.74770E+6	1.42234E+6	8.62375E+4	3.25217E+6
6.28000E+1	3.02304E+4	6.75054E+4	3.61240E+6	1.40121E+6	8.59608E+4	3.11936E+6
6.29000E+1	2.99888E+4	6.75985E+4	3.58727E+6	1.39169E+6	8.58039E+4	2.98222E+6
6.30000E+1	3.00727E+4	6.79340E+4	3.74103E+6	1.42834E+6	8.60455E+4	3.20576E+6
6.31000E+1	3.01392E+4	6.78514E+4	3.73866E+6	1.42653E+6	8.59709E+4	3.07069E+6
6.32000E+1	3.02457E+4	6.76275E+4	3.72683E+6	1.41513E+6	8.60902E+4	3.04914E+6
6.33000E+1	3.01087E+4	6.76546E+4	3.76399E+6	1.42789E+6	8.58840E+4	3.05811E+6
6.34000E+1	2.98974E+4	6.75813E+4	3.72447E+6	1.35192E+6	8.56872E+4	3.01376E+6
6.35000E+1	3.01321E+4	6.78178E+4	3.52610E+6	1.38576E+6	8.60344E+4	3.09123E+6
6.36000E+1	2.99175E+4	6.75524E+4	3.39071E+6	1.35949E+6	8.59564E+4	2.97763E+6
6.37000E+1	3.02698E+4	6.81405E+4	4.03527E+6	1.39990E+6	8.59653E+4	3.17369E+6
6.38000E+1	3.02326E+4	6.80258E+4	3.53757E+6	1.37314E+6	8.58807E+4	3.09681E+6
6.39000E+1	3.00367E+4	6.78278E+4	3.59165E+6	1.37643E+6	8.59296E+4	3.01063E+6
6.40000E+1	3.00188E+4	6.75669E+4	3.60134E+6	1.37335E+6	8.59274E+4	3.09451E+6
6.41000E+1	2.98344E+4	6.77498E+4	3.62443E+6	1.37077E+6	8.59575E+4	2.99420E+6
6.42000E+1	2.97758E+4	6.77317E+4	3.69408E+6	1.39205E+6	8.61292E+4	3.07621E+6
6.43000E+1	2.99698E+4	6.78877E+4	3.48671E+6	1.37342E+6	8.59608E+4	3.02599E+6
6.44000E+1	2.99600E+4	6.78913E+4	3.72494E+6	1.40609E+6	8.58985E+4	3.02284E+6
6.45000E+1	2.97459E+4	6.76021E+4	3.50798E+6	1.37314E+6	8.58884E+4	2.92514E+6
6.46000E+1	3.00177E+4	6.75949E+4	3.59781E+6	1.39911E+6	8.61281E+4	3.17093E+6
6.47000E+1	2.98942E+4	6.77416E+4	3.66463E+6	1.37160E+6	8.58706E+4	2.97733E+6
6.48000E+1	2.98550E+4	6.80004E+4	3.71366E+6	1.40157E+6	8.61035E+4	3.34481E+6
6.49000E+1	2.96392E+4	6.81259E+4	3.65962E+6	1.35840E+6	8.57739E+4	3.00007E+6
6.50000E+1	2.99018E+4	6.78078E+4	3.70805E+6	1.37251E+6	8.62767E+4	3.24783E+6
6.51000E+1	2.97394E+4	6.78477E+4	3.45998E+6	1.34381E+6	8.60132E+4	3.08370E+6
6.52000E+1	2.99458E+4	6.80349E+4	3.76062E+6	1.38512E+6	8.60400E+4	3.18269E+6
6.53000E+1	2.99730E+4	6.80031E+4	3.63160E+6	1.37911E+6	8.59575E+4	3.16817E+6
6.54000E+1	2.98583E+4	6.82645E+4	3.53332E+6	1.34941E+6	8.58918E+4	2.99297E+6
6.55000E+1	2.98610E+4	6.81715E+4	3.53544E+6	1.34013E+6	8.62979E+4	3.18477E+6
6.56000E+1	3.00008E+4	6.79358E+4	3.65871E+6	1.37000E+6	8.63359E+4	3.01001E+6
6.57000E+1	3.00286E+4	6.82928E+4	3.89786E+6	1.36487E+6	8.61728E+4	3.15276E+6
6.58000E+1	2.99660E+4	6.80941E+4	3.53034E+6	1.35764E+6	8.62532E+4	3.11569E+6
6.59000E+1	2.97622E+4	6.80522E+4	3.46243E+6	1.34093E+6	8.60277E+4	2.98375E+6
6.60000E+1	3.00455E+4	6.78505E+4	3.43847E+6	1.33262E+6	8.65128E+4	3.08762E+6
6.61000E+1	3.01676E+4	6.82599E+4	3.75870E+6	1.36114E+6	8.61940E+4	3.12003E+6
6.62000E+1	2.99317E+4	6.82116E+4	3.71039E+6	1.33143E+6	8.62834E+4	3.02378E+6
6.63000E+1	3.02189E+4	6.80086E+4	3.54227E+6	1.32466E+6	8.58729E+4	2.99204E+6
6.64000E+1	2.99834E+4	6.80868E+4	3.69177E+6	1.34307E+6	8.63292E+4	3.08828E+6
6.65000E+1	3.00062E+4	6.81569E+4	3.44129E+6	1.36903E+6	8.61605E+4	3.00472E+6
6.66000E+1	3.00318E+4	6.81296E+4	3.59781E+6	1.33679E+6	8.60567E+4	3.10474E+6
6.67000E+1	3.01611E+4	6.81842E+4	3.56376E+6	1.36231E+6	8.60957E+4	3.07751E+6
6.68000E+1	3.00602E+4	6.79431E+4	3.68160E+6	1.34469E+6	8.63024E+4	3.02882E+6
6.69000E+1	3.00645E+4	6.82937E+4	3.53843E+6	1.33031E+6	8.61538E+4	2.92839E+6
6.70000E+1	2.99741E+4	6.81624E+4	3.55815E+6	1.31886E+6	8.62185E+4	3.13513E+6
6.71000E+1	2.99921E+4	6.81569E+4	3.43524E+6	1.31350E+6	8.59709E+4	2.99173E+6
6.72000E+1	3.00651E+4	6.80495E+4	3.54484E+6	1.35757E+6	8.62901E+4	3.05811E+6
6.73000E+1	3.00738E+4	6.85642E+4	3.80089E+6	1.33407E+6	8.61772E+4	3.11503E+6
6.74000E+1	3.00237E+4	6.82681E+4	3.51175E+6	1.34381E+6	8.61247E+4	3.10474E+6
6.75000E+1	3.00754E+4	6.83156E+4	3.60841E+6	1.35764E+6	8.62509E+4	3.02756E+6
6.76000E+1	3.00514E+4	6.81870E+4	3.39977E+6	1.31997E+6	8.62487E+4	3.01813E+6
6.77000E+1	3.00771E+4	6.82344E+4	3.74103E+6	1.34213E+6	8.62252E+4	3.21282E+6
6.78000E+1	2.99148E+4	6.80113E+4	3.53077E+6	1.31653E+6	8.56483E+4	2.93877E+6
6.79000E+1	3.02353E+4	6.85532E+4	3.80334E+6	1.35124E+6	8.67069E+4	3.20295E+6
6.80000E+1	3.01873E+4	6.82517E+4	3.46570E+6	1.32101E+6	8.59096E+4	3.09254E+6
6.81000E+1	3.02583E+4	6.80850E+4	3.54056E+6	1.33726E+6	8.61862E+4	3.12639E+6
6.82000E+1	3.00215E+4	6.83777E+4	3.53289E+6	1.32036E+6	8.62230E+4	3.06455E+6
6.83000E+1	3.01485E+4	6.82107E+4	3.49253E+6	1.32827E+6	8.63963E+4	3.05618E+6
6.84000E+1	3.02807E+4	6.82079E+4	3.58246E+6	1.35185E+6	8.61839E+4	3.06261E+6
6.85000E+1	3.01103E+4	6.83238E+4	3.57070E+6	1.32107E+6	8.58740E+4	3.09221E+6
6.86000E+1	3.01523E+4	6.82873E+4	3.66463E+6	1.32394E+6	8.60422E+4	2.90494E+6
6.87000E+1	3.01840E+4	6.82043E+4	3.49419E+6	1.31660E+6	8.59720E+4	2.90290E+6
6.88000E+1	3.02616E+4	6.81997E+4	3.59297E+6	1.34799E+6	8.64165E+4	3.08337E+6
6.89000E+1	3.01682E+4	6.82289E+4	3.47186E+6	1.31119E+6	8.61448E+4	2.95853E+6
6.90000E+1	3.02364E+4	6.82809E+4	3.59781E+6	1.35443E+6	8.61147E+4	3.08141E+6
6.91000E+1	3.04230E+4	6.81551E+4	3.53502E+6	1.33414E+6	8.60489E+4	2.91223E+6
6.92000E+1	3.04587E+4	6.83484E+4	3.75678E+6	1.35552E+6	8.62029E+4	3.01782E+6
6.93000E+1	3.03918E+4	6.84288E+4	3.75535E+6	1.31415E+6	8.61381E+4	2.94652E+6
6.94000E+1	3.04395E+4	6.84755E+4	3.64736E+6	1.34772E+6	8.63460E+4	3.13008E+6
6.95000E+1	3.04367E+4	6.81824E+4	3.53204E+6	1.34941E+6	8.58907E+4	3.06972E+6
6.96000E+1	3.04801E+4	6.85303E+4	3.75343E+6	1.37118E+6	8.61594E+4	3.09813E+6
6.97000E+1	3.06239E+4	6.82408E+4	3.48506E+6	1.33281E+6	8.59987E+4	2.95191E+6
6.98000E+1	3.06019E+4	6.86301E+4	3.86822E+6	1.34395E+6	8.60656E+4	3.08860E+6
6.99000E+1	3.04696E+4	6.81888E+4	3.55600E+6	1.33169E+6	8.62610E+4	3.14494E+6
7.00000E+1	3.05843E+4	6.83968E+4	3.75391E+6	1.34866E+6	8.60032E+4	3.04531E+6
7.01000E+1	3.06883E+4	6.85477E+4	3.74341E+6	1.34914E+6	8.61806E+4	3.02033E+6
7.02000E+1	3.08497E+4	6.85322E+4	3.80236E+6	1.36238E+6	8.61582E+4	3.08599E+6
7.03000E+1	3.07428E+4	6.84681E+4	3.77411E+6	1.39788E+6	8.60467E+4	2.97763E+6
7.04000E+1	3.09430E+4	6.83841E+4	3.67838E+6	1.34805E+6	8.59653E+4	3.05747E+6
7.05000E+1	3.09187E+4	6.83001E+4	3.60664E+6	1.36286E+6	8.61013E+4	2.94981E+6
7.06000E+1	3.08624E+4	6.84672E+4	3.69501E+6	1.34327E+6	8.61694E+4	3.01282E+6
7.07000E+1	3.11011E+4	6.84096E+4	3.68022E+6	1.35402E+6	8.57161E+4	3.05042E+6
7.08000E+1	3.09490E+4	6.83704E+4	3.69501E+6	1.37847E+6	8.57638E+4	3.05554E+6
7.09000E+1	3.09700E+4	6.83201E+4	3.68345E+6	1.36431E+6	8.57149E+4	3.04722E+6
7.10000E+1	3.10834E+4	6.83914E+4	3.86822E+6	1.39499E+6	8.61270E+4	3.20084E+6
7.11000E+1	3.11078E+4	6.84252E+4	3.70571E+6	1.35158E+6	8.58094E+4	2.94025E+6
7.12000E+1	3.12286E+4	6.86741E+4	4.00737E+6	1.40012E+6	8.58117E+4	3.13682E+6
7.13000E+1	3.10823E+4	6.82326E+4	3.65643E+6	1.35164E+6	8.57461E+4	3.13918E+6
7.14000E+1	3.13747E+4	6.87346E+4	4.15722E+6	1.39463E+6	8.58361E+4	3.25073E+6
7.15000E+1	3.12353E+4	6.86091E+4	3.77556E+6	1.35771E+6	8.56205E+4	3.04978E+6
7.16000E+1	3.12597E+4	6.84992E+4	3.79355E+6	1.36473E+6	8.56061E+4	3.15276E+6
7.17000E+1	3.13808E+4	6.84764E+4	3.85104E+6	1.39104E+6	8.59096E+4	3.03135E+6
7.18000E+1	3.14905E+4	6.86494E+4	3.87737E+6	1.38776E+6	8.63068E+4	3.08011E+6
7.19000E+1	3.15819E+4	6.83192E+4	3.85860E+6	1.37939E+6	8.57672E+4	2.94802E+6
7.20000E+1	3.13808E+4	6.85468E+4	3.82953E+6	1.38768E+6	8.56461E+4	3.19104E+6
7.21000E+1	3.17047E+4	6.90729E+4	4.14383E+6	1.39629E+6	8.57750E+4	3.03895E+6
7.22000E+1	3.18300E+4	6.86741E+4	3.88964E+6	1.38321E+6	8.58628E+4	3.13715E+6
7.23000E+1	3.17164E+4	6.85907E+4	3.98413E+6	1.41484E+6	8.58306E+4	3.07913E+6
7.24000E+1	3.17489E+4	6.88255E+4	3.91026E+6	1.39377E+6	8.56772E+4	3.00255E+6
7.25000E+1	3.18614E+4	6.87190E+4	3.95267E+6	1.38406E+6	8.56061E+4	3.06745E+6
7.26000E+1	3.17612E+4	6.85166E+4	3.86062E+6	1.37524E+6	8.55074E+4	3.17507E+6
7.27000E+1	3.18905E+4	6.86558E+4	3.96168E+6	1.40565E+6	8.56394E+4	3.00317E+6
7.28000E+1	3.19353E+4	6.88971E+4	4.43791E+6	1.40785E+6	8.59296E+4	3.11203E+6
7.29000E+1	3.20706E+4	6.87025E+4	3.94475E+6	1.42167E+6	8.57372E+4	3.15412E+6
7.30000E+1	3.20212E+4	6.86219E+4	3.84201E+6	1.41277E+6	8.53800E+4	2.95853E+6
7.31000E+1	3.19999E+4	6.89532E+4	4.00519E+6	1.44715E+6	8.55750E+4	2.98528E+6
7.32000E+1	3.21252E+4	6.89781E+4	3.87992E+6	1.43211E+6	8.55651E+4	3.03546E+6
7.33000E+1	3.24115E+4	6.92554E+4	3.95426E+6	1.41691E+6	8.55584E+4	3.11369E+6
7.34000E+1	3.21578E+4	6.89210E+4	3.94791E+6	1.40107E+6	8.57083E+4	3.01407E+6
7.35000E+1	3.24330E+4	6.90195E+4	4.04909E+6	1.45576E+6	8.55606E+4	3.08566E+6
7.36000E+1	3.24160E+4	6.88136E+4	4.00900E+6	1.42189E+6	8.53523E+4	3.09813E+6
7.37000E+1	3.22620E+4	6.88310E+4	3.96009E+6	1.42593E+6	8.54996E+4	3.13851E+6
7.38000E+1	3.25296E+4	6.87567E+4	4.13110E+6	1.45055E+6	8.54198E+4	3.12070E+6
7.39000E+1	3.25914E+4	6.89339E+4	3.99059E+6	1.42683E+6	8.52041E+4	3.06907E+6
7.40000E+1	3.26197E+4	6.87420E+4	4.00682E+6	1.40843E+6	8.51102E+4	3.00131E+6
7.41000E+1	3.26974E+4	6.90563E+4	4.14499E+6	1.43022E+6	8.51931E+4	3.06390E+6
7.42000E+1	3.26134E+4	6.90314E+4	4.25762E+6	1.44024E+6	8.54486E+4	3.10341E+6
7.43000E+1	3.27689E+4	6.90673E+4	4.02648E+6	1.43241E+6	8.51522E+4	2.99667E+6
7.44000E+1	3.29070E+4	6.92222E+4	4.15780E+6	1.45226E+6	8.56416E+4	3.14257E+6
7.45000E+1	3.27831E+4	6.91189E+4	4.09621E+6	1.42984E+6	8.54486E+4	3.06165E+6
7.46000E+1	3.28752E+4	6.90305E+4	4.16482E+6	1.46273E+6	8.56239E+4	3.17991E+6
7.47000E+1	3.32248E+4	6.89358E+4	4.23329E+6	1.45631E+6	8.54376E+4	3.24279E+6
7.48000E+1	3.31419E+4	6.90590E+4	4.12189E+6	1.41973E+6	8.53025E+4	3.07166E+6
7.49000E+1	3.31722E+4	6.89293E+4	4.17480E+6	1.46826E+6	8.51445E+4	3.08828E+6
7.50000E+1	3.31305E+4	6.90572E+4	4.11273E+6	1.44638E+6	8.54198E+4	3.09484E+6
7.51000E+1	3.33495E+4	6.94939E+4	4.10474E+6	1.43628E+6	8.53656E+4	3.11070E+6
7.52000E+1	3.34585E+4	6.94874E+4	4.20206E+6	1.44746E+6	8.52914E+4	3.08566E+6
7.53000E+1	3.33891E+4	6.91678E+4	4.04854E+6	1.44631E+6	8.51665E+4	3.13817E+6
7.54000E+1	3.34315E+4	6.93274E+4	4.33292E+6	1.45483E+6	8.53368E+4	3.29991E+6
7.55000E+1	3.35096E+4	6.92388E+4	4.27051E+6	1.45545E+6	8.51610E+4	2.98528E+6
7.56000E+1	3.36751E+4	6.94282E+4	4.16482E+6	1.45490E+6	8.54143E+4	3.08860E+6
7.57000E+1	3.36573E+4	6.95809E+4	4.09848E+6	1.46937E+6	8.51235E+4	3.10573E+6
7.58000E+1	3.38862E+4	6.94208E+4	4.22363E+6	1.47359E+6	8.50617E+4	3.14596E+6
7.59000E+1	3.37080E+4	6.96309E+4	4.42666E+6	1.48007E+6	8.50617E+4	3.09978E+6
7.60000E+1	3.38238E+4	6.96207E+4	4.26989E+6	1.47128E+6	8.52815E+4	3.12136E+6
7.61000E+1	3.41054E+4	6.95614E+4	4.31464E+6	1.47367E+6	8.52129E+4	3.27037E+6
7.62000E+1	3.41558E+4	6.92960E+4	4.37511E+6	1.48241E+6	8.52129E+4	3.13749E+6
7.63000E+1	3.44266E+4	6.97358E+4	4.31401E+6	1.47694E+6	8.51588E+4	3.28065E+6
7.64000E+1	3.43161E+4	6.97627E+4	4.09224E+6	1.46431E+6	8.51080E+4	3.01032E+6
7.65000E+1	3.40284E+4	6.99625E+4	4.37575E+6	1.46203E+6	8.51367E+4	2.98589E+6
7.66000E+1	3.45081E+4	6.97692E+4	4.40106E+6	1.47016E+6	8.53623E+4	3.16645E+6
7.67000E+1	3.42841E+4	7.01395E+4	4.34181E+6	1.47863E+6	8.53899E+4	3.15208E+6
7.68000E+1	3.45910E+4	7.00584E+4	4.26989E+6	1.46376E+6	8.51257E+4	3.14833E+6
7.69000E+1	3.45653E+4	6.96875E+4	4.22604E+6	1.46953E+6	8.52704E+4	3.16439E+6
7.70000E+1	3.46745E+4	6.98054E+4	4.38610E+6	1.49510E+6	8.51489E+4	3.21459E+6
7.71000E+1	3.45915E+4	6.95503E+4	4.29091E+6	1.47000E+6	8.49371E+4	2.94234E+6
7.72000E+1	3.45723E+4	6.99709E+4	4.26743E+6	1.50632E+6	8.54287E+4	3.29433E+6
7.73000E+1	3.49197E+4	6.97126E+4	4.44589E+6	1.49019E+6	8.49503E+4	3.14833E+6
7.74000E+1	3.46476E+4	6.99030E+4	4.32282E+6	1.47056E+6	8.47741E+4	3.20014E+6
7.75000E+1	3.47119E+4	6.95790E+4	4.15430E+6	1.45959E+6	8.49360E+4	3.07231E+6
7.76000E+1	3.50900E+4	6.97265E+4	4.56056E+6	1.44777E+6	8.47631E+4	3.25398E+6
7.77000E+1	3.52236E+4	6.97989E+4	4.56336E+6	1.47415E+6	8.53899E+4	3.27514E+6
7.78000E+1	3.51889E+4	6.95466E+4	4.28099E+6	1.49321E+6	8.49767E+4	3.27991E+6
7.79000E+1	3.51106E+4	7.00762E+4	4.31590E+6	1.50143E+6	8.47302E+4	3.09714E+6
7.80000E+1	3.52884E+4	6.96662E+4	4.31088E+6	1.44500E+6	8.49194E+4	3.23345E+6
7.81000E+1	3.53522E+4	6.94476E+4	4.33292E+6	1.46399E+6	8.48677E+4	3.16748E+6
7.82000E+1	3.53728E+4	6.99123E+4	4.45389E+6	1.52050E+6	8.47972E+4	3.30962E+6
7.83000E+1	3.56948E+4	7.00044E+4	4.57741E+6	1.48670E+6	8.47389E+4	3.15822E+6
7.84000E+1	3.58349E+4	6.97116E+4	4.89988E+6	1.49370E+6	8.48082E+4	3.33186E+6
7.85000E+1	3.58973E+4	7.02385E+4	4.31213E+6	1.43872E+6	8.45105E+4	3.04818E+6
7.86000E+1	3.60331E+4	6.99821E+4	4.63521E+6	1.47263E+6	8.47642E+4	3.15140E+6
7.87000E+1	3.63822E+4	6.97339E+4	4.36609E+6	1.47654E+6	8.47719E+4	3.25109E+6
7.88000E+1	3.62445E+4	7.00594E+4	4.38740E+6	1.48354E+6	8.50992E+4	3.18269E+6
7.89000E+1	3.63636E+4	7.01423E+4	4.40956E+6	1.46344E+6	8.47510E+4	3.11303E+6
7.90000E+1	3.66873E+4	7.00734E+4	4.69742E+6	1.50234E+6	8.46741E+4	3.30887E+6
7.91000E+1	3.67975E+4	6.99756E+4	4.81828E+6	1.48621E+6	8.44130E+4	3.14596E+6
7.92000E+1	3.69194E+4	7.03020E+4	4.82531E+6	1.52670E+6	8.49900E+4	3.18895E+6
7.93000E+1	3.73004E+4	6.97775E+4	4.43526E+6	1.46802E+6	8.42510E+4	3.05169E+6
7.94000E+1	3.76767E+4	7.02618E+4	4.80507E+6	1.50815E+6	8.45445E+4	3.15003E+6
7.95000E+1	3.76706E+4	7.03010E+4	4.89988E+6	1.48678E+6	8.45127E+4	3.12941E+6
7.96000E+1	3.79386E+4	7.00911E+4	4.76433E+6	1.48905E+6	8.43144E+4	3.11236E+6
7.97000E+1	3.79539E+4	7.01983E+4	4.61865E+6	1.54010E+6	8.48468E+4	3.23883E+6
7.98000E+1	3.80736E+4	7.02338E+4	4.92905E+6	1.50069E+6	8.43670E+4	3.29099E+6
7.99000E+1	3.82803E+4	7.00566E+4	4.78423E+6	1.48832E+6	8.44338E+4	3.23095E+6
8.00000E+1	3.86267E+4	6.99635E+4	4.55287E+6	1.53664E+6	8.44152E+4	3.08762E+6
8.01000E+1	3.85457E+4	7.02749E+4	4.72426E+6	1.50450E+6	8.44722E+4	3.27367E+6
8.02000E+1	3.89867E+4	7.04460E+4	5.49568E+6	1.54375E+6	8.44656E+4	3.25870E+6
8.03000E+1	3.90901E+4	6.99830E+4	4.49230E+6	1.47136E+6	8.41810E+4	3.13311E+6
8.04000E+1	3.91918E+4	7.01955E+4	5.08271E+6	1.53785E+6	8.40870E+4	3.17127E+6
8.05000E+1	3.92486E+4	7.03459E+4	4.91442E+6	1.52227E+6	8.42203E+4	3.18234E+6
8.06000E+1	3.95937E+4	7.04872E+4	4.83235E+6	1.53063E+6	8.41471E+4	3.11137E+6
8.07000E+1	3.95742E+4	7.02739E+4	5.04747E+6	1.53423E+6	8.42477E+4	3.20225E+6
8.08000E+1	3.98100E+4	7.05574E+4	5.15466E+6	1.51940E+6	8.43210E+4	3.12337E+6
8.09000E+1	3.99430E+4	7.06156E+4	4.99592E+6	1.57155E+6	8.38526E+4	3.21778E+6
8.10000E+1	4.02401E+4	7.06362E+4	4.96681E+6	1.58754E+6	8.39485E+4	3.18756E+6
8.11000E+1	4.02135E+4	7.04731E+4	5.08531E+6	1.53673E+6	8.41034E+4	3.29656E+6
8.12000E+1	4.04260E+4	7.03179E+4	4.75596E+6	1.53423E+6	8.38014E+4	3.15993E+6
8.13000E+1	4.04533E+4	7.09011E+4	5.14489E+6	1.54271E+6	8.39714E+4	3.27001E+6
8.14000E+1	4.04273E+4	7.02263E+4	5.05089E+6	1.54724E+6	8.39507E+4	3.32089E+6
8.15000E+1	4.06914E+4	7.03749E+4	5.31414E+6	1.60086E+6	8.40761E+4	3.31675E+6
8.16000E+1	4.08805E+4	7.06765E+4	5.02115E+6	1.55904E+6	8.37296E+4	3.20929E+6
8.17000E+1	4.10136E+4	7.07150E+4	5.40439E+6	1.58133E+6	8.38352E+4	3.21494E+6
8.18000E+1	4.12883E+4	7.10141E+4	5.49467E+6	1.54506E+6	8.39670E+4	3.36442E+6
8.19000E+1	4.11848E+4	7.07188E+4	5.20404E+6	1.58662E+6	8.38809E+4	3.44676E+6
8.20000E+1	4.12227E+4	7.06174E+4	4.85598E+6	1.55312E+6	8.36872E+4	3.07913E+6
8.21000E+1	4.15751E+4	7.06193E+4	5.37526E+6	1.54663E+6	8.35558E+4	3.18026E+6
8.22000E+1	4.15241E+4	7.07441E+4	5.31130E+6	1.61486E+6	8.34018E+4	3.34213E+6
8.23000E+1	4.18695E+4	7.06606E+4	5.44569E+6	1.58306E+6	8.35547E+4	3.23847E+6
8.24000E+1	4.16487E+4	7.07911E+4	5.87482E+6	1.59751E+6	8.36275E+4	3.25979E+6
8.25000E+1	4.20831E+4	7.06212E+4	5.38784E+6	1.62640E+6	8.36351E+4	3.23668E+6
8.26000E+1	4.19071E+4	7.09557E+4	5.37333E+6	1.59454E+6	8.32935E+4	3.21671E+6
8.27000E+1	4.18792E+4	7.07855E+4	5.09573E+6	1.56894E+6	8.35775E+4	3.19803E+6
8.28000E+1	4.23718E+4	7.10377E+4	5.47457E+6	1.57227E+6	8.34191E+4	3.24531E+6
8.29000E+1	4.23131E+4	7.09633E+4	5.84393E+6	1.62794E+6	8.34972E+4	3.41423E+6
8.30000E+1	4.26204E+4	7.09557E+4	5.54657E+6	1.59621E+6	8.31497E+4	3.18130E+6
8.31000E+1	4.23901E+4	7.07845E+4	5.14844E+6	1.60506E+6	8.32318E+4	3.36210E+6
8.32000E+1	4.25805E+4	7.12188E+4	5.92235E+6	1.58846E+6	8.32697E+4	3.48983E+6
8.33000E+1	4.23098E+4	7.08024E+4	5.35697E+6	1.58883E+6	8.32416E+4	3.29470E+6
8.34000E+1	4.26512E+4	7.08287E+4	5.21403E+6	1.63276E+6	8.33899E+4	3.27771E+6
8.35000E+1	4.26041E+4	7.12151E+4	6.02696E+6	1.61694E+6	8.32015E+4	3.33148E+6
8.36000E+1	4.23816E+4	7.12415E+4	5.20404E+6	1.60478E+6	8.32957E+4	3.30887E+6
8.37000E+1	4.26840E+4	7.11433E+4	5.48159E+6	1.59427E+6	8.33834E+4	3.50191E+6
8.38000E+1	4.27149E+4	7.10801E+4	5.43975E+6	1.59325E+6	8.30319E+4	3.27661E+6
8.39000E+1	4.28219E+4	7.11452E+4	5.27569E+6	1.62247E+6	8.31702E+4	3.35555E+6
8.40000E+1	4.28153E+4	7.10349E+4	5.18688E+6	1.60216E+6	8.29877E+4	3.42260E+6
8.41000E+1	4.32490E+4	7.11112E+4	5.29813E+6	1.59186E+6	8.28486E+4	3.37178E+6
8.42000E+1	4.28797E+4	7.13228E+4	5.14223E+6	1.57751E+6	8.28626E+4	3.22026E+6
8.43000E+1	4.27989E+4	7.14704E+4	5.23595E+6	1.60422E+6	8.33032E+4	3.39996E+6
8.44000E+1	4.28160E+4	7.11867E+4	5.06289E+6	1.60459E+6	8.29640E+4	3.31299E+6
8.45000E+1	4.28653E+4	7.12075E+4	5.47858E+6	1.61023E+6	8.30438E+4	3.37606E+6
8.46000E+1	4.28613E+4	7.11726E+4	5.17609E+6	1.60216E+6	8.29359E+4	3.36906E+6
8.47000E+1	4.29673E+4	7.11603E+4	5.49165E+6	1.61761E+6	8.29532E+4	3.38347E+6
8.48000E+1	4.29719E+4	7.12387E+4	5.49165E+6	1.58187E+6	8.31756E+4	3.40986E+6
8.49000E+1	4.29225E+4	7.12424E+4	5.33690E+6	1.57860E+6	8.28077E+4	3.34175E+6
8.50000E+1	4.28456E+4	7.12651E+4	5.42890E+6	1.59316E+6	8.29715E+4	3.29247E+6
8.51000E+1	4.31136E+4	7.11962E+4	5.46358E+6	1.61571E+6	8.28023E+4	3.54848E+6
8.52000E+1	4.29107E+4	7.12746E+4	5.61940E+6	1.62506E+6	8.29079E+4	3.25798E+6
8.53000E+1	4.28778E+4	7.14023E+4	5.24791E+6	1.59186E+6	8.28907E+4	3.27771E+6
8.54000E+1	4.29172E+4	7.17446E+4	5.48863E+6	1.59807E+6	8.28120E+4	3.28397E+6
8.55000E+1	4.28745E+4	7.12547E+4	5.24330E+6	1.62928E+6	8.28196E+4	3.46427E+6
8.56000E+1	4.31585E+4	7.13578E+4	5.40732E+6	1.59362E+6	8.26765E+4	3.33338E+6
8.57000E+1	4.31928E+4	7.14951E+4	5.30942E+6	1.59390E+6	8.30514E+4	3.45936E+6
8.58000E+1	4.31195E+4	7.16022E+4	5.33975E+6	1.57769E+6	8.26109E+4	3.42300E+6
8.59000E+1	4.29837E+4	7.15993E+4	5.85762E+6	1.61174E+6	8.27216E+4	3.37217E+6
8.60000E+1	4.29752E+4	7.15415E+4	5.45363E+6	1.58023E+6	8.25164E+4	3.53907E+6
8.61000E+1	4.30450E+4	7.14572E+4	5.28502E+6	1.64249E+6	8.24703E+4	3.31825E+6
8.62000E+1	4.31202E+4	7.17114E+4	5.80099E+6	1.69074E+6	8.30740E+4	3.42621E+6
8.63000E+1	4.29719E+4	7.16098E+4	5.25621E+6	1.58571E+6	8.28099E+4	3.37839E+6
8.64000E+1	4.30800E+4	7.17332E+4	5.22771E+6	1.60562E+6	8.27625E+4	3.38621E+6
8.65000E+1	4.28830E+4	7.15263E+4	5.25621E+6	1.57715E+6	8.25819E+4	3.29544E+6
8.66000E+1	4.29001E+4	7.16753E+4	5.04406E+6	1.59723E+6	8.26883E+4	3.41742E+6
8.67000E+1	4.28469E+4	7.17693E+4	5.44074E+6	1.58809E+6	8.26937E+4	3.41702E+6
8.68000E+1	4.27405E+4	7.14865E+4	5.17072E+6	1.63025E+6	8.25518E+4	3.39642E+6
8.69000E+1	4.26257E+4	7.15709E+4	5.12371E+6	1.61770E+6	8.26098E+4	3.63811E+6
8.70000E+1	4.27772E+4	7.17997E+4	5.52610E+6	1.62563E+6	8.23256E+4	3.42621E+6
8.71000E+1	4.26008E+4	7.15728E+4	4.96103E+6	1.64749E+6	8.26969E+4	3.38425E+6
8.72000E+1	4.25759E+4	7.19844E+4	5.12283E+6	1.63179E+6	8.28508E+4	3.54206E+6
8.73000E+1	4.25837E+4	7.16458E+4	5.14400E+6	1.62218E+6	8.28810E+4	3.38503E+6
8.74000E+1	4.24568E+4	7.19149E+4	5.14755E+6	1.64513E+6	8.23449E+4	3.40154E+6
8.75000E+1	4.24202E+4	7.15861E+4	4.79502E+6	1.60450E+6	8.24649E+4	3.35132E+6
8.76000E+1	4.26106E+4	7.17351E+4	4.91119E+6	1.61666E+6	8.24778E+4	3.34443E+6
8.77000E+1	4.24431E+4	7.17940E+4	4.88543E+6	1.65094E+6	8.25454E+4	3.45773E+6
8.78000E+1	4.23144E+4	7.18768E+4	4.74989E+6	1.62123E+6	8.24542E+4	3.32127E+6
8.79000E+1	4.18928E+4	7.18644E+4	5.04577E+6	1.59742E+6	8.26034E+4	3.53693E+6
8.80000E+1	4.20487E+4	7.15443E+4	4.77426E+6	1.59825E+6	8.25132E+4	3.30625E+6
8.81000E+1	4.20415E+4	7.19454E+4	4.94130E+6	1.61923E+6	8.25443E+4	3.45651E+6
8.82000E+1	4.19460E+4	7.19158E+4	4.76433E+6	1.60216E+6	8.26120E+4	3.35324E+6
8.83000E+1	4.19207E+4	7.18093E+4	4.39324E+6	1.60562E+6	8.28497E+4	3.50023E+6
8.84000E+1	4.18513E+4	7.18521E+4	4.86708E+6	1.57056E+6	8.24832E+4	3.30849E+6
8.85000E+1	4.19668E+4	7.18283E+4	4.52307E+6	1.58947E+6	8.25411E+4	3.59671E+6
8.86000E+1	4.19610E+4	7.17123E+4	4.61292E+6	1.56768E+6	8.25551E+4	3.23883E+6
8.87000E+1	4.20272E+4	7.17285E+4	4.89506E+6	1.59445E+6	8.25862E+4	3.39996E+6
8.88000E+1	4.18351E+4	7.16297E+4	4.63377E+6	1.59769E+6	8.25551E+4	3.48609E+6
8.89000E+1	4.19467E+4	7.19339E+4	4.77044E+6	1.56491E+6	8.26754E+4	3.41861E+6
8.90000E+1	4.17937E+4	7.21427E+4	4.79656E+6	1.58516E+6	8.26980E+4	3.36945E+6
8.91000E+1	4.20630E+4	7.18816E+4	4.69297E+6	1.60712E+6	8.26335E+4	3.29953E+6
8.92000E+1	4.18215E+4	7.18492E+4	4.84020E+6	1.60114E+6	8.26045E+4	3.50777E+6
8.93000E+1	4.18902E+4	7.22306E+4	4.76357E+6	1.56948E+6	8.24360E+4	3.40906E+6
8.94000E+1	4.16843E+4	7.16933E+4	4.60364E+6	1.55851E+6	8.26120E+4	3.35247E+6
8.95000E+1	4.15512E+4	7.23818E+4	4.72501E+6	1.60142E+6	8.27593E+4	3.48858E+6
8.96000E+1	4.15028E+4	7.20426E+4	4.68706E+6	1.57227E+6	8.27668E+4	3.25689E+6
8.97000E+1	4.14177E+4	7.18036E+4	4.78193E+6	1.59168E+6	8.26582E+4	3.41383E+6
8.98000E+1	4.16895E+4	7.19396E+4	4.69297E+6	1.56786E+6	8.23759E+4	3.40233E+6
8.99000E+1	4.16339E+4	7.18854E+4	4.61435E+6	1.56001E+6	8.25787E+4	3.45203E+6
9.00000E+1	4.15673E+4	7.20273E+4	5.13781E+6	1.58151E+6	8.29715E+4	3.34099E+6
9.01000E+1	4.15867E+4	7.19358E+4	4.52032E+6	1.59316E+6	8.26066E+4	3.35324E+6
9.02000E+1	4.15835E+4	7.21141E+4	4.63666E+6	1.59760E+6	8.25336E+4	3.33642E+6
9.03000E+1	4.12671E+4	7.18825E+4	4.72576E+6	1.56438E+6	8.28217E+4	3.21246E+6
9.04000E+1	4.14338E+4	7.19320E+4	4.87664E+6	1.58078E+6	8.24821E+4	3.48983E+6
9.05000E+1	4.12330E+4	7.20769E+4	4.47402E+6	1.52312E+6	8.27733E+4	3.26526E+6
9.06000E+1	4.11245E+4	7.19920E+4	4.73328E+6	1.56616E+6	8.25905E+4	3.43988E+6
9.07000E+1	4.12163E+4	7.21380E+4	4.93966E+6	1.53906E+6	8.26345E+4	3.33148E+6
9.08000E+1	4.12664E+4	7.19596E+4	4.81283E+6	1.59223E+6	8.26109E+4	3.38660E+6
9.09000E+1	4.09214E+4	7.21609E+4	4.77426E+6	1.54515E+6	8.23952E+4	3.22488E+6
9.10000E+1	4.09655E+4	7.22029E+4	4.51895E+6	1.56912E+6	8.24842E+4	3.30177E+6
9.11000E+1	4.09406E+4	7.19930E+4	4.64027E+6	1.54873E+6	8.25722E+4	3.43665E+6
9.12000E+1	4.09048E+4	7.22507E+4	4.64462E+6	1.56545E+6	8.27840E+4	3.47783E+6
9.13000E+1	4.08773E+4	7.20092E+4	4.50592E+6	1.53656E+6	8.27700E+4	3.30177E+6
9.14000E+1	4.08357E+4	7.21790E+4	4.71155E+6	1.56634E+6	8.25894E+4	3.36017E+6
9.15000E+1	4.07233E+4	7.22029E+4	4.84414E+6	1.52312E+6	8.26292E+4	3.37956E+6
9.16000E+1	4.07527E+4	7.21590E+4	4.69076E+6	1.54036E+6	8.27862E+4	3.54548E+6
9.17000E+1	4.05131E+4	7.19587E+4	4.31590E+6	1.51636E+6	8.25186E+4	3.37256E+6
9.18000E+1	4.09675E+4	7.22832E+4	4.73629E+6	1.52177E+6	8.27023E+4	3.38542E+6
9.19000E+1	4.06844E+4	7.19730E+4	4.36224E+6	1.53967E+6	8.27335E+4	3.34137E+6
9.20000E+1	4.08095E+4	7.21743E+4	4.51963E+6	1.55215E+6	8.26808E+4	3.49523E+6
9.21000E+1	4.05449E+4	7.23109E+4	4.75976E+6	1.57561E+6	8.27668E+4	3.43544E+6
9.22000E+1	4.07904E+4	7.23473E+4	4.26007E+6	1.55189E+6	8.25851E+4	3.23668E+6
9.23000E+1	4.05608E+4	7.22249E+4	4.78885E+6	1.56903E+6	8.28325E+4	3.45529E+6
9.24000E+1	4.04673E+4	7.20168E+4	4.34945E+6	1.55127E+6	8.23641E+4	3.35940E+6
9.25000E+1	4.05481E+4	7.20245E+4	4.75368E+6	1.58251E+6	8.27345E+4	3.39839E+6
9.26000E+1	4.04597E+4	7.23961E+4	4.57108E+6	1.52644E+6	8.23759E+4	3.29173E+6
9.27000E+1	4.05647E+4	7.23923E+4	4.80275E+6	1.54028E+6	8.22977E+4	3.61885E+6
9.28000E+1	4.06328E+4	7.22507E+4	4.63521E+6	1.56948E+6	8.25261E+4	3.32655E+6
9.29000E+1	4.03866E+4	7.20321E+4	4.70782E+6	1.60900E+6	8.27700E+4	3.31750E+6
9.30000E+1	4.05144E+4	7.22230E+4	4.61937E+6	1.55136E+6	8.24435E+4	3.35631E+6
9.31000E+1	4.04120E+4	7.23253E+4	4.55916E+6	1.55171E+6	8.24349E+4	3.46141E+6
9.32000E+1	4.05430E+4	7.22249E+4	4.40629E+6	1.57047E+6	8.23684E+4	3.35708E+6
9.33000E+1	4.05239E+4	7.22593E+4	4.75216E+6	1.57164E+6	8.24982E+4	3.60996E+6
9.34000E+1	4.05087E+4	7.24756E+4	4.78500E+6	1.56867E+6	8.26270E+4	3.46960E+6
9.35000E+1	4.04743E+4	7.25658E+4	4.54730E+6	1.57362E+6	8.25733E+4	3.22310E+6
9.36000E+1	4.04267E+4	7.22182E+4	4.69371E+6	1.59251E+6	8.24928E+4	3.36210E+6
9.37000E+1	4.03803E+4	7.21275E+4	4.39390E+6	1.57470E+6	8.23631E+4	3.35478E+6
9.38000E+1	4.07125E+4	7.19930E+4	4.91119E+6	1.54803E+6	8.24488E+4	3.31863E+6
9.39000E+1	4.07355E+4	7.25101E+4	4.87265E+6	1.57461E+6	8.25250E+4	3.37567E+6
9.40000E+1	4.05417E+4	7.21580E+4	4.74762E+6	1.56500E+6	8.25089E+4	3.28766E+6
9.41000E+1	4.06978E+4	7.23636E+4	4.48416E+6	1.58051E+6	8.24864E+4	3.33300E+6
9.42000E+1	4.08945E+4	7.25389E+4	4.57882E+6	1.57416E+6	8.26582E+4	3.38073E+6
9.43000E+1	4.07655E+4	7.21313E+4	4.66282E+6	1.57083E+6	8.25637E+4	3.13513E+6
9.44000E+1	4.07642E+4	7.23894E+4	5.05945E+6	1.59048E+6	8.23599E+4	3.53268E+6
9.45000E+1	4.08645E+4	7.24718E+4	4.72201E+6	1.59723E+6	8.28045E+4	3.60465E+6
9.46000E+1	4.09393E+4	7.24440E+4	4.99091E+6	1.59168E+6	8.25325E+4	3.51659E+6
9.47000E+1	4.08453E+4	7.23138E+4	4.56546E+6	1.59297E+6	8.21416E+4	3.39602E+6
9.48000E+1	4.09784E+4	7.21857E+4	4.49501E+6	1.55250E+6	8.23952E+4	3.37917E+6
9.49000E+1	4.10777E+4	7.24411E+4	4.96433E+6	1.60957E+6	8.22592E+4	3.42460E+6
9.50000E+1	4.11168E+4	7.22421E+4	5.37912E+6	1.54262E+6	8.27087E+4	3.43867E+6
9.51000E+1	4.09355E+4	7.22603E+4	4.93639E+6	1.57796E+6	8.23791E+4	3.44149E+6
9.52000E+1	4.10802E+4	7.23645E+4	4.70931E+6	1.56438E+6	8.21672E+4	3.30924E+6
9.53000E+1	4.12684E+4	7.24239E+4	4.73780E+6	1.60179E+6	8.23920E+4	3.47659E+6
9.54000E+1	4.12298E+4	7.24153E+4	4.63232E+6	1.57317E+6	8.22656E+4	3.49815E+6
9.55000E+1	4.13404E+4	7.22813E+4	4.48687E+6	1.60590E+6	8.24520E+4	3.41423E+6
9.56000E+1	4.10995E+4	7.25600E+4	5.15021E+6	1.62678E+6	8.24746E+4	3.50777E+6
9.57000E+1	4.08894E+4	7.24095E+4	4.87504E+6	1.60910E+6	8.24617E+4	3.35324E+6
9.58000E+1	4.11784E+4	7.26829E+4	4.73855E+6	1.59751E+6	8.26292E+4	3.39918E+6
9.59000E+1	4.12877E+4	7.23167E+4	4.38675E+6	1.58224E+6	8.23363E+4	3.41622E+6
9.60000E+1	4.11271E+4	7.24632E+4	4.64970E+6	1.59853E+6	8.24596E+4	3.38347E+6
9.61000E+1	4.11553E+4	7.24526E+4	4.66136E+6	1.60825E+6	8.24274E+4	3.51449E+6
9.62000E+1	4.09534E+4	7.25073E+4	4.44922E+6	1.59538E+6	8.21961E+4	3.39878E+6
9.63000E+1	4.12015E+4	7.26243E+4	4.71902E+6	1.59946E+6	8.23127E+4	3.44271E+6
9.64000E+1	4.10584E+4	7.26329E+4	4.40629E+6	1.57543E+6	8.21629E+4	3.29173E+6
9.65000E+1	4.11932E+4	7.24689E+4	4.99760E+6	1.59779E+6	8.22924E+4	3.48568E+6
9.66000E+1	4.09009E+4	7.22727E+4	4.77656E+6	1.59140E+6	8.24124E+4	3.39445E+6
9.67000E+1	4.10533E+4	7.21771E+4	4.80585E+6	1.60450E+6	8.24338E+4	3.47453E+6
9.68000E+1	4.10854E+4	7.25005E+4	4.88543E+6	1.59825E+6	8.22432E+4	3.40312E+6
9.69000E+1	4.10687E+4	7.23913E+4	4.77503E+6	1.61296E+6	8.23106E+4	3.43665E+6
9.70000E+1	4.08881E+4	7.24095E+4	4.87026E+6	1.58260E+6	8.22250E+4	3.43706E+6
9.71000E+1	4.10469E+4	7.22488E+4	4.62584E+6	1.56697E+6	8.23620E+4	3.40273E+6
9.72000E+1	4.10014E+4	7.24708E+4	4.58872E+6	1.58507E+6	8.22688E+4	3.48900E+6
9.73000E+1	4.10200E+4	7.23550E+4	5.25252E+6	1.59306E+6	8.26292E+4	3.60642E+6
9.74000E+1	4.08721E+4	7.20931E+4	4.65990E+6	1.54253E+6	8.23149E+4	3.28434E+6
9.75000E+1	4.10943E+4	7.24536E+4	4.88303E+6	1.59983E+6	8.22218E+4	3.50944E+6
9.76000E+1	4.10540E+4	7.23626E+4	4.49569E+6	1.62697E+6	8.24649E+4	3.45569E+6
9.77000E+1	4.08031E+4	7.23999E+4	4.95443E+6	1.55736E+6	8.21266E+4	3.39327E+6
9.78000E+1	4.11951E+4	7.23655E+4	5.10008E+6	1.58278E+6	8.23534E+4	3.52758E+6
9.79000E+1	4.11444E+4	7.25331E+4	5.13869E+6	1.60459E+6	8.24413E+4	3.51575E+6
9.80000E+1	4.09310E+4	7.25005E+4	4.76205E+6	1.62008E+6	8.20582E+4	3.28618E+6
9.81000E+1	4.12787E+4	7.23980E+4	4.99927E+6	1.57887E+6	8.22560E+4	3.38542E+6
9.82000E+1	4.13359E+4	7.27896E+4	5.26825E+6	1.58975E+6	8.23674E+4	3.41542E+6
9.83000E+1	4.11893E+4	7.23205E+4	4.94130E+6	1.60160E+6	8.24242E+4	3.32958E+6
9.84000E+1	4.13398E+4	7.26253E+4	4.84099E+6	1.59732E+6	8.23974E+4	3.53566E+6
9.85000E+1	4.12414E+4	7.22450E+4	4.80120E+6	1.56455E+6	8.24327E+4	3.23560E+6
9.86000E+1	4.12472E+4	7.26185E+4	4.88703E+6	1.61023E+6	8.21843E+4	3.45000E+6
9.87000E+1	4.13771E+4	7.27309E+4	5.04662E+6	1.57479E+6	8.24445E+4	3.36210E+6
9.88000E+1	4.13610E+4	7.22039E+4	4.52514E+6	1.50549E+6	8.24810E+4	3.24747E+6
9.89000E+1	4.12979E+4	7.27117E+4	4.84414E+6	1.56876E+6	8.21448E+4	3.36867E+6
9.90000E+1	4.11559E+4	7.21905E+4	4.72126E+6	1.52143E+6	8.21362E+4	3.39013E+6
9.91000E+1	4.09995E+4	7.26003E+4	4.73177E+6	1.51350E+6	8.26614E+4	3.46837E+6
9.92000E+1	4.11476E+4	7.26003E+4	4.68411E+6	1.55798E+6	8.24671E+4	3.40986E+6
9.93000E+1	4.06691E+4	7.23119E+4	4.68116E+6	1.55904E+6	8.26668E+4	3.39602E+6
9.94000E+1	4.07776E+4	7.25283E+4	4.81984E+6	1.57200E+6	8.26184E+4	3.57135E+6
9.95000E+1	4.05927E+4	7.23655E+4	4.52721E+6	1.49723E+6	8.21362E+4	3.41781E+6
9.96000E+1	4.03632E+4	7.26954E+4	4.57812E+6	1.52576E+6	8.25314E+4	3.62287E+6
9.97000E+1	4.05908E+4	7.27271E+4	4.83470E+6	1.51560E+6	8.27399E+4	3.59935E+6
9.98000E+1	4.04305E+4	7.24181E+4	4.43129E+6	1.48241E+6	8.22250E+4	3.40827E+6
9.99000E+1	4.03828E+4	7.24804E+4	4.77044E+6	1.52075E+6	8.24628E+4	3.48154E+6
1.00000E+2	4.02826E+4	7.27252E+4	4.65552E+6	1.53846E+6	8.22068E+4	3.48900E+6
1.00100E+2	4.00933E+4	7.24766E+4	4.90553E+6	1.53984E+6	8.24832E+4	3.56485E+6
1.00200E+2	4.05398E+4	7.24450E+4	4.72651E+6	1.54663E+6	8.21063E+4	3.34672E+6
1.00300E+2	4.01774E+4	7.25859E+4	4.43858E+6	1.54210E+6	8.23320E+4	3.32240E+6
1.00400E+2	4.03187E+4	7.26867E+4	5.12283E+6	1.60151E+6	8.27098E+4	3.60952E+6
1.00500E+2	4.00143E+4	7.25053E+4	4.43063E+6	1.48265E+6	8.25207E+4	3.50107E+6
1.00600E+2	4.02496E+4	7.26992E+4	4.63449E+6	1.53286E+6	8.27001E+4	3.40471E+6
1.00700E+2	4.07067E+4	7.25418E+4	4.68780E+6	1.51518E+6	8.27367E+4	3.52886E+6
1.00800E+2	4.03130E+4	7.23540E+4	4.49026E+6	1.51317E+6	8.26055E+4	3.27808E+6
1.00900E+2	4.04781E+4	7.27838E+4	4.88143E+6	1.55206E+6	8.22068E+4	3.70315E+6
1.01000E+2	4.06309E+4	7.22488E+4	4.35136E+6	1.56473E+6	8.20625E+4	3.31976E+6
1.01100E+2	4.04991E+4	7.25744E+4	4.67675E+6	1.57227E+6	8.20689E+4	3.51028E+6
1.01200E+2	4.05761E+4	7.25715E+4	4.55497E+6	1.62047E+6	8.22795E+4	3.44271E+6
1.01300E+2	4.05939E+4	7.24517E+4	4.63377E+6	1.62094E+6	8.19728E+4	3.42300E+6
1.01400E+2	4.07323E+4	7.24450E+4	5.32834E+6	1.58041E+6	8.21886E+4	3.50191E+6
1.01500E+2	4.07974E+4	7.24402E+4	4.41153E+6	1.57606E+6	8.23020E+4	3.29730E+6
1.01600E+2	4.09841E+4	7.26320E+4	4.85123E+6	1.58488E+6	8.23138E+4	3.33452E+6
1.01700E+2	4.10963E+4	7.26483E+4	4.87823E+6	1.58014E+6	8.24317E+4	3.59099E+6
1.01800E+2	4.10770E+4	7.24172E+4	4.64027E+6	1.61732E+6	8.21822E+4	3.53013E+6
1.01900E+2	4.10559E+4	7.26906E+4	5.01440E+6	1.56795E+6	8.19696E+4	3.55191E+6
1.02000E+2	4.09476E+4	7.25763E+4	4.71902E+6	1.59751E+6	8.21095E+4	3.43062E+6
1.02100E+2	4.06398E+4	7.27079E+4	4.82218E+6	1.57209E+6	8.21127E+4	3.32127E+6
1.02200E+2	4.03593E+4	7.26368E+4	4.60578E+6	1.57651E+6	8.21020E+4	3.31262E+6
1.02300E+2	4.00604E+4	7.25245E+4	4.40956E+6	1.63479E+6	8.19217E+4	3.51449E+6
1.02400E+2	4.01135E+4	7.24718E+4	4.54105E+6	1.60310E+6	8.18961E+4	3.39170E+6
1.02500E+2	3.98232E+4	7.29619E+4	4.50524E+6	1.59946E+6	8.22945E+4	3.60553E+6
1.02600E+2	3.95315E+4	7.24823E+4	4.34499E+6	1.57308E+6	8.19387E+4	3.37139E+6
1.02700E+2	3.96879E+4	7.25331E+4	4.56126E+6	1.62794E+6	8.20924E+4	3.65348E+6
1.02800E+2	3.95102E+4	7.25773E+4	4.63449E+6	1.62553E+6	8.19504E+4	3.47494E+6
1.02900E+2	3.94720E+4	7.24478E+4	4.56827E+6	1.55709E+6	8.20187E+4	3.52081E+6
1.03000E+2	3.98200E+4	7.24842E+4	4.40760E+6	1.55939E+6	8.21106E+4	3.34902E+6
1.03100E+2	3.96357E+4	7.27194E+4	4.97509E+6	1.60525E+6	8.20369E+4	3.71202E+6
1.03200E+2	3.97659E+4	7.25993E+4	4.50866E+6	1.57660E+6	8.19217E+4	3.28544E+6
1.03300E+2	3.99430E+4	7.25936E+4	4.67601E+6	1.59937E+6	8.21726E+4	3.59847E+6
1.03400E+2	4.00219E+4	7.23856E+4	4.58306E+6	1.58370E+6	8.21544E+4	3.46181E+6
1.03500E+2	4.01933E+4	7.25897E+4	4.92986E+6	1.55665E+6	8.20849E+4	3.43585E+6
1.03600E+2	4.02142E+4	7.24066E+4	4.35775E+6	1.61429E+6	8.17949E+4	3.37839E+6
1.03700E+2	4.01711E+4	7.24268E+4	4.82609E+6	1.62180E+6	8.21223E+4	3.44473E+6
1.03800E+2	4.04851E+4	7.25399E+4	4.72576E+6	1.62919E+6	8.18950E+4	3.55707E+6
1.03900E+2	4.02972E+4	7.25725E+4	5.05688E+6	1.57978E+6	8.23566E+4	3.51028E+6
1.04000E+2	4.04476E+4	7.25149E+4	4.67454E+6	1.57128E+6	8.19664E+4	3.34863E+6
