0.00000E+0	4.08892E+4	4.88836E+4	4.92424E+6	1.44581E+6	8.98409E+4	3.13190E+6
1.00000E-1	3.52806E+4	4.28071E+4	4.35015E+6	1.35577E+6	8.39632E+4	3.06371E+6
2.00000E-1	3.53449E+4	4.28005E+4	4.83871E+6	1.39468E+6	8.33872E+4	3.17279E+6
3.00000E-1	3.52712E+4	4.30783E+4	4.53765E+6	1.36498E+6	8.39163E+4	3.18630E+6
4.00000E-1	3.53325E+4	4.28886E+4	4.42607E+6	1.38452E+6	8.37443E+4	3.07017E+6
5.00000E-1	3.51563E+4	4.28853E+4	4.31847E+6	1.36194E+6	8.36845E+4	3.14983E+6
6.00000E-1	3.53254E+4	4.30882E+4	4.54807E+6	1.37704E+6	8.36269E+4	3.06888E+6
7.00000E-1	3.54991E+4	4.31351E+4	4.36937E+6	1.35074E+6	8.36813E+4	3.13257E+6
8.00000E-1	3.55287E+4	4.29558E+4	4.31847E+6	1.37971E+6	8.36237E+4	3.07341E+6
9.00000E-1	3.54766E+4	4.28932E+4	4.46938E+6	1.40745E+6	8.34836E+4	3.18769E+6
1.00000E+0	3.54553E+4	4.30664E+4	4.86875E+6	1.37123E+6	8.36845E+4	3.20168E+6
1.10000E+0	3.55814E+4	4.29874E+4	4.40701E+6	1.39187E+6	8.38238E+4	3.12954E+6
1.20000E+0	3.56104E+4	4.30889E+4	4.26442E+6	1.37171E+6	8.35563E+4	3.11816E+6
1.30000E+0	3.55672E+4	4.30117E+4	4.83635E+6	1.39937E+6	8.35129E+4	3.11183E+6
1.40000E+0	3.57136E+4	4.31615E+4	4.32225E+6	1.39302E+6	8.35390E+4	3.13628E+6
1.50000E+0	3.56833E+4	4.29999E+4	4.61013E+6	1.38958E+6	8.39523E+4	3.29040E+6
1.60000E+0	3.55642E+4	4.30645E+4	4.53903E+6	1.40453E+6	8.35140E+4	3.27969E+6
1.70000E+0	3.55151E+4	4.30777E+4	4.79973E+6	1.40613E+6	8.36476E+4	3.14575E+6
1.80000E+0	3.57367E+4	4.31819E+4	4.59659E+6	1.38367E+6	8.37019E+4	3.09005E+6
1.90000E+0	3.56009E+4	4.31965E+4	4.86240E+6	1.40344E+6	8.35683E+4	3.17832E+6
2.00000E+0	3.57771E+4	4.32507E+4	4.55713E+6	1.38844E+6	8.40669E+4	3.21437E+6
2.10000E+0	3.57450E+4	4.30098E+4	4.64179E+6	1.36525E+6	8.35205E+4	3.04066E+6
2.20000E+0	3.58121E+4	4.31311E+4	4.80670E+6	1.40804E+6	8.38586E+4	3.25558E+6
2.30000E+0	3.59698E+4	4.31918E+4	4.53211E+6	1.39922E+6	8.38172E+4	3.17210E+6
2.40000E+0	3.59311E+4	4.34135E+4	4.32414E+6	1.40409E+6	8.37628E+4	3.27235E+6
2.50000E+0	3.59632E+4	4.33082E+4	4.63240E+6	1.38823E+6	8.35433E+4	3.30939E+6
2.60000E+0	3.59668E+4	4.32884E+4	4.41948E+6	1.38524E+6	8.36334E+4	3.24473E+6
2.70000E+0	3.57711E+4	4.35196E+4	4.57045E+6	1.40555E+6	8.35379E+4	3.19817E+6
2.80000E+0	3.56679E+4	4.34692E+4	4.26074E+6	1.42186E+6	8.35531E+4	3.19993E+6
2.90000E+0	3.58205E+4	4.33784E+4	4.55713E+6	1.40848E+6	8.36182E+4	3.09300E+6
3.00000E+0	3.58561E+4	4.32897E+4	4.47409E+6	1.37011E+6	8.35466E+4	3.08089E+6
3.10000E+0	3.60568E+4	4.35196E+4	4.58242E+6	1.39511E+6	8.38880E+4	3.21190E+6
3.20000E+0	3.60157E+4	4.33221E+4	4.37775E+6	1.41164E+6	8.36128E+4	3.13965E+6
3.30000E+0	3.60634E+4	4.33896E+4	4.61156E+6	1.40365E+6	8.36530E+4	3.01482E+6
3.40000E+0	3.59472E+4	4.34692E+4	4.42607E+6	1.39908E+6	8.33698E+4	3.08743E+6
3.50000E+0	3.60037E+4	4.36491E+4	4.38163E+6	1.41955E+6	8.37933E+4	3.18352E+6
3.60000E+0	3.60186E+4	4.34778E+4	4.48084E+6	1.39966E+6	8.37541E+4	3.11582E+6
3.70000E+0	3.62521E+4	4.35494E+4	4.68124E+6	1.40387E+6	8.36291E+4	3.15392E+6
3.80000E+0	3.62037E+4	4.35514E+4	4.84343E+6	1.39223E+6	8.35867E+4	3.15290E+6
3.90000E+0	3.63311E+4	4.37176E+4	4.74845E+6	1.39995E+6	8.35900E+4	3.20625E+6
4.00000E+0	3.64216E+4	4.35421E+4	4.29470E+6	1.37507E+6	8.36204E+4	3.13797E+6
4.10000E+0	3.64090E+4	4.37389E+4	4.82851E+6	1.42560E+6	8.35227E+4	3.29819E+6
4.20000E+0	3.65933E+4	4.36704E+4	4.68566E+6	1.40643E+6	8.37248E+4	3.09398E+6
4.30000E+0	3.65278E+4	4.35893E+4	4.55573E+6	1.40358E+6	8.35846E+4	3.11682E+6
4.40000E+0	3.64696E+4	4.36757E+4	4.58172E+6	1.40009E+6	8.35889E+4	3.04289E+6
4.50000E+0	3.67714E+4	4.36724E+4	4.74089E+6	1.37430E+6	8.36443E+4	3.22503E+6
4.60000E+0	3.69192E+4	4.41053E+4	4.48152E+6	1.44882E+6	8.35639E+4	3.24979E+6
4.70000E+0	3.68070E+4	4.37915E+4	4.64760E+6	1.39973E+6	8.36454E+4	3.11749E+6
4.80000E+0	3.69881E+4	4.37535E+4	4.81914E+6	1.42470E+6	8.36139E+4	3.15255E+6
4.90000E+0	3.67539E+4	4.36511E+4	4.54876E+6	1.42157E+6	8.33211E+4	3.00268E+6
5.00000E+0	3.69996E+4	4.36039E+4	4.65778E+6	1.41481E+6	8.31135E+4	3.16144E+6
5.10000E+0	3.69047E+4	4.39622E+4	4.54667E+6	1.44312E+6	8.32389E+4	3.15802E+6
5.20000E+0	3.73026E+4	4.39369E+4	4.69157E+6	1.42613E+6	8.35835E+4	3.05727E+6
5.30000E+0	3.73123E+4	4.38868E+4	4.82773E+6	1.41296E+6	8.34056E+4	3.10884E+6
5.40000E+0	3.72358E+4	4.39255E+4	4.78892E+6	1.40643E+6	8.35194E+4	3.10818E+6
5.50000E+0	3.71946E+4	4.39202E+4	4.91694E+6	1.39742E+6	8.33991E+4	3.17348E+6
5.60000E+0	3.74053E+4	4.39622E+4	4.65123E+6	1.42966E+6	8.35781E+4	3.18109E+6
5.70000E+0	3.71655E+4	4.39429E+4	4.87512E+6	1.42060E+6	8.37226E+4	3.10487E+6
5.80000E+0	3.74412E+4	4.39616E+4	4.62807E+6	1.44489E+6	8.34630E+4	3.15973E+6
5.90000E+0	3.72638E+4	4.42311E+4	4.62735E+6	1.41607E+6	8.33904E+4	3.09727E+6
6.00000E+0	3.74035E+4	4.39475E+4	4.78431E+6	1.42778E+6	8.37432E+4	3.09530E+6
6.10000E+0	3.74893E+4	4.42419E+4	4.77817E+6	1.43397E+6	8.33590E+4	3.25413E+6
6.20000E+0	3.76851E+4	4.42647E+4	4.79124E+6	1.42650E+6	8.35368E+4	3.37699E+6
6.30000E+0	3.73701E+4	4.40223E+4	4.70790E+6	1.42343E+6	8.29796E+4	3.19083E+6
6.40000E+0	3.77236E+4	4.42345E+4	4.70418E+6	1.43648E+6	8.33774E+4	3.17210E+6
6.50000E+0	3.75838E+4	4.41755E+4	4.80515E+6	1.44006E+6	8.33926E+4	3.22681E+6
6.60000E+0	3.75509E+4	4.42325E+4	4.84343E+6	1.43064E+6	8.33189E+4	3.21827E+6
6.70000E+0	3.76772E+4	4.42298E+4	4.74240E+6	1.42613E+6	8.36780E+4	3.19782E+6
6.80000E+0	3.77609E+4	4.42084E+4	4.64397E+6	1.40906E+6	8.32443E+4	3.09234E+6
6.90000E+0	3.78453E+4	4.41997E+4	4.74467E+6	1.46089E+6	8.33341E+4	3.20449E+6
7.00000E+0	3.75777E+4	4.41749E+4	4.72584E+6	1.41592E+6	8.33438E+4	3.32746E+6
7.10000E+0	3.77327E+4	4.41642E+4	4.86081E+6	1.47140E+6	8.32659E+4	3.26431E+6
7.20000E+0	3.78361E+4	4.43720E+4	4.59446E+6	1.42261E+6	8.27727E+4	3.16315E+6
7.30000E+0	3.77382E+4	4.43855E+4	4.87672E+6	1.48125E+6	8.35933E+4	3.27602E+6
7.40000E+0	3.78949E+4	4.45650E+4	4.88551E+6	1.47395E+6	8.30044E+4	3.16350E+6
7.50000E+0	3.79323E+4	4.44869E+4	4.70418E+6	1.45107E+6	8.32529E+4	3.19958E+6
7.60000E+0	3.80151E+4	4.44069E+4	4.45329E+6	1.43785E+6	8.30962E+4	3.05214E+6
7.70000E+0	3.79574E+4	4.45690E+4	4.67535E+6	1.46570E+6	8.34457E+4	3.20907E+6
7.80000E+0	3.80224E+4	4.44930E+4	4.94220E+6	1.46554E+6	8.32259E+4	3.09464E+6
7.90000E+0	3.80280E+4	4.45495E+4	4.61658E+6	1.46074E+6	8.35336E+4	3.18735E+6
8.00000E+0	3.79335E+4	4.44809E+4	4.84658E+6	1.44735E+6	8.29160E+4	3.18839E+6
8.10000E+0	3.80206E+4	4.43814E+4	4.82930E+6	1.48521E+6	8.33493E+4	3.26176E+6
8.20000E+0	3.80709E+4	4.46249E+4	4.55155E+6	1.41068E+6	8.29882E+4	3.05920E+6
8.30000E+0	3.82019E+4	4.46566E+4	5.01195E+6	1.48230E+6	8.36639E+4	3.33277E+6
8.40000E+0	3.82099E+4	4.45589E+4	4.74089E+6	1.42351E+6	8.29602E+4	3.16453E+6
8.50000E+0	3.81213E+4	4.47389E+4	5.07675E+6	1.44113E+6	8.32129E+4	3.18561E+6
8.60000E+0	3.79071E+4	4.46613E+4	5.02546E+6	1.46349E+6	8.33796E+4	3.15358E+6
8.70000E+0	3.80157E+4	4.47214E+4	4.62375E+6	1.44836E+6	8.35498E+4	3.29411E+6
8.80000E+0	3.81017E+4	4.48848E+4	4.46535E+6	1.46436E+6	8.29753E+4	3.19747E+6
8.90000E+0	3.84133E+4	4.48578E+4	4.85052E+6	1.46855E+6	8.30443E+4	3.30490E+6
9.00000E+0	3.82585E+4	4.48679E+4	4.81992E+6	1.43930E+6	8.33363E+4	3.15836E+6
9.10000E+0	3.84682E+4	4.48044E+4	4.80437E+6	1.40767E+6	8.30627E+4	3.21049E+6
9.20000E+0	3.84065E+4	4.47977E+4	5.09234E+6	1.48748E+6	8.34110E+4	3.22467E+6
9.30000E+0	3.84571E+4	4.47227E+4	4.76899E+6	1.43770E+6	8.33633E+4	3.22360E+6
9.40000E+0	3.84602E+4	4.50243E+4	4.71237E+6	1.44405E+6	8.31318E+4	3.19958E+6
9.50000E+0	3.85504E+4	4.48896E+4	4.65414E+6	1.45542E+6	8.33612E+4	3.19677E+6
9.60000E+0	3.84478E+4	4.49187E+4	4.85685E+6	1.44728E+6	8.31945E+4	3.26686E+6
9.70000E+0	3.84213E+4	4.50290E+4	4.66875E+6	1.45448E+6	8.31145E+4	3.17175E+6
9.80000E+0	3.90600E+4	4.49891E+4	5.28885E+6	1.52173E+6	8.35770E+4	3.29262E+6
9.90000E+0	3.86643E+4	4.49180E+4	4.77204E+6	1.46688E+6	8.28793E+4	3.10255E+6
1.00000E+1	3.86018E+4	4.48781E+4	4.96111E+6	1.43770E+6	8.27652E+4	3.28892E+6
1.01000E+1	3.86247E+4	4.52054E+4	5.07243E+6	1.46459E+6	8.31556E+4	3.23610E+6
1.02000E+1	3.88367E+4	4.54047E+4	4.86557E+6	1.44428E+6	8.29872E+4	3.18283E+6
1.03000E+1	3.87877E+4	4.51504E+4	4.91288E+6	1.49605E+6	8.33146E+4	3.40645E+6
1.04000E+1	3.89561E+4	4.51654E+4	5.17349E+6	1.45909E+6	8.31275E+4	3.17210E+6
1.05000E+1	3.89206E+4	4.51966E+4	5.03394E+6	1.45893E+6	8.30379E+4	3.11483E+6
1.06000E+1	3.89666E+4	4.52578E+4	4.94794E+6	1.51498E+6	8.31978E+4	3.36264E+6
1.07000E+1	3.91167E+4	4.51647E+4	4.88952E+6	1.43625E+6	8.31805E+4	3.25522E+6
1.08000E+1	3.90906E+4	4.50562E+4	4.84579E+6	1.44006E+6	8.30238E+4	3.07699E+6
1.09000E+1	3.91248E+4	4.52489E+4	4.91694E+6	1.46325E+6	8.30595E+4	3.18630E+6
1.10000E+1	3.88609E+4	4.52544E+4	5.13790E+6	1.48505E+6	8.28223E+4	3.32104E+6
1.11000E+1	3.89629E+4	4.52605E+4	4.97767E+6	1.44052E+6	8.28556E+4	3.18387E+6
1.12000E+1	3.92291E+4	4.52639E+4	5.04329E+6	1.45526E+6	8.29031E+4	3.22360E+6
1.13000E+1	3.93078E+4	4.54334E+4	5.21685E+6	1.44705E+6	8.30670E+4	3.22005E+6
1.14000E+1	3.92209E+4	4.53782E+4	4.79047E+6	1.48069E+6	8.31221E+4	3.29299E+6
1.15000E+1	3.92191E+4	4.53523E+4	5.17170E+6	1.47563E+6	8.28266E+4	3.35878E+6
1.16000E+1	3.92028E+4	4.54824E+4	4.72284E+6	1.46294E+6	8.28470E+4	3.30155E+6
1.17000E+1	3.92953E+4	4.54490E+4	4.88391E+6	1.43777E+6	8.26985E+4	3.19223E+6
1.18000E+1	3.95163E+4	4.54770E+4	4.80128E+6	1.46633E+6	8.26824E+4	3.36573E+6
1.19000E+1	3.93522E+4	4.53761E+4	4.62807E+6	1.50729E+6	8.28180E+4	3.22076E+6
1.20000E+1	3.93090E+4	4.56962E+4	4.80282E+6	1.47435E+6	8.27082E+4	3.09991E+6
1.21000E+1	3.94749E+4	4.55677E+4	4.73410E+6	1.43541E+6	8.26749E+4	3.16281E+6
1.22000E+1	3.95734E+4	4.54947E+4	4.85210E+6	1.45956E+6	8.28653E+4	3.19432E+6
1.23000E+1	3.93109E+4	4.54116E+4	4.72584E+6	1.47779E+6	8.25030E+4	3.20379E+6
1.24000E+1	3.94580E+4	4.55629E+4	5.07675E+6	1.47619E+6	8.26921E+4	3.31014E+6
1.25000E+1	3.95910E+4	4.56251E+4	4.87672E+6	1.47332E+6	8.27824E+4	3.25123E+6
1.26000E+1	3.93728E+4	4.56592E+4	4.77051E+6	1.44297E+6	8.27211E+4	3.03400E+6
1.27000E+1	3.95257E+4	4.56305E+4	4.97601E+6	1.46168E+6	8.26351E+4	3.28264E+6
1.28000E+1	3.95571E+4	4.55425E+4	5.02969E+6	1.44182E+6	8.25331E+4	3.26103E+6
1.29000E+1	3.93948E+4	4.55390E+4	4.92506E+6	1.45122E+6	8.23015E+4	3.18909E+6
1.30000E+1	3.96575E+4	4.57735E+4	5.05269E+6	1.50173E+6	8.27587E+4	3.13932E+6
1.31000E+1	3.95991E+4	4.57509E+4	5.06040E+6	1.48723E+6	8.25009E+4	3.30789E+6
1.32000E+1	3.96701E+4	4.56333E+4	5.01617E+6	1.47204E+6	8.23647E+4	3.30341E+6
1.33000E+1	3.97632E+4	4.55568E+4	4.92913E+6	1.44882E+6	8.24440E+4	3.17382E+6
1.34000E+1	3.94893E+4	4.56196E+4	4.80670E+6	1.46839E+6	8.25320E+4	3.30006E+6
1.35000E+1	3.96374E+4	4.58201E+4	4.74316E+6	1.44335E+6	8.27007E+4	3.21579E+6
1.36000E+1	3.96695E+4	4.58571E+4	5.27765E+6	1.54111E+6	8.25481E+4	3.23754E+6
1.37000E+1	3.96883E+4	4.57660E+4	5.26649E+6	1.48391E+6	8.26921E+4	3.21579E+6
1.38000E+1	3.95339E+4	4.58927E+4	4.65778E+6	1.47387E+6	8.22405E+4	3.08775E+6
1.39000E+1	3.96607E+4	4.59023E+4	4.86002E+6	1.46894E+6	8.27415E+4	3.34840E+6
1.40000E+1	3.94298E+4	4.58255E+4	5.16098E+6	1.49572E+6	8.23454E+4	3.12988E+6
1.41000E+1	3.95119E+4	4.56948E+4	4.93811E+6	1.42989E+6	8.21667E+4	3.13324E+6
1.42000E+1	3.96274E+4	4.60822E+4	5.27392E+6	1.49000E+6	8.26168E+4	3.38558E+6
1.43000E+1	3.96852E+4	4.60025E+4	5.00355E+6	1.47892E+6	8.22886E+4	3.18352E+6
1.44000E+1	3.96865E+4	4.59428E+4	4.67682E+6	1.44566E+6	8.23304E+4	3.40012E+6
1.45000E+1	3.95728E+4	4.60451E+4	5.11852E+6	1.46436E+6	8.24547E+4	3.20414E+6
1.46000E+1	3.99472E+4	4.60259E+4	4.82148E+6	1.48902E+6	8.23293E+4	3.25739E+6
1.47000E+1	3.98079E+4	4.58831E+4	4.98682E+6	1.46003E+6	8.24697E+4	3.25848E+6
1.48000E+1	3.96701E+4	4.57981E+4	5.03309E+6	1.43640E+6	8.24451E+4	3.10685E+6
1.49000E+1	3.97261E+4	4.60492E+4	5.04671E+6	1.51188E+6	8.23583E+4	3.31878E+6
1.50000E+1	3.96469E+4	4.62894E+4	4.86081E+6	1.48821E+6	8.24622E+4	3.21367E+6
1.51000E+1	3.98545E+4	4.60960E+4	4.71610E+6	1.45347E+6	8.22052E+4	3.18804E+6
1.52000E+1	3.97210E+4	4.60135E+4	5.00859E+6	1.45068E+6	8.22383E+4	3.26869E+6
1.53000E+1	3.95910E+4	4.60355E+4	4.74013E+6	1.47300E+6	8.23968E+4	3.25232E+6
1.54000E+1	3.96934E+4	4.61778E+4	5.01448E+6	1.43831E+6	8.23400E+4	3.16076E+6
1.55000E+1	3.98318E+4	4.63805E+4	5.09929E+6	1.51188E+6	8.25814E+4	3.31953E+6
1.56000E+1	3.95408E+4	4.61951E+4	4.90803E+6	1.48101E+6	8.23250E+4	3.23252E+6
1.57000E+1	3.96896E+4	4.61489E+4	4.85606E+6	1.42613E+6	8.22341E+4	3.21013E+6
1.58000E+1	3.96330E+4	4.63115E+4	5.35227E+6	1.47844E+6	8.23443E+4	3.29188E+6
1.59000E+1	3.95238E+4	4.63012E+4	5.19689E+6	1.49893E+6	8.20534E+4	3.27822E+6
1.60000E+1	3.95357E+4	4.61895E+4	4.77510E+6	1.43246E+6	8.20492E+4	3.11849E+6
1.61000E+1	3.95320E+4	4.64399E+4	4.91694E+6	1.50912E+6	8.23786E+4	3.25994E+6
1.62000E+1	3.92497E+4	4.63508E+4	5.03819E+6	1.42575E+6	8.22994E+4	3.21898E+6
1.63000E+1	3.94010E+4	4.64219E+4	4.76746E+6	1.49950E+6	8.22951E+4	3.18491E+6
1.64000E+1	3.91467E+4	4.62508E+4	4.64324E+6	1.45293E+6	8.23604E+4	3.19923E+6
1.65000E+1	3.90700E+4	4.62219E+4	4.56553E+6	1.43633E+6	8.21731E+4	3.20485E+6
1.66000E+1	3.92672E+4	4.62378E+4	4.97850E+6	1.44305E+6	8.21442E+4	3.29040E+6
1.67000E+1	3.91698E+4	4.63308E+4	4.77357E+6	1.42411E+6	8.24226E+4	3.09497E+6
1.68000E+1	3.88032E+4	4.65464E+4	5.13172E+6	1.47531E+6	8.25728E+4	3.19712E+6
1.69000E+1	3.89505E+4	4.65484E+4	4.98682E+6	1.44543E+6	8.22073E+4	3.17832E+6
1.70000E+1	3.86798E+4	4.64440E+4	5.13878E+6	1.45792E+6	8.23208E+4	3.14169E+6
1.71000E+1	3.87294E+4	4.64662E+4	5.02292E+6	1.44789E+6	8.21154E+4	3.25522E+6
1.72000E+1	3.86897E+4	4.64800E+4	4.52314E+6	1.47491E+6	8.21571E+4	3.19397E+6
1.73000E+1	3.85263E+4	4.66052E+4	4.84500E+6	1.43511E+6	8.26157E+4	3.28080E+6
1.74000E+1	3.82327E+4	4.66703E+4	4.64252E+6	1.47029E+6	8.24976E+4	3.35724E+6
1.75000E+1	3.80556E+4	4.67189E+4	4.68418E+6	1.48845E+6	8.22983E+4	3.06113E+6
1.76000E+1	3.83257E+4	4.64765E+4	4.80980E+6	1.45870E+6	8.27620E+4	3.17832E+6
1.77000E+1	3.79556E+4	4.66080E+4	5.03309E+6	1.43397E+6	8.23711E+4	3.17693E+6
1.78000E+1	3.80292E+4	4.67639E+4	5.25169E+6	1.47523E+6	8.24901E+4	3.28375E+6
1.79000E+1	3.78061E+4	4.65886E+4	4.54389E+6	1.42628E+6	8.24065E+4	3.18804E+6
1.80000E+1	3.79035E+4	4.67279E+4	4.70120E+6	1.41481E+6	8.26663E+4	3.41161E+6
1.81000E+1	3.75058E+4	4.67771E+4	4.37259E+6	1.44006E+6	8.22737E+4	3.05599E+6
1.82000E+1	3.77071E+4	4.67987E+4	5.18877E+6	1.43557E+6	8.24633E+4	3.17141E+6
1.83000E+1	3.76833E+4	4.68424E+4	4.52866E+6	1.42373E+6	8.26437E+4	3.19432E+6
1.84000E+1	3.74656E+4	4.66870E+4	4.52314E+6	1.43095E+6	8.23604E+4	3.10917E+6
1.85000E+1	3.73002E+4	4.69355E+4	4.77893E+6	1.45893E+6	8.24408E+4	3.17901E+6
1.86000E+1	3.73208E+4	4.71808E+4	4.74391E+6	1.42306E+6	8.24730E+4	3.18979E+6
1.87000E+1	3.72723E+4	4.69390E+4	4.53557E+6	1.43617E+6	8.25277E+4	3.14067E+6
1.88000E+1	3.70861E+4	4.68389E+4	4.49100E+6	1.39417E+6	8.25492E+4	3.14067E+6
1.89000E+1	3.70559E+4	4.68528E+4	4.52521E+6	1.41844E+6	8.24247E+4	3.13898E+6
1.90000E+1	3.69174E+4	4.68632E+4	4.61801E+6	1.39641E+6	8.23925E+4	3.15733E+6
1.91000E+1	3.69694E+4	4.69787E+4	4.84894E+6	1.40176E+6	8.26007E+4	3.17348E+6
1.92000E+1	3.66185E+4	4.70455E+4	4.73335E+6	1.41385E+6	8.29408E+4	3.24690E+6
1.93000E+1	3.66342E+4	4.69515E+4	4.74089E+6	1.45565E+6	8.25438E+4	3.07926E+6
1.94000E+1	3.67425E+4	4.69147E+4	4.45329E+6	1.43299E+6	8.26953E+4	3.15460E+6
1.95000E+1	3.65782E+4	4.70079E+4	4.64760E+6	1.39432E+6	8.24773E+4	3.08285E+6
1.96000E+1	3.65200E+4	4.70636E+4	4.56974E+6	1.40555E+6	8.26964E+4	3.20802E+6
1.97000E+1	3.66041E+4	4.71306E+4	4.78277E+6	1.41090E+6	8.28416E+4	3.24149E+6
1.98000E+1	3.65560E+4	4.70636E+4	4.68197E+6	1.39901E+6	8.27857E+4	3.32973E+6
1.99000E+1	3.62958E+4	4.69891E+4	4.64252E+6	1.36595E+6	8.26061E+4	3.00671E+6
2.00000E+1	3.63742E+4	4.70246E+4	4.80515E+6	1.39973E+6	8.26942E+4	3.18839E+6
2.01000E+1	3.63191E+4	4.70476E+4	4.47746E+6	1.38623E+6	8.25760E+4	3.16110E+6
2.02000E+1	3.62958E+4	4.71083E+4	4.60799E+6	1.41496E+6	8.28783E+4	3.24293E+6
2.03000E+1	3.63616E+4	4.72807E+4	4.62591E+6	1.39417E+6	8.27286E+4	3.08743E+6
2.04000E+1	3.63778E+4	4.73695E+4	4.49372E+6	1.43132E+6	8.26985E+4	3.18179E+6
2.05000E+1	3.62126E+4	4.72597E+4	4.32856E+6	1.37753E+6	8.25030E+4	3.07471E+6
2.06000E+1	3.62114E+4	4.74283E+4	4.48219E+6	1.41547E+6	8.28912E+4	3.11516E+6
2.07000E+1	3.59769E+4	4.72094E+4	4.72659E+6	1.37936E+6	8.28880E+4	3.07634E+6
2.08000E+1	3.62874E+4	4.70351E+4	4.24062E+6	1.38169E+6	8.29171E+4	3.03337E+6
2.09000E+1	3.62754E+4	4.72164E+4	4.81680E+6	1.42763E+6	8.29828E+4	3.16110E+6
2.10000E+1	3.61523E+4	4.74157E+4	4.47949E+6	1.38438E+6	8.27222E+4	3.10156E+6
2.11000E+1	3.61684E+4	4.73093E+4	4.52314E+6	1.43027E+6	8.31448E+4	3.11582E+6
2.12000E+1	3.61732E+4	4.72415E+4	4.42277E+6	1.39734E+6	8.26802E+4	3.04926E+6
2.13000E+1	3.60771E+4	4.71892E+4	4.60514E+6	1.37662E+6	8.25470E+4	3.06564E+6
2.14000E+1	3.62497E+4	4.74920E+4	4.40048E+6	1.39886E+6	8.29634E+4	3.23610E+6
2.15000E+1	3.60556E+4	4.72646E+4	4.63095E+6	1.38417E+6	8.27781E+4	3.08677E+6
2.16000E+1	3.61326E+4	4.72366E+4	4.46938E+6	1.36775E+6	8.28524E+4	3.00268E+6
2.17000E+1	3.60431E+4	4.74598E+4	4.53557E+6	1.39554E+6	8.31329E+4	3.13965E+6
2.18000E+1	3.60300E+4	4.72765E+4	4.69009E+6	1.36921E+6	8.27071E+4	3.14270E+6
2.19000E+1	3.63317E+4	4.72199E+4	4.44263E+6	1.39410E+6	8.27792E+4	3.14915E+6
2.20000E+1	3.60729E+4	4.76021E+4	4.69749E+6	1.39037E+6	8.28083E+4	3.10685E+6
2.21000E+1	3.60658E+4	4.72911E+4	4.44995E+6	1.38965E+6	8.30303E+4	3.06985E+6
2.22000E+1	3.59257E+4	4.74038E+4	4.25280E+6	1.39836E+6	8.29052E+4	3.05374E+6
2.23000E+1	3.59948E+4	4.74500E+4	4.85368E+6	1.40053E+6	8.28341E+4	3.02895E+6
2.24000E+1	3.62557E+4	4.76098E+4	4.59801E+6	1.40424E+6	8.31686E+4	3.20098E+6
2.25000E+1	3.59412E+4	4.75032E+4	4.44596E+6	1.37542E+6	8.27405E+4	2.95564E+6
2.26000E+1	3.60675E+4	4.75278E+4	4.58101E+6	1.38666E+6	8.30238E+4	3.03939E+6
2.27000E+1	3.60127E+4	4.75460E+4	4.55225E+6	1.40519E+6	8.29257E+4	3.16041E+6
2.28000E+1	3.59960E+4	4.74990E+4	4.44929E+6	1.41134E+6	8.28460E+4	3.00640E+6
2.29000E+1	3.61636E+4	4.73814E+4	4.55504E+6	1.43200E+6	8.30541E+4	3.11117E+6
2.30000E+1	3.59269E+4	4.76393E+4	4.64397E+6	1.40716E+6	8.29613E+4	3.16831E+6
2.31000E+1	3.60783E+4	4.75285E+4	4.38098E+6	1.36809E+6	8.30217E+4	3.05086E+6
2.32000E+1	3.60526E+4	4.76709E+4	4.42541E+6	1.36678E+6	8.31988E+4	3.05150E+6
2.33000E+1	3.60544E+4	4.76028E+4	4.86319E+6	1.35823E+6	8.28029E+4	3.15358E+6
2.34000E+1	3.58187E+4	4.77033E+4	4.54946E+6	1.41963E+6	8.30908E+4	3.15221E+6
2.35000E+1	3.59823E+4	4.77180E+4	4.53557E+6	1.39648E+6	8.26222E+4	3.05310E+6
2.36000E+1	3.61063E+4	4.78095E+4	4.54459E+6	1.40679E+6	8.29828E+4	2.92615E+6
2.37000E+1	3.55601E+4	4.79010E+4	4.47746E+6	1.36615E+6	8.33807E+4	3.09760E+6
2.38000E+1	3.46527E+4	4.79553E+4	4.38487E+6	1.39633E+6	8.27749E+4	3.07991E+6
2.39000E+1	3.30983E+4	4.79814E+4	4.06921E+6	1.40731E+6	8.29257E+4	3.08612E+6
2.40000E+1	3.21171E+4	4.79998E+4	3.95060E+6	1.39568E+6	8.32399E+4	3.00268E+6
2.41000E+1	3.12335E+4	4.76892E+4	3.58294E+6	1.35947E+6	8.30908E+4	2.99648E+6
2.42000E+1	3.03533E+4	4.78799E+4	3.89585E+6	1.39109E+6	8.31124E+4	3.13830E+6
2.43000E+1	2.97941E+4	4.79320E+4	3.69042E+6	1.35060E+6	8.32270E+4	3.14711E+6
2.44000E+1	2.91116E+4	4.78214E+4	3.38722E+6	1.31560E+6	8.31253E+4	3.09859E+6
2.45000E+1	2.87416E+4	4.78883E+4	3.56511E+6	1.33285E+6	8.33016E+4	3.06532E+6
2.46000E+1	2.82904E+4	4.76829E+4	3.36658E+6	1.31741E+6	8.31859E+4	3.17106E+6
2.47000E+1	2.78349E+4	4.78454E+4	3.33209E+6	1.31322E+6	8.33460E+4	3.08644E+6
2.48000E+1	2.76572E+4	4.76414E+4	3.33057E+6	1.32352E+6	8.34338E+4	3.16281E+6
2.49000E+1	2.74533E+4	4.76084E+4	3.27426E+6	1.29205E+6	8.31902E+4	3.14813E+6
2.50000E+1	2.73942E+4	4.76604E+4	3.26438E+6	1.27967E+6	8.35455E+4	3.11983E+6
2.51000E+1	2.69784E+4	4.79229E+4	3.15296E+6	1.28201E+6	8.34652E+4	3.08972E+6
2.52000E+1	2.67683E+4	4.74822E+4	3.02366E+6	1.25759E+6	8.35824E+4	3.02895E+6
2.53000E+1	2.69534E+4	4.77314E+4	3.25965E+6	1.27765E+6	8.34847E+4	3.16281E+6
2.54000E+1	2.64358E+4	4.74885E+4	3.03185E+6	1.24082E+6	8.35238E+4	3.07276E+6
2.55000E+1	2.64698E+4	4.77237E+4	3.05253E+6	1.26080E+6	8.37324E+4	3.02863E+6
2.56000E+1	2.62943E+4	4.76316E+4	3.04741E+6	1.23356E+6	8.35032E+4	2.91673E+6
2.57000E+1	2.61968E+4	4.74717E+4	3.18290E+6	1.26206E+6	8.36128E+4	3.11316E+6
2.58000E+1	2.61680E+4	4.75193E+4	3.10858E+6	1.23585E+6	8.38259E+4	3.10586E+6
2.59000E+1	2.60886E+4	4.75418E+4	3.01832E+6	1.22780E+6	8.36476E+4	3.10520E+6
2.60000E+1	2.60973E+4	4.74675E+4	2.97751E+6	1.24944E+6	8.36921E+4	3.19013E+6
2.61000E+1	2.59745E+4	4.75404E+4	3.00553E+6	1.22316E+6	8.38477E+4	3.06597E+6
2.62000E+1	2.59372E+4	4.74570E+4	3.04965E+6	1.23920E+6	8.37563E+4	3.19048E+6
2.63000E+1	2.57143E+4	4.76070E+4	2.92120E+6	1.21347E+6	8.36845E+4	3.09727E+6
2.64000E+1	2.57570E+4	4.75222E+4	2.94850E+6	1.23465E+6	8.38771E+4	3.19572E+6
2.65000E+1	2.55297E+4	4.74577E+4	2.93034E+6	1.22338E+6	8.40254E+4	3.16281E+6
2.66000E+1	2.57397E+4	4.74668E+4	2.93034E+6	1.23076E+6	8.39054E+4	3.12921E+6
2.67000E+1	2.55947E+4	4.74780E+4	2.91357E+6	1.19793E+6	8.39065E+4	3.11983E+6
2.68000E+1	2.56797E+4	4.74164E+4	2.90278E+6	1.20261E+6	8.38946E+4	3.18283E+6
2.69000E+1	2.57183E+4	4.74864E+4	2.97294E+6	1.22423E+6	8.40494E+4	3.15870E+6
2.70000E+1	2.55196E+4	4.73723E+4	2.80200E+6	1.19560E+6	8.38564E+4	3.00392E+6
2.71000E+1	2.58345E+4	4.75334E+4	2.95029E+6	1.21570E+6	8.41335E+4	3.15973E+6
2.72000E+1	2.55653E+4	4.72974E+4	2.89959E+6	1.18100E+6	8.40570E+4	3.02643E+6
2.73000E+1	2.55587E+4	4.73786E+4	2.93152E+6	1.21048E+6	8.41389E+4	3.08939E+6
2.74000E+1	2.56415E+4	4.75495E+4	2.97173E+6	1.19177E+6	8.44519E+4	3.06242E+6
2.75000E+1	2.55536E+4	4.76169E+4	2.96930E+6	1.19825E+6	8.45648E+4	3.12585E+6
2.76000E+1	2.56013E+4	4.73569E+4	2.80417E+6	1.18142E+6	8.43347E+4	3.06403E+6
2.77000E+1	2.54668E+4	4.73870E+4	2.86577E+6	1.16184E+6	8.44146E+4	3.01294E+6
2.78000E+1	2.54465E+4	4.74738E+4	2.85280E+6	1.16875E+6	8.43018E+4	3.01294E+6
2.79000E+1	2.56293E+4	4.73646E+4	3.13264E+6	1.19129E+6	8.47571E+4	3.17451E+6
2.80000E+1	2.55378E+4	4.76007E+4	2.85561E+6	1.21503E+6	8.42964E+4	3.12183E+6
2.81000E+1	2.55475E+4	4.75691E+4	2.89988E+6	1.17810E+6	8.45122E+4	3.14677E+6
2.82000E+1	2.54409E+4	4.72960E+4	2.73727E+6	1.16363E+6	8.42471E+4	2.94574E+6
2.83000E+1	2.53270E+4	4.75621E+4	2.92679E+6	1.20700E+6	8.46241E+4	3.17417E+6
2.84000E+1	2.54790E+4	4.75158E+4	2.96112E+6	1.20398E+6	8.44124E+4	3.03116E+6
2.85000E+1	2.52951E+4	4.72562E+4	2.84831E+6	1.17516E+6	8.44694E+4	3.01920E+6
2.86000E+1	2.52430E+4	4.74003E+4	3.03501E+6	1.18312E+6	8.45122E+4	2.98632E+6
2.87000E+1	2.52663E+4	4.75607E+4	2.93152E+6	1.19961E+6	8.44902E+4	3.05984E+6
2.88000E+1	2.52875E+4	4.74444E+4	2.92002E+6	1.20332E+6	8.50357E+4	3.05759E+6
2.89000E+1	2.52516E+4	4.74094E+4	2.94461E+6	1.15156E+6	8.47571E+4	3.05118E+6
2.90000E+1	2.52708E+4	4.73604E+4	2.82112E+6	1.15000E+6	8.48759E+4	3.06145E+6
2.91000E+1	2.51547E+4	4.76513E+4	2.83993E+6	1.19804E+6	8.49365E+4	3.07147E+6
2.92000E+1	2.52067E+4	4.76077E+4	2.98057E+6	1.18476E+6	8.45736E+4	3.04161E+6
2.93000E+1	2.52830E+4	4.77412E+4	2.95781E+6	1.18100E+6	8.51472E+4	2.90738E+6
2.94000E+1	2.52678E+4	4.75691E+4	2.82911E+6	1.16823E+6	8.49905E+4	3.07114E+6
2.95000E+1	2.53209E+4	4.75165E+4	2.81919E+6	1.15495E+6	8.53263E+4	2.98940E+6
2.96000E+1	2.54181E+4	4.76253E+4	2.82084E+6	1.15943E+6	8.50402E+4	2.95444E+6
2.97000E+1	2.54004E+4	4.76618E+4	2.86691E+6	1.16802E+6	8.51030E+4	3.00144E+6
2.98000E+1	2.52648E+4	4.74794E+4	2.89699E+6	1.18132E+6	8.49553E+4	2.98142E+6
2.99000E+1	2.52238E+4	4.74248E+4	2.83520E+6	1.13341E+6	8.51682E+4	2.87824E+6
3.00000E+1	2.53442E+4	4.77419E+4	2.88058E+6	1.15657E+6	8.54813E+4	3.03844E+6
3.01000E+1	2.52981E+4	4.74451E+4	2.97507E+6	1.16585E+6	8.53274E+4	2.91761E+6
3.02000E+1	2.54861E+4	4.77715E+4	2.87088E+6	1.15075E+6	8.48264E+4	2.92526E+6
3.03000E+1	2.53492E+4	4.74227E+4	3.02554E+6	1.15368E+6	8.54736E+4	3.06888E+6
3.04000E+1	2.54176E+4	4.75208E+4	2.77459E+6	1.15141E+6	8.51925E+4	2.98050E+6
3.05000E+1	2.53928E+4	4.76597E+4	2.81700E+6	1.16127E+6	8.50291E+4	3.03242E+6
3.06000E+1	2.53164E+4	4.74934E+4	2.91094E+6	1.16312E+6	8.52787E+4	3.04895E+6
3.07000E+1	2.54055E+4	4.74493E+4	2.85364E+6	1.14170E+6	8.52621E+4	2.86458E+6
3.08000E+1	2.54404E+4	4.73345E+4	2.87145E+6	1.15267E+6	8.51306E+4	2.99556E+6
3.09000E+1	2.54207E+4	4.75916E+4	2.90278E+6	1.11368E+6	8.49938E+4	2.89115E+6
3.10000E+1	2.54916E+4	4.74164E+4	2.95480E+6	1.17521E+6	8.52555E+4	2.95865E+6
3.11000E+1	2.55698E+4	4.75691E+4	2.95901E+6	1.13843E+6	8.46351E+4	2.92290E+6
3.12000E+1	2.53290E+4	4.74703E+4	2.96778E+6	1.14929E+6	8.47142E+4	3.10388E+6
3.13000E+1	2.54409E+4	4.73604E+4	2.92237E+6	1.14563E+6	8.41619E+4	2.89288E+6
3.14000E+1	2.54627E+4	4.72506E+4	2.93686E+6	1.17312E+6	8.44968E+4	2.86317E+6
3.15000E+1	2.53533E+4	4.71389E+4	2.83326E+6	1.13321E+6	8.42821E+4	2.90855E+6
3.16000E+1	2.54156E+4	4.70281E+4	2.81289E+6	1.13395E+6	8.39229E+4	2.79302E+6
3.17000E+1	2.52304E+4	4.71815E+4	2.88030E+6	1.17495E+6	8.39022E+4	2.93651E+6
3.18000E+1	2.53194E+4	4.69522E+4	2.85758E+6	1.18015E+6	8.39839E+4	3.05214E+6
3.19000E+1	2.52885E+4	4.68973E+4	2.79388E+6	1.13346E+6	8.40134E+4	2.79221E+6
3.20000E+1	2.55358E+4	4.69056E+4	2.86691E+6	1.16343E+6	8.38902E+4	2.93117E+6
3.21000E+1	2.55292E+4	4.69376E+4	2.79604E+6	1.16838E+6	8.39730E+4	2.91791E+6
3.22000E+1	2.54024E+4	4.68278E+4	2.86040E+6	1.16937E+6	8.35553E+4	2.92202E+6
3.23000E+1	2.53989E+4	4.67313E+4	2.87430E+6	1.17694E+6	8.32670E+4	2.86600E+6
3.24000E+1	2.54916E+4	4.68542E+4	2.98516E+6	1.17521E+6	8.35249E+4	2.88454E+6
3.25000E+1	2.54678E+4	4.67306E+4	2.86266E+6	1.17952E+6	8.32821E+4	2.96197E+6
3.26000E+1	2.55632E+4	4.67639E+4	2.98455E+6	1.20141E+6	8.33958E+4	2.80548E+6
3.27000E+1	2.53811E+4	4.66052E+4	2.94162E+6	1.17296E+6	8.28772E+4	2.93651E+6
3.28000E+1	2.54678E+4	4.65720E+4	2.83077E+6	1.14753E+6	8.32540E+4	2.82850E+6
3.29000E+1	2.58060E+4	4.67757E+4	2.97873E+6	1.18100E+6	8.33493E+4	3.00330E+6
3.30000E+1	2.56334E+4	4.67459E+4	2.85195E+6	1.17474E+6	8.28772E+4	2.98694E+6
3.31000E+1	2.55881E+4	4.64371E+4	2.83022E+6	1.16916E+6	8.28104E+4	2.78147E+6
3.32000E+1	2.54435E+4	4.66087E+4	2.94820E+6	1.18898E+6	8.28233E+4	2.90913E+6
3.33000E+1	2.54901E+4	4.64503E+4	2.98669E+6	1.15105E+6	8.29580E+4	2.90942E+6
3.34000E+1	2.56105E+4	4.66544E+4	3.01176E+6	1.18058E+6	8.30055E+4	2.92762E+6
3.35000E+1	2.54526E+4	4.64814E+4	2.85336E+6	1.17098E+6	8.28481E+4	2.86912E+6
3.36000E+1	2.56456E+4	4.65408E+4	3.14514E+6	1.19484E+6	8.28492E+4	2.78442E+6
3.37000E+1	2.55602E+4	4.64247E+4	2.89294E+6	1.16864E+6	8.27889E+4	2.80032E+6
3.38000E+1	2.56618E+4	4.64703E+4	3.01301E+6	1.20876E+6	8.26974E+4	2.94933E+6
3.39000E+1	2.57229E+4	4.65498E+4	2.93064E+6	1.16616E+6	8.27232E+4	2.86770E+6
3.40000E+1	2.57581E+4	4.65332E+4	2.89728E+6	1.15877E+6	8.26856E+4	2.80820E+6
3.41000E+1	2.57367E+4	4.64738E+4	2.91973E+6	1.18174E+6	8.26405E+4	2.88597E+6
3.42000E+1	2.56379E+4	4.65291E+4	3.03914E+6	1.19080E+6	8.26759E+4	2.87168E+6
3.43000E+1	2.56959E+4	4.65443E+4	2.96596E+6	1.17947E+6	8.21817E+4	2.92762E+6
3.44000E+1	2.57458E+4	4.66080E+4	3.06959E+6	1.19349E+6	8.26598E+4	2.93799E+6
3.45000E+1	2.57041E+4	4.64074E+4	2.93835E+6	1.16932E+6	8.21635E+4	3.06017E+6
3.46000E+1	2.56186E+4	4.65720E+4	2.89988E+6	1.18514E+6	8.23208E+4	2.84155E+6
3.47000E+1	2.58044E+4	4.63612E+4	2.91094E+6	1.18439E+6	8.25857E+4	2.93443E+6
3.48000E+1	2.57545E+4	4.66682E+4	2.97507E+6	1.17484E+6	8.27082E+4	2.76895E+6
3.49000E+1	2.58983E+4	4.66786E+4	2.99995E+6	1.17579E+6	8.22501E+4	2.84685E+6
3.50000E+1	2.58891E+4	4.64392E+4	2.96687E+6	1.18031E+6	8.24826E+4	2.90127E+6
3.51000E+1	2.60190E+4	4.64897E+4	3.00057E+6	1.18026E+6	8.25685E+4	2.68779E+6
3.52000E+1	2.57209E+4	4.63847E+4	2.91650E+6	1.18010E+6	8.24376E+4	2.81120E+6
3.53000E+1	2.58636E+4	4.66800E+4	3.00181E+6	1.21114E+6	8.22426E+4	2.86062E+6
3.54000E+1	2.58662E+4	4.64786E+4	3.04550E+6	1.17963E+6	8.23433E+4	2.83876E+6
3.55000E+1	2.59300E+4	4.63695E+4	3.01895E+6	1.16466E+6	8.21817E+4	2.81886E+6
3.56000E+1	2.59040E+4	4.65035E+4	2.99315E+6	1.15724E+6	8.22672E+4	2.88425E+6
3.57000E+1	2.59106E+4	4.66107E+4	2.99254E+6	1.19387E+6	8.23411E+4	2.93413E+6
3.58000E+1	2.58779E+4	4.67744E+4	3.01426E+6	1.17747E+6	8.25277E+4	2.85471E+6
3.59000E+1	2.60896E+4	4.67688E+4	2.97264E+6	1.18716E+6	8.24622E+4	2.83238E+6
3.60000E+1	2.59423E+4	4.66579E+4	3.12827E+6	1.19425E+6	8.22640E+4	2.85386E+6
3.61000E+1	2.60568E+4	4.67549E+4	3.03692E+6	1.19322E+6	8.24504E+4	2.86940E+6
3.62000E+1	2.59218E+4	4.65042E+4	3.06055E+6	1.18706E+6	8.22683E+4	2.86006E+6
3.63000E+1	2.59131E+4	4.67508E+4	3.05029E+6	1.17836E+6	8.26641E+4	2.80249E+6
3.64000E+1	2.59418E+4	4.67695E+4	3.04773E+6	1.23891E+6	8.28987E+4	2.91001E+6
3.65000E+1	2.61045E+4	4.67473E+4	2.93657E+6	1.20667E+6	8.25416E+4	2.85274E+6
3.66000E+1	2.60364E+4	4.67431E+4	2.99100E+6	1.18855E+6	8.20182E+4	2.96469E+6
3.67000E+1	2.59637E+4	4.69543E+4	2.99562E+6	1.19516E+6	8.25867E+4	3.03021E+6
3.68000E+1	2.60394E+4	4.71055E+4	3.05573E+6	1.19744E+6	8.25073E+4	2.92556E+6
3.69000E+1	2.61434E+4	4.69022E+4	3.02240E+6	1.20398E+6	8.24161E+4	2.82906E+6
3.70000E+1	2.61214E+4	4.69439E+4	3.05381E+6	1.21020E+6	8.26878E+4	2.86034E+6
3.71000E+1	2.61598E+4	4.70957E+4	2.97934E+6	1.21142E+6	8.26867E+4	2.89058E+6
3.72000E+1	2.61711E+4	4.70351E+4	3.04869E+6	1.18935E+6	8.26340E+4	2.77240E+6
3.73000E+1	2.62697E+4	4.71640E+4	3.08749E+6	1.20103E+6	8.25331E+4	2.74868E+6
3.74000E+1	2.63221E+4	4.71062E+4	2.97751E+6	1.21872E+6	8.27566E+4	2.81120E+6
3.75000E+1	2.61773E+4	4.70818E+4	2.95871E+6	1.18935E+6	8.26351E+4	2.91879E+6
3.76000E+1	2.61880E+4	4.71654E+4	2.98026E+6	1.20475E+6	8.29138E+4	2.79140E+6
3.77000E+1	2.61532E+4	4.72800E+4	2.89525E+6	1.20722E+6	8.29203E+4	2.83876E+6
3.78000E+1	2.60568E+4	4.72276E+4	3.01426E+6	1.21275E+6	8.31772E+4	2.94335E+6
3.79000E+1	2.62039E+4	4.74339E+4	3.07543E+6	1.22717E+6	8.30659E+4	2.89809E+6
3.80000E+1	2.63874E+4	4.74668E+4	3.04997E+6	1.21353E+6	8.31264E+4	2.88368E+6
3.81000E+1	2.61424E+4	4.76007E+4	3.09142E+6	1.20694E+6	8.32572E+4	2.79761E+6
3.82000E+1	2.62512E+4	4.75292E+4	3.01145E+6	1.23850E+6	8.31210E+4	2.93740E+6
3.83000E+1	2.62332E+4	4.76857E+4	2.98639E+6	1.21564E+6	8.29839E+4	2.94993E+6
3.84000E+1	2.61491E+4	4.75986E+4	3.03154E+6	1.21748E+6	8.31297E+4	2.92939E+6
3.85000E+1	2.62435E+4	4.75025E+4	3.02680E+6	1.20981E+6	8.31491E+4	2.97837E+6
3.86000E+1	2.63020E+4	4.75502E+4	2.97233E+6	1.22225E+6	8.30184E+4	2.88597E+6
3.87000E+1	2.61557E+4	4.77799E+4	2.99439E+6	1.20909E+6	8.28610E+4	2.89490E+6
3.88000E+1	2.62712E+4	4.75046E+4	3.08226E+6	1.20338E+6	8.30174E+4	2.84601E+6
3.89000E+1	2.62476E+4	4.75727E+4	3.02240E+6	1.22220E+6	8.28675E+4	2.83348E+6
3.90000E+1	2.61065E+4	4.75558E+4	2.93449E+6	1.21314E+6	8.29084E+4	2.77134E+6
3.91000E+1	2.64033E+4	4.78116E+4	3.03628E+6	1.22163E+6	8.30616E+4	2.86940E+6
3.92000E+1	2.64610E+4	4.75327E+4	3.02617E+6	1.22638E+6	8.25943E+4	2.91234E+6
3.93000E+1	2.63149E+4	4.75769E+4	3.03597E+6	1.21064E+6	8.28783E+4	2.86175E+6
3.94000E+1	2.63704E+4	4.76197E+4	3.02775E+6	1.23729E+6	8.31102E+4	2.92290E+6
3.95000E+1	2.60328E+4	4.75060E+4	3.03818E+6	1.19381E+6	8.27211E+4	2.77373E+6
3.96000E+1	2.61537E+4	4.75804E+4	3.12726E+6	1.20065E+6	8.29872E+4	2.86006E+6
3.97000E+1	2.61368E+4	4.75551E+4	3.13736E+6	1.22899E+6	8.28750E+4	2.99155E+6
3.98000E+1	2.61091E+4	4.74381E+4	3.07510E+6	1.20497E+6	8.24558E+4	2.87054E+6
3.99000E+1	2.60911E+4	4.75965E+4	3.14616E+6	1.20645E+6	8.29494E+4	2.85752E+6
4.00000E+1	2.62168E+4	4.76113E+4	3.09668E+6	1.21849E+6	8.26921E+4	2.89259E+6
4.01000E+1	2.61624E+4	4.77145E+4	3.02554E+6	1.18807E+6	8.24011E+4	2.80847E+6
4.02000E+1	2.62183E+4	4.76000E+4	3.02743E+6	1.21670E+6	8.26802E+4	2.85639E+6
4.03000E+1	2.62419E+4	4.76028E+4	2.97538E+6	1.20414E+6	8.23711E+4	2.79221E+6
4.04000E+1	2.61060E+4	4.76148E+4	3.05991E+6	1.20486E+6	8.29462E+4	3.00174E+6
4.05000E+1	2.61465E+4	4.75208E+4	3.01457E+6	1.18317E+6	8.27975E+4	2.81749E+6
4.06000E+1	2.60261E+4	4.74955E+4	2.98977E+6	1.18206E+6	8.26104E+4	2.77533E+6
4.07000E+1	2.59489E+4	4.76365E+4	3.04933E+6	1.20447E+6	8.26415E+4	2.74842E+6
4.08000E+1	2.61291E+4	4.76211E+4	3.18707E+6	1.20174E+6	8.26415E+4	2.94246E+6
4.09000E+1	2.60359E+4	4.75425E+4	2.98271E+6	1.20108E+6	8.27641E+4	2.82134E+6
4.10000E+1	2.61111E+4	4.77012E+4	3.07088E+6	1.21125E+6	8.27437E+4	2.86713E+6
4.11000E+1	2.60840E+4	4.73737E+4	3.02996E+6	1.20267E+6	8.25191E+4	2.90127E+6
4.12000E+1	2.59985E+4	4.74885E+4	3.03660E+6	1.19798E+6	8.23668E+4	2.84601E+6
4.13000E+1	2.60942E+4	4.76611E+4	3.03090E+6	1.21581E+6	8.22619E+4	2.91673E+6
4.14000E+1	2.60302E+4	4.75614E+4	2.94192E+6	1.17899E+6	8.22822E+4	2.80140E+6
4.15000E+1	2.59816E+4	4.77251E+4	3.11157E+6	1.20026E+6	8.24891E+4	2.83071E+6
4.16000E+1	2.59980E+4	4.75481E+4	3.01238E+6	1.19161E+6	8.23111E+4	2.78737E+6
4.17000E+1	2.59428E+4	4.75860E+4	2.87887E+6	1.19988E+6	8.25180E+4	2.88827E+6
4.18000E+1	2.60681E+4	4.76752E+4	2.97355E+6	1.19118E+6	8.24290E+4	2.81859E+6
4.19000E+1	2.60353E+4	4.78559E+4	3.06281E+6	1.19950E+6	8.22865E+4	2.80929E+6
4.20000E+1	2.59683E+4	4.76127E+4	3.00740E+6	1.17847E+6	8.20513E+4	2.80520E+6
4.21000E+1	2.58544E+4	4.73702E+4	2.97904E+6	1.19543E+6	8.21956E+4	2.90971E+6
4.22000E+1	2.60824E+4	4.74976E+4	2.93360E+6	1.18423E+6	8.22458E+4	2.82767E+6
4.23000E+1	2.58973E+4	4.77476E+4	2.94073E+6	1.18322E+6	8.25266E+4	2.86912E+6
4.24000E+1	2.59116E+4	4.76681E+4	3.01020E+6	1.20174E+6	8.24279E+4	2.90389E+6
4.25000E+1	2.58514E+4	4.76576E+4	3.04965E+6	1.18216E+6	8.23647E+4	2.73515E+6
4.26000E+1	2.58876E+4	4.77082E+4	3.08324E+6	1.17479E+6	8.23475E+4	2.84155E+6
4.27000E+1	2.57734E+4	4.76450E+4	2.97385E+6	1.20502E+6	8.24966E+4	2.83432E+6
4.28000E+1	2.57856E+4	4.76878E+4	2.93954E+6	1.17847E+6	8.25728E+4	2.80656E+6
4.29000E+1	2.58856E+4	4.78609E+4	3.03280E+6	1.20043E+6	8.26351E+4	2.80303E+6
4.30000E+1	2.58723E+4	4.77251E+4	3.20527E+6	1.20431E+6	8.27136E+4	2.92556E+6
4.31000E+1	2.58835E+4	4.78538E+4	2.96263E+6	1.16714E+6	8.25416E+4	2.83765E+6
4.32000E+1	2.59453E+4	4.78834E+4	3.00336E+6	1.16199E+6	8.19520E+4	2.78013E+6
4.33000E+1	2.59162E+4	4.77560E+4	3.03565E+6	1.17720E+6	8.25674E+4	2.85443E+6
4.34000E+1	2.58657E+4	4.77553E+4	3.19404E+6	1.19338E+6	8.22127E+4	2.72098E+6
4.35000E+1	2.57601E+4	4.79123E+4	3.14175E+6	1.17479E+6	8.23529E+4	2.89259E+6
4.36000E+1	2.60538E+4	4.78003E+4	3.10957E+6	1.20425E+6	8.22223E+4	2.90680E+6
4.37000E+1	2.59356E+4	4.80456E+4	2.99747E+6	1.18487E+6	8.26437E+4	2.82878E+6
4.38000E+1	2.56237E+4	4.76969E+4	3.13095E+6	1.17124E+6	8.25202E+4	2.89722E+6
4.39000E+1	2.59040E+4	4.81106E+4	3.05541E+6	1.18914E+6	8.25202E+4	2.82850E+6
4.40000E+1	2.57621E+4	4.79370E+4	3.07478E+6	1.16595E+6	8.23583E+4	2.76208E+6
4.41000E+1	2.56659E+4	4.79595E+4	2.98026E+6	1.18514E+6	8.22683E+4	2.75760E+6
4.42000E+1	2.57642E+4	4.80089E+4	3.14480E+6	1.17088E+6	8.26136E+4	2.82712E+6
4.43000E+1	2.57994E+4	4.81071E+4	3.13432E+6	1.20114E+6	8.25030E+4	2.83681E+6
4.44000E+1	2.57132E+4	4.79835E+4	3.09306E+6	1.18951E+6	8.23808E+4	2.85724E+6
4.45000E+1	2.57163E+4	4.80393E+4	2.98057E+6	1.19663E+6	8.26964E+4	2.88856E+6
4.46000E+1	2.58238E+4	4.80040E+4	2.98087E+6	1.17307E+6	8.24033E+4	2.87168E+6
4.47000E+1	2.58228E+4	4.82691E+4	3.11889E+6	1.19252E+6	8.25352E+4	2.81202E+6
4.48000E+1	2.59494E+4	4.79962E+4	3.04837E+6	1.17652E+6	8.24365E+4	2.75786E+6
4.49000E+1	2.57601E+4	4.80704E+4	2.98455E+6	1.19258E+6	8.25449E+4	2.65806E+6
4.50000E+1	2.59040E+4	4.80852E+4	3.06216E+6	1.18957E+6	8.20727E+4	2.78442E+6
4.51000E+1	2.57963E+4	4.81290E+4	3.12558E+6	1.19344E+6	8.26308E+4	2.81366E+6
4.52000E+1	2.58121E+4	4.79998E+4	3.05381E+6	1.17789E+6	8.24108E+4	2.94694E+6
4.53000E+1	2.57285E+4	4.83088E+4	3.07250E+6	1.20261E+6	8.25352E+4	2.87681E+6
4.54000E+1	2.57662E+4	4.81453E+4	3.02523E+6	1.20256E+6	8.25019E+4	2.71127E+6
4.55000E+1	2.57835E+4	4.83130E+4	3.15330E+6	1.19414E+6	8.24558E+4	2.79978E+6
4.56000E+1	2.60952E+4	4.82337E+4	3.05670E+6	1.20694E+6	8.23850E+4	2.86119E+6
4.57000E+1	2.58284E+4	4.82493E+4	2.98393E+6	1.21103E+6	8.26566E+4	2.76842E+6
4.58000E+1	2.59014E+4	4.81530E+4	3.07575E+6	1.19027E+6	8.23861E+4	2.80194E+6
4.59000E+1	2.60486E+4	4.85139E+4	3.34274E+6	1.20645E+6	8.24011E+4	2.74999E+6
4.60000E+1	2.57922E+4	4.81750E+4	3.03597E+6	1.21319E+6	8.25363E+4	2.75339E+6
4.61000E+1	2.59183E+4	4.82309E+4	3.19055E+6	1.20245E+6	8.22876E+4	2.71000E+6
4.62000E+1	2.58468E+4	4.83123E+4	3.06894E+6	1.20250E+6	8.20001E+4	2.77214E+6
4.63000E+1	2.58468E+4	4.82769E+4	3.18742E+6	1.19161E+6	8.20182E+4	2.80929E+6
4.64000E+1	2.59510E+4	4.83712E+4	3.27169E+6	1.18674E+6	8.22030E+4	2.89924E+6
4.65000E+1	2.59719E+4	4.81559E+4	3.13028E+6	1.19145E+6	8.20310E+4	2.75051E+6
4.66000E+1	2.58754E+4	4.83726E+4	3.17700E+6	1.23413E+6	8.21763E+4	2.79626E+6
4.67000E+1	2.57846E+4	4.81375E+4	3.02933E+6	1.21214E+6	8.22640E+4	2.76313E+6
4.68000E+1	2.59791E+4	4.84364E+4	3.07705E+6	1.21197E+6	8.21218E+4	2.81640E+6
4.69000E+1	2.59336E+4	4.84549E+4	3.11256E+6	1.21364E+6	8.21977E+4	2.85893E+6
4.70000E+1	2.60266E+4	4.83570E+4	3.16769E+6	1.20909E+6	8.26147E+4	2.88597E+6
4.71000E+1	2.58697E+4	4.83783E+4	3.13972E+6	1.19858E+6	8.23390E+4	2.83848E+6
4.72000E+1	2.60917E+4	4.84272E+4	3.15604E+6	1.20893E+6	8.20470E+4	2.87938E+6
4.73000E+1	2.60548E+4	4.84443E+4	3.10692E+6	1.21603E+6	8.23315E+4	2.75918E+6
4.74000E+1	2.60917E+4	4.83995E+4	3.17044E+6	1.21592E+6	8.22961E+4	2.80032E+6
4.75000E+1	2.59612E+4	4.85857E+4	3.08520E+6	1.19928E+6	8.23604E+4	2.78227E+6
4.76000E+1	2.58912E+4	4.85139E+4	3.06927E+6	1.21760E+6	8.22865E+4	2.95714E+6
4.77000E+1	2.59648E+4	4.84137E+4	3.01582E+6	1.20661E+6	8.22565E+4	2.75865E+6
4.78000E+1	2.59816E+4	4.85146E+4	3.00677E+6	1.21436E+6	8.21197E+4	2.76445E+6
4.79000E+1	2.59479E+4	4.86248E+4	3.06829E+6	1.19311E+6	8.21357E+4	2.87938E+6
4.80000E+1	2.59162E+4	4.85103E+4	3.26402E+6	1.19863E+6	8.25373E+4	2.89577E+6
4.81000E+1	2.59162E+4	4.84386E+4	3.22189E+6	1.22808E+6	8.22063E+4	2.86799E+6
4.82000E+1	2.60630E+4	4.85586E+4	3.14990E+6	1.22113E+6	8.22202E+4	2.94395E+6
4.83000E+1	2.59939E+4	4.84897E+4	3.17010E+6	1.20163E+6	8.21742E+4	2.86770E+6
4.84000E+1	2.59356E+4	4.86404E+4	3.20668E+6	1.20491E+6	8.24429E+4	2.89722E+6
4.85000E+1	2.60174E+4	4.85693E+4	3.09668E+6	1.20250E+6	8.19467E+4	2.79869E+6
4.86000E+1	2.59903E+4	4.86198E+4	3.01145E+6	1.20667E+6	8.19606E+4	2.87282E+6
4.87000E+1	2.60809E+4	4.85117E+4	3.20386E+6	1.21536E+6	8.19648E+4	2.77108E+6
4.88000E+1	2.59540E+4	4.86618E+4	3.20703E+6	1.22265E+6	8.22394E+4	2.84881E+6
4.89000E+1	2.61219E+4	4.84918E+4	3.11223E+6	1.21164E+6	8.17262E+4	2.78334E+6
4.90000E+1	2.60737E+4	4.86497E+4	3.30199E+6	1.21888E+6	8.19744E+4	2.88770E+6
4.91000E+1	2.61034E+4	4.87409E+4	3.18359E+6	1.20480E+6	8.21902E+4	2.84797E+6
4.92000E+1	2.60533E+4	4.85387E+4	3.17700E+6	1.21408E+6	8.20972E+4	2.79951E+6
4.93000E+1	2.60154E+4	4.86497E+4	3.03248E+6	1.23603E+6	8.20267E+4	2.98448E+6
4.94000E+1	2.60492E+4	4.86042E+4	3.17770E+6	1.20010E+6	8.19019E+4	2.74999E+6
4.95000E+1	2.61352E+4	4.88543E+4	3.26329E+6	1.21827E+6	8.18486E+4	2.78871E+6
4.96000E+1	2.61875E+4	4.87794E+4	3.28382E+6	1.20727E+6	8.20791E+4	2.86997E+6
4.97000E+1	2.61450E+4	4.85921E+4	3.10031E+6	1.22496E+6	8.20972E+4	2.82685E+6
4.98000E+1	2.61270E+4	4.86967E+4	3.20950E+6	1.19842E+6	8.20139E+4	2.84881E+6
4.99000E+1	2.62799E+4	4.88379E+4	3.24228E+6	1.21810E+6	8.21656E+4	2.99896E+6
5.00000E+1	2.62337E+4	4.86184E+4	3.18742E+6	1.20838E+6	8.16114E+4	2.78013E+6
5.01000E+1	2.62445E+4	4.88550E+4	3.17977E+6	1.22797E+6	8.19083E+4	2.91908E+6
5.02000E+1	2.61398E+4	4.87131E+4	3.05381E+6	1.20502E+6	8.18146E+4	2.87367E+6
5.03000E+1	2.64147E+4	4.88864E+4	3.22296E+6	1.24064E+6	8.17954E+4	2.90360E+6
5.04000E+1	2.61593E+4	4.86262E+4	3.04295E+6	1.19581E+6	8.17305E+4	2.83127E+6
5.05000E+1	2.61547E+4	4.87067E+4	3.19335E+6	1.23030E+6	8.18753E+4	2.86289E+6
5.06000E+1	2.63797E+4	4.87701E+4	2.95600E+6	1.22225E+6	8.17273E+4	2.74398E+6
5.07000E+1	2.61347E+4	4.86255E+4	3.30984E+6	1.22248E+6	8.16316E+4	2.96167E+6
5.08000E+1	2.61337E+4	4.87758E+4	3.13634E+6	1.22916E+6	8.17549E+4	2.94395E+6
5.09000E+1	2.62604E+4	4.92357E+4	3.09438E+6	1.23184E+6	8.20150E+4	2.86742E+6
5.10000E+1	2.63431E+4	4.90115E+4	3.21162E+6	1.22672E+6	8.21624E+4	2.84937E+6
5.11000E+1	2.63015E+4	4.93233E+4	3.20281E+6	1.24448E+6	8.25438E+4	2.88770E+6
5.12000E+1	2.63776E+4	4.95622E+4	3.21197E+6	1.22808E+6	8.25459E+4	2.81996E+6
5.13000E+1	2.61619E+4	4.97476E+4	3.37707E+6	1.24151E+6	8.25953E+4	2.96893E+6
5.14000E+1	2.64765E+4	4.96285E+4	3.23224E+6	1.24974E+6	8.26157E+4	2.85780E+6
5.15000E+1	2.64275E+4	4.95694E+4	3.12894E+6	1.24041E+6	8.29300E+4	2.90563E+6
5.16000E+1	2.64775E+4	4.98055E+4	3.18047E+6	1.26188E+6	8.29893E+4	2.91761E+6
5.17000E+1	2.63575E+4	4.97029E+4	3.21870E+6	1.26788E+6	8.30757E+4	2.91703E+6
5.18000E+1	2.64605E+4	4.99676E+4	3.29641E+6	1.28869E+6	8.29904E+4	2.90738E+6
5.19000E+1	2.65244E+4	5.00038E+4	3.27940E+6	1.26445E+6	8.31956E+4	2.92821E+6
5.20000E+1	2.64033E+4	5.02034E+4	3.54573E+6	1.28029E+6	8.32021E+4	2.98847E+6
5.21000E+1	2.64631E+4	5.01613E+4	3.14616E+6	1.26260E+6	8.31675E+4	2.97045E+6
5.22000E+1	2.65827E+4	5.01286E+4	3.24661E+6	1.27961E+6	8.35487E+4	2.93147E+6
5.23000E+1	2.64456E+4	5.02122E+4	3.12424E+6	1.25350E+6	8.32951E+4	2.81229E+6
5.24000E+1	2.65605E+4	5.03308E+4	3.22261E+6	1.25185E+6	8.35390E+4	3.05888E+6
5.25000E+1	2.65249E+4	5.04021E+4	3.31735E+6	1.27753E+6	8.37759E+4	2.94724E+6
5.26000E+1	2.65043E+4	5.04029E+4	3.29678E+6	1.28987E+6	8.36030E+4	2.96318E+6
5.27000E+1	2.67104E+4	5.05641E+4	3.35193E+6	1.27485E+6	8.34652E+4	2.79572E+6
5.28000E+1	2.66189E+4	5.05225E+4	3.25638E+6	1.28590E+6	8.35487E+4	2.91059E+6
5.29000E+1	2.66949E+4	5.05765E+4	3.55690E+6	1.28788E+6	8.37987E+4	2.89867E+6
5.30000E+1	2.67336E+4	5.05999E+4	3.27206E+6	1.28856E+6	8.36128E+4	2.88569E+6
5.31000E+1	2.66514E+4	5.05626E+4	3.23224E+6	1.27132E+6	8.33547E+4	2.84182E+6
5.32000E+1	2.66261E+4	5.06430E+4	3.35232E+6	1.26289E+6	8.36574E+4	3.02234E+6
5.33000E+1	2.67745E+4	5.07293E+4	3.38058E+6	1.28287E+6	8.38793E+4	2.92408E+6
5.34000E+1	2.68253E+4	5.05269E+4	3.34504E+6	1.28943E+6	8.38608E+4	3.03622E+6
5.35000E+1	2.67393E+4	5.07308E+4	3.39468E+6	1.27992E+6	8.38695E+4	2.86572E+6
5.36000E+1	2.67217E+4	5.09258E+4	3.36852E+6	1.28602E+6	8.39567E+4	2.98909E+6
5.37000E+1	2.67487E+4	5.06598E+4	3.27609E+6	1.26499E+6	8.35639E+4	2.86997E+6
5.38000E+1	2.67559E+4	5.09111E+4	3.41288E+6	1.28269E+6	8.39523E+4	3.01701E+6
5.39000E+1	2.69929E+4	5.08026E+4	3.22296E+6	1.27278E+6	8.40167E+4	2.99989E+6
5.40000E+1	2.67409E+4	5.08070E+4	3.28677E+6	1.28182E+6	8.35715E+4	2.95684E+6
5.41000E+1	2.68725E+4	5.09125E+4	3.33019E+6	1.28404E+6	8.38445E+4	3.04799E+6
5.42000E+1	2.69513E+4	5.11227E+4	3.31059E+6	1.27900E+6	8.39098E+4	2.90389E+6
5.43000E+1	2.68315E+4	5.08685E+4	3.18047E+6	1.27759E+6	8.35466E+4	2.90971E+6
5.44000E+1	2.69726E+4	5.08685E+4	3.31660E+6	1.27211E+6	8.37302E+4	2.98050E+6
5.45000E+1	2.68663E+4	5.09434E+4	3.34504E+6	1.29920E+6	8.40177E+4	3.09037E+6
5.46000E+1	2.68714E+4	5.12412E+4	3.32754E+6	1.27278E+6	8.39567E+4	2.89404E+6
5.47000E+1	2.66933E+4	5.11705E+4	3.34542E+6	1.31399E+6	8.37715E+4	2.98142E+6
5.48000E+1	2.69067E+4	5.12810E+4	3.29864E+6	1.28627E+6	8.35270E+4	3.00082E+6
5.49000E+1	2.68911E+4	5.13371E+4	3.39390E+6	1.29080E+6	8.40854E+4	2.92969E+6
5.50000E+1	2.70246E+4	5.12692E+4	3.41288E+6	1.29813E+6	8.38804E+4	2.97288E+6
5.51000E+1	2.67362E+4	5.10006E+4	3.26511E+6	1.27955E+6	8.37585E+4	2.92733E+6
5.52000E+1	2.67953E+4	5.11352E+4	3.37357E+6	1.29149E+6	8.39098E+4	3.02202E+6
5.53000E+1	2.68917E+4	5.11286E+4	3.33019E+6	1.29819E+6	8.39076E+4	2.99896E+6
5.54000E+1	2.70236E+4	5.14486E+4	3.51980E+6	1.29889E+6	8.41477E+4	2.95895E+6
5.55000E+1	2.69119E+4	5.14752E+4	3.45472E+6	1.30943E+6	8.37661E+4	2.96348E+6
5.56000E+1	2.70792E+4	5.13437E+4	3.48262E+6	1.29024E+6	8.40036E+4	2.92939E+6
5.57000E+1	2.67927E+4	5.11580E+4	3.43327E+6	1.28404E+6	8.40559E+4	3.02202E+6
5.58000E+1	2.69721E+4	5.15151E+4	3.33474E+6	1.25516E+6	8.36063E+4	2.90767E+6
5.59000E+1	2.67901E+4	5.14449E+4	3.32112E+6	1.26331E+6	8.40854E+4	2.91908E+6
5.60000E+1	2.69295E+4	5.14915E+4	3.26329E+6	1.31059E+6	8.40199E+4	3.10785E+6
5.61000E+1	2.69991E+4	5.13386E+4	3.47560E+6	1.28683E+6	8.39490E+4	3.04831E+6
5.62000E+1	2.69565E+4	5.14368E+4	3.42925E+6	1.28751E+6	8.38249E+4	2.98357E+6
5.63000E+1	2.70636E+4	5.15928E+4	3.42645E+6	1.29111E+6	8.42690E+4	2.92910E+6
5.64000E+1	2.70236E+4	5.17863E+4	3.33247E+6	1.28441E+6	8.38238E+4	3.00020E+6
5.65000E+1	2.70964E+4	5.15210E+4	3.16117E+6	1.28152E+6	8.40461E+4	2.96711E+6
5.66000E+1	2.71292E+4	5.15373E+4	3.33779E+6	1.26027E+6	8.41531E+4	2.86317E+6
5.67000E+1	2.69680E+4	5.17292E+4	3.26730E+6	1.30217E+6	8.37432E+4	2.90418E+6
5.68000E+1	2.69301E+4	5.15455E+4	3.51727E+6	1.28608E+6	8.42624E+4	2.98847E+6
5.69000E+1	2.70584E+4	5.16328E+4	3.51769E+6	1.30866E+6	8.40036E+4	2.86487E+6
5.70000E+1	2.70771E+4	5.17284E+4	3.43367E+6	1.28060E+6	8.40036E+4	3.05214E+6
5.71000E+1	2.69742E+4	5.16143E+4	3.25275E+6	1.26589E+6	8.40025E+4	2.91088E+6
5.72000E+1	2.70933E+4	5.16069E+4	3.36968E+6	1.29093E+6	8.39294E+4	2.90418E+6
5.73000E+1	2.71031E+4	5.16965E+4	3.21162E+6	1.29043E+6	8.40996E+4	2.98725E+6
5.74000E+1	2.69971E+4	5.18256E+4	3.37240E+6	1.26415E+6	8.39828E+4	3.00205E+6
5.75000E+1	2.69861E+4	5.18464E+4	3.41726E+6	1.26734E+6	8.39523E+4	2.93591E+6
5.76000E+1	2.71115E+4	5.17314E+4	3.30610E+6	1.27698E+6	8.39741E+4	2.96287E+6
5.77000E+1	2.72240E+4	5.17499E+4	3.30647E+6	1.26140E+6	8.41750E+4	2.94067E+6
5.78000E+1	2.70709E+4	5.17425E+4	3.28493E+6	1.26860E+6	8.39022E+4	2.92497E+6
5.79000E+1	2.70282E+4	5.17522E+4	3.40297E+6	1.26289E+6	8.40221E+4	2.96499E+6
5.80000E+1	2.71011E+4	5.18331E+4	3.47807E+6	1.26788E+6	8.42548E+4	3.08579E+6
5.81000E+1	2.69799E+4	5.18754E+4	3.30125E+6	1.28974E+6	8.39142E+4	3.05920E+6
5.82000E+1	2.69784E+4	5.19349E+4	3.37201E+6	1.29155E+6	8.40036E+4	2.93889E+6
5.83000E+1	2.71276E+4	5.17433E+4	3.45431E+6	1.28807E+6	8.39360E+4	2.96408E+6
5.84000E+1	2.71110E+4	5.17507E+4	3.33133E+6	1.27888E+6	8.40254E+4	2.97532E+6
5.85000E+1	2.70360E+4	5.18056E+4	3.64379E+6	1.27992E+6	8.38445E+4	2.99217E+6
5.86000E+1	2.69306E+4	5.19766E+4	3.34045E+6	1.27558E+6	8.41651E+4	2.86969E+6
5.87000E+1	2.72219E+4	5.18435E+4	3.56208E+6	1.25795E+6	8.35922E+4	2.87909E+6
5.88000E+1	2.71292E+4	5.18130E+4	3.22831E+6	1.28176E+6	8.42559E+4	2.99155E+6
5.89000E+1	2.71000E+4	5.21002E+4	3.33665E+6	1.29217E+6	8.39403E+4	2.98295E+6
5.90000E+1	2.69737E+4	5.18658E+4	3.36426E+6	1.29606E+6	8.38140E+4	2.91879E+6
5.91000E+1	2.69228E+4	5.19766E+4	3.40455E+6	1.27955E+6	8.41870E+4	2.92114E+6
5.92000E+1	2.71141E+4	5.18509E+4	3.29307E+6	1.25233E+6	8.37454E+4	2.79194E+6
5.93000E+1	2.71104E+4	5.20979E+4	3.47972E+6	1.26469E+6	8.40254E+4	2.94127E+6
5.94000E+1	2.71333E+4	5.20480E+4	3.53038E+6	1.25611E+6	8.41280E+4	2.99402E+6
5.95000E+1	2.71714E+4	5.19081E+4	3.38292E+6	1.27290E+6	8.38259E+4	2.90651E+6
5.96000E+1	2.72141E+4	5.19580E+4	3.55088E+6	1.28170E+6	8.42548E+4	3.10255E+6
5.97000E+1	2.70308E+4	5.21106E+4	3.20316E+6	1.26878E+6	8.39872E+4	2.84517E+6
5.98000E+1	2.70693E+4	5.20540E+4	3.37240E+6	1.26848E+6	8.36867E+4	2.88655E+6
5.99000E+1	2.68771E+4	5.23562E+4	3.30087E+6	1.28968E+6	8.38357E+4	2.87538E+6
6.00000E+1	2.72235E+4	5.23219E+4	3.43931E+6	1.30490E+6	8.37215E+4	2.96711E+6
6.01000E+1	2.70319E+4	5.20696E+4	3.28899E+6	1.25221E+6	8.37759E+4	2.84741E+6
6.02000E+1	2.70137E+4	5.21740E+4	3.50049E+6	1.26776E+6	8.38521E+4	2.96651E+6
6.03000E+1	2.70730E+4	5.21181E+4	3.25674E+6	1.27157E+6	8.39371E+4	2.95233E+6
6.04000E+1	2.69950E+4	5.21278E+4	3.38370E+6	1.27491E+6	8.37400E+4	2.93028E+6
6.05000E+1	2.72892E+4	5.20115E+4	3.45635E+6	1.26254E+6	8.40363E+4	2.95805E+6
6.06000E+1	2.71943E+4	5.22247E+4	3.25022E+6	1.24512E+6	8.37291E+4	2.85358E+6
6.07000E+1	2.71432E+4	5.21822E+4	3.33588E+6	1.25676E+6	8.37302E+4	3.00547E+6
6.08000E+1	2.69737E+4	5.22598E+4	3.37123E+6	1.25711E+6	8.39490E+4	2.86770E+6
6.09000E+1	2.72058E+4	5.23069E+4	3.38879E+6	1.26134E+6	8.37150E+4	2.98020E+6
6.10000E+1	2.71656E+4	5.23398E+4	3.46738E+6	1.25516E+6	8.38292E+4	2.98081E+6
6.11000E+1	2.71214E+4	5.22748E+4	3.24913E+6	1.24868E+6	8.35184E+4	2.97593E+6
6.12000E+1	2.70766E+4	5.21807E+4	3.33360E+6	1.28139E+6	8.35770E+4	2.92615E+6
6.13000E+1	2.70194E+4	5.20100E+4	3.30909E+6	1.22842E+6	8.35455E+4	2.81530E+6
6.14000E+1	2.71031E+4	5.23017E+4	3.40613E+6	1.26074E+6	8.39196E+4	3.08514E+6
6.15000E+1	2.69856E+4	5.23966E+4	3.34695E+6	1.25132E+6	8.35911E+4	2.86600E+6
6.16000E+1	2.70433E+4	5.22658E+4	3.50550E+6	1.27278E+6	8.36334E+4	2.91732E+6
6.17000E+1	2.71469E+4	5.22203E+4	3.34925E+6	1.25268E+6	8.36041E+4	2.90913E+6
6.18000E+1	2.70324E+4	5.23637E+4	3.26767E+6	1.25056E+6	8.41116E+4	2.98203E+6
6.19000E+1	2.69763E+4	5.22539E+4	3.21586E+6	1.21637E+6	8.38270E+4	2.93443E+6
6.20000E+1	2.69311E+4	5.23892E+4	3.36194E+6	1.27248E+6	8.38619E+4	2.94425E+6
6.21000E+1	2.70334E+4	5.22098E+4	3.23081E+6	1.24215E+6	8.34804E+4	2.98755E+6
6.22000E+1	2.68756E+4	5.22875E+4	3.26767E+6	1.26104E+6	8.36172E+4	2.95353E+6
6.23000E+1	2.70704E+4	5.23144E+4	3.34351E+6	1.22780E+6	8.36617E+4	2.84657E+6
6.24000E+1	2.69758E+4	5.25120E+4	3.38370E+6	1.26367E+6	8.37868E+4	2.87139E+6
6.25000E+1	2.70386E+4	5.26162E+4	3.34007E+6	1.23920E+6	8.37704E+4	2.89317E+6
6.26000E+1	2.68408E+4	5.21658E+4	3.39665E+6	1.24145E+6	8.37150E+4	2.93384E+6
6.27000E+1	2.69020E+4	5.25224E+4	3.37434E+6	1.26206E+6	8.33753E+4	2.94216E+6
6.28000E+1	2.69295E+4	5.26665E+4	3.51138E+6	1.26529E+6	8.36432E+4	3.04767E+6
6.29000E+1	2.69841E+4	5.25232E+4	3.42484E+6	1.24134E+6	8.35965E+4	2.82464E+6
6.30000E+1	2.68901E+4	5.26192E+4	3.32489E+6	1.24343E+6	8.35194E+4	2.90855E+6
6.31000E+1	2.68149E+4	5.25749E+4	3.29752E+6	1.23534E+6	8.35368E+4	2.84629E+6
6.32000E+1	2.68984E+4	5.25607E+4	3.33969E+6	1.24488E+6	8.36356E+4	2.94246E+6
6.33000E+1	2.70490E+4	5.23570E+4	3.37941E+6	1.23448E+6	8.35368E+4	2.91967E+6
6.34000E+1	2.71891E+4	5.26950E+4	3.41726E+6	1.24099E+6	8.35162E+4	2.90622E+6
6.35000E+1	2.69908E+4	5.28221E+4	3.29752E+6	1.24012E+6	8.38259E+4	3.11349E+6
6.36000E+1	2.71052E+4	5.24663E+4	3.27352E+6	1.25557E+6	8.34002E+4	2.91644E+6
6.37000E+1	2.71136E+4	5.24715E+4	3.35886E+6	1.26283E+6	8.38172E+4	2.89895E+6
6.38000E+1	2.69924E+4	5.27544E+4	3.20915E+6	1.23799E+6	8.34934E+4	2.82795E+6
6.39000E+1	2.69867E+4	5.26928E+4	3.44821E+6	1.25830E+6	8.36574E+4	2.95474E+6
6.40000E+1	2.71021E+4	5.28672E+4	3.31584E+6	1.28226E+6	8.35846E+4	2.87909E+6
6.41000E+1	2.69166E+4	5.28687E+4	3.13567E+6	1.22802E+6	8.34251E+4	2.81038E+6
6.42000E+1	2.71990E+4	5.27085E+4	3.32754E+6	1.24617E+6	8.36389E+4	2.95083E+6
6.43000E+1	2.71599E+4	5.27363E+4	3.56944E+6	1.24436E+6	8.37008E+4	2.92173E+6
6.44000E+1	2.71052E+4	5.28341E+4	3.29270E+6	1.23943E+6	8.34045E+4	2.91439E+6
6.45000E+1	2.71344E+4	5.28507E+4	3.37201E+6	1.23133E+6	8.36324E+4	2.83932E+6
6.46000E+1	2.69737E+4	5.26822E+4	3.33436E+6	1.25032E+6	8.32486E+4	2.83876E+6
6.47000E+1	2.72157E+4	5.29727E+4	3.33171E+6	1.26027E+6	8.36878E+4	2.93176E+6
6.48000E+1	2.69404E+4	5.26289E+4	3.41327E+6	1.22985E+6	8.34186E+4	2.85921E+6
6.49000E+1	2.70537E+4	5.29004E+4	3.52233E+6	1.25795E+6	8.37193E+4	2.94246E+6
6.50000E+1	2.71604E+4	5.26800E+4	3.21374E+6	1.23425E+6	8.37683E+4	2.79761E+6
6.51000E+1	2.70137E+4	5.30398E+4	3.50174E+6	1.24570E+6	8.35965E+4	2.86260E+6
6.52000E+1	2.71500E+4	5.27544E+4	3.30647E+6	1.26301E+6	8.33330E+4	2.93502E+6
6.53000E+1	2.71136E+4	5.29961E+4	3.32413E+6	1.26003E+6	8.34869E+4	3.02895E+6
6.54000E+1	2.70329E+4	5.28612E+4	3.28936E+6	1.23620E+6	8.39752E+4	2.86572E+6
6.55000E+1	2.71635E+4	5.28206E+4	3.36040E+6	1.23471E+6	8.33460E+4	2.87111E+6
6.56000E+1	2.70423E+4	5.29900E+4	3.52445E+6	1.26487E+6	8.35770E+4	3.00920E+6
6.57000E+1	2.70464E+4	5.28544E+4	3.19965E+6	1.23459E+6	8.32118E+4	2.81667E+6
6.58000E+1	2.70792E+4	5.29516E+4	3.63838E+6	1.25180E+6	8.37574E+4	2.84378E+6
6.59000E+1	2.71750E+4	5.29765E+4	3.41885E+6	1.23729E+6	8.33991E+4	2.89086E+6
6.60000E+1	2.72204E+4	5.31954E+4	3.45472E+6	1.24436E+6	8.36128E+4	2.97562E+6
6.61000E+1	2.71708E+4	5.30179E+4	3.43247E+6	1.24582E+6	8.33633E+4	2.90098E+6
6.62000E+1	2.71886E+4	5.29448E+4	3.40891E+6	1.25415E+6	8.34565E+4	2.85414E+6
6.63000E+1	2.71453E+4	5.30995E+4	3.49423E+6	1.25350E+6	8.30951E+4	2.90476E+6
6.64000E+1	2.72407E+4	5.30836E+4	3.32943E+6	1.23276E+6	8.33482E+4	2.76234E+6
6.65000E+1	2.71609E+4	5.30813E+4	3.67337E+6	1.26607E+6	8.36030E+4	2.88024E+6
6.66000E+1	2.73258E+4	5.31244E+4	3.57465E+6	1.24617E+6	8.33254E+4	2.80303E+6
6.67000E+1	2.72584E+4	5.30881E+4	3.50341E+6	1.25890E+6	8.35444E+4	2.91820E+6
6.68000E+1	2.73566E+4	5.31146E+4	3.13567E+6	1.25356E+6	8.34088E+4	2.88167E+6
6.69000E+1	2.72918E+4	5.31758E+4	3.27242E+6	1.24424E+6	8.34479E+4	2.98173E+6
6.70000E+1	2.72204E+4	5.31357E+4	3.38214E+6	1.26692E+6	8.32291E+4	2.81694E+6
6.71000E+1	2.74429E+4	5.31576E+4	3.43408E+6	1.24909E+6	8.35173E+4	2.85443E+6
6.72000E+1	2.72011E+4	5.32537E+4	3.28014E+6	1.22299E+6	8.31869E+4	2.97867E+6
6.73000E+1	2.73054E+4	5.33953E+4	3.76644E+6	1.25380E+6	8.35900E+4	3.06435E+6
6.74000E+1	2.73812E+4	5.32105E+4	3.34848E+6	1.26337E+6	8.32075E+4	2.85246E+6
6.75000E+1	2.73686E+4	5.33688E+4	3.48014E+6	1.26981E+6	8.35857E+4	2.91264E+6
6.76000E+1	2.75345E+4	5.32469E+4	3.56035E+6	1.24939E+6	8.35422E+4	2.81229E+6
6.77000E+1	2.74664E+4	5.34484E+4	3.48966E+6	1.26445E+6	8.32562E+4	2.82933E+6
6.78000E+1	2.73853E+4	5.32317E+4	3.63838E+6	1.27054E+6	8.32886E+4	2.77773E+6
6.79000E+1	2.73561E+4	5.33574E+4	3.40099E+6	1.27741E+6	8.34251E+4	2.91088E+6
6.80000E+1	2.74769E+4	5.35676E+4	3.44700E+6	1.25510E+6	8.36432E+4	2.88425E+6
6.81000E+1	2.73106E+4	5.34878E+4	3.48303E+6	1.25309E+6	8.32897E+4	2.94963E+6
6.82000E+1	2.73263E+4	5.34029E+4	3.59565E+6	1.26601E+6	8.31048E+4	2.82629E+6
6.83000E+1	2.75078E+4	5.34059E+4	3.40732E+6	1.23989E+6	8.31383E+4	2.82299E+6
6.84000E+1	2.74711E+4	5.36147E+4	3.58337E+6	1.25902E+6	8.36226E+4	3.01451E+6
6.85000E+1	2.74711E+4	5.34051E+4	3.43851E+6	1.24605E+6	8.32713E+4	2.87111E+6
6.86000E+1	2.74329E+4	5.33210E+4	3.56597E+6	1.26643E+6	8.31718E+4	2.77347E+6
6.87000E+1	2.74989E+4	5.33771E+4	3.48800E+6	1.25658E+6	8.29537E+4	2.84322E+6
6.88000E+1	2.74842E+4	5.34628E+4	3.39154E+6	1.26493E+6	8.30865E+4	2.83459E+6
6.89000E+1	2.75057E+4	5.36071E+4	3.48386E+6	1.26343E+6	8.32475E+4	2.87938E+6
6.90000E+1	2.76898E+4	5.35516E+4	3.46247E+6	1.25091E+6	8.32345E+4	2.93651E+6
6.91000E+1	2.75544E+4	5.34180E+4	3.63344E+6	1.25587E+6	8.29570E+4	2.81777E+6
6.92000E+1	2.76557E+4	5.36770E+4	3.37395E+6	1.25180E+6	8.31189E+4	2.89895E+6
6.93000E+1	2.75932E+4	5.37250E+4	3.38370E+6	1.25640E+6	8.31199E+4	2.91322E+6
6.94000E+1	2.77213E+4	5.37516E+4	3.55174E+6	1.23902E+6	8.30692E+4	2.85611E+6
6.95000E+1	2.76646E+4	5.38652E+4	3.34963E+6	1.25700E+6	8.29440E+4	2.94664E+6
6.96000E+1	2.76420E+4	5.38599E+4	3.50216E+6	1.23534E+6	8.30411E+4	2.85077E+6
6.97000E+1	2.76940E+4	5.38850E+4	3.63164E+6	1.28707E+6	8.33233E+4	2.94903E+6
6.98000E+1	2.74900E+4	5.38050E+4	3.50676E+6	1.26295E+6	8.31869E+4	2.81202E+6
6.99000E+1	2.76861E+4	5.38667E+4	3.46206E+6	1.23643E+6	8.29699E+4	2.84266E+6
7.00000E+1	2.76016E+4	5.38492E+4	3.56814E+6	1.27698E+6	8.27631E+4	2.84155E+6
7.01000E+1	2.77334E+4	5.37814E+4	3.55475E+6	1.25156E+6	8.29926E+4	2.93740E+6
7.02000E+1	2.76809E+4	5.41579E+4	3.60713E+6	1.26800E+6	8.30551E+4	2.87624E+6
7.03000E+1	2.77113E+4	5.39278E+4	3.46410E+6	1.22729E+6	8.27598E+4	2.81996E+6
7.04000E+1	2.77986E+4	5.40569E+4	3.63613E+6	1.28250E+6	8.30120E+4	2.92320E+6
7.05000E+1	2.77986E+4	5.38957E+4	3.55260E+6	1.25486E+6	8.29225E+4	2.92969E+6
7.06000E+1	2.77913E+4	5.39270E+4	3.60271E+6	1.23914E+6	8.29397E+4	2.89173E+6
7.07000E+1	2.77255E+4	5.40951E+4	3.58337E+6	1.25540E+6	8.30400E+4	3.02674E+6
7.08000E+1	2.76914E+4	5.38568E+4	3.43367E+6	1.24389E+6	8.31426E+4	2.89635E+6
7.09000E+1	2.77481E+4	5.39682E+4	3.50049E+6	1.25386E+6	8.27297E+4	2.88626E+6
7.10000E+1	2.77014E+4	5.37615E+4	3.31247E+6	1.23281E+6	8.29192E+4	2.79896E+6
7.11000E+1	2.77250E+4	5.40974E+4	3.57335E+6	1.28869E+6	8.29915E+4	2.86175E+6
7.12000E+1	2.79277E+4	5.39843E+4	3.76837E+6	1.28189E+6	8.30940E+4	2.99896E+6
7.13000E+1	2.77928E+4	5.45363E+4	3.50886E+6	1.24424E+6	8.32627E+4	2.96167E+6
7.14000E+1	2.78328E+4	5.42383E+4	3.53975E+6	1.24395E+6	8.28890E+4	3.10354E+6
7.15000E+1	2.79087E+4	5.40676E+4	3.58512E+6	1.25475E+6	8.29429E+4	2.85752E+6
7.16000E+1	2.78987E+4	5.42851E+4	3.67843E+6	1.25327E+6	8.29807E+4	2.93443E+6
7.17000E+1	2.78434E+4	5.41541E+4	3.53378E+6	1.24285E+6	8.26200E+4	2.89144E+6
7.18000E+1	2.81162E+4	5.43250E+4	3.53804E+6	1.26451E+6	8.29031E+4	2.92173E+6
7.19000E+1	2.79641E+4	5.41196E+4	3.56338E+6	1.24956E+6	8.26329E+4	2.89895E+6
7.20000E+1	2.80549E+4	5.45286E+4	3.72169E+6	1.26176E+6	8.29764E+4	2.91468E+6
7.21000E+1	2.82443E+4	5.42789E+4	3.54745E+6	1.25244E+6	8.27878E+4	2.82685E+6
7.22000E+1	2.80919E+4	5.44255E+4	3.63388E+6	1.27381E+6	8.29904E+4	2.89086E+6
7.23000E+1	2.82490E+4	5.43848E+4	3.59257E+6	1.26969E+6	8.28363E+4	2.85809E+6
7.24000E+1	2.81077E+4	5.42360E+4	3.37980E+6	1.25333E+6	8.28158E+4	2.71970E+6
7.25000E+1	2.81394E+4	5.44609E+4	3.87436E+6	1.27418E+6	8.27878E+4	2.90855E+6
7.26000E+1	2.79751E+4	5.43718E+4	3.75252E+6	1.24652E+6	8.28061E+4	2.78549E+6
7.27000E+1	2.82416E+4	5.45270E+4	3.71277E+6	1.24687E+6	8.29624E+4	3.00702E+6
7.28000E+1	2.80258E+4	5.43772E+4	3.56294E+6	1.28423E+6	8.27620E+4	3.01294E+6
7.29000E+1	2.84268E+4	5.44010E+4	3.48758E+6	1.26397E+6	8.25470E+4	2.91088E+6
7.30000E+1	2.83424E+4	5.44993E+4	3.85009E+6	1.26158E+6	8.26265E+4	2.93028E+6
7.31000E+1	2.81268E+4	5.44601E+4	3.51558E+6	1.25368E+6	8.25824E+4	2.80330E+6
7.32000E+1	2.82358E+4	5.47180E+4	3.67981E+6	1.27399E+6	8.29268E+4	3.02234E+6
7.33000E+1	2.82766E+4	5.46310E+4	3.71840E+6	1.26577E+6	8.28869E+4	2.93770E+6
7.34000E+1	2.81416E+4	5.46957E+4	3.53378E+6	1.26674E+6	8.26157E+4	2.80956E+6
7.35000E+1	2.83843E+4	5.47643E+4	3.63254E+6	1.30484E+6	8.27598E+4	2.95413E+6
7.36000E+1	2.83647E+4	5.45524E+4	3.71934E+6	1.26493E+6	8.26136E+4	2.92232E+6
7.37000E+1	2.82973E+4	5.44817E+4	3.69692E+6	1.27869E+6	8.28847E+4	2.94306E+6
7.38000E+1	2.82157E+4	5.48400E+4	3.52064E+6	1.28769E+6	8.25696E+4	2.90592E+6
7.39000E+1	2.84762E+4	5.48130E+4	3.72499E+6	1.26692E+6	8.27727E+4	2.95053E+6
7.40000E+1	2.81993E+4	5.48245E+4	3.54402E+6	1.24588E+6	8.26555E+4	2.84378E+6
7.41000E+1	2.85028E+4	5.48554E+4	3.84758E+6	1.28103E+6	8.26200E+4	2.94306E+6
7.42000E+1	2.84125E+4	5.49235E+4	3.79262E+6	1.26577E+6	8.27028E+4	2.93799E+6
7.43000E+1	2.83153E+4	5.48284E+4	3.91602E+6	1.24974E+6	8.27587E+4	2.91556E+6
7.44000E+1	2.83636E+4	5.49792E+4	3.72687E+6	1.30072E+6	8.25180E+4	2.82051E+6
7.45000E+1	2.86493E+4	5.48145E+4	3.67062E+6	1.28023E+6	8.26157E+4	2.95504E+6
7.46000E+1	2.84061E+4	5.49250E+4	3.53932E+6	1.27120E+6	8.25857E+4	2.88425E+6
7.47000E+1	2.83498E+4	5.49289E+4	3.79555E+6	1.27302E+6	8.26383E+4	2.86487E+6
7.48000E+1	2.85082E+4	5.48199E+4	3.57726E+6	1.27974E+6	8.24386E+4	2.83127E+6
7.49000E+1	2.86568E+4	5.50031E+4	3.65830E+6	1.28232E+6	8.29958E+4	2.93473E+6
7.50000E+1	2.85087E+4	5.49443E+4	3.79604E+6	1.27060E+6	8.26061E+4	2.89635E+6
7.51000E+1	2.85640E+4	5.51666E+4	3.89534E+6	1.29274E+6	8.26029E+4	2.90098E+6
7.52000E+1	2.85832E+4	5.50287E+4	3.70203E+6	1.27054E+6	8.26673E+4	2.92497E+6
7.53000E+1	2.86877E+4	5.50852E+4	3.78775E+6	1.27570E+6	8.25545E+4	2.88110E+6
7.54000E+1	2.87315E+4	5.51728E+4	3.77706E+6	1.27333E+6	8.26534E+4	2.88253E+6
7.55000E+1	2.86792E+4	5.52505E+4	3.65330E+6	1.29349E+6	8.22726E+4	2.91147E+6
7.56000E+1	2.87870E+4	5.52419E+4	3.73966E+6	1.28133E+6	8.24612E+4	2.96802E+6
7.57000E+1	2.86456E+4	5.51302E+4	3.73871E+6	1.25700E+6	8.24558E+4	2.91030E+6
7.58000E+1	2.86658E+4	5.52582E+4	3.94059E+6	1.26463E+6	8.25363E+4	2.87652E+6
7.59000E+1	2.89282E+4	5.51643E+4	3.63119E+6	1.27011E+6	8.24494E+4	2.81448E+6
7.60000E+1	2.88228E+4	5.51620E+4	3.78629E+6	1.25771E+6	8.24376E+4	2.88310E+6
7.61000E+1	2.86957E+4	5.52303E+4	3.71558E+6	1.24944E+6	8.24193E+4	2.91030E+6
7.62000E+1	2.88367E+4	5.52248E+4	3.83806E+6	1.26601E+6	8.25739E+4	2.85893E+6
7.63000E+1	2.86722E+4	5.54355E+4	3.88713E+6	1.25943E+6	8.23165E+4	2.89664E+6
7.64000E+1	2.89127E+4	5.53491E+4	3.80388E+6	1.28602E+6	8.28083E+4	2.99927E+6
7.65000E+1	2.89331E+4	5.52520E+4	3.66879E+6	1.26523E+6	8.23872E+4	2.97959E+6
7.66000E+1	2.87443E+4	5.54036E+4	3.71887E+6	1.28060E+6	8.25298E+4	2.98142E+6
7.67000E+1	2.88185E+4	5.56194E+4	3.81966E+6	1.29593E+6	8.25309E+4	2.99186E+6
7.68000E+1	2.88116E+4	5.53554E+4	3.66468E+6	1.23007E+6	8.24848E+4	2.92821E+6
7.69000E+1	2.88950E+4	5.54059E+4	3.87946E+6	1.27637E+6	8.24386E+4	2.88942E+6
7.70000E+1	2.89909E+4	5.53608E+4	3.79409E+6	1.25492E+6	8.24687E+4	2.94903E+6
7.71000E+1	2.90242E+4	5.57936E+4	3.75061E+6	1.26427E+6	8.25706E+4	2.93265E+6
7.72000E+1	2.88250E+4	5.57303E+4	3.67843E+6	1.24698E+6	8.24429E+4	2.92821E+6
7.73000E+1	2.87283E+4	5.57975E+4	3.80290E+6	1.27381E+6	8.25610E+4	2.97715E+6
7.74000E+1	2.86760E+4	5.55976E+4	3.60315E+6	1.25729E+6	8.25234E+4	2.90156E+6
7.75000E+1	2.89261E+4	5.57264E+4	3.82015E+6	1.27540E+6	8.24848E+4	2.99432E+6
7.76000E+1	2.88726E+4	5.56202E+4	3.69692E+6	1.25415E+6	8.23915E+4	2.88282E+6
7.77000E+1	2.89470E+4	5.59039E+4	3.68765E+6	1.26529E+6	8.24558E+4	2.91322E+6
7.78000E+1	2.91267E+4	5.58546E+4	3.93691E+6	1.25842E+6	8.25696E+4	2.92438E+6
7.79000E+1	2.89823E+4	5.59384E+4	3.55776E+6	1.26541E+6	8.25910E+4	2.91001E+6
7.80000E+1	2.88522E+4	5.57084E+4	3.93062E+6	1.24745E+6	8.22630E+4	2.88196E+6
7.81000E+1	2.90687E+4	5.58452E+4	3.81324E+6	1.26266E+6	8.24901E+4	2.98234E+6
7.82000E+1	2.91261E+4	5.59204E+4	3.72829E+6	1.24215E+6	8.23208E+4	2.88368E+6
7.83000E+1	2.90531E+4	5.57850E+4	3.59433E+6	1.25783E+6	8.25298E+4	3.10321E+6
7.84000E+1	2.88945E+4	5.58742E+4	3.83706E+6	1.27723E+6	8.25288E+4	2.88569E+6
7.85000E+1	2.90982E+4	5.57912E+4	3.85764E+6	1.23373E+6	8.24976E+4	2.82629E+6
7.86000E+1	2.89802E+4	5.61533E+4	3.88048E+6	1.28238E+6	8.24622E+4	2.98357E+6
7.87000E+1	2.90145E+4	5.61769E+4	3.82114E+6	1.26122E+6	8.23818E+4	2.88971E+6
7.88000E+1	2.91020E+4	5.60677E+4	3.85109E+6	1.25961E+6	8.24923E+4	3.02769E+6
7.89000E+1	2.91605E+4	5.63563E+4	3.77900E+6	1.25711E+6	8.27501E+4	2.88282E+6
7.90000E+1	2.91810E+4	5.61478E+4	3.72263E+6	1.26517E+6	8.24301E+4	3.01294E+6
7.91000E+1	2.91138E+4	5.62264E+4	3.74584E+6	1.26391E+6	8.24419E+4	2.92526E+6
7.92000E+1	2.89604E+4	5.62933E+4	3.65966E+6	1.25622E+6	8.24494E+4	3.06694E+6
7.93000E+1	2.92181E+4	5.63720E+4	3.76933E+6	1.26963E+6	8.24268E+4	2.94097E+6
7.94000E+1	2.92719E+4	5.62988E+4	3.71981E+6	1.28238E+6	8.25363E+4	2.89086E+6
7.95000E+1	2.92482E+4	5.63161E+4	4.07370E+6	1.26890E+6	8.25406E+4	2.99896E+6
7.96000E+1	2.93074E+4	5.65384E+4	4.04693E+6	1.30586E+6	8.26351E+4	3.00765E+6
7.97000E+1	2.91364E+4	5.62429E+4	3.67108E+6	1.25545E+6	8.22148E+4	2.97197E+6
7.98000E+1	2.93780E+4	5.63011E+4	3.98418E+6	1.26595E+6	8.26480E+4	2.94067E+6
7.99000E+1	2.93764E+4	5.65747E+4	3.87131E+6	1.27424E+6	8.26276E+4	3.03844E+6
8.00000E+1	2.93726E+4	5.63673E+4	3.80388E+6	1.26415E+6	8.22480E+4	2.84741E+6
8.01000E+1	2.93031E+4	5.65132E+4	3.73728E+6	1.27072E+6	8.24129E+4	2.89867E+6
8.02000E+1	2.96212E+4	5.67170E+4	3.90255E+6	1.27054E+6	8.23390E+4	2.90796E+6
8.03000E+1	2.93672E+4	5.64587E+4	3.79165E+6	1.26945E+6	8.24805E+4	2.91879E+6
8.04000E+1	2.93187E+4	5.65613E+4	3.84056E+6	1.28072E+6	8.24762E+4	2.98050E+6
8.05000E+1	2.97355E+4	5.66206E+4	4.08890E+6	1.30097E+6	8.25191E+4	2.95383E+6
8.06000E+1	2.96526E+4	5.65574E+4	3.67475E+6	1.24962E+6	8.23818E+4	2.88196E+6
8.07000E+1	2.95568E+4	5.67321E+4	3.86320E+6	1.28299E+6	8.21881E+4	2.94097E+6
8.08000E+1	2.95995E+4	5.66032E+4	4.06027E+6	1.32693E+6	8.24440E+4	3.04416E+6
8.09000E+1	2.95968E+4	5.65116E+4	3.69089E+6	1.27515E+6	8.24033E+4	2.96802E+6
8.10000E+1	2.95389E+4	5.66166E+4	3.86979E+6	1.28962E+6	8.26501E+4	2.94903E+6
8.11000E+1	2.96482E+4	5.66640E+4	3.86523E+6	1.31399E+6	8.24944E+4	3.04289E+6
8.12000E+1	2.96623E+4	5.67131E+4	3.93376E+6	1.29230E+6	8.25492E+4	2.99186E+6
8.13000E+1	2.98625E+4	5.65455E+4	3.77610E+6	1.24915E+6	8.22437E+4	2.80874E+6
8.14000E+1	2.96921E+4	5.69103E+4	3.86725E+6	1.29130E+6	8.26867E+4	2.87538E+6
8.15000E+1	2.99576E+4	5.68287E+4	3.86118E+6	1.29543E+6	8.26007E+4	2.97684E+6
8.16000E+1	2.97566E+4	5.70278E+4	4.12138E+6	1.29105E+6	8.26480E+4	2.98940E+6
8.17000E+1	2.95833E+4	5.67463E+4	3.85714E+6	1.26421E+6	8.22961E+4	2.95113E+6
8.18000E+1	2.97745E+4	5.70048E+4	3.86928E+6	1.27126E+6	8.21624E+4	3.01419E+6
8.19000E+1	2.98277E+4	5.69762E+4	4.43202E+6	1.28133E+6	8.22822E+4	3.02454E+6
8.20000E+1	2.98462E+4	5.69056E+4	3.95802E+6	1.28250E+6	8.24290E+4	2.98448E+6
8.21000E+1	2.98462E+4	5.72753E+4	3.94164E+6	1.28281E+6	8.24515E+4	2.97410E+6
8.22000E+1	3.00240E+4	5.73063E+4	4.03203E+6	1.30656E+6	8.23561E+4	3.13628E+6
8.23000E+1	2.99315E+4	5.68802E+4	3.78532E+6	1.23926E+6	8.22287E+4	2.90855E+6
8.24000E+1	3.00447E+4	5.73071E+4	4.04749E+6	1.30956E+6	8.24354E+4	2.95113E+6
8.25000E+1	2.99500E+4	5.70826E+4	3.98741E+6	1.30047E+6	8.24236E+4	3.01576E+6
8.26000E+1	3.00889E+4	5.70652E+4	3.93481E+6	1.29719E+6	8.20428E+4	2.98909E+6
8.27000E+1	2.98147E+4	5.70755E+4	3.92852E+6	1.30357E+6	8.20246E+4	2.98755E+6
8.28000E+1	2.99391E+4	5.72506E+4	3.92539E+6	1.30886E+6	8.24612E+4	3.05054E+6
8.29000E+1	3.00398E+4	5.72920E+4	4.20510E+6	1.29775E+6	8.22715E+4	2.87367E+6
8.30000E+1	3.00273E+4	5.72729E+4	3.91031E+6	1.27418E+6	8.21271E+4	2.87995E+6
8.31000E+1	3.00720E+4	5.72697E+4	3.99010E+6	1.28676E+6	8.23026E+4	2.85752E+6
8.32000E+1	3.00589E+4	5.72761E+4	3.93114E+6	1.32831E+6	8.21293E+4	2.94634E+6
8.33000E+1	3.02565E+4	5.72434E+4	3.73349E+6	1.30179E+6	8.21239E+4	3.00174E+6
8.34000E+1	3.01871E+4	5.73614E+4	3.91653E+6	1.29838E+6	8.21250E+4	2.97806E+6
8.35000E+1	3.01969E+4	5.72753E+4	3.94322E+6	1.28763E+6	8.24322E+4	3.07114E+6
8.36000E+1	3.02959E+4	5.74979E+4	4.43599E+6	1.31393E+6	8.20908E+4	3.01638E+6
8.37000E+1	3.03659E+4	5.75195E+4	3.89020E+6	1.27925E+6	8.21881E+4	2.93651E+6
8.38000E+1	3.03259E+4	5.74476E+4	4.12597E+6	1.33358E+6	8.19926E+4	3.04384E+6
8.39000E+1	3.04706E+4	5.73781E+4	3.92226E+6	1.30439E+6	8.20694E+4	3.12217E+6
8.40000E+1	3.05282E+4	5.76795E+4	4.20271E+6	1.28133E+6	8.21592E+4	3.09760E+6
8.41000E+1	3.02937E+4	5.73550E+4	4.02544E+6	1.29424E+6	8.18625E+4	2.99803E+6
8.42000E+1	3.03320E+4	5.78206E+4	3.95378E+6	1.31412E+6	8.21496E+4	3.06081E+6
8.43000E+1	3.03429E+4	5.75107E+4	4.00145E+6	1.32124E+6	8.16698E+4	2.95775E+6
8.44000E+1	3.03177E+4	5.75283E+4	4.08270E+6	1.31386E+6	8.19947E+4	2.90447E+6
8.45000E+1	3.04152E+4	5.75747E+4	4.06865E+6	1.35714E+6	8.22555E+4	3.01232E+6
8.46000E+1	3.05035E+4	5.75331E+4	4.01668E+6	1.34412E+6	8.19680E+4	3.13055E+6
8.47000E+1	3.04136E+4	5.76011E+4	3.89585E+6	1.30243E+6	8.19467E+4	3.01076E+6
8.48000E+1	3.04486E+4	5.75419E+4	4.14795E+6	1.33937E+6	8.20342E+4	3.01920E+6
8.49000E+1	3.05726E+4	5.77420E+4	4.07257E+6	1.33703E+6	8.20406E+4	2.95925E+6
8.50000E+1	3.05979E+4	5.76899E+4	4.02708E+6	1.32431E+6	8.19211E+4	2.90418E+6
8.51000E+1	3.07272E+4	5.78993E+4	4.25524E+6	1.33690E+6	8.20492E+4	2.96893E+6
8.52000E+1	3.04601E+4	5.77733E+4	4.25707E+6	1.32209E+6	8.21592E+4	3.07666E+6
8.53000E+1	3.05661E+4	5.77092E+4	3.89123E+6	1.29826E+6	8.19073E+4	2.90563E+6
8.54000E+1	3.05650E+4	5.77885E+4	3.96439E+6	1.33200E+6	8.20342E+4	2.98142E+6
8.55000E+1	3.06128E+4	5.77308E+4	4.03423E+6	1.33332E+6	8.16071E+4	3.02548E+6
8.56000E+1	3.06402E+4	5.77220E+4	4.01123E+6	1.31078E+6	8.16624E+4	2.88052E+6
8.57000E+1	3.06117E+4	5.80376E+4	4.11450E+6	1.31631E+6	8.17635E+4	2.97440E+6
8.58000E+1	3.06325E+4	5.78399E+4	4.10024E+6	1.31864E+6	8.17933E+4	2.93770E+6
8.59000E+1	3.07002E+4	5.79556E+4	4.12597E+6	1.33983E+6	8.20823E+4	2.95654E+6
8.60000E+1	3.08606E+4	5.78961E+4	3.86979E+6	1.31148E+6	8.18497E+4	2.90971E+6
8.61000E+1	3.05721E+4	5.77188E+4	4.02763E+6	1.32418E+6	8.17954E+4	2.96802E+6
8.62000E+1	3.07575E+4	5.77661E+4	4.10365E+6	1.32333E+6	8.20823E+4	2.91732E+6
8.63000E+1	3.08981E+4	5.78415E+4	3.89072E+6	1.33166E+6	8.17411E+4	3.07796E+6
8.64000E+1	3.09141E+4	5.79990E+4	4.38746E+6	1.32529E+6	8.18646E+4	2.93829E+6
8.65000E+1	3.09411E+4	5.80497E+4	3.92539E+6	1.32418E+6	8.15222E+4	2.96167E+6
8.66000E+1	3.09726E+4	5.80488E+4	4.26258E+6	1.33127E+6	8.18252E+4	2.93117E+6
8.67000E+1	3.10119E+4	5.81817E+4	3.95378E+6	1.31748E+6	8.18433E+4	2.93176E+6
8.68000E+1	3.10229E+4	5.83924E+4	3.98795E+6	1.32798E+6	8.18945E+4	3.19958E+6
8.69000E+1	3.08286E+4	5.81294E+4	3.93428E+6	1.36539E+6	8.15636E+4	2.83709E+6
8.70000E+1	3.10213E+4	5.83779E+4	4.22550E+6	1.33877E+6	8.17475E+4	2.96318E+6
8.71000E+1	3.09671E+4	5.82035E+4	4.26320E+6	1.31380E+6	8.17752E+4	3.02045E+6
8.72000E+1	3.11403E+4	5.83924E+4	4.10593E+6	1.34285E+6	8.13588E+4	2.92202E+6
8.73000E+1	3.11015E+4	5.83892E+4	4.38487E+6	1.34211E+6	8.15848E+4	3.04895E+6
8.74000E+1	3.12817E+4	5.83286E+4	4.37646E+6	1.35270E+6	8.15742E+4	2.96439E+6
8.75000E+1	3.12745E+4	5.84660E+4	4.33489E+6	1.34130E+6	8.14574E+4	3.05631E+6
8.76000E+1	3.11830E+4	5.82697E+4	4.15786E+6	1.32791E+6	8.14850E+4	2.95865E+6
8.77000E+1	3.14012E+4	5.85308E+4	3.91238E+6	1.35216E+6	8.13906E+4	3.12317E+6
8.78000E+1	3.14073E+4	5.85040E+4	4.58313E+6	1.34715E+6	8.14383E+4	3.11916E+6
8.79000E+1	3.12906E+4	5.84425E+4	4.14099E+6	1.34850E+6	8.14076E+4	2.95865E+6
8.80000E+1	3.13284E+4	5.84692E+4	4.23154E+6	1.35919E+6	8.14596E+4	2.93058E+6
8.81000E+1	3.14563E+4	5.84733E+4	4.23941E+6	1.36098E+6	8.16273E+4	2.95474E+6
8.82000E+1	3.13851E+4	5.84717E+4	4.14505E+6	1.36146E+6	8.15009E+4	3.02926E+6
8.83000E+1	3.15120E+4	5.85534E+4	4.14621E+6	1.36962E+6	8.14468E+4	3.12284E+6
8.84000E+1	3.16007E+4	5.84288E+4	4.28849E+6	1.36955E+6	8.15147E+4	2.89173E+6
8.85000E+1	3.15616E+4	5.86604E+4	4.17310E+6	1.35926E+6	8.14596E+4	2.98142E+6
8.86000E+1	3.16202E+4	5.86053E+4	4.31659E+6	1.33577E+6	8.12032E+4	2.99371E+6
8.87000E+1	3.16124E+4	5.85858E+4	4.44329E+6	1.33663E+6	8.14553E+4	3.10619E+6
8.88000E+1	3.18198E+4	5.85421E+4	4.42014E+6	1.37760E+6	8.12064E+4	2.91117E+6
8.89000E+1	3.17325E+4	5.86847E+4	4.02215E+6	1.36969E+6	8.10278E+4	3.05952E+6
8.90000E+1	3.21087E+4	5.84943E+4	4.08721E+6	1.35912E+6	8.13641E+4	2.99155E+6
8.91000E+1	3.18326E+4	5.87342E+4	4.13751E+6	1.35074E+6	8.13207E+4	3.10719E+6
8.92000E+1	3.17823E+4	5.87521E+4	4.07594E+6	1.36435E+6	8.14394E+4	3.02359E+6
8.93000E+1	3.19290E+4	5.87261E+4	4.25035E+6	1.37507E+6	8.16018E+4	3.06145E+6
8.94000E+1	3.19728E+4	5.86369E+4	4.10707E+6	1.37402E+6	8.12371E+4	3.16762E+6
8.95000E+1	3.21880E+4	5.88187E+4	4.41094E+6	1.35135E+6	8.11630E+4	3.12652E+6
8.96000E+1	3.18797E+4	5.85712E+4	4.12540E+6	1.34372E+6	8.08959E+4	2.99309E+6
8.97000E+1	3.20873E+4	5.87627E+4	4.46602E+6	1.36346E+6	8.12508E+4	3.17763E+6
8.98000E+1	3.20008E+4	5.89106E+4	4.15611E+6	1.34715E+6	8.11588E+4	3.00516E+6
8.99000E+1	3.24045E+4	5.89171E+4	4.36680E+6	1.37669E+6	8.13090E+4	3.07991E+6
9.00000E+1	3.23966E+4	5.90653E+4	4.08890E+6	1.37116E+6	8.09296E+4	3.04671E+6
9.01000E+1	3.23447E+4	5.91493E+4	4.00796E+6	1.36304E+6	8.10436E+4	3.07309E+6
9.02000E+1	3.24401E+4	5.90686E+4	4.50463E+6	1.40351E+6	8.10753E+4	3.05150E+6
9.03000E+1	3.25595E+4	5.89114E+4	4.42805E+6	1.37704E+6	8.11260E+4	3.02706E+6
9.04000E+1	3.25312E+4	5.90678E+4	4.22912E+6	1.35823E+6	8.10257E+4	2.94604E+6
9.05000E+1	3.25216E+4	5.89407E+4	4.13462E+6	1.37556E+6	8.10626E+4	3.03558E+6
9.06000E+1	3.27017E+4	5.92220E+4	4.31596E+6	1.39713E+6	8.10859E+4	3.16144E+6
9.07000E+1	3.25991E+4	5.92824E+4	4.48017E+6	1.38965E+6	8.07947E+4	3.08318E+6
9.08000E+1	3.26484E+4	5.90221E+4	4.43467E+6	1.37325E+6	8.11429E+4	3.15358E+6
9.09000E+1	3.26626E+4	5.90123E+4	4.21288E+6	1.36865E+6	8.09634E+4	3.11516E+6
9.10000E+1	3.26649E+4	5.91624E+4	4.64542E+6	1.38994E+6	8.11408E+4	3.11549E+6
9.11000E+1	3.27886E+4	5.91673E+4	4.31533E+6	1.37725E+6	8.08358E+4	3.15460E+6
9.12000E+1	3.30458E+4	5.93691E+4	4.54946E+6	1.38723E+6	8.11112E+4	3.14440E+6
9.13000E+1	3.28028E+4	5.92555E+4	4.31785E+6	1.38226E+6	8.09265E+4	3.04607E+6
9.14000E+1	3.32480E+4	5.93896E+4	4.45596E+6	1.41911E+6	8.10542E+4	3.25449E+6
9.15000E+1	3.31686E+4	5.93601E+4	4.51215E+6	1.39973E+6	8.09180E+4	3.20485E+6
9.16000E+1	3.32246E+4	5.93577E+4	4.65924E+6	1.41348E+6	8.10404E+4	3.18874E+6
9.17000E+1	3.32692E+4	5.94215E+4	4.32036E+6	1.37584E+6	8.09402E+4	3.10454E+6
9.18000E+1	3.33442E+4	5.94903E+4	4.35974E+6	1.40672E+6	8.08379E+4	3.14541E+6
9.19000E+1	3.30749E+4	5.94526E+4	4.45196E+6	1.40804E+6	8.08864E+4	3.17141E+6
9.20000E+1	3.32623E+4	5.94731E+4	4.46736E+6	1.38531E+6	8.09423E+4	3.14440E+6
9.21000E+1	3.33087E+4	5.94616E+4	4.52590E+6	1.38516E+6	8.12476E+4	3.18387E+6
9.22000E+1	3.34038E+4	5.95469E+4	4.55643E+6	1.39583E+6	8.09581E+4	3.09629E+6
9.23000E+1	3.36111E+4	5.96199E+4	4.33933E+6	1.39489E+6	8.07358E+4	3.04639E+6
9.24000E+1	3.36117E+4	5.94010E+4	4.32351E+6	1.36581E+6	8.07126E+4	3.03084E+6
9.25000E+1	3.36312E+4	5.98377E+4	4.65123E+6	1.39094E+6	8.10901E+4	3.07341E+6
9.26000E+1	3.36238E+4	5.99868E+4	4.30093E+6	1.38723E+6	8.08927E+4	3.09563E+6
9.27000E+1	3.35559E+4	5.98492E+4	4.41685E+6	1.38056E+6	8.08421E+4	3.09497E+6
9.28000E+1	3.36922E+4	5.97925E+4	4.54946E+6	1.43004E+6	8.08285E+4	3.21155E+6
9.29000E+1	3.37043E+4	5.97275E+4	4.58454E+6	1.37514E+6	8.05350E+4	3.26504E+6
9.30000E+1	3.38098E+4	5.97382E+4	4.35910E+6	1.37690E+6	8.06390E+4	3.10619E+6
9.31000E+1	3.38467E+4	5.98443E+4	4.54876E+6	1.39309E+6	8.06706E+4	3.15528E+6
9.32000E+1	3.40375E+4	5.99234E+4	4.58242E+6	1.40467E+6	8.07926E+4	3.09695E+6
9.33000E+1	3.38058E+4	5.95485E+4	4.43334E+6	1.37507E+6	8.07537E+4	3.08743E+6
9.34000E+1	3.40554E+4	6.01718E+4	4.48422E+6	1.39137E+6	8.06601E+4	3.18491E+6
9.35000E+1	3.39981E+4	5.99324E+4	4.55853E+6	1.42455E+6	8.05854E+4	3.21721E+6
9.36000E+1	3.41597E+4	6.00718E+4	4.38811E+6	1.38424E+6	8.05770E+4	3.16247E+6
9.37000E+1	3.41191E+4	6.02528E+4	4.34123E+6	1.39403E+6	8.06590E+4	3.02485E+6
9.38000E+1	3.42601E+4	5.99901E+4	4.52245E+6	1.42793E+6	8.07284E+4	3.08187E+6
9.39000E+1	3.42938E+4	6.01379E+4	4.34569E+6	1.40723E+6	8.07463E+4	3.02454E+6
9.40000E+1	3.41348E+4	6.00652E+4	4.59162E+6	1.41710E+6	8.05203E+4	3.12351E+6
9.41000E+1	3.43275E+4	6.01238E+4	4.85052E+6	1.39944E+6	8.11577E+4	3.20414E+6
9.42000E+1	3.45103E+4	6.01238E+4	4.45262E+6	1.40826E+6	8.05938E+4	3.15699E+6
9.43000E+1	3.47380E+4	6.01866E+4	4.27673E+6	1.38289E+6	8.06979E+4	3.05920E+6
9.44000E+1	3.47749E+4	6.02743E+4	4.56904E+6	1.43534E+6	8.07516E+4	3.20168E+6
9.45000E+1	3.46719E+4	6.00751E+4	4.40505E+6	1.39828E+6	8.05203E+4	3.15836E+6
9.46000E+1	3.46422E+4	6.03455E+4	4.50053E+6	1.42127E+6	8.07284E+4	3.14575E+6
9.47000E+1	3.47374E+4	6.04093E+4	4.19616E+6	1.38452E+6	8.03598E+4	3.03558E+6
9.48000E+1	3.47754E+4	6.05188E+4	4.57185E+6	1.40958E+6	8.08011E+4	3.11549E+6
9.49000E+1	3.48885E+4	6.02975E+4	4.52039E+6	1.40745E+6	8.05392E+4	3.09234E+6
9.50000E+1	3.52364E+4	6.03248E+4	4.37259E+6	1.39396E+6	8.05004E+4	3.03179E+6
9.51000E+1	3.54033E+4	6.08024E+4	4.69972E+6	1.41031E+6	8.04248E+4	3.23324E+6
9.52000E+1	3.50775E+4	6.05055E+4	4.53280E+6	1.40358E+6	8.05707E+4	3.05278E+6
9.53000E+1	3.51610E+4	6.05479E+4	4.76593E+6	1.39770E+6	8.04731E+4	3.01201E+6
9.54000E+1	3.52623E+4	6.07266E+4	4.63456E+6	1.38751E+6	8.03253E+4	3.16865E+6
9.55000E+1	3.55873E+4	6.06501E+4	4.83243E+6	1.47443E+6	8.05329E+4	3.27382E+6
9.56000E+1	3.55417E+4	6.07757E+4	4.79047E+6	1.43907E+6	8.05046E+4	3.22895E+6
9.57000E+1	3.57094E+4	6.08099E+4	4.69083E+6	1.44151E+6	8.05119E+4	3.18630E+6
9.58000E+1	3.60085E+4	6.08274E+4	4.55294E+6	1.41488E+6	8.01327E+4	3.21579E+6
9.59000E+1	3.59525E+4	6.07175E+4	4.75452E+6	1.40613E+6	8.01703E+4	3.02454E+6
9.60000E+1	3.60127E+4	6.07807E+4	4.69972E+6	1.44481E+6	8.03242E+4	3.30080E+6
9.61000E+1	3.63335E+4	6.08316E+4	4.79509E+6	1.43481E+6	8.02572E+4	3.20063E+6
9.62000E+1	3.63245E+4	6.10151E+4	4.57115E+6	1.39195E+6	8.01641E+4	3.22681E+6
9.63000E+1	3.63880E+4	6.08099E+4	4.62807E+6	1.43450E+6	8.03012E+4	3.10520E+6
9.64000E+1	3.67293E+4	6.08932E+4	5.06899E+6	1.45153E+6	8.01808E+4	3.18074E+6
9.65000E+1	3.67919E+4	6.08457E+4	5.13084E+6	1.41540E+6	8.02488E+4	3.17797E+6
9.66000E+1	3.69422E+4	6.07674E+4	4.60585E+6	1.41363E+6	8.00397E+4	3.04544E+6
9.67000E+1	3.71564E+4	6.09074E+4	5.08020E+6	1.43193E+6	8.02373E+4	3.13190E+6
9.68000E+1	3.71952E+4	6.09299E+4	5.00103E+6	1.41926E+6	7.97686E+4	3.17313E+6
9.69000E+1	3.73993E+4	6.08491E+4	5.01617E+6	1.43208E+6	7.99833E+4	3.12753E+6
9.70000E+1	3.73342E+4	6.11597E+4	4.86478E+6	1.46767E+6	7.99781E+4	3.18804E+6
9.71000E+1	3.76332E+4	6.09800E+4	4.96193E+6	1.40796E+6	7.97062E+4	3.03939E+6
9.72000E+1	3.79740E+4	6.11279E+4	5.21685E+6	1.46058E+6	7.99583E+4	3.12820E+6
9.73000E+1	3.82302E+4	6.08332E+4	4.96276E+6	1.45068E+6	7.97613E+4	3.12485E+6
9.74000E+1	3.82456E+4	6.12225E+4	4.94958E+6	1.44820E+6	7.98248E+4	3.16590E+6
9.75000E+1	3.83793E+4	6.11756E+4	5.34844E+6	1.46649E+6	8.01149E+4	3.22538E+6
9.76000E+1	3.85158E+4	6.12032E+4	5.45970E+6	1.43861E+6	7.97145E+4	3.11649E+6
9.77000E+1	3.87232E+4	6.12091E+4	5.38309E+6	1.48886E+6	7.95513E+4	3.15528E+6
9.78000E+1	3.86092E+4	6.11313E+4	5.10016E+6	1.43268E+6	7.98957E+4	3.07439E+6
9.79000E+1	3.90295E+4	6.12703E+4	5.01617E+6	1.49049E+6	7.95191E+4	3.31690E+6
9.80000E+1	3.91436E+4	6.13331E+4	5.30198E+6	1.47316E+6	7.95731E+4	3.15290E+6
9.81000E+1	3.91691E+4	6.13373E+4	5.09755E+6	1.44312E+6	7.94952E+4	3.06726E+6
9.82000E+1	3.91941E+4	6.14254E+4	5.08453E+6	1.47276E+6	8.01505E+4	3.32179E+6
9.83000E+1	3.93785E+4	6.16027E+4	5.26742E+6	1.47164E+6	7.96396E+4	3.23252E+6
9.84000E+1	3.95502E+4	6.15296E+4	5.23972E+6	1.45667E+6	7.95731E+4	3.18665E+6
9.85000E+1	3.93466E+4	6.15136E+4	5.11151E+6	1.48910E+6	7.99896E+4	3.18979E+6
9.86000E+1	3.95859E+4	6.16482E+4	5.39669E+6	1.48262E+6	7.99614E+4	3.28818E+6
9.87000E+1	3.95150E+4	6.16069E+4	5.23513E+6	1.46475E+6	7.96687E+4	3.16384E+6
9.88000E+1	3.95696E+4	6.13600E+4	5.27392E+6	1.47387E+6	7.96011E+4	3.05342E+6
9.89000E+1	3.96940E+4	6.16347E+4	5.85545E+6	1.51146E+6	7.98353E+4	3.23002E+6
9.90000E+1	3.98161E+4	6.16962E+4	4.96111E+6	1.48456E+6	7.96802E+4	3.33962E+6
9.91000E+1	3.96192E+4	6.18463E+4	5.25353E+6	1.49228E+6	7.96552E+4	3.22253E+6
9.92000E+1	3.97506E+4	6.20034E+4	5.51806E+6	1.50372E+6	7.97978E+4	3.31164E+6
9.93000E+1	3.97342E+4	6.18826E+4	5.11589E+6	1.48675E+6	7.97238E+4	3.23109E+6
9.94000E+1	3.94937E+4	6.17923E+4	5.29447E+6	1.48222E+6	7.96885E+4	3.14949E+6
9.95000E+1	3.95809E+4	6.17535E+4	5.34271E+6	1.47459E+6	7.94641E+4	3.33543E+6
9.96000E+1	3.95502E+4	6.19653E+4	5.27485E+6	1.46807E+6	7.95772E+4	3.14101E+6
9.97000E+1	3.95314E+4	6.20389E+4	5.07071E+6	1.47005E+6	7.94651E+4	3.23969E+6
9.98000E+1	3.94925E+4	6.19332E+4	5.01027E+6	1.47555E+6	7.96739E+4	3.39736E+6
9.99000E+1	3.94023E+4	6.18226E+4	5.19238E+6	1.47347E+6	7.97249E+4	3.31652E+6
1.00000E+2	3.95113E+4	6.19662E+4	5.14498E+6	1.47828E+6	7.97051E+4	3.19993E+6
1.00100E+2	3.94210E+4	6.21574E+4	5.74333E+6	1.50696E+6	7.96115E+4	3.27675E+6
1.00200E+2	3.91904E+4	6.20186E+4	4.88471E+6	1.41859E+6	7.94994E+4	3.08122E+6
1.00300E+2	3.93697E+4	6.21464E+4	5.19147E+6	1.46767E+6	7.95450E+4	3.26613E+6
1.00400E+2	3.93503E+4	6.22803E+4	5.02208E+6	1.47013E+6	7.95804E+4	3.20555E+6
1.00500E+2	3.94643E+4	6.19958E+4	4.90561E+6	1.47085E+6	7.97509E+4	3.38089E+6
1.00600E+2	3.92872E+4	6.21295E+4	5.02039E+6	1.43216E+6	7.94620E+4	3.15290E+6
1.00700E+2	3.92822E+4	6.24086E+4	5.47367E+6	1.45972E+6	7.99333E+4	3.19923E+6
1.00800E+2	3.90457E+4	6.24655E+4	5.05868E+6	1.47053E+6	7.96718E+4	3.19747E+6
1.00900E+2	3.91523E+4	6.24383E+4	5.21503E+6	1.43072E+6	7.97957E+4	3.10586E+6
1.01000E+2	3.93222E+4	6.26426E+4	5.15653E+6	1.47069E+6	7.99280E+4	3.28596E+6
1.01100E+2	3.90787E+4	6.24128E+4	5.31423E+6	1.45854E+6	7.94319E+4	3.10984E+6
1.01200E+2	3.92147E+4	6.25787E+4	5.08280E+6	1.46530E+6	7.96095E+4	3.12217E+6
1.01300E+2	3.91236E+4	6.26690E+4	5.03819E+6	1.43648E+6	7.95243E+4	3.09267E+6
1.01400E+2	3.94029E+4	6.26034E+4	5.30198E+6	1.45246E+6	7.95440E+4	3.28190E+6
1.01500E+2	3.90756E+4	6.27714E+4	5.51603E+6	1.44844E+6	7.98332E+4	3.28781E+6
1.01600E+2	3.90613E+4	6.25361E+4	5.30480E+6	1.42951E+6	7.96136E+4	3.22289E+6
1.01700E+2	3.88827E+4	6.26698E+4	5.08453E+6	1.45550E+6	7.96770E+4	3.06564E+6
1.01800E+2	3.91860E+4	6.26588E+4	5.20323E+6	1.45565E+6	7.96916E+4	3.25015E+6
1.01900E+2	3.90625E+4	6.27330E+4	5.11064E+6	1.49843E+6	7.95980E+4	3.11549E+6
1.02000E+2	3.88224E+4	6.25310E+4	4.83714E+6	1.45487E+6	7.96438E+4	3.08972E+6
1.02100E+2	3.91891E+4	6.29525E+4	5.22141E+6	1.45721E+6	7.97561E+4	3.22752E+6
1.02200E+2	3.89287E+4	6.26306E+4	5.21959E+6	1.41127E+6	7.97936E+4	3.13425E+6
1.02300E+2	3.91267E+4	6.30390E+4	5.03479E+6	1.44782E+6	7.96854E+4	3.18456E+6
1.02400E+2	3.90731E+4	6.27082E+4	5.12819E+6	1.44366E+6	7.98207E+4	3.18979E+6
1.02500E+2	3.90644E+4	6.26639E+4	5.21139E+6	1.46247E+6	7.98926E+4	3.07341E+6
1.02600E+2	3.91897E+4	6.29679E+4	5.09147E+6	1.46286E+6	7.95876E+4	3.18804E+6
1.02700E+2	3.93115E+4	6.29414E+4	5.19147E+6	1.41770E+6	7.98426E+4	3.11117E+6
1.02800E+2	3.88169E+4	6.28337E+4	5.09234E+6	1.45925E+6	7.96552E+4	3.16247E+6
1.02900E+2	3.92653E+4	6.31710E+4	5.44084E+6	1.48302E+6	7.98707E+4	3.13560E+6
1.03000E+2	3.90625E+4	6.29149E+4	4.98016E+6	1.43291E+6	7.97259E+4	3.18422E+6
1.03100E+2	3.91866E+4	6.29038E+4	4.98932E+6	1.45014E+6	7.97155E+4	3.12619E+6
1.03200E+2	3.91211E+4	6.32190E+4	5.15920E+6	1.43549E+6	7.99583E+4	3.19572E+6
1.03300E+2	3.92728E+4	6.33160E+4	5.09320E+6	1.41829E+6	7.98665E+4	3.17244E+6
1.03400E+2	3.91454E+4	6.31529E+4	5.14764E+6	1.43246E+6	7.95347E+4	3.07699E+6
1.03500E+2	3.87474E+4	6.30390E+4	5.17529E+6	1.43420E+6	7.95367E+4	3.05792E+6
1.03600E+2	3.92834E+4	6.30415E+4	5.23605E+6	1.46372E+6	7.97936E+4	3.15358E+6
1.03700E+2	3.92284E+4	6.31752E+4	4.92669E+6	1.47667E+6	8.02938E+4	3.46607E+6
1.03800E+2	3.91997E+4	6.31847E+4	5.46468E+6	1.45464E+6	7.96739E+4	3.14372E+6
1.03900E+2	3.92997E+4	6.31701E+4	5.29447E+6	1.45807E+6	7.96843E+4	3.17624E+6
1.04000E+2	3.92584E+4	6.33840E+4	5.06727E+6	1.44581E+6	7.95004E+4	3.11150E+6
1.04100E+2	3.93391E+4	6.34640E+4	4.81369E+6	1.46019E+6	7.98801E+4	3.20978E+6
1.04200E+2	3.93397E+4	6.31332E+4	4.88871E+6	1.42959E+6	7.95097E+4	3.15528E+6
1.04300E+2	3.95176E+4	6.32525E+4	5.40839E+6	1.46254E+6	7.96698E+4	3.15460E+6
1.04400E+2	3.94630E+4	6.32173E+4	4.80282E+6	1.46388E+6	7.97051E+4	3.18005E+6
1.04500E+2	3.92815E+4	6.33659E+4	4.98432E+6	1.44274E+6	7.97978E+4	3.05599E+6
1.04600E+2	3.94662E+4	6.34321E+4	5.11239E+6	1.44975E+6	7.97395E+4	3.26796E+6
1.04700E+2	3.94117E+4	6.32293E+4	5.06383E+6	1.42936E+6	7.95471E+4	3.19258E+6
1.04800E+2	3.92259E+4	6.31847E+4	4.99350E+6	1.47005E+6	7.97447E+4	3.19258E+6
1.04900E+2	3.95270E+4	6.38099E+4	5.54052E+6	1.46050E+6	7.95461E+4	3.27602E+6
1.05000E+2	3.92815E+4	6.33496E+4	5.14321E+6	1.42846E+6	7.99155E+4	3.19328E+6
1.05100E+2	3.91423E+4	6.35260E+4	5.33414E+6	1.46570E+6	7.96032E+4	3.19118E+6
1.05200E+2	3.95784E+4	6.35717E+4	5.05611E+6	1.44489E+6	7.94361E+4	3.11449E+6
1.05300E+2	3.94837E+4	6.35768E+4	4.55085E+6	1.43148E+6	7.94174E+4	3.13763E+6
1.05400E+2	3.93197E+4	6.35424E+4	4.98432E+6	1.43481E+6	7.97790E+4	3.31014E+6
1.05500E+2	3.91186E+4	6.34803E+4	4.86398E+6	1.38325E+6	7.97894E+4	3.07764E+6
1.05600E+2	3.95082E+4	6.37028E+4	4.77281E+6	1.43770E+6	7.95502E+4	3.19467E+6
1.05700E+2	3.93922E+4	6.36286E+4	4.91856E+6	1.42441E+6	7.96053E+4	3.22431E+6
1.05800E+2	3.94311E+4	6.34752E+4	5.19147E+6	1.44228E+6	7.94267E+4	3.12418E+6
1.05900E+2	3.93491E+4	6.37511E+4	5.02208E+6	1.44144E+6	7.95606E+4	3.12585E+6
1.06000E+2	3.92010E+4	6.36838E+4	5.32843E+6	1.42650E+6	7.95970E+4	3.07439E+6
1.06100E+2	3.91723E+4	6.36907E+4	4.72809E+6	1.43185E+6	7.94578E+4	3.13763E+6
1.06200E+2	3.94486E+4	6.40246E+4	4.86319E+6	1.43838E+6	7.94755E+4	3.22111E+6
1.06300E+2	3.95082E+4	6.38281E+4	5.12555E+6	1.42254E+6	7.95752E+4	3.18144E+6
1.06400E+2	3.93616E+4	6.38912E+4	5.33890E+6	1.46538E+6	7.95004E+4	3.26504E+6
1.06500E+2	3.93622E+4	6.36959E+4	4.88631E+6	1.41289E+6	7.98228E+4	3.26979E+6
1.06600E+2	3.93647E+4	6.35449E+4	4.89514E+6	1.42673E+6	7.93303E+4	3.12050E+6
1.06700E+2	3.90787E+4	6.37244E+4	5.04585E+6	1.42530E+6	7.94361E+4	3.20907E+6
1.06800E+2	3.92603E+4	6.37788E+4	4.88871E+6	1.41377E+6	7.93158E+4	3.30752E+6
1.06900E+2	3.92990E+4	6.37848E+4	5.04074E+6	1.44312E+6	7.97311E+4	3.30752E+6
1.07000E+2	3.93441E+4	6.39492E+4	5.15030E+6	1.42823E+6	7.94921E+4	3.22645E+6
1.07100E+2	3.94373E+4	6.38004E+4	4.87991E+6	1.40657E+6	7.96146E+4	3.16110E+6
1.07200E+2	3.94499E+4	6.38021E+4	4.89916E+6	1.45472E+6	7.97395E+4	3.19363E+6
1.07300E+2	3.95954E+4	6.41399E+4	4.95452E+6	1.41807E+6	7.95014E+4	3.29708E+6
1.07400E+2	3.95703E+4	6.38004E+4	4.86240E+6	1.41718E+6	7.94610E+4	3.28855E+6
1.07500E+2	3.96343E+4	6.37961E+4	5.31329E+6	1.47180E+6	7.97082E+4	3.28596E+6
1.07600E+2	3.94743E+4	6.39025E+4	5.23146E+6	1.39770E+6	7.94423E+4	3.08710E+6
1.07700E+2	3.96406E+4	6.39613E+4	5.38891E+6	1.46003E+6	7.96687E+4	3.24509E+6
1.07800E+2	3.96173E+4	6.39267E+4	4.92913E+6	1.44604E+6	7.95482E+4	3.16659E+6
1.07900E+2	3.99743E+4	6.42268E+4	4.77587E+6	1.45363E+6	7.94309E+4	3.04544E+6
1.08000E+2	3.95452E+4	6.41391E+4	4.78431E+6	1.41710E+6	7.92816E+4	3.17867E+6
1.08100E+2	3.97890E+4	6.40168E+4	5.13613E+6	1.46514E+6	7.93345E+4	3.21756E+6
1.08200E+2	4.00400E+4	6.42172E+4	4.82226E+6	1.47093E+6	7.92961E+4	3.12384E+6
1.08300E+2	4.00362E+4	6.42129E+4	5.12291E+6	1.41673E+6	7.94693E+4	3.03053E+6
1.08400E+2	4.02108E+4	6.39743E+4	4.94958E+6	1.43838E+6	7.93666E+4	3.12686E+6
1.08500E+2	4.01234E+4	6.39873E+4	4.93239E+6	1.46601E+6	7.93583E+4	3.16315E+6
1.08600E+2	4.01988E+4	6.40662E+4	5.11064E+6	1.44697E+6	7.93811E+4	3.21508E+6
1.08700E+2	4.02336E+4	6.40593E+4	5.30763E+6	1.45130E+6	7.93552E+4	3.29745E+6
1.08800E+2	4.06345E+4	6.40437E+4	4.91613E+6	1.43892E+6	7.95544E+4	3.15119E+6
1.08900E+2	4.02799E+4	6.42607E+4	5.30763E+6	1.47499E+6	7.93003E+4	3.32406E+6
1.09000E+2	4.05562E+4	6.43146E+4	5.03734E+6	1.44243E+6	7.93168E+4	3.26431E+6
1.09100E+2	4.08643E+4	6.44243E+4	5.18517E+6	1.48254E+6	7.93490E+4	3.32481E+6
1.09200E+2	4.07627E+4	6.40376E+4	5.28418E+6	1.45037E+6	7.93055E+4	3.22931E+6
1.09300E+2	4.07155E+4	6.44234E+4	5.41622E+6	1.45698E+6	7.94298E+4	3.40724E+6
1.09400E+2	4.08713E+4	6.41573E+4	5.02039E+6	1.47021E+6	7.91750E+4	3.21190E+6
1.09500E+2	4.13158E+4	6.44208E+4	5.54770E+6	1.48335E+6	7.94246E+4	3.35955E+6
1.09600E+2	4.11654E+4	6.40835E+4	5.04244E+6	1.47659E+6	7.89746E+4	3.09464E+6
1.09700E+2	4.15426E+4	6.43189E+4	5.23880E+6	1.48935E+6	7.92288E+4	3.40328E+6
1.09800E+2	4.15936E+4	6.43529E+4	5.16812E+6	1.47411E+6	7.93479E+4	3.46116E+6
1.09900E+2	4.15600E+4	6.42051E+4	4.71162E+6	1.45940E+6	7.91223E+4	3.11716E+6
1.10000E+2	4.16466E+4	6.46135E+4	5.35611E+6	1.49605E+6	7.91792E+4	3.33923E+6
1.10100E+2	4.19556E+4	6.44940E+4	5.47467E+6	1.46958E+6	7.94734E+4	3.27565E+6
1.10200E+2	4.19316E+4	6.42876E+4	4.87991E+6	1.49777E+6	7.92475E+4	3.24473E+6
1.10300E+2	4.18641E+4	6.43216E+4	5.21139E+6	1.48069E+6	7.90366E+4	3.36302E+6
1.10400E+2	4.21675E+4	6.45995E+4	5.76763E+6	1.50000E+6	7.92806E+4	3.28006E+6
1.10500E+2	4.21435E+4	6.44408E+4	5.23513E+6	1.48206E+6	7.88447E+4	3.05246E+6
1.10600E+2	4.21903E+4	6.46921E+4	5.38697E+6	1.49474E+6	7.89612E+4	3.32595E+6
1.10700E+2	4.21649E+4	6.43886E+4	5.05354E+6	1.49588E+6	7.90593E+4	3.25667E+6
1.10800E+2	4.20290E+4	6.45690E+4	5.35898E+6	1.51037E+6	7.89457E+4	3.24870E+6
1.10900E+2	4.23619E+4	6.45262E+4	5.60375E+6	1.57729E+6	7.89313E+4	3.36844E+6
1.11000E+2	4.23233E+4	6.44879E+4	5.22689E+6	1.49016E+6	7.89798E+4	3.32860E+6
1.11100E+2	4.21031E+4	6.44940E+4	5.86460E+6	1.49703E+6	7.89158E+4	3.22325E+6
1.11200E+2	4.17572E+4	6.46537E+4	5.30010E+6	1.50554E+6	7.90572E+4	3.33581E+6
1.11300E+2	4.17028E+4	6.43137E+4	5.12819E+6	1.51154E+6	7.86142E+4	3.31352E+6
1.11400E+2	4.14181E+4	6.46432E+4	5.21139E+6	1.50355E+6	7.91068E+4	3.37777E+6
1.11500E+2	4.13370E+4	6.44870E+4	4.98016E+6	1.50363E+6	7.87335E+4	3.23610E+6
1.11600E+2	4.13589E+4	6.45978E+4	5.07330E+6	1.49400E+6	7.89292E+4	3.32406E+6
1.11700E+2	4.11455E+4	6.49240E+4	5.35515E+6	1.51037E+6	7.87757E+4	3.33011E+6
1.11800E+2	4.09762E+4	6.46100E+4	5.08280E+6	1.48165E+6	7.87026E+4	3.27015E+6
1.11900E+2	4.07480E+4	6.46746E+4	5.27951E+6	1.50057E+6	7.86964E+4	3.18526E+6
1.12000E+2	4.08624E+4	6.46423E+4	5.06813E+6	1.50662E+6	7.88447E+4	3.15358E+6
1.12100E+2	4.07946E+4	6.45088E+4	4.86557E+6	1.48577E+6	7.86645E+4	3.23395E+6
1.12200E+2	4.10506E+4	6.47410E+4	5.02715E+6	1.53205E+6	7.88560E+4	3.37855E+6
1.12300E+2	4.09814E+4	6.46930E+4	4.90400E+6	1.51928E+6	7.91016E+4	3.35032E+6
1.12400E+2	4.10903E+4	6.48154E+4	5.24248E+6	1.49934E+6	7.87129E+4	3.28043E+6
1.12500E+2	4.09193E+4	6.46205E+4	4.89835E+6	1.49490E+6	7.86285E+4	3.23718E+6
1.12600E+2	4.12155E+4	6.46668E+4	5.29541E+6	1.45006E+6	7.86614E+4	3.39028E+6
1.12700E+2	4.11968E+4	6.46563E+4	5.35323E+6	1.49261E+6	7.89891E+4	3.18317E+6
1.12800E+2	4.15207E+4	6.48793E+4	5.31329E+6	1.49827E+6	7.89251E+4	3.23073E+6
1.12900E+2	4.12707E+4	6.49047E+4	5.40741E+6	1.52411E+6	7.88097E+4	3.36109E+6
1.13000E+2	4.14555E+4	6.50064E+4	5.14144E+6	1.51096E+6	7.89695E+4	3.31201E+6
1.13100E+2	4.13859E+4	6.46248E+4	5.19328E+6	1.52879E+6	7.90634E+4	3.33581E+6
1.13200E+2	4.13132E+4	6.52321E+4	5.24432E+6	1.48984E+6	7.87057E+4	3.32029E+6
1.13300E+2	4.17164E+4	6.48811E+4	5.02039E+6	1.53239E+6	7.90510E+4	3.33277E+6
1.13400E+2	4.14207E+4	6.47524E+4	4.99183E+6	1.48335E+6	7.88519E+4	3.22325E+6
1.13500E+2	4.16337E+4	6.50204E+4	5.11589E+6	1.50587E+6	7.90045E+4	3.25739E+6
1.13600E+2	4.17883E+4	6.50678E+4	5.00943E+6	1.47045E+6	7.88148E+4	3.31014E+6
1.13700E+2	4.15065E+4	6.55053E+4	5.21048E+6	1.51987E+6	7.89395E+4	3.28338E+6
1.13800E+2	4.18498E+4	6.47349E+4	5.18697E+6	1.49695E+6	7.86820E+4	3.14202E+6
1.13900E+2	4.17501E+4	6.49652E+4	5.29541E+6	1.51021E+6	7.90934E+4	3.28117E+6
1.14000E+2	4.16014E+4	6.50011E+4	5.28138E+6	1.47109E+6	7.86810E+4	3.15017E+6
1.14100E+2	4.18447E+4	6.51056E+4	4.96359E+6	1.46192E+6	7.90665E+4	3.36573E+6
1.14200E+2	4.19686E+4	6.52304E+4	5.16991E+6	1.47411E+6	7.89664E+4	3.34534E+6
1.14300E+2	4.19491E+4	6.52541E+4	5.55491E+6	1.52974E+6	7.91337E+4	3.34076E+6
1.14400E+2	4.20004E+4	6.51697E+4	5.36475E+6	1.47324E+6	7.89230E+4	3.24545E+6
1.14500E+2	4.20127E+4	6.54356E+4	5.06727E+6	1.53583E+6	7.88169E+4	3.33353E+6
1.14600E+2	4.22399E+4	6.51556E+4	4.92099E+6	1.49975E+6	7.92526E+4	3.19677E+6
1.14700E+2	4.19407E+4	6.54082E+4	5.31706E+6	1.49147E+6	7.88323E+4	3.26577E+6
1.14800E+2	4.17514E+4	6.53527E+4	5.19780E+6	1.50074E+6	7.89643E+4	3.37465E+6
1.14900E+2	4.20836E+4	6.53087E+4	5.29166E+6	1.52854E+6	7.89179E+4	3.25340E+6
1.15000E+2	4.19887E+4	6.51530E+4	5.18247E+6	1.47180E+6	7.85720E+4	3.34000E+6
1.15100E+2	4.21532E+4	6.53668E+4	5.24984E+6	1.53540E+6	7.88550E+4	3.47305E+6
1.15200E+2	4.19861E+4	6.52770E+4	4.92099E+6	1.50529E+6	7.90014E+4	3.26613E+6
1.15300E+2	4.22796E+4	6.53836E+4	5.59746E+6	1.52029E+6	7.89488E+4	3.43239E+6
1.15400E+2	4.21695E+4	6.50854E+4	5.25723E+6	1.52351E+6	7.87510E+4	3.29077E+6
1.15500E+2	4.19517E+4	6.55900E+4	5.32654E+6	1.50996E+6	7.88560E+4	3.49165E+6
1.15600E+2	4.19699E+4	6.52436E+4	5.83722E+6	1.53042E+6	7.86902E+4	3.19747E+6
1.15700E+2	4.19900E+4	6.54735E+4	4.94794E+6	1.53920E+6	7.86203E+4	3.36148E+6
1.15800E+2	4.19316E+4	6.53809E+4	5.67377E+6	1.52530E+6	7.89684E+4	3.42677E+6
1.15900E+2	4.19874E+4	6.54629E+4	5.04500E+6	1.51096E+6	7.89003E+4	3.32179E+6
1.16000E+2	4.20550E+4	6.54021E+4	4.84973E+6	1.50971E+6	7.88024E+4	3.30304E+6
1.16100E+2	4.19212E+4	6.54285E+4	5.39085E+6	1.49539E+6	7.87757E+4	3.21721E+6
1.16200E+2	4.16531E+4	6.53113E+4	5.02208E+6	1.51860E+6	7.87211E+4	3.26394E+6
