0.00000E+0	5.06573E+4	8.09896E+4	4.98774E+6	1.45162E+6	8.48571E+4	3.90095E+6
1.00000E-1	4.46833E+4	7.38170E+4	4.79749E+6	1.39332E+6	7.69361E+4	3.61729E+6
2.00000E-1	4.47063E+4	7.38832E+4	4.94802E+6	1.40974E+6	7.69432E+4	3.98413E+6
3.00000E-1	4.46442E+4	7.40041E+4	4.91864E+6	1.37124E+6	7.72848E+4	3.63924E+6
4.00000E-1	4.44739E+4	7.39387E+4	5.01372E+6	1.44506E+6	7.72767E+4	3.78673E+6
5.00000E-1	4.44369E+4	7.34140E+4	4.88879E+6	1.42487E+6	7.74419E+4	3.79844E+6
6.00000E-1	4.47900E+4	7.38384E+4	5.35237E+6	1.42599E+6	7.73699E+4	3.88708E+6
7.00000E-1	4.47954E+4	7.35264E+4	4.77748E+6	1.41180E+6	7.72433E+4	3.78235E+6
8.00000E-1	4.47771E+4	7.36750E+4	4.99442E+6	1.41055E+6	7.73516E+4	3.59165E+6
9.00000E-1	4.46018E+4	7.36313E+4	5.05705E+6	1.41527E+6	7.71472E+4	3.85155E+6
1.00000E+0	4.44329E+4	7.36031E+4	5.00531E+6	1.40040E+6	7.72473E+4	3.88043E+6
1.10000E+0	4.46752E+4	7.39689E+4	5.07683E+6	1.45263E+6	7.72494E+4	3.91233E+6
1.20000E+0	4.48643E+4	7.38228E+4	5.18346E+6	1.43089E+6	7.73182E+4	3.88503E+6
1.30000E+0	4.47373E+4	7.38316E+4	5.47177E+6	1.45403E+6	7.70997E+4	3.91492E+6
1.40000E+0	4.48237E+4	7.35381E+4	4.62239E+6	1.41764E+6	7.73020E+4	3.83551E+6
1.50000E+0	4.47569E+4	7.33607E+4	4.52597E+6	1.41623E+6	7.72241E+4	3.74389E+6
1.60000E+0	4.49130E+4	7.38968E+4	5.38028E+6	1.47669E+6	7.70704E+4	4.14906E+6
1.70000E+0	4.49597E+4	7.36186E+4	5.01120E+6	1.41128E+6	7.70623E+4	3.76639E+6
1.80000E+0	4.50362E+4	7.38666E+4	5.24533E+6	1.44161E+6	7.70229E+4	4.13977E+6
1.90000E+0	4.52344E+4	7.36041E+4	4.86010E+6	1.43482E+6	7.73091E+4	3.76110E+6
2.00000E+0	4.47596E+4	7.38618E+4	4.87440E+6	1.44884E+6	7.71856E+4	3.88861E+6
2.10000E+0	4.51570E+4	7.35138E+4	4.99275E+6	1.43119E+6	7.69684E+4	3.72023E+6
2.20000E+0	4.51400E+4	7.37440E+4	4.82000E+6	1.43021E+6	7.70290E+4	3.82209E+6
2.30000E+0	4.52928E+4	7.38257E+4	5.36388E+6	1.45434E+6	7.76165E+4	3.90767E+6
2.40000E+0	4.52371E+4	7.35914E+4	4.79594E+6	1.42689E+6	7.71229E+4	3.77847E+6
2.50000E+0	4.53548E+4	7.34634E+4	5.09069E+6	1.43794E+6	7.71088E+4	3.87279E+6
2.60000E+0	4.55784E+4	7.37168E+4	5.38707E+6	1.45567E+6	7.74733E+4	4.12649E+6
2.70000E+0	4.55381E+4	7.37819E+4	4.77748E+6	1.39917E+6	7.68958E+4	3.64284E+6
2.80000E+0	4.54992E+4	7.36390E+4	5.39678E+6	1.43977E+6	7.72311E+4	3.87890E+6
2.90000E+0	4.56419E+4	7.39845E+4	5.48480E+6	1.43089E+6	7.69674E+4	3.94685E+6
3.00000E+0	4.56733E+4	7.38481E+4	5.08462E+6	1.42908E+6	7.71037E+4	3.85608E+6
3.10000E+0	4.60964E+4	7.37440E+4	5.04168E+6	1.43969E+6	7.71502E+4	3.93738E+6
3.20000E+0	4.60407E+4	7.37557E+4	5.30678E+6	1.43725E+6	7.73020E+4	4.05409E+6
3.30000E+0	4.64154E+4	7.38150E+4	5.00028E+6	1.45062E+6	7.73131E+4	3.70852E+6
3.40000E+0	4.62499E+4	7.39075E+4	4.95049E+6	1.42233E+6	7.70411E+4	3.79600E+6
3.50000E+0	4.63092E+4	7.38491E+4	5.31055E+6	1.46477E+6	7.71280E+4	3.78867E+6
3.60000E+0	4.60854E+4	7.36313E+4	5.30961E+6	1.43885E+6	7.71482E+4	3.70525E+6
3.70000E+0	4.63892E+4	7.40089E+4	5.39386E+6	1.44391E+6	7.69573E+4	4.05854E+6
3.80000E+0	4.60421E+4	7.37216E+4	5.08375E+6	1.43573E+6	7.71027E+4	3.70852E+6
3.90000E+0	4.66306E+4	7.35400E+4	5.34950E+6	1.44907E+6	7.69059E+4	3.81121E+6
4.00000E+0	4.63650E+4	7.39134E+4	5.79337E+6	1.41445E+6	7.74388E+4	3.80089E+6
4.10000E+0	4.61748E+4	7.41104E+4	5.19698E+6	1.47214E+6	7.72544E+4	3.87025E+6
4.20000E+0	4.60586E+4	7.37440E+4	4.88879E+6	1.42218E+6	7.71452E+4	3.59341E+6
4.30000E+0	4.62933E+4	7.40158E+4	4.89441E+6	1.43870E+6	7.72706E+4	3.76736E+6
4.40000E+0	4.61383E+4	7.38618E+4	5.03148E+6	1.44752E+6	7.71462E+4	3.71413E+6
4.50000E+0	4.61356E+4	7.41368E+4	5.11423E+6	1.43627E+6	7.72959E+4	3.98951E+6
4.60000E+0	4.61500E+4	7.37751E+4	5.36677E+6	1.45895E+6	7.70593E+4	3.92273E+6
4.70000E+0	4.62092E+4	7.40929E+4	5.69327E+6	1.46138E+6	7.70623E+4	4.02538E+6
4.80000E+0	4.61246E+4	7.40645E+4	5.44886E+6	1.44537E+6	7.73739E+4	3.86568E+6
4.90000E+0	4.60991E+4	7.39212E+4	5.07338E+6	1.43308E+6	7.72564E+4	3.75056E+6
5.00000E+0	4.57944E+4	7.38257E+4	4.75763E+6	1.40425E+6	7.68424E+4	3.64194E+6
5.10000E+0	4.58390E+4	7.39992E+4	5.14064E+6	1.44891E+6	7.69825E+4	3.87941E+6
5.20000E+0	4.58033E+4	7.38579E+4	5.55810E+6	1.46060E+6	7.72554E+4	3.98789E+6
5.30000E+0	4.62017E+4	7.38978E+4	5.34090E+6	1.44544E+6	7.69230E+4	3.85709E+6
5.40000E+0	4.59878E+4	7.40499E+4	5.56120E+6	1.44429E+6	7.74165E+4	3.86467E+6
5.50000E+0	4.55852E+4	7.40421E+4	4.85139E+6	1.39931E+6	7.71371E+4	3.78867E+6
5.60000E+0	4.62065E+4	7.39826E+4	5.77218E+6	1.46555E+6	7.70300E+4	3.85406E+6
5.70000E+0	4.58952E+4	7.42375E+4	5.48983E+6	1.45077E+6	7.70502E+4	3.96967E+6
5.80000E+0	4.57801E+4	7.38861E+4	5.05962E+6	1.42847E+6	7.70532E+4	3.92952E+6
5.90000E+0	4.60036E+4	7.41847E+4	5.19247E+6	1.46634E+6	7.69482E+4	3.83701E+6
6.00000E+0	4.57116E+4	7.38647E+4	5.10374E+6	1.42412E+6	7.68978E+4	3.79942E+6
6.10000E+0	4.56726E+4	7.36623E+4	4.86168E+6	1.44591E+6	7.68847E+4	3.74103E+6
6.20000E+0	4.58869E+4	7.40245E+4	5.17448E+6	1.46927E+6	7.71644E+4	3.99598E+6
6.30000E+0	4.58965E+4	7.41651E+4	5.32000E+6	1.45147E+6	7.72473E+4	3.90974E+6
6.40000E+0	4.57739E+4	7.40606E+4	4.97029E+6	1.41838E+6	7.66713E+4	3.83551E+6
6.50000E+0	4.58273E+4	7.44490E+4	5.28427E+6	1.42479E+6	7.69331E+4	3.96434E+6
6.60000E+0	4.58383E+4	7.40011E+4	4.90085E+6	1.44884E+6	7.69664E+4	3.63924E+6
6.70000E+0	4.58451E+4	7.40870E+4	5.25732E+6	1.46154E+6	7.71270E+4	3.58508E+6
6.80000E+0	4.57773E+4	7.44990E+4	4.89281E+6	1.44691E+6	7.71007E+4	3.80285E+6
6.90000E+0	4.58451E+4	7.41945E+4	5.46478E+6	1.47501E+6	7.72008E+4	3.90560E+6
7.00000E+0	4.54426E+4	7.40880E+4	4.98274E+6	1.42524E+6	7.68263E+4	3.64691E+6
7.10000E+0	4.54938E+4	7.40411E+4	5.06306E+6	1.38660E+6	7.69614E+4	3.55256E+6
7.20000E+0	4.55135E+4	7.41515E+4	5.28988E+6	1.47445E+6	7.68555E+4	3.67379E+6
7.30000E+0	4.57369E+4	7.42913E+4	4.88239E+6	1.43931E+6	7.69876E+4	3.84652E+6
7.40000E+0	4.53609E+4	7.42189E+4	5.33518E+6	1.43429E+6	7.70128E+4	3.59561E+6
7.50000E+0	4.55217E+4	7.40968E+4	4.95378E+6	1.43977E+6	7.71704E+4	3.88349E+6
7.60000E+0	4.52806E+4	7.40021E+4	4.73267E+6	1.43703E+6	7.65045E+4	3.64420E+6
7.70000E+0	4.48724E+4	7.41046E+4	4.92189E+6	1.42720E+6	7.69190E+4	3.65099E+6
7.80000E+0	4.55640E+4	7.40499E+4	5.46977E+6	1.43429E+6	7.69311E+4	3.75535E+6
7.90000E+0	4.51549E+4	7.42698E+4	5.34185E+6	1.41077E+6	7.67175E+4	3.69316E+6
8.00000E+0	4.51128E+4	7.41124E+4	4.84981E+6	1.40974E+6	7.68494E+4	3.72872E+6
8.10000E+0	4.53677E+4	7.42385E+4	5.55192E+6	1.45645E+6	7.72939E+4	3.83951E+6
8.20000E+0	4.49421E+4	7.40860E+4	4.87440E+6	1.39591E+6	7.69926E+4	3.75009E+6
8.30000E+0	4.48717E+4	7.41505E+4	4.97277E+6	1.44429E+6	7.68202E+4	3.67425E+6
8.40000E+0	4.47954E+4	7.45069E+4	5.20513E+6	1.41239E+6	7.68595E+4	3.81565E+6
8.50000E+0	4.48501E+4	7.43011E+4	4.87680E+6	1.40207E+6	7.71522E+4	3.86315E+6
8.60000E+0	4.45519E+4	7.39309E+4	4.91864E+6	1.43725E+6	7.69674E+4	3.89529E+6
8.70000E+0	4.45755E+4	7.46768E+4	5.43008E+6	1.43300E+6	7.73071E+4	3.72306E+6
8.80000E+0	4.45903E+4	7.43980E+4	4.49787E+6	1.38589E+6	7.68384E+4	3.72447E+6
8.90000E+0	4.43389E+4	7.42228E+4	4.96698E+6	1.40091E+6	7.71532E+4	3.78478E+6
9.00000E+0	4.41913E+4	7.42522E+4	4.65494E+6	1.41541E+6	7.69079E+4	3.46570E+6
9.10000E+0	4.42731E+4	7.44372E+4	5.15929E+6	1.42599E+6	7.71128E+4	3.73676E+6
9.20000E+0	4.43221E+4	7.43922E+4	5.44193E+6	1.39729E+6	7.71927E+4	3.75678E+6
9.30000E+0	4.40074E+4	7.40538E+4	4.86327E+6	1.39103E+6	7.68343E+4	3.55815E+6
9.40000E+0	4.43516E+4	7.47732E+4	5.49689E+6	1.43021E+6	7.77009E+4	4.05353E+6
9.50000E+0	4.38745E+4	7.40548E+4	4.87440E+6	1.40178E+6	7.70471E+4	3.47679E+6
9.60000E+0	4.42550E+4	7.42277E+4	4.83486E+6	1.46555E+6	7.70684E+4	3.61019E+6
9.70000E+0	4.40308E+4	7.42101E+4	5.24993E+6	1.41342E+6	7.71158E+4	3.73771E+6
9.80000E+0	4.40308E+4	7.43197E+4	5.40263E+6	1.38525E+6	7.69311E+4	3.70431E+6
9.90000E+0	4.38412E+4	7.43138E+4	4.58391E+6	1.41003E+6	7.69825E+4	3.58289E+6
1.00000E+1	4.39653E+4	7.45913E+4	4.98857E+6	1.38767E+6	7.71128E+4	3.54741E+6
1.01000E+1	4.40127E+4	7.43197E+4	4.88239E+6	1.38241E+6	7.69866E+4	3.68022E+6
1.02000E+1	4.37892E+4	7.40743E+4	5.10548E+6	1.40033E+6	7.71644E+4	3.85810E+6
1.03000E+1	4.37686E+4	7.47545E+4	5.54062E+6	1.41261E+6	7.72129E+4	3.48754E+6
1.04000E+1	4.39907E+4	7.41876E+4	4.81377E+6	1.37201E+6	7.70532E+4	3.70198E+6
1.05000E+1	4.38265E+4	7.42629E+4	4.95872E+6	1.43718E+6	7.73466E+4	3.80924E+6
1.06000E+1	4.39119E+4	7.43814E+4	5.04423E+6	1.40505E+6	7.70694E+4	3.70012E+6
1.07000E+1	4.38352E+4	7.42189E+4	4.98941E+6	1.42832E+6	7.68908E+4	3.63834E+6
1.08000E+1	4.36581E+4	7.42796E+4	4.72591E+6	1.39124E+6	7.70603E+4	3.55901E+6
1.09000E+1	4.36980E+4	7.41700E+4	4.97692E+6	1.44414E+6	7.71573E+4	3.50965E+6
1.10000E+1	4.38599E+4	7.44882E+4	4.95872E+6	1.38518E+6	7.72828E+4	3.74008E+6
1.11000E+1	4.37979E+4	7.43363E+4	4.98108E+6	1.39469E+6	7.72574E+4	3.62801E+6
1.12000E+1	4.35100E+4	7.43589E+4	4.74248E+6	1.38860E+6	7.71138E+4	3.73250E+6
1.13000E+1	4.35021E+4	7.45442E+4	5.45184E+6	1.40600E+6	7.69795E+4	3.51218E+6
1.14000E+1	4.37380E+4	7.44520E+4	5.37448E+6	1.41675E+6	7.69775E+4	3.73724E+6
1.15000E+1	4.35306E+4	7.43589E+4	5.14773E+6	1.40557E+6	7.70663E+4	3.45305E+6
1.16000E+1	4.36874E+4	7.43275E+4	4.62598E+6	1.41905E+6	7.71836E+4	3.63699E+6
1.17000E+1	4.35757E+4	7.43050E+4	4.74021E+6	1.39433E+6	7.70522E+4	3.70758E+6
1.18000E+1	4.34483E+4	7.45481E+4	4.88159E+6	1.40330E+6	7.70764E+4	3.73581E+6
1.19000E+1	4.35744E+4	7.46119E+4	6.00311E+6	1.45178E+6	7.72979E+4	3.65598E+6
1.20000E+1	4.35791E+4	7.46365E+4	4.80523E+6	1.39246E+6	7.74094E+4	3.66235E+6
1.21000E+1	4.32815E+4	7.46738E+4	4.95542E+6	1.38553E+6	7.71654E+4	3.52695E+6
1.22000E+1	4.35625E+4	7.44333E+4	4.94884E+6	1.36264E+6	7.73212E+4	3.52780E+6
1.23000E+1	4.32874E+4	7.48529E+4	5.41926E+6	1.36658E+6	7.70764E+4	3.62756E+6
1.24000E+1	4.33887E+4	7.43481E+4	4.64332E+6	1.38838E+6	7.71148E+4	3.50546E+6
1.25000E+1	4.32854E+4	7.45324E+4	4.69238E+6	1.40484E+6	7.73000E+4	3.58464E+6
1.26000E+1	4.34603E+4	7.46119E+4	4.88960E+6	1.40945E+6	7.73314E+4	3.67287E+6
1.27000E+1	4.32299E+4	7.48628E+4	5.09155E+6	1.39491E+6	7.72200E+4	3.57984E+6
1.28000E+1	4.30154E+4	7.43726E+4	4.63463E+6	1.36610E+6	7.71158E+4	3.54141E+6
1.29000E+1	4.30029E+4	7.44814E+4	5.30866E+6	1.39613E+6	7.70835E+4	3.75439E+6
1.30000E+1	4.32901E+4	7.45294E+4	5.01372E+6	1.36106E+6	7.71502E+4	3.50462E+6
1.31000E+1	4.31599E+4	7.48598E+4	4.97858E+6	1.39555E+6	7.73648E+4	3.76687E+6
1.32000E+1	4.29943E+4	7.44853E+4	4.77135E+6	1.37382E+6	7.75058E+4	3.48340E+6
1.33000E+1	4.25138E+4	7.49337E+4	4.59028E+6	1.38795E+6	7.72585E+4	3.53928E+6
1.34000E+1	4.30814E+4	7.44108E+4	4.95131E+6	1.40959E+6	7.71381E+4	3.51934E+6
1.35000E+1	4.28200E+4	7.44902E+4	4.58038E+6	1.37243E+6	7.73142E+4	3.44129E+6
1.36000E+1	4.28680E+4	7.45039E+4	4.91135E+6	1.39081E+6	7.70926E+4	3.48340E+6
1.37000E+1	4.27399E+4	7.46709E+4	4.84745E+6	1.44031E+6	7.74064E+4	3.55514E+6
1.38000E+1	4.28088E+4	7.46994E+4	4.94556E+6	1.41564E+6	7.70118E+4	3.39464E+6
1.39000E+1	4.28167E+4	7.48440E+4	5.02047E+6	1.39534E+6	7.73111E+4	3.48796E+6
1.40000E+1	4.27491E+4	7.48135E+4	5.03232E+6	1.38121E+6	7.75566E+4	3.55299E+6
1.41000E+1	4.28377E+4	7.45717E+4	4.82859E+6	1.37761E+6	7.73030E+4	3.51681E+6
1.42000E+1	4.24065E+4	7.45697E+4	5.16107E+6	1.39946E+6	7.73091E+4	3.48630E+6
1.43000E+1	4.26212E+4	7.44618E+4	4.73719E+6	1.39325E+6	7.70896E+4	3.44858E+6
1.44000E+1	4.25432E+4	7.47604E+4	4.70351E+6	1.39096E+6	7.71401E+4	3.58990E+6
1.45000E+1	4.27254E+4	7.46365E+4	4.62814E+6	1.36985E+6	7.72453E+4	3.53800E+6
1.46000E+1	4.25557E+4	7.45952E+4	4.80833E+6	1.38895E+6	7.69694E+4	3.62533E+6
1.47000E+1	4.25354E+4	7.48490E+4	4.90408E+6	1.40004E+6	7.72828E+4	3.46324E+6
1.48000E+1	4.28029E+4	7.44863E+4	4.99024E+6	1.38326E+6	7.74906E+4	3.41682E+6
1.49000E+1	4.25910E+4	7.48421E+4	4.89200E+6	1.37740E+6	7.70058E+4	3.60886E+6
1.50000E+1	4.22499E+4	7.46748E+4	4.86486E+6	1.39483E+6	7.72544E+4	3.66190E+6
1.51000E+1	4.21580E+4	7.44931E+4	4.78977E+6	1.40411E+6	7.73770E+4	3.63519E+6
1.52000E+1	4.24719E+4	7.44421E+4	4.90085E+6	1.39967E+6	7.74540E+4	3.49627E+6
1.53000E+1	4.23562E+4	7.50284E+4	4.65349E+6	1.41623E+6	7.73679E+4	3.52610E+6
1.54000E+1	4.22760E+4	7.45137E+4	4.41232E+6	1.38362E+6	7.73425E+4	3.44980E+6
1.55000E+1	4.24941E+4	7.51776E+4	5.01288E+6	1.40879E+6	7.76389E+4	3.84451E+6
1.56000E+1	4.22277E+4	7.46443E+4	4.60521E+6	1.39635E+6	7.71684E+4	3.44736E+6
1.57000E+1	4.22336E+4	7.44186E+4	4.66589E+6	1.39794E+6	7.74378E+4	3.45630E+6
1.58000E+1	4.22264E+4	7.45736E+4	4.74626E+6	1.41831E+6	7.71826E+4	3.57461E+6
1.59000E+1	4.21528E+4	7.44363E+4	4.74323E+6	1.37271E+6	7.71401E+4	3.45102E+6
1.60000E+1	4.25589E+4	7.48933E+4	5.00951E+6	1.41549E+6	7.75596E+4	3.59253E+6
1.61000E+1	4.24248E+4	7.45913E+4	4.62383E+6	1.39534E+6	7.73912E+4	3.44858E+6
1.62000E+1	4.21900E+4	7.45186E+4	4.62958E+6	1.36299E+6	7.72990E+4	3.28268E+6
1.63000E+1	4.22792E+4	7.52478E+4	5.33328E+6	1.39340E+6	7.73739E+4	3.67012E+6
1.64000E+1	4.21717E+4	7.46021E+4	4.50060E+6	1.38404E+6	7.76531E+4	3.66144E+6
1.65000E+1	4.21008E+4	7.42453E+4	4.88799E+6	1.39081E+6	7.72777E+4	3.43283E+6
1.66000E+1	4.25053E+4	7.47102E+4	5.22333E+6	1.41231E+6	7.74956E+4	3.70292E+6
1.67000E+1	4.21027E+4	7.41964E+4	4.42548E+6	1.36306E+6	7.69886E+4	3.22684E+6
1.68000E+1	4.20761E+4	7.47997E+4	4.94392E+6	1.39519E+6	7.74104E+4	3.43766E+6
1.69000E+1	4.20982E+4	7.46188E+4	4.62598E+6	1.37867E+6	7.71856E+4	3.37314E+6
1.70000E+1	4.23027E+4	7.44951E+4	5.02808E+6	1.37839E+6	7.72990E+4	3.63789E+6
1.71000E+1	4.23027E+4	7.48894E+4	5.07856E+6	1.38248E+6	7.73162E+4	3.35343E+6
1.72000E+1	4.20774E+4	7.46316E+4	4.89361E+6	1.37825E+6	7.71512E+4	3.35805E+6
1.73000E+1	4.20592E+4	7.46836E+4	4.70351E+6	1.38376E+6	7.73912E+4	3.49836E+6
1.74000E+1	4.21359E+4	7.46335E+4	5.20513E+6	1.39721E+6	7.74307E+4	3.53800E+6
1.75000E+1	4.22180E+4	7.47692E+4	4.98774E+6	1.39046E+6	7.73871E+4	3.41045E+6
1.76000E+1	4.21763E+4	7.44569E+4	4.78669E+6	1.35606E+6	7.72230E+4	3.38210E+6
1.77000E+1	4.24261E+4	7.48224E+4	4.83800E+6	1.36943E+6	7.73344E+4	3.62175E+6
1.78000E+1	4.24555E+4	7.47761E+4	5.40751E+6	1.44946E+6	7.80495E+4	3.70525E+6
1.79000E+1	4.21756E+4	7.45422E+4	4.44935E+6	1.36561E+6	7.71775E+4	3.18043E+6
1.80000E+1	4.23758E+4	7.48667E+4	4.87440E+6	1.38838E+6	7.73983E+4	3.51260E+6
1.81000E+1	4.24804E+4	7.43931E+4	4.70872E+6	1.36978E+6	7.71937E+4	3.42240E+6
1.82000E+1	4.24216E+4	7.44069E+4	4.69757E+6	1.37299E+6	7.74622E+4	3.47515E+6
1.83000E+1	4.24667E+4	7.46768E+4	5.02639E+6	1.39462E+6	7.74977E+4	3.28600E+6
1.84000E+1	4.26874E+4	7.48815E+4	5.46877E+6	1.41756E+6	7.76765E+4	3.72541E+6
1.85000E+1	4.23556E+4	7.45805E+4	4.35596E+6	1.35845E+6	7.73334E+4	3.49211E+6
1.86000E+1	4.22362E+4	7.46453E+4	4.67616E+6	1.38050E+6	7.73395E+4	3.41722E+6
1.87000E+1	4.25249E+4	7.46404E+4	5.13445E+6	1.40857E+6	7.75423E+4	3.57984E+6
1.88000E+1	4.28292E+4	7.46424E+4	5.00363E+6	1.39038E+6	7.71674E+4	3.36075E+6
1.89000E+1	4.22812E+4	7.44539E+4	4.48159E+6	1.36637E+6	7.73192E+4	3.27422E+6
1.90000E+1	4.25426E+4	7.49771E+4	4.95789E+6	1.40505E+6	7.72939E+4	3.66829E+6
1.91000E+1	4.29963E+4	7.47810E+4	4.81066E+6	1.41660E+6	7.78608E+4	3.45834E+6
1.92000E+1	4.25360E+4	7.47909E+4	4.52459E+6	1.37187E+6	7.72099E+4	3.33167E+6
1.93000E+1	4.26270E+4	7.49672E+4	4.83408E+6	1.42046E+6	7.74591E+4	3.49294E+6
1.94000E+1	4.29858E+4	7.46325E+4	5.15661E+6	1.42136E+6	7.74956E+4	3.65643E+6
1.95000E+1	4.29766E+4	7.45883E+4	4.79981E+6	1.39534E+6	7.73699E+4	3.28010E+6
1.96000E+1	4.28903E+4	7.49929E+4	5.10374E+6	1.41364E+6	7.76074E+4	3.61152E+6
1.97000E+1	4.28095E+4	7.45736E+4	4.87042E+6	1.39599E+6	7.72008E+4	3.29526E+6
1.98000E+1	4.30200E+4	7.48431E+4	4.65932E+6	1.40761E+6	7.74825E+4	3.45345E+6
1.99000E+1	4.33304E+4	7.49643E+4	5.27867E+6	1.43300E+6	7.76379E+4	3.64104E+6
2.00000E+1	4.34875E+4	7.48795E+4	4.91945E+6	1.39261E+6	7.73638E+4	3.59297E+6
2.01000E+1	4.34895E+4	7.46404E+4	4.78669E+6	1.39975E+6	7.72463E+4	3.22898E+6
2.02000E+1	4.33801E+4	7.47338E+4	4.87361E+6	1.42442E+6	7.74530E+4	3.37508E+6
2.03000E+1	4.36535E+4	7.46954E+4	5.33995E+6	1.43202E+6	7.72767E+4	3.57243E+6
2.04000E+1	4.35923E+4	7.48145E+4	5.06735E+6	1.41719E+6	7.70411E+4	3.56031E+6
2.05000E+1	4.38319E+4	7.45540E+4	4.60878E+6	1.39261E+6	7.68686E+4	3.25779E+6
2.06000E+1	4.35060E+4	7.47171E+4	5.10374E+6	1.42427E+6	7.73638E+4	3.51934E+6
2.07000E+1	4.36169E+4	7.49613E+4	5.14773E+6	1.41357E+6	7.75017E+4	3.65008E+6
2.08000E+1	4.34238E+4	7.49653E+4	4.80213E+6	1.42554E+6	7.72888E+4	3.41483E+6
2.09000E+1	4.34636E+4	7.46050E+4	4.71021E+6	1.40637E+6	7.69553E+4	3.34691E+6
2.10000E+1	4.40040E+4	7.51667E+4	5.27774E+6	1.43893E+6	7.76033E+4	3.66418E+6
2.11000E+1	4.38739E+4	7.48943E+4	4.55232E+6	1.39548E+6	7.72119E+4	3.41244E+6
2.12000E+1	4.38012E+4	7.47348E+4	5.05277E+6	1.42780E+6	7.70360E+4	3.30569E+6
2.13000E+1	4.40060E+4	7.51094E+4	5.40458E+6	1.43718E+6	7.71381E+4	3.58508E+6
2.14000E+1	4.37153E+4	7.43109E+4	4.53426E+6	1.43111E+6	7.68061E+4	3.46038E+6
2.15000E+1	4.39319E+4	7.48815E+4	5.02385E+6	1.44868E+6	7.73091E+4	3.52187E+6
2.16000E+1	4.40568E+4	7.46974E+4	4.59453E+6	1.41675E+6	7.73739E+4	3.40728E+6
2.17000E+1	4.41097E+4	7.50175E+4	4.84272E+6	1.41504E+6	7.69573E+4	3.59121E+6
2.18000E+1	4.44369E+4	7.49110E+4	5.08029E+6	1.39729E+6	7.72453E+4	3.52949E+6
2.19000E+1	4.45526E+4	7.47554E+4	4.96367E+6	1.43497E+6	7.71907E+4	3.68483E+6
2.20000E+1	4.43818E+4	7.47259E+4	4.71468E+6	1.43558E+6	7.71270E+4	3.35728E+6
2.21000E+1	4.44557E+4	7.48549E+4	5.25640E+6	1.49050E+6	7.73040E+4	3.60753E+6
2.22000E+1	4.44262E+4	7.50797E+4	4.99860E+6	1.44345E+6	7.72696E+4	3.66646E+6
2.23000E+1	4.45277E+4	7.46660E+4	4.92107E+6	1.42158E+6	7.69805E+4	3.45142E+6
2.24000E+1	4.44678E+4	7.51509E+4	5.40849E+6	1.41165E+6	7.72180E+4	3.70525E+6
2.25000E+1	4.47927E+4	7.49761E+4	5.28334E+6	1.41779E+6	7.70229E+4	3.63070E+6
2.26000E+1	4.46894E+4	7.48027E+4	4.90973E+6	1.43901E+6	7.71816E+4	3.43645E+6
2.27000E+1	4.47765E+4	7.47466E+4	4.96615E+6	1.45770E+6	7.72129E+4	3.42961E+6
2.28000E+1	4.49258E+4	7.51143E+4	5.14950E+6	1.45031E+6	7.72655E+4	3.56940E+6
2.29000E+1	4.50193E+4	7.47427E+4	4.67984E+6	1.44207E+6	7.68736E+4	3.48589E+6
2.30000E+1	4.49908E+4	7.52587E+4	5.42024E+6	1.46107E+6	7.73192E+4	3.64782E+6
2.31000E+1	4.51610E+4	7.48184E+4	5.18886E+6	1.46587E+6	7.70189E+4	3.49794E+6
2.32000E+1	4.51814E+4	7.51123E+4	5.13269E+6	1.45926E+6	7.71088E+4	3.61285E+6
2.33000E+1	4.50959E+4	7.51242E+4	4.95954E+6	1.46540E+6	7.71310E+4	3.46324E+6
2.34000E+1	4.50721E+4	7.53002E+4	4.93003E+6	1.44199E+6	7.69947E+4	3.47268E+6
2.35000E+1	4.55456E+4	7.54518E+4	5.30020E+6	1.48143E+6	7.73253E+4	3.68575E+6
2.36000E+1	4.53105E+4	7.51874E+4	5.18346E+6	1.42772E+6	7.69704E+4	3.45590E+6
2.37000E+1	4.48535E+4	7.50422E+4	5.22881E+6	1.45411E+6	7.66632E+4	3.44655E+6
2.38000E+1	4.50715E+4	7.52983E+4	5.48380E+6	1.45965E+6	7.71280E+4	3.60576E+6
2.39000E+1	4.52337E+4	7.50679E+4	5.17538E+6	1.49935E+6	7.68494E+4	3.48133E+6
2.40000E+1	4.52738E+4	7.51212E+4	5.37352E+6	1.45723E+6	7.68434E+4	3.54441E+6
2.41000E+1	4.53418E+4	7.50245E+4	4.86883E+6	1.45950E+6	7.69603E+4	3.48133E+6
2.42000E+1	4.51251E+4	7.53319E+4	5.55707E+6	1.43672E+6	7.69876E+4	3.51891E+6
2.43000E+1	4.54304E+4	7.51440E+4	5.68033E+6	1.46264E+6	7.72747E+4	3.62309E+6
2.44000E+1	4.53840E+4	7.51647E+4	5.35812E+6	1.46642E+6	7.67950E+4	3.57287E+6
2.45000E+1	4.49861E+4	7.54885E+4	5.27681E+6	1.51584E+6	7.72716E+4	3.58902E+6
2.46000E+1	4.51162E+4	7.52765E+4	5.28707E+6	1.48953E+6	7.73354E+4	3.64691E+6
2.47000E+1	4.52228E+4	7.58146E+4	5.42516E+6	1.45170E+6	7.70542E+4	3.42881E+6
2.48000E+1	4.50349E+4	7.57996E+4	4.97941E+6	1.45147E+6	7.75129E+4	3.59341E+6
2.49000E+1	4.45425E+4	7.59511E+4	5.00531E+6	1.45116E+6	7.73952E+4	3.44250E+6
2.50000E+1	4.38072E+4	7.59401E+4	4.87361E+6	1.43459E+6	7.74256E+4	3.66966E+6
2.51000E+1	4.25053E+4	7.59651E+4	4.72891E+6	1.45085E+6	7.75149E+4	3.61908E+6
2.52000E+1	4.13089E+4	7.59342E+4	4.65349E+6	1.46540E+6	7.75088E+4	3.37547E+6
2.53000E+1	3.97106E+4	7.59232E+4	4.47146E+6	1.44984E+6	7.76023E+4	3.48092E+6
2.54000E+1	3.90752E+4	7.62508E+4	4.79440E+6	1.43596E+6	7.77966E+4	3.83252E+6
2.55000E+1	3.76707E+4	7.59641E+4	3.85165E+6	1.40805E+6	7.78506E+4	3.69594E+6
2.56000E+1	3.69310E+4	7.59930E+4	3.96658E+6	1.38433E+6	7.73709E+4	3.62443E+6
2.57000E+1	3.62081E+4	7.57678E+4	3.82914E+6	1.36299E+6	7.76490E+4	3.52356E+6
2.58000E+1	3.57227E+4	7.55978E+4	3.70674E+6	1.37089E+6	7.73101E+4	3.42561E+6
2.59000E+1	3.49720E+4	7.53914E+4	3.54663E+6	1.39124E+6	7.75769E+4	3.51723E+6
2.60000E+1	3.46973E+4	7.54786E+4	3.61072E+6	1.36099E+6	7.75982E+4	3.63699E+6
2.61000E+1	3.42528E+4	7.53448E+4	3.68170E+6	1.36017E+6	7.72160E+4	3.64420E+6
2.62000E+1	3.39036E+4	7.50383E+4	3.58823E+6	1.31201E+6	7.73760E+4	3.47391E+6
2.63000E+1	3.37679E+4	7.53547E+4	3.49136E+6	1.32524E+6	7.73820E+4	3.68022E+6
2.64000E+1	3.31682E+4	7.48608E+4	3.12193E+6	1.29676E+6	7.72564E+4	3.53162E+6
2.65000E+1	3.30255E+4	7.50580E+4	3.44178E+6	1.34219E+6	7.74317E+4	3.75535E+6
2.66000E+1	3.29361E+4	7.50116E+4	3.19478E+6	1.27865E+6	7.72301E+4	3.64782E+6
2.67000E+1	3.25501E+4	7.44598E+4	3.26223E+6	1.28387E+6	7.72099E+4	3.37081E+6
2.68000E+1	3.26022E+4	7.52735E+4	3.31100E+6	1.35163E+6	7.72149E+4	3.62443E+6
2.69000E+1	3.23754E+4	7.48421E+4	3.41252E+6	1.26837E+6	7.74916E+4	3.69408E+6
2.70000E+1	3.21860E+4	7.42375E+4	3.11959E+6	1.26789E+6	7.73253E+4	3.47474E+6
2.71000E+1	3.21961E+4	7.50472E+4	3.59570E+6	1.29256E+6	7.77080E+4	3.72777E+6
2.72000E+1	3.19292E+4	7.45717E+4	3.30315E+6	1.25505E+6	7.72544E+4	3.66738E+6
2.73000E+1	3.17584E+4	7.47417E+4	3.44663E+6	1.25653E+6	7.75332E+4	3.53502E+6
2.74000E+1	3.18922E+4	7.46286E+4	3.32644E+6	1.26321E+6	7.77956E+4	3.66326E+6
2.75000E+1	3.17528E+4	7.43549E+4	3.23801E+6	1.26398E+6	7.75688E+4	3.44534E+6
2.76000E+1	3.14694E+4	7.44647E+4	3.14111E+6	1.23759E+6	7.75749E+4	3.40135E+6
2.77000E+1	3.14248E+4	7.49357E+4	3.41570E+6	1.25831E+6	7.78720E+4	3.62131E+6
2.78000E+1	3.13303E+4	7.45834E+4	3.12830E+6	1.26440E+6	7.77874E+4	3.58595E+6
2.79000E+1	3.11904E+4	7.42238E+4	3.09441E+6	1.24205E+6	7.76694E+4	3.45875E+6
2.80000E+1	3.11056E+4	7.43687E+4	3.07904E+6	1.24793E+6	7.77121E+4	3.48630E+6
2.81000E+1	3.11300E+4	7.43021E+4	3.27026E+6	1.23840E+6	7.80904E+4	3.35882E+6
2.82000E+1	3.11328E+4	7.45844E+4	3.29125E+6	1.26747E+6	7.80332E+4	3.63384E+6
2.83000E+1	3.12165E+4	7.44265E+4	3.04394E+6	1.23587E+6	7.76562E+4	3.56204E+6
2.84000E+1	3.09452E+4	7.41866E+4	3.09310E+6	1.21576E+6	7.76694E+4	3.37197E+6
2.85000E+1	3.09215E+4	7.45903E+4	3.21661E+6	1.23003E+6	7.81865E+4	3.51302E+6
2.86000E+1	3.09497E+4	7.43696E+4	3.07481E+6	1.21387E+6	7.82806E+4	3.55127E+6
2.87000E+1	3.07213E+4	7.46257E+4	3.07221E+6	1.24321E+6	7.83493E+4	3.54227E+6
2.88000E+1	3.08111E+4	7.41163E+4	3.15198E+6	1.23351E+6	7.83564E+4	3.60310E+6
2.89000E+1	3.06773E+4	7.43912E+4	3.05641E+6	1.18985E+6	7.82284E+4	3.22863E+6
2.90000E+1	3.09276E+4	7.45933E+4	3.27760E+6	1.21805E+6	7.84046E+4	3.73013E+6
2.91000E+1	3.08724E+4	7.42140E+4	3.11393E+6	1.21354E+6	7.82602E+4	3.30084E+6
2.92000E+1	3.07516E+4	7.44412E+4	3.15812E+6	1.24251E+6	7.87570E+4	3.40728E+6
2.93000E+1	3.08878E+4	7.46316E+4	3.18467E+6	1.20547E+6	7.85308E+4	3.46202E+6
2.94000E+1	3.08122E+4	7.46512E+4	3.11926E+6	1.21805E+6	7.82704E+4	3.55729E+6
2.95000E+1	3.07191E+4	7.43461E+4	3.35005E+6	1.21243E+6	7.83831E+4	3.53417E+6
2.96000E+1	3.07290E+4	7.46227E+4	3.39394E+6	1.22957E+6	7.84005E+4	3.50003E+6
2.97000E+1	3.07340E+4	7.44245E+4	3.09671E+6	1.22872E+6	7.86490E+4	3.34538E+6
2.98000E+1	3.06955E+4	7.46768E+4	3.23908E+6	1.21248E+6	7.86644E+4	3.48175E+6
2.99000E+1	3.06724E+4	7.44833E+4	3.12260E+6	1.23472E+6	7.84970E+4	3.34385E+6
3.00000E+1	3.06729E+4	7.46158E+4	3.18954E+6	1.20966E+6	7.84108E+4	3.29898E+6
3.01000E+1	3.04845E+4	7.44951E+4	3.20918E+6	1.19307E+6	7.88085E+4	3.29674E+6
3.02000E+1	3.07704E+4	7.45020E+4	3.20144E+6	1.20410E+6	7.90065E+4	3.45590E+6
3.03000E+1	3.07792E+4	7.50699E+4	3.30017E+6	1.24089E+6	7.91439E+4	3.55772E+6
3.04000E+1	3.07318E+4	7.44588E+4	3.19688E+6	1.24251E+6	7.90499E+4	3.30158E+6
3.05000E+1	3.07467E+4	7.47545E+4	3.22620E+6	1.23869E+6	7.89694E+4	3.36964E+6
3.06000E+1	3.06669E+4	7.48933E+4	3.15983E+6	1.21985E+6	7.92101E+4	3.30382E+6
3.07000E+1	3.06223E+4	7.44147E+4	3.05994E+6	1.21861E+6	7.89673E+4	3.40095E+6
3.08000E+1	3.09077E+4	7.48194E+4	3.35851E+6	1.24595E+6	7.88951E+4	3.49877E+6
3.09000E+1	3.05339E+4	7.46689E+4	3.21271E+6	1.19696E+6	7.91046E+4	3.40530E+6
3.10000E+1	3.04818E+4	7.47850E+4	3.21980E+6	1.21884E+6	7.89157E+4	3.38679E+6
3.11000E+1	3.07379E+4	7.50442E+4	3.19198E+6	1.23288E+6	7.92567E+4	3.46406E+6
3.12000E+1	3.06916E+4	7.47574E+4	3.38062E+6	1.21850E+6	7.93520E+4	3.28268E+6
3.13000E+1	3.04538E+4	7.46100E+4	3.04203E+6	1.19702E+6	7.89962E+4	3.16628E+6
3.14000E+1	3.05317E+4	7.51104E+4	3.64474E+6	1.25004E+6	7.90024E+4	3.53034E+6
3.15000E+1	3.08304E+4	7.45834E+4	3.15436E+6	1.21126E+6	7.92049E+4	3.27679E+6
3.16000E+1	3.05355E+4	7.44529E+4	3.37244E+6	1.22075E+6	7.92422E+4	3.21618E+6
3.17000E+1	3.07946E+4	7.48549E+4	3.35389E+6	1.24361E+6	7.97852E+4	3.46079E+6
3.18000E+1	3.06163E+4	7.45874E+4	3.15266E+6	1.22305E+6	7.90292E+4	3.17489E+6
3.19000E+1	3.06828E+4	7.45206E+4	3.20495E+6	1.21331E+6	7.92732E+4	3.32447E+6
3.20000E+1	3.05597E+4	7.47702E+4	3.49886E+6	1.24969E+6	7.92339E+4	3.43887E+6
3.21000E+1	3.06713E+4	7.43158E+4	3.20566E+6	1.22594E+6	7.91057E+4	3.32221E+6
3.22000E+1	3.08310E+4	7.48677E+4	3.32568E+6	1.22221E+6	7.93800E+4	3.32561E+6
3.23000E+1	3.04960E+4	7.41056E+4	3.17912E+6	1.19864E+6	7.90788E+4	3.23686E+6
3.24000E+1	3.06933E+4	7.48972E+4	3.42809E+6	1.25334E+6	7.94951E+4	3.33775E+6
3.25000E+1	3.06185E+4	7.43716E+4	3.19688E+6	1.20866E+6	7.91946E+4	3.29637E+6
3.26000E+1	3.05388E+4	7.44039E+4	3.33136E+6	1.21515E+6	7.89952E+4	3.29414E+6
3.27000E+1	3.05465E+4	7.44412E+4	3.41212E+6	1.22860E+6	7.93395E+4	3.41165E+6
3.28000E+1	3.05564E+4	7.48884E+4	3.47112E+6	1.22684E+6	7.93758E+4	3.26034E+6
3.29000E+1	3.09000E+4	7.43314E+4	3.31438E+6	1.23077E+6	7.93851E+4	3.30046E+6
3.30000E+1	3.07076E+4	7.41847E+4	3.20601E+6	1.19680E+6	7.89921E+4	3.45427E+6
3.31000E+1	3.06487E+4	7.42130E+4	3.48846E+6	1.22633E+6	7.94256E+4	3.20594E+6
3.32000E+1	3.06427E+4	7.46542E+4	3.24448E+6	1.21878E+6	7.93748E+4	3.30868E+6
3.33000E+1	3.04719E+4	7.41573E+4	3.32228E+6	1.22781E+6	7.91842E+4	3.19646E+6
3.34000E+1	3.08326E+4	7.43216E+4	3.33023E+6	1.22351E+6	7.90426E+4	3.30084E+6
3.35000E+1	3.06729E+4	7.41642E+4	3.25823E+6	1.23134E+6	7.91377E+4	3.20137E+6
3.36000E+1	3.07952E+4	7.43246E+4	3.23585E+6	1.22289E+6	7.89962E+4	3.20383E+6
3.37000E+1	3.05679E+4	7.42903E+4	3.20989E+6	1.22058E+6	7.92163E+4	3.09928E+6
3.38000E+1	3.07445E+4	7.45177E+4	3.28570E+6	1.21276E+6	7.91077E+4	3.18947E+6
3.39000E+1	3.07737E+4	7.46129E+4	3.39985E+6	1.23898E+6	7.95854E+4	3.27459E+6
3.40000E+1	3.06658E+4	7.40392E+4	3.29793E+6	1.21599E+6	7.90922E+4	3.18599E+6
3.41000E+1	3.08255E+4	7.44470E+4	3.43814E+6	1.21878E+6	7.95470E+4	3.25453E+6
3.42000E+1	3.06619E+4	7.46601E+4	3.29236E+6	1.23719E+6	7.91946E+4	3.15464E+6
3.43000E+1	3.08029E+4	7.44922E+4	3.28755E+6	1.23043E+6	7.90426E+4	3.37081E+6
3.44000E+1	3.07929E+4	7.45805E+4	3.46047E+6	1.26189E+6	7.96364E+4	3.54869E+6
3.45000E+1	3.08437E+4	7.44902E+4	3.23191E+6	1.20717E+6	7.90902E+4	3.01454E+6
3.46000E+1	3.06839E+4	7.44735E+4	3.42009E+6	1.23472E+6	7.93997E+4	3.48133E+6
3.47000E+1	3.09121E+4	7.39680E+4	3.05416E+6	1.21331E+6	7.89714E+4	3.15327E+6
3.48000E+1	3.06399E+4	7.42013E+4	3.17808E+6	1.23231E+6	7.89580E+4	3.21866E+6
3.49000E+1	3.08757E+4	7.43579E+4	3.57209E+6	1.24735E+6	7.93997E+4	3.33129E+6
3.50000E+1	3.06559E+4	7.37187E+4	3.24232E+6	1.20164E+6	7.89879E+4	3.10358E+6
3.51000E+1	3.07907E+4	7.42248E+4	3.49261E+6	1.23014E+6	7.90395E+4	3.31844E+6
3.52000E+1	3.07830E+4	7.37479E+4	3.24160E+6	1.21917E+6	7.84477E+4	3.12756E+6
3.53000E+1	3.08823E+4	7.37012E+4	3.38452E+6	1.24216E+6	7.89683E+4	3.27019E+6
3.54000E+1	3.06916E+4	7.32929E+4	3.10298E+6	1.18175E+6	7.82673E+4	3.02961E+6
3.55000E+1	3.09198E+4	7.39748E+4	3.66153E+6	1.23403E+6	7.88920E+4	3.32372E+6
3.56000E+1	3.09204E+4	7.35090E+4	3.36972E+6	1.22877E+6	7.87550E+4	3.30196E+6
3.57000E+1	3.09154E+4	7.37683E+4	3.48431E+6	1.21917E+6	7.87745E+4	3.29155E+6
3.58000E+1	3.10708E+4	7.33355E+4	3.27723E+6	1.20817E+6	7.84436E+4	3.24153E+6
3.59000E+1	3.10016E+4	7.36235E+4	3.40419E+6	1.20476E+6	7.85832E+4	3.21158E+6
3.60000E+1	3.10309E+4	7.35167E+4	3.29273E+6	1.17843E+6	7.83800E+4	3.13597E+6
3.61000E+1	3.10851E+4	7.36128E+4	3.21271E+6	1.21649E+6	7.83605E+4	3.18217E+6
3.62000E+1	3.11926E+4	7.34770E+4	3.57557E+6	1.23283E+6	7.84682E+4	3.35189E+6
3.63000E+1	3.11555E+4	7.33713E+4	3.18502E+6	1.21554E+6	7.83257E+4	3.15327E+6
3.64000E+1	3.10508E+4	7.32253E+4	3.52069E+6	1.19178E+6	7.82591E+4	3.10490E+6
3.65000E+1	3.11982E+4	7.35390E+4	3.58735E+6	1.24981E+6	7.84241E+4	3.45102E+6
3.66000E+1	3.10503E+4	7.32755E+4	3.25896E+6	1.20000E+6	7.81180E+4	3.07995E+6
3.67000E+1	3.13197E+4	7.35332E+4	3.80885E+6	1.23610E+6	7.84046E+4	3.33243E+6
3.68000E+1	3.13108E+4	7.32949E+4	3.33592E+6	1.20966E+6	7.80832E+4	3.13092E+6
3.69000E+1	3.11366E+4	7.33636E+4	3.55479E+6	1.23437E+6	7.83708E+4	3.31205E+6
3.70000E+1	3.14460E+4	7.33626E+4	3.41371E+6	1.21588E+6	7.81354E+4	3.19296E+6
3.71000E+1	3.12514E+4	7.34072E+4	3.50094E+6	1.20728E+6	7.83267E+4	3.26653E+6
3.72000E+1	3.11372E+4	7.34178E+4	3.66016E+6	1.23328E+6	7.81855E+4	3.29118E+6
3.73000E+1	3.13464E+4	7.32891E+4	3.33288E+6	1.21761E+6	7.81343E+4	3.23901E+6
3.74000E+1	3.14398E+4	7.32833E+4	3.56342E+6	1.24268E+6	7.84067E+4	3.28452E+6
3.75000E+1	3.15117E+4	7.33423E+4	3.43452E+6	1.20569E+6	7.77701E+4	3.13597E+6
3.76000E+1	3.13053E+4	7.35041E+4	3.45679E+6	1.23026E+6	7.84580E+4	3.12187E+6
3.77000E+1	3.15769E+4	7.29926E+4	3.30726E+6	1.21526E+6	7.78516E+4	3.23722E+6
3.78000E+1	3.15167E+4	7.33075E+4	3.69975E+6	1.22798E+6	7.80352E+4	3.05217E+6
3.79000E+1	3.13759E+4	7.33317E+4	3.46578E+6	1.23346E+6	7.79321E+4	3.16045E+6
3.80000E+1	3.17148E+4	7.33249E+4	3.53128E+6	1.21348E+6	7.82673E+4	3.14104E+6
3.81000E+1	3.17210E+4	7.38501E+4	3.52280E+6	1.23615E+6	7.81476E+4	3.28378E+6
3.82000E+1	3.16919E+4	7.30804E+4	3.55006E+6	1.22991E+6	7.79934E+4	3.14172E+6
3.83000E+1	3.16707E+4	7.32243E+4	3.46128E+6	1.22963E+6	7.78435E+4	3.15668E+6
3.84000E+1	3.16506E+4	7.34585E+4	3.44420E+6	1.23397E+6	7.79944E+4	3.14850E+6
3.85000E+1	3.16807E+4	7.31219E+4	3.42769E+6	1.24600E+6	7.78435E+4	3.23973E+6
3.86000E+1	3.16015E+4	7.33442E+4	3.69140E+6	1.22368E+6	7.81466E+4	3.09797E+6
3.87000E+1	3.19029E+4	7.31789E+4	3.52238E+6	1.24957E+6	7.79362E+4	3.24261E+6
3.88000E+1	3.19909E+4	7.34082E+4	3.60408E+6	1.22193E+6	7.78170E+4	3.08125E+6
3.89000E+1	3.19074E+4	7.32320E+4	3.52153E+6	1.23128E+6	7.78465E+4	3.30980E+6
3.90000E+1	3.20392E+4	7.33365E+4	3.70581E+6	1.22334E+6	7.79383E+4	3.21689E+6
3.91000E+1	3.18362E+4	7.30997E+4	3.62586E+6	1.25228E+6	7.77101E+4	3.20770E+6
3.92000E+1	3.18984E+4	7.32407E+4	3.51605E+6	1.24274E+6	7.77152E+4	3.22791E+6
3.93000E+1	3.19556E+4	7.34169E+4	3.66701E+6	1.24199E+6	7.81875E+4	3.23650E+6
3.94000E+1	3.18021E+4	7.32668E+4	3.65017E+6	1.27535E+6	7.78812E+4	3.18460E+6
3.95000E+1	3.19180E+4	7.30215E+4	3.43010E+6	1.23185E+6	7.78302E+4	3.21441E+6
3.96000E+1	3.19921E+4	7.32137E+4	3.53894E+6	1.24060E+6	7.77060E+4	3.27826E+6
3.97000E+1	3.20039E+4	7.30900E+4	3.54278E+6	1.24828E+6	7.77559E+4	3.15942E+6
3.98000E+1	3.19893E+4	7.34459E+4	3.66747E+6	1.27577E+6	7.77101E+4	3.27679E+6
3.99000E+1	3.20061E+4	7.31769E+4	3.46251E+6	1.25234E+6	7.72574E+4	3.22399E+6
4.00000E+1	3.20904E+4	7.28702E+4	3.47276E+6	1.23961E+6	7.77630E+4	3.11652E+6
4.01000E+1	3.20544E+4	7.32030E+4	3.54792E+6	1.25909E+6	7.75190E+4	3.09665E+6
4.02000E+1	3.24121E+4	7.34004E+4	3.60452E+6	1.24501E+6	7.76989E+4	3.20066E+6
4.03000E+1	3.21714E+4	7.28067E+4	3.51142E+6	1.25387E+6	7.74327E+4	3.05282E+6
4.04000E+1	3.22705E+4	7.29897E+4	3.57165E+6	1.24910E+6	7.75921E+4	3.03498E+6
4.05000E+1	3.20825E+4	7.35992E+4	3.58779E+6	1.29833E+6	7.79117E+4	3.26289E+6
4.06000E+1	3.21584E+4	7.28308E+4	3.43170E+6	1.22509E+6	7.71694E+4	2.97230E+6
4.07000E+1	3.23568E+4	7.32920E+4	3.92127E+6	1.29138E+6	7.78598E+4	3.53374E+6
4.08000E+1	3.22096E+4	7.27432E+4	3.41252E+6	1.25228E+6	7.72605E+4	3.22649E+6
4.09000E+1	3.26163E+4	7.33481E+4	3.72834E+6	1.24694E+6	7.75464E+4	3.31957E+6
4.10000E+1	3.23269E+4	7.28779E+4	3.52915E+6	1.26243E+6	7.75942E+4	3.29155E+6
4.11000E+1	3.25218E+4	7.29463E+4	3.48059E+6	1.24396E+6	7.73841E+4	3.16182E+6
4.12000E+1	3.22778E+4	7.32485E+4	3.61694E+6	1.22272E+6	7.74977E+4	3.15293E+6
4.13000E+1	3.21770E+4	7.35022E+4	3.93119E+6	1.29019E+6	7.77233E+4	3.20523E+6
4.14000E+1	3.22158E+4	7.29087E+4	3.66336E+6	1.24094E+6	7.76318E+4	3.19366E+6
4.15000E+1	3.23720E+4	7.31547E+4	3.64881E+6	1.26500E+6	7.74581E+4	3.18599E+6
4.16000E+1	3.22479E+4	7.33104E+4	3.80442E+6	1.26536E+6	7.77386E+4	3.35458E+6
4.17000E+1	3.22299E+4	7.32088E+4	3.50011E+6	1.25440E+6	7.77722E+4	3.18599E+6
4.18000E+1	3.23906E+4	7.38199E+4	3.54022E+6	1.25505E+6	7.77335E+4	3.18529E+6
4.19000E+1	3.20920E+4	7.32717E+4	3.45802E+6	1.23604E+6	7.76124E+4	2.95086E+6
4.20000E+1	3.24562E+4	7.36342E+4	3.73638E+6	1.25087E+6	7.80291E+4	3.23256E+6
4.21000E+1	3.25246E+4	7.38773E+4	3.56688E+6	1.26392E+6	7.79668E+4	3.29898E+6
4.22000E+1	3.22203E+4	7.35924E+4	3.75162E+6	1.26279E+6	7.76928E+4	3.25453E+6
4.23000E+1	3.22530E+4	7.34964E+4	3.62006E+6	1.29175E+6	7.81037E+4	3.33433E+6
4.24000E+1	3.23929E+4	7.38325E+4	3.63258E+6	1.27103E+6	7.82786E+4	3.38054E+6
4.25000E+1	3.23675E+4	7.37119E+4	3.70301E+6	1.25588E+6	7.78414E+4	3.18113E+6
4.26000E+1	3.24861E+4	7.38481E+4	3.77760E+6	1.27376E+6	7.81026E+4	3.18912E+6
4.27000E+1	3.25405E+4	7.41691E+4	3.65471E+6	1.27797E+6	7.81047E+4	3.25743E+6
4.28000E+1	3.24811E+4	7.39066E+4	3.87086E+6	1.25861E+6	7.83513E+4	3.17766E+6
4.29000E+1	3.24545E+4	7.41085E+4	3.52238E+6	1.24513E+6	7.79321E+4	3.28194E+6
4.30000E+1	3.25150E+4	7.36021E+4	3.68723E+6	1.27553E+6	7.80046E+4	3.21193E+6
4.31000E+1	3.27865E+4	7.40099E+4	3.71423E+6	1.28091E+6	7.83380E+4	3.33699E+6
4.32000E+1	3.27014E+4	7.37683E+4	3.55092E+6	1.24659E+6	7.82581E+4	3.19471E+6
4.33000E+1	3.25450E+4	7.42492E+4	3.50220E+6	1.29125E+6	7.85000E+4	3.29712E+6
4.34000E+1	3.27735E+4	7.42541E+4	3.63124E+6	1.29884E+6	7.80955E+4	3.14884E+6
4.35000E+1	3.25071E+4	7.39806E+4	3.63124E+6	1.26380E+6	7.80291E+4	3.09073E+6
4.36000E+1	3.27899E+4	7.45010E+4	3.85870E+6	1.30727E+6	7.82417E+4	3.19052E+6
4.37000E+1	3.25852E+4	7.43207E+4	3.87747E+6	1.30504E+6	7.81855E+4	3.24153E+6
4.38000E+1	3.28019E+4	7.41642E+4	3.62765E+6	1.25849E+6	7.79832E+4	3.28637E+6
4.39000E+1	3.26452E+4	7.39699E+4	3.77857E+6	1.29057E+6	7.78577E+4	3.21724E+6
4.40000E+1	3.27445E+4	7.47800E+4	3.74446E+6	1.27748E+6	7.84672E+4	3.42360E+6
4.41000E+1	3.27400E+4	7.41095E+4	3.60275E+6	1.24852E+6	7.81139E+4	3.12588E+6
4.42000E+1	3.27456E+4	7.42121E+4	3.79952E+6	1.27938E+6	7.81507E+4	3.35305E+6
4.43000E+1	3.25427E+4	7.44294E+4	3.55135E+6	1.25310E+6	7.81589E+4	3.26653E+6
4.44000E+1	3.25812E+4	7.42668E+4	3.84111E+6	1.30772E+6	7.83339E+4	3.33509E+6
4.45000E+1	3.26311E+4	7.40997E+4	3.69929E+6	1.26964E+6	7.85319E+4	3.32183E+6
4.46000E+1	3.24415E+4	7.42522E+4	3.73875E+6	1.28988E+6	7.83564E+4	3.09928E+6
4.47000E+1	3.26883E+4	7.46365E+4	3.80688E+6	1.28628E+6	7.86130E+4	3.35574E+6
4.48000E+1	3.28519E+4	7.42130E+4	3.69696E+6	1.25624E+6	7.82878E+4	3.11253E+6
4.49000E+1	3.27996E+4	7.43383E+4	3.66427E+6	1.27212E+6	7.85771E+4	3.21335E+6
4.50000E+1	3.27161E+4	7.43971E+4	3.76456E+6	1.28405E+6	7.85011E+4	3.21123E+6
4.51000E+1	3.29475E+4	7.44539E+4	3.89282E+6	1.28640E+6	7.84262E+4	3.23292E+6
4.52000E+1	3.27286E+4	7.46257E+4	3.74732E+6	1.31717E+6	7.83944E+4	3.32372E+6
4.53000E+1	3.26702E+4	7.45020E+4	3.57905E+6	1.26627E+6	7.80505E+4	3.23327E+6
4.54000E+1	3.26532E+4	7.45933E+4	3.82914E+6	1.27596E+6	7.84518E+4	3.29414E+6
4.55000E+1	3.29446E+4	7.48440E+4	3.91243E+6	1.28079E+6	7.84108E+4	3.27092E+6
4.56000E+1	3.26895E+4	7.44147E+4	3.74970E+6	1.28634E+6	7.84457E+4	3.14477E+6
4.57000E+1	3.29429E+4	7.51301E+4	4.01401E+6	1.31188E+6	7.85237E+4	3.30793E+6
4.58000E+1	3.28036E+4	7.45972E+4	3.54235E+6	1.25624E+6	7.83749E+4	3.16456E+6
4.59000E+1	3.28377E+4	7.44441E+4	3.67434E+6	1.30663E+6	7.84231E+4	3.21017E+6
4.60000E+1	3.29014E+4	7.47909E+4	3.75496E+6	1.30932E+6	7.87807E+4	3.42841E+6
4.61000E+1	3.28803E+4	7.49949E+4	3.65153E+6	1.28443E+6	7.85329E+4	3.23471E+6
4.62000E+1	3.30159E+4	7.49475E+4	3.48390E+6	1.28517E+6	7.84692E+4	3.38327E+6
4.63000E+1	3.29612E+4	7.47968E+4	3.69325E+6	1.26657E+6	7.85308E+4	3.08125E+6
4.64000E+1	3.28576E+4	7.50630E+4	3.89231E+6	1.27079E+6	7.88673E+4	3.33129E+6
4.65000E+1	3.28337E+4	7.50254E+4	3.75880E+6	1.27883E+6	7.86192E+4	3.21087E+6
4.66000E+1	3.29902E+4	7.51420E+4	3.72221E+6	1.32707E+6	7.86829E+4	3.28010E+6
4.67000E+1	3.29919E+4	7.53557E+4	3.84863E+6	1.30206E+6	7.89601E+4	3.29786E+6
4.68000E+1	3.30421E+4	7.48706E+4	3.74541E+6	1.27376E+6	7.86860E+4	3.12958E+6
4.69000E+1	3.30940E+4	7.50037E+4	3.73780E+6	1.33705E+6	7.89755E+4	3.12153E+6
4.70000E+1	3.27752E+4	7.52913E+4	3.80050E+6	1.30562E+6	7.86295E+4	3.12421E+6
4.71000E+1	3.29828E+4	7.55848E+4	3.77179E+6	1.28857E+6	7.87138E+4	3.23327E+6
4.72000E+1	3.34040E+4	7.53141E+4	3.91399E+6	1.28976E+6	7.88817E+4	3.28933E+6
4.73000E+1	3.31694E+4	7.52606E+4	3.91036E+6	1.31207E+6	7.88734E+4	3.24657E+6
4.74000E+1	3.30911E+4	7.54766E+4	3.64972E+6	1.30600E+6	7.90220E+4	3.19261E+6
4.75000E+1	3.31117E+4	7.52488E+4	4.05921E+6	1.33386E+6	7.87364E+4	3.22471E+6
4.76000E+1	3.32677E+4	7.53131E+4	3.77035E+6	1.30932E+6	7.88858E+4	3.18564E+6
4.77000E+1	3.32231E+4	7.55193E+4	3.85064E+6	1.32262E+6	7.91129E+4	3.17662E+6
4.78000E+1	3.30655E+4	7.52448E+4	3.83063E+6	1.30187E+6	7.92153E+4	3.31393E+6
4.79000E+1	3.31722E+4	7.58385E+4	4.02439E+6	1.33845E+6	7.93354E+4	3.24765E+6
4.80000E+1	3.30375E+4	7.57041E+4	3.99663E+6	1.33267E+6	7.89002E+4	3.36848E+6
4.81000E+1	3.33118E+4	7.54340E+4	3.90105E+6	1.30023E+6	7.91905E+4	3.34347E+6
4.82000E+1	3.30780E+4	7.55650E+4	3.64519E+6	1.32165E+6	7.91636E+4	3.13496E+6
4.83000E+1	3.31060E+4	7.56673E+4	3.89745E+6	1.29356E+6	7.91005E+4	3.17179E+6
4.84000E+1	3.32551E+4	7.53191E+4	3.59834E+6	1.32628E+6	7.88693E+4	3.29377E+6
4.85000E+1	3.31637E+4	7.52893E+4	3.44704E+6	1.30301E+6	7.86439E+4	3.12689E+6
4.86000E+1	3.32305E+4	7.57280E+4	3.70767E+6	1.29959E+6	7.92236E+4	3.21229E+6
4.87000E+1	3.33645E+4	7.56544E+4	3.90881E+6	1.33155E+6	7.88528E+4	3.21158E+6
4.88000E+1	3.35372E+4	7.52913E+4	3.90518E+6	1.31394E+6	7.88631E+4	3.37158E+6
4.89000E+1	3.32082E+4	7.50649E+4	3.87035E+6	1.27712E+6	7.89013E+4	3.35805E+6
4.90000E+1	3.33330E+4	7.56186E+4	3.67250E+6	1.28988E+6	7.91274E+4	3.26507E+6
4.91000E+1	3.32986E+4	7.53963E+4	4.04311E+6	1.31574E+6	7.87323E+4	3.26471E+6
4.92000E+1	3.31711E+4	7.53607E+4	3.80001E+6	1.29657E+6	7.89106E+4	3.29414E+6
4.93000E+1	3.34184E+4	7.52864E+4	3.87543E+6	1.26940E+6	7.89467E+4	3.21335E+6
4.94000E+1	3.34953E+4	7.54816E+4	3.95966E+6	1.31898E+6	7.90137E+4	3.23865E+6
4.95000E+1	3.34126E+4	7.53299E+4	3.70534E+6	1.29846E+6	7.88528E+4	3.14850E+6
4.96000E+1	3.33124E+4	7.56633E+4	3.86984E+6	1.27455E+6	7.89219E+4	3.22044E+6
4.97000E+1	3.31465E+4	7.53874E+4	3.78488E+6	1.28030E+6	7.86367E+4	3.17351E+6
4.98000E+1	3.31854E+4	7.51914E+4	3.73401E+6	1.29475E+6	7.82591E+4	3.20137E+6
4.99000E+1	3.32431E+4	7.51113E+4	3.70627E+6	1.29025E+6	7.85575E+4	3.34844E+6
5.00000E+1	3.33175E+4	7.51825E+4	3.98424E+6	1.30906E+6	7.88817E+4	3.23937E+6
5.01000E+1	3.31282E+4	7.50393E+4	3.76360E+6	1.26339E+6	7.82827E+4	3.19296E+6
5.02000E+1	3.34121E+4	7.51617E+4	3.86426E+6	1.28597E+6	7.84641E+4	3.20383E+6
5.03000E+1	3.34006E+4	7.56107E+4	4.05865E+6	1.29475E+6	7.86408E+4	3.18808E+6
5.04000E+1	3.30141E+4	7.53250E+4	3.88257E+6	1.28982E+6	7.86624E+4	3.21724E+6
5.05000E+1	3.33209E+4	7.52231E+4	3.64113E+6	1.27395E+6	7.86675E+4	3.11087E+6
5.06000E+1	3.31894E+4	7.51657E+4	3.98800E+6	1.29419E+6	7.85534E+4	3.30046E+6
5.07000E+1	3.34872E+4	7.53280E+4	3.69140E+6	1.26189E+6	7.84723E+4	3.23113E+6
5.08000E+1	3.32328E+4	7.58664E+4	4.05921E+6	1.29808E+6	7.87035E+4	3.23542E+6
5.09000E+1	3.31797E+4	7.57837E+4	3.88411E+6	1.30772E+6	7.91108E+4	3.35074E+6
5.10000E+1	3.33547E+4	7.56604E+4	3.81674E+6	1.31879E+6	7.88796E+4	3.22150E+6
5.11000E+1	3.33089E+4	7.53904E+4	3.72692E+6	1.32478E+6	7.90912E+4	3.26471E+6
5.12000E+1	3.33192E+4	7.54816E+4	3.84512E+6	1.28640E+6	7.87910E+4	3.30868E+6
5.13000E+1	3.33565E+4	7.58325E+4	3.89128E+6	1.31073E+6	7.91470E+4	3.11386E+6
5.14000E+1	3.34912E+4	7.55352E+4	3.70068E+6	1.28387E+6	7.88528E+4	3.06600E+6
5.15000E+1	3.35619E+4	7.57260E+4	3.99826E+6	1.31931E+6	7.89157E+4	3.24225E+6
5.16000E+1	3.34803E+4	7.59511E+4	4.01401E+6	1.32243E+6	7.93022E+4	3.31393E+6
5.17000E+1	3.34970E+4	7.62769E+4	3.86578E+6	1.32015E+6	7.90468E+4	3.20453E+6
5.18000E+1	3.35843E+4	7.55461E+4	3.79170E+6	1.29947E+6	7.90891E+4	3.25961E+6
5.19000E+1	3.36959E+4	7.63510E+4	3.86123E+6	1.31762E+6	7.92805E+4	3.20629E+6
5.20000E+1	3.40088E+4	7.63560E+4	3.87035E+6	1.32937E+6	7.92049E+4	3.36577E+6
5.21000E+1	3.39417E+4	7.60000E+4	3.86123E+6	1.30574E+6	7.93748E+4	3.30644E+6
5.22000E+1	3.38678E+4	7.59411E+4	3.92283E+6	1.32648E+6	7.92184E+4	3.22898E+6
5.23000E+1	3.37224E+4	7.57957E+4	3.99285E+6	1.31937E+6	7.89095E+4	3.27092E+6
5.24000E+1	3.39301E+4	7.62649E+4	4.04256E+6	1.33188E+6	7.93623E+4	3.19541E+6
5.25000E+1	3.39648E+4	7.65938E+4	3.87951E+6	1.34514E+6	7.92267E+4	3.26982E+6
5.26000E+1	3.39394E+4	7.61108E+4	3.78245E+6	1.29281E+6	7.91139E+4	3.41961E+6
5.27000E+1	3.39567E+4	7.61708E+4	3.90364E+6	1.32904E+6	7.90241E+4	3.36422E+6
5.28000E+1	3.39272E+4	7.62889E+4	4.08840E+6	1.29187E+6	7.91346E+4	3.17213E+6
5.29000E+1	3.39348E+4	7.60569E+4	3.87543E+6	1.29431E+6	7.89941E+4	3.23471E+6
5.30000E+1	3.39972E+4	7.64081E+4	4.06647E+6	1.33426E+6	7.89817E+4	3.27936E+6
5.31000E+1	3.39781E+4	7.63520E+4	4.05031E+6	1.31246E+6	7.93551E+4	3.24441E+6
5.32000E+1	3.43812E+4	7.65958E+4	4.19444E+6	1.34011E+6	7.91356E+4	3.31731E+6
5.33000E+1	3.43144E+4	7.61798E+4	3.93486E+6	1.29262E+6	7.88477E+4	3.20770E+6
5.34000E+1	3.42342E+4	7.62188E+4	3.83661E+6	1.31639E+6	7.88910E+4	3.31506E+6
5.35000E+1	3.41918E+4	7.64944E+4	4.16904E+6	1.31053E+6	7.88807E+4	3.31243E+6
5.36000E+1	3.42110E+4	7.61158E+4	3.87543E+6	1.30441E+6	7.91046E+4	3.26471E+6
5.37000E+1	3.40724E+4	7.65335E+4	4.14917E+6	1.32419E+6	7.92588E+4	3.35074E+6
5.38000E+1	3.43452E+4	7.68715E+4	4.18791E+6	1.34602E+6	7.92764E+4	3.25634E+6
5.39000E+1	3.40279E+4	7.57340E+4	3.86528E+6	1.28982E+6	7.88631E+4	3.14816E+6
5.40000E+1	3.43743E+4	7.62719E+4	4.21114E+6	1.32158E+6	7.91046E+4	3.22044E+6
5.41000E+1	3.42272E+4	7.66300E+4	3.92805E+6	1.32041E+6	7.92857E+4	3.30756E+6
5.42000E+1	3.41640E+4	7.65074E+4	3.91503E+6	1.30683E+6	7.91956E+4	3.19716E+6
5.43000E+1	3.44756E+4	7.70359E+4	4.08727E+6	1.31021E+6	7.95647E+4	3.26107E+6
5.44000E+1	3.43213E+4	7.65536E+4	3.89385E+6	1.29909E+6	7.91336E+4	3.28674E+6
5.45000E+1	3.42510E+4	7.63881E+4	4.04477E+6	1.27822E+6	7.89869E+4	3.25344E+6
5.46000E+1	3.44354E+4	7.65144E+4	4.22677E+6	1.32524E+6	7.93333E+4	3.45264E+6
5.47000E+1	3.41785E+4	7.65034E+4	3.83162E+6	1.29500E+6	7.87107E+4	3.20594E+6
5.48000E+1	3.44086E+4	7.63179E+4	3.90881E+6	1.30746E+6	7.90902E+4	3.11120E+6
5.49000E+1	3.42592E+4	7.64873E+4	4.21714E+6	1.29469E+6	7.92225E+4	3.33357E+6
5.50000E+1	3.44528E+4	7.68705E+4	4.01510E+6	1.32563E+6	7.90561E+4	3.28674E+6
5.51000E+1	3.43097E+4	7.61098E+4	4.11284E+6	1.29532E+6	7.88405E+4	3.08811E+6
5.52000E+1	3.44330E+4	7.67215E+4	4.24250E+6	1.32223E+6	7.91718E+4	3.24910E+6
5.53000E+1	3.45029E+4	7.67225E+4	4.16318E+6	1.31944E+6	7.91698E+4	3.22898E+6
5.54000E+1	3.43161E+4	7.64472E+4	4.05810E+6	1.30708E+6	7.90344E+4	3.11719E+6
5.55000E+1	3.42708E+4	7.69935E+4	3.95966E+6	1.29375E+6	7.90261E+4	3.24369E+6
5.56000E+1	3.43847E+4	7.64873E+4	4.06983E+6	1.33128E+6	7.91088E+4	3.29340E+6
5.57000E+1	3.41837E+4	7.66340E+4	3.99447E+6	1.29588E+6	7.89549E+4	3.20312E+6
5.58000E+1	3.44558E+4	7.69169E+4	4.37266E+6	1.32779E+6	7.89116E+4	3.27495E+6
5.59000E+1	3.42093E+4	7.62358E+4	3.91815E+6	1.27382E+6	7.89993E+4	3.15020E+6
5.60000E+1	3.42464E+4	7.65616E+4	3.89077E+6	1.26910E+6	7.89570E+4	3.20207E+6
5.61000E+1	3.46950E+4	7.71218E+4	4.17787E+6	1.34528E+6	7.92795E+4	3.39858E+6
5.62000E+1	3.43655E+4	7.67114E+4	4.36558E+6	1.29156E+6	7.89136E+4	3.16147E+6
5.63000E+1	3.45233E+4	7.64241E+4	4.05977E+6	1.30181E+6	7.91925E+4	3.11986E+6
5.64000E+1	3.42882E+4	7.68473E+4	4.08501E+6	1.29682E+6	7.91946E+4	3.27569E+6
5.65000E+1	3.42952E+4	7.64693E+4	3.99447E+6	1.28282E+6	7.90561E+4	3.28231E+6
5.66000E+1	3.43626E+4	7.68917E+4	4.13353E+6	1.34105E+6	7.91708E+4	3.45916E+6
5.67000E+1	3.43940E+4	7.66370E+4	3.88667E+6	1.30422E+6	7.90334E+4	3.31919E+6
5.68000E+1	3.43208E+4	7.66651E+4	4.05643E+6	1.30753E+6	7.90716E+4	3.19156E+6
5.69000E+1	3.44022E+4	7.68302E+4	4.16552E+6	1.31529E+6	7.90313E+4	3.23829E+6
5.70000E+1	3.43824E+4	7.66853E+4	3.94749E+6	1.29890E+6	7.90375E+4	3.11353E+6
5.71000E+1	3.44622E+4	7.65737E+4	4.29975E+6	1.27718E+6	7.90024E+4	3.11853E+6
5.72000E+1	3.45490E+4	7.72472E+4	4.52666E+6	1.30829E+6	7.90809E+4	3.47062E+6
5.73000E+1	3.42760E+4	7.67154E+4	3.97352E+6	1.27963E+6	7.86428E+4	3.12053E+6
5.74000E+1	3.45379E+4	7.69491E+4	4.13815E+6	1.30970E+6	7.89178E+4	3.16250E+6
5.75000E+1	3.44313E+4	7.71178E+4	4.08219E+6	1.30555E+6	7.90953E+4	3.33395E+6
5.76000E+1	3.43062E+4	7.70067E+4	4.28917E+6	1.26717E+6	7.92174E+4	3.27679E+6
5.77000E+1	3.46225E+4	7.71673E+4	4.13410E+6	1.30295E+6	7.90716E+4	3.16662E+6
5.78000E+1	3.44127E+4	7.67386E+4	4.06368E+6	1.31827E+6	7.89755E+4	3.29860E+6
5.79000E+1	3.44348E+4	7.72300E+4	4.14685E+6	1.27237E+6	7.89312E+4	3.35805E+6
5.80000E+1	3.46237E+4	7.72250E+4	4.42812E+6	1.29808E+6	7.87890E+4	3.25127E+6
5.81000E+1	3.41576E+4	7.69421E+4	4.17846E+6	1.29745E+6	7.90509E+4	3.23220E+6
5.82000E+1	3.42934E+4	7.71087E+4	4.27248E+6	1.29413E+6	7.88776E+4	3.24802E+6
5.83000E+1	3.44552E+4	7.72654E+4	4.31038E+6	1.29287E+6	7.90158E+4	3.32674E+6
5.84000E+1	3.42325E+4	7.69915E+4	4.09519E+6	1.27816E+6	7.90303E+4	3.23758E+6
5.85000E+1	3.45700E+4	7.70875E+4	4.22978E+6	1.30345E+6	7.92339E+4	3.17144E+6
5.86000E+1	3.42691E+4	7.67305E+4	3.75353E+6	1.27516E+6	7.92194E+4	3.18599E+6
5.87000E+1	3.45408E+4	7.71218E+4	4.19622E+6	1.27950E+6	7.87344E+4	3.25562E+6
5.88000E+1	3.42122E+4	7.72796E+4	4.11914E+6	1.31375E+6	7.93406E+4	3.38054E+6
5.89000E+1	3.42151E+4	7.68917E+4	4.00693E+6	1.25559E+6	7.86562E+4	3.02143E+6
5.90000E+1	3.44831E+4	7.75707E+4	4.01292E+6	1.32354E+6	7.92877E+4	3.30345E+6
5.91000E+1	3.41837E+4	7.70794E+4	4.02166E+6	1.31574E+6	7.88693E+4	3.47762E+6
5.92000E+1	3.44115E+4	7.71916E+4	4.09236E+6	1.29163E+6	7.87745E+4	3.14003E+6
5.93000E+1	3.41136E+4	7.67325E+4	3.95701E+6	1.26267E+6	7.87148E+4	3.10490E+6
5.94000E+1	3.43702E+4	7.73110E+4	4.44935E+6	1.30536E+6	7.91625E+4	3.37742E+6
5.95000E+1	3.43714E+4	7.69300E+4	4.14510E+6	1.28826E+6	7.89797E+4	3.23722E+6
5.96000E+1	3.42545E+4	7.72381E+4	4.19741E+6	1.29138E+6	7.90313E+4	3.15600E+6
5.97000E+1	3.43010E+4	7.71147E+4	4.08162E+6	1.26916E+6	7.89229E+4	3.16010E+6
5.98000E+1	3.45852E+4	7.69522E+4	4.02988E+6	1.29369E+6	7.86110E+4	3.13429E+6
5.99000E+1	3.43161E+4	7.70713E+4	4.21354E+6	1.29069E+6	7.89931E+4	3.25961E+6
6.00000E+1	3.44750E+4	7.71461E+4	4.02385E+6	1.29337E+6	7.89054E+4	3.15020E+6
6.01000E+1	3.42435E+4	7.70743E+4	4.18436E+6	1.28976E+6	7.87467E+4	3.24585E+6
6.02000E+1	3.42749E+4	7.72432E+4	4.04311E+6	1.30219E+6	7.92784E+4	3.26544E+6
6.03000E+1	3.44796E+4	7.72118E+4	4.43274E+6	1.26723E+6	7.89405E+4	3.26289E+6
6.04000E+1	3.40956E+4	7.68685E+4	4.00911E+6	1.27334E+6	7.89188E+4	3.15157E+6
6.05000E+1	3.41959E+4	7.69673E+4	3.99880E+6	1.26219E+6	7.88260E+4	3.09863E+6
6.06000E+1	3.42081E+4	7.73566E+4	4.27679E+6	1.27310E+6	7.90013E+4	3.30868E+6
6.07000E+1	3.43365E+4	7.70935E+4	4.20695E+6	1.26910E+6	7.88415E+4	3.17870E+6
6.08000E+1	3.44721E+4	7.73586E+4	4.36173E+6	1.29676E+6	7.89322E+4	3.32183E+6
6.09000E+1	3.42882E+4	7.72047E+4	4.14743E+6	1.24373E+6	7.90674E+4	3.24405E+6
6.10000E+1	3.44220E+4	7.72331E+4	4.06423E+6	1.29231E+6	7.87529E+4	3.08680E+6
6.11000E+1	3.43731E+4	7.72067E+4	4.19444E+6	1.26705E+6	7.89807E+4	3.23077E+6
6.12000E+1	3.45280E+4	7.69744E+4	4.10884E+6	1.29682E+6	7.88157E+4	3.17835E+6
6.13000E+1	3.44878E+4	7.73090E+4	4.23947E+6	1.28171E+6	7.91677E+4	3.12354E+6
6.14000E+1	3.46476E+4	7.74864E+4	4.17728E+6	1.28988E+6	7.89704E+4	3.36577E+6
6.15000E+1	3.46488E+4	7.75595E+4	4.16846E+6	1.30403E+6	7.88745E+4	3.12857E+6
6.16000E+1	3.47499E+4	7.71865E+4	4.16025E+6	1.26135E+6	7.87776E+4	3.19156E+6
6.17000E+1	3.47242E+4	7.76367E+4	4.53149E+6	1.29281E+6	7.90499E+4	3.27385E+6
6.18000E+1	3.47219E+4	7.74813E+4	4.47416E+6	1.29125E+6	7.90871E+4	3.19401E+6
6.19000E+1	3.47909E+4	7.72290E+4	4.20994E+6	1.27285E+6	7.90003E+4	3.11253E+6
6.20000E+1	3.47067E+4	7.74022E+4	4.22858E+6	1.26572E+6	7.87920E+4	3.11819E+6
6.21000E+1	3.48940E+4	7.76632E+4	4.08444E+6	1.28012E+6	7.87550E+4	3.26434E+6
6.22000E+1	3.47722E+4	7.72938E+4	4.34320E+6	1.29638E+6	7.88322E+4	3.14037E+6
6.23000E+1	3.51448E+4	7.74124E+4	4.03649E+6	1.28777E+6	7.88435E+4	3.24729E+6
6.24000E+1	3.51548E+4	7.74296E+4	4.28669E+6	1.30778E+6	7.86727E+4	3.15874E+6
6.25000E+1	3.52378E+4	7.73495E+4	4.20218E+6	1.30453E+6	7.92743E+4	3.12488E+6
6.26000E+1	3.51624E+4	7.73708E+4	4.29912E+6	1.26741E+6	7.87447E+4	3.27239E+6
6.27000E+1	3.54479E+4	7.74387E+4	4.43341E+6	1.27322E+6	7.88899E+4	3.08256E+6
6.28000E+1	3.55165E+4	7.74367E+4	4.38105E+6	1.27975E+6	7.89859E+4	3.25018E+6
6.29000E+1	3.57091E+4	7.78556E+4	4.41757E+6	1.30174E+6	7.85658E+4	3.17835E+6
6.30000E+1	3.57221E+4	7.76032E+4	4.62095E+6	1.30403E+6	7.87828E+4	3.34385E+6
6.31000E+1	3.61084E+4	7.74022E+4	4.21834E+6	1.27938E+6	7.86572E+4	3.11919E+6
6.32000E+1	3.58344E+4	7.74854E+4	4.20277E+6	1.32080E+6	7.87375E+4	3.08680E+6
6.33000E+1	3.60755E+4	7.76123E+4	4.18318E+6	1.30523E+6	7.89632E+4	3.15566E+6
6.34000E+1	3.59450E+4	7.74468E+4	4.67322E+6	1.27950E+6	7.87303E+4	3.17386E+6
6.35000E+1	3.64296E+4	7.78617E+4	4.46206E+6	1.29991E+6	7.88405E+4	3.26070E+6
6.36000E+1	3.65280E+4	7.74925E+4	4.45403E+6	1.28393E+6	7.85391E+4	3.18286E+6
6.37000E+1	3.63541E+4	7.73911E+4	4.32294E+6	1.29985E+6	7.86254E+4	3.01673E+6
6.38000E+1	3.65635E+4	7.77883E+4	4.78746E+6	1.33446E+6	7.85257E+4	3.34194E+6
6.39000E+1	3.68223E+4	7.78057E+4	4.65421E+6	1.30326E+6	7.85298E+4	3.17213E+6
6.40000E+1	3.69829E+4	7.76469E+4	4.46676E+6	1.30441E+6	7.85113E+4	3.14952E+6
6.41000E+1	3.72628E+4	7.76052E+4	4.44137E+6	1.30593E+6	7.87817E+4	3.13699E+6
6.42000E+1	3.75097E+4	7.78383E+4	4.76067E+6	1.33240E+6	7.86233E+4	3.18634E+6
6.43000E+1	3.79276E+4	7.76083E+4	4.75611E+6	1.31529E+6	7.85514E+4	3.06277E+6
6.44000E+1	3.79386E+4	7.76723E+4	4.77518E+6	1.33122E+6	7.86531E+4	3.17317E+6
6.45000E+1	3.83426E+4	7.76459E+4	4.63752E+6	1.32047E+6	7.85144E+4	3.13328E+6
6.46000E+1	3.87718E+4	7.78484E+4	4.73644E+6	1.30155E+6	7.85216E+4	3.25598E+6
6.47000E+1	3.88370E+4	7.76550E+4	4.18673E+6	1.30250E+6	7.84128E+4	3.09073E+6
6.48000E+1	3.92762E+4	7.80392E+4	4.71244E+6	1.30695E+6	7.86356E+4	3.07442E+6
6.49000E+1	3.92830E+4	7.76744E+4	4.91702E+6	1.29833E+6	7.83872E+4	3.13227E+6
6.50000E+1	3.97144E+4	7.77924E+4	5.04338E+6	1.32112E+6	7.83677E+4	3.05602E+6
6.51000E+1	4.01275E+4	7.78383E+4	4.86724E+6	1.36679E+6	7.83267E+4	3.16938E+6
6.52000E+1	4.04782E+4	7.77405E+4	4.58108E+6	1.32484E+6	7.82335E+4	3.06632E+6
6.53000E+1	4.03918E+4	7.82938E+4	5.01963E+6	1.33625E+6	7.84251E+4	3.36113E+6
6.54000E+1	4.08971E+4	7.76337E+4	4.89522E+6	1.33300E+6	7.84026E+4	3.08877E+6
6.55000E+1	4.13373E+4	7.81782E+4	5.65354E+6	1.36596E+6	7.81323E+4	3.26252E+6
6.56000E+1	4.12048E+4	7.76967E+4	5.20422E+6	1.33479E+6	7.80945E+4	3.17835E+6
6.57000E+1	4.18203E+4	7.79269E+4	5.37932E+6	1.35055E+6	7.83380E+4	3.30980E+6
6.58000E+1	4.16843E+4	7.76733E+4	5.02554E+6	1.35122E+6	7.82796E+4	3.25054E+6
6.59000E+1	4.19597E+4	7.77843E+4	5.13269E+6	1.36534E+6	7.80904E+4	3.28268E+6
6.60000E+1	4.20683E+4	7.82611E+4	4.89361E+6	1.36741E+6	7.80138E+4	3.15395E+6
6.61000E+1	4.23811E+4	7.80392E+4	5.62595E+6	1.37257E+6	7.81701E+4	3.18009E+6
6.62000E+1	4.29397E+4	7.80300E+4	5.16107E+6	1.35102E+6	7.80689E+4	3.10854E+6
6.63000E+1	4.26369E+4	7.81148E+4	5.19698E+6	1.38931E+6	7.83431E+4	3.13530E+6
6.64000E+1	4.28397E+4	7.77659E+4	5.20332E+6	1.36437E+6	7.77243E+4	2.96593E+6
6.65000E+1	4.33152E+4	7.81762E+4	5.27123E+6	1.38185E+6	7.79270E+4	3.18425E+6
6.66000E+1	4.33397E+4	7.80300E+4	5.24441E+6	1.34791E+6	7.80005E+4	3.13496E+6
6.67000E+1	4.35817E+4	7.81854E+4	5.79449E+6	1.40571E+6	7.79179E+4	3.27532E+6
6.68000E+1	4.37599E+4	7.82191E+4	5.48681E+6	1.37593E+6	7.76257E+4	3.14070E+6
6.69000E+1	4.37746E+4	7.79902E+4	5.77774E+6	1.37649E+6	7.77793E+4	3.25816E+6
6.70000E+1	4.40749E+4	7.80647E+4	5.47477E+6	1.37341E+6	7.75190E+4	3.19716E+6
6.71000E+1	4.39426E+4	7.83932E+4	5.81020E+6	1.39729E+6	7.77101E+4	3.17974E+6
6.72000E+1	4.42027E+4	7.79973E+4	5.69327E+6	1.38008E+6	7.73527E+4	3.22970E+6
6.73000E+1	4.44900E+4	7.82181E+4	5.63865E+6	1.40178E+6	7.77314E+4	3.25598E+6
6.74000E+1	4.46597E+4	7.80218E+4	5.33709E+6	1.37740E+6	7.71694E+4	3.15874E+6
6.75000E+1	4.46773E+4	7.82519E+4	5.98277E+6	1.42787E+6	7.74764E+4	3.28157E+6
6.76000E+1	4.48251E+4	7.80259E+4	5.80908E+6	1.39527E+6	7.69805E+4	3.08288E+6
6.77000E+1	4.48542E+4	7.82846E+4	5.67388E+6	1.38710E+6	7.74145E+4	3.19226E+6
6.78000E+1	4.49468E+4	7.81710E+4	5.78555E+6	1.43627E+6	7.74388E+4	3.25961E+6
6.79000E+1	4.52956E+4	7.79137E+4	5.38610E+6	1.40214E+6	7.72605E+4	3.30084E+6
6.80000E+1	4.53752E+4	7.83809E+4	6.05271E+6	1.44069E+6	7.70603E+4	3.19891E+6
6.81000E+1	4.55313E+4	7.84076E+4	6.01272E+6	1.42847E+6	7.71158E+4	3.20102E+6
6.82000E+1	4.53486E+4	7.79412E+4	5.65995E+6	1.43771E+6	7.69725E+4	3.08256E+6
6.83000E+1	4.56932E+4	7.79616E+4	5.64609E+6	1.41431E+6	7.69836E+4	3.18529E+6
6.84000E+1	4.54460E+4	7.80127E+4	5.68033E+6	1.44444E+6	7.68152E+4	3.17801E+6
6.85000E+1	4.56549E+4	7.89940E+4	5.82826E+6	1.43695E+6	7.70542E+4	3.13732E+6
6.86000E+1	4.56911E+4	7.80862E+4	5.52835E+6	1.40011E+6	7.67387E+4	3.20418E+6
6.87000E+1	4.59988E+4	7.83338E+4	5.75446E+6	1.45590E+6	7.68686E+4	3.28047E+6
6.88000E+1	4.59425E+4	7.81802E+4	5.84529E+6	1.43217E+6	7.67226E+4	3.16628E+6
6.89000E+1	4.59487E+4	7.84240E+4	5.67280E+6	1.41121E+6	7.68484E+4	3.01923E+6
6.90000E+1	4.63830E+4	7.83963E+4	6.51420E+6	1.43036E+6	7.66572E+4	3.17801E+6
6.91000E+1	4.61989E+4	7.84004E+4	6.11554E+6	1.41987E+6	7.66964E+4	3.11353E+6
6.92000E+1	4.64224E+4	7.85533E+4	6.04540E+6	1.44314E+6	7.65095E+4	3.28600E+6
6.93000E+1	4.64369E+4	7.81608E+4	5.13092E+6	1.45520E+6	7.65477E+4	3.14307E+6
6.94000E+1	4.62444E+4	7.82601E+4	5.92258E+6	1.42735E+6	7.65808E+4	3.29786E+6
6.95000E+1	4.64845E+4	7.82836E+4	6.39653E+6	1.44837E+6	7.66502E+4	3.23506E+6
6.96000E+1	4.66569E+4	7.83348E+4	6.17586E+6	1.43954E+6	7.64182E+4	3.23542E+6
6.97000E+1	4.68657E+4	7.85102E+4	5.92141E+6	1.44283E+6	7.67236E+4	3.32750E+6
6.98000E+1	4.68678E+4	7.86150E+4	5.56223E+6	1.43225E+6	7.65658E+4	3.30905E+6
6.99000E+1	4.69596E+4	7.84907E+4	6.13176E+6	1.47934E+6	7.63100E+4	3.42601E+6
7.00000E+1	4.69095E+4	7.85482E+4	5.16642E+6	1.42607E+6	7.65899E+4	3.31506E+6
7.01000E+1	4.70083E+4	7.86489E+4	5.41534E+6	1.45155E+6	7.66713E+4	3.25380E+6
7.02000E+1	4.69158E+4	7.89197E+4	5.88426E+6	1.44876E+6	7.62289E+4	3.22827E+6
7.03000E+1	4.70738E+4	7.86828E+4	6.09940E+6	1.43437E+6	7.64463E+4	3.43726E+6
7.04000E+1	4.68053E+4	7.85626E+4	6.04175E+6	1.43642E+6	7.64232E+4	3.34423E+6
7.05000E+1	4.70432E+4	7.86109E+4	5.82148E+6	1.48207E+6	7.61989E+4	3.28083E+6
7.06000E+1	4.71310E+4	7.87158E+4	5.64821E+6	1.44276E+6	7.64403E+4	3.27752E+6
7.07000E+1	4.69485E+4	7.87044E+4	6.15815E+6	1.45225E+6	7.59253E+4	3.38914E+6
7.08000E+1	4.70780E+4	7.89775E+4	5.50194E+6	1.45427E+6	7.61689E+4	3.27642E+6
7.09000E+1	4.70710E+4	7.88177E+4	6.14430E+6	1.47325E+6	7.62159E+4	3.17974E+6
7.10000E+1	4.70724E+4	7.88404E+4	6.09445E+6	1.42998E+6	7.61859E+4	3.43202E+6
7.11000E+1	4.71324E+4	7.88692E+4	5.93077E+6	1.45419E+6	7.62419E+4	3.31355E+6
7.12000E+1	4.69137E+4	7.85390E+4	5.51613E+6	1.44276E+6	7.61499E+4	3.35113E+6
7.13000E+1	4.71519E+4	7.89682E+4	6.46107E+6	1.45162E+6	7.59243E+4	3.39819E+6
7.14000E+1	4.69221E+4	7.86839E+4	5.74895E+6	1.42674E+6	7.61499E+4	3.23149E+6
7.15000E+1	4.71136E+4	7.86232E+4	5.86242E+6	1.45201E+6	7.62599E+4	3.43726E+6
7.16000E+1	4.71331E+4	7.84928E+4	5.84074E+6	1.43566E+6	7.57729E+4	3.36345E+6
7.17000E+1	4.71826E+4	7.86211E+4	6.15815E+6	1.45629E+6	7.62139E+4	3.34080E+6
7.18000E+1	4.71903E+4	7.90085E+4	6.50998E+6	1.46611E+6	7.57450E+4	3.30382E+6
7.19000E+1	4.72881E+4	7.88548E+4	5.43106E+6	1.49312E+6	7.58525E+4	3.46529E+6
7.20000E+1	4.72881E+4	7.89847E+4	5.91558E+6	1.47301E+6	7.58137E+4	3.25562E+6
7.21000E+1	4.72420E+4	7.87703E+4	6.04296E+6	1.44437E+6	7.57997E+4	3.29044E+6
7.22000E+1	4.70871E+4	7.89951E+4	5.80121E+6	1.45637E+6	7.55839E+4	3.26873E+6
7.23000E+1	4.72811E+4	7.88301E+4	7.12544E+6	1.45590E+6	7.57380E+4	3.28489E+6
7.24000E+1	4.69075E+4	7.81700E+4	5.55913E+6	1.42158E+6	7.56197E+4	3.19296E+6
7.25000E+1	4.70947E+4	7.87302E+4	5.91908E+6	1.44729E+6	7.59971E+4	3.36461E+6
7.26000E+1	4.69541E+4	7.87240E+4	5.59966E+6	1.49886E+6	7.57072E+4	3.18773E+6
7.27000E+1	4.70905E+4	7.87261E+4	5.76664E+6	1.46666E+6	7.57868E+4	3.26362E+6
7.28000E+1	4.70160E+4	7.88671E+4	6.00071E+6	1.47309E+6	7.54986E+4	3.31957E+6
7.29000E+1	4.71903E+4	7.87775E+4	5.67388E+6	1.44737E+6	7.59402E+4	3.36926E+6
7.30000E+1	4.73727E+4	7.89043E+4	6.39517E+6	1.47293E+6	7.59532E+4	3.43002E+6
7.31000E+1	4.71540E+4	7.86654E+4	6.33992E+6	1.48030E+6	7.57191E+4	3.42440E+6
7.32000E+1	4.70634E+4	7.90518E+4	6.37620E+6	1.45093E+6	7.54351E+4	3.60266E+6
7.33000E+1	4.68387E+4	7.89713E+4	5.80570E+6	1.45575E+6	7.55472E+4	3.26836E+6
7.34000E+1	4.70550E+4	7.92090E+4	5.78890E+6	1.45388E+6	7.55919E+4	3.32561E+6
7.35000E+1	4.70188E+4	7.89641E+4	5.59652E+6	1.45754E+6	7.54321E+4	3.18460E+6
7.36000E+1	4.67977E+4	7.88455E+4	5.69003E+6	1.47653E+6	7.57261E+4	3.33509E+6
7.37000E+1	4.68393E+4	7.89249E+4	5.37159E+6	1.45489E+6	7.52766E+4	3.31055E+6
7.38000E+1	4.70118E+4	7.93073E+4	5.61015E+6	1.43437E+6	7.55551E+4	3.26143E+6
7.39000E+1	4.67588E+4	7.90952E+4	5.24257E+6	1.47861E+6	7.54767E+4	3.27495E+6
7.40000E+1	4.67685E+4	7.92576E+4	5.80458E+6	1.46627E+6	7.55403E+4	3.29377E+6
7.41000E+1	4.68519E+4	7.93363E+4	5.96021E+6	1.48272E+6	7.56654E+4	3.28268E+6
7.42000E+1	4.69965E+4	7.92297E+4	5.53550E+6	1.48433E+6	7.56366E+4	3.19646E+6
7.43000E+1	4.69374E+4	7.91779E+4	5.85328E+6	1.47381E+6	7.54619E+4	3.39464E+6
7.44000E+1	4.68130E+4	7.93892E+4	5.86586E+6	1.47829E+6	7.54986E+4	3.50003E+6
7.45000E+1	4.68505E+4	7.93498E+4	5.46378E+6	1.46682E+6	7.54252E+4	3.33281E+6
7.46000E+1	4.66659E+4	7.89548E+4	6.00431E+6	1.46280E+6	7.55790E+4	3.35074E+6
7.47000E+1	4.68873E+4	7.93052E+4	5.66316E+6	1.46619E+6	7.53816E+4	3.27202E+6
7.48000E+1	4.70439E+4	7.94888E+4	5.50902E+6	1.49222E+6	7.54648E+4	3.35766E+6
7.49000E+1	4.66132E+4	7.92545E+4	5.67066E+6	1.47517E+6	7.54063E+4	3.32864E+6
7.50000E+1	4.65973E+4	7.93146E+4	6.02478E+6	1.45287E+6	7.56098E+4	3.37081E+6
7.51000E+1	4.69930E+4	7.91635E+4	5.57777E+6	1.46516E+6	7.52815E+4	3.41244E+6
7.52000E+1	4.68880E+4	7.90415E+4	5.90627E+6	1.43748E+6	7.56207E+4	3.42121E+6
7.53000E+1	4.69123E+4	7.92773E+4	5.49992E+6	1.46769E+6	7.56088E+4	3.37976E+6
7.54000E+1	4.70334E+4	7.94265E+4	5.52835E+6	1.46398E+6	7.56008E+4	3.42801E+6
7.55000E+1	4.69408E+4	7.92959E+4	5.34663E+6	1.45302E+6	7.54123E+4	3.22970E+6
7.56000E+1	4.71003E+4	7.95573E+4	6.09075E+6	1.47070E+6	7.53013E+4	3.40174E+6
7.57000E+1	4.68130E+4	7.94151E+4	6.16573E+6	1.47389E+6	7.54837E+4	3.40807E+6
7.58000E+1	4.68602E+4	7.93830E+4	5.54575E+6	1.44245E+6	7.52172E+4	3.32977E+6
7.59000E+1	4.69193E+4	7.94068E+4	5.92141E+6	1.45217E+6	7.55422E+4	3.40807E+6
7.60000E+1	4.70216E+4	7.94919E+4	5.81696E+6	1.44861E+6	7.54827E+4	3.32410E+6
7.61000E+1	4.69673E+4	7.95376E+4	5.75005E+6	1.45427E+6	7.53746E+4	3.35882E+6
7.62000E+1	4.70313E+4	7.95189E+4	6.14430E+6	1.48741E+6	7.53172E+4	3.44048E+6
7.63000E+1	4.69617E+4	7.97018E+4	5.74674E+6	1.53810E+6	7.56644E+4	3.40847E+6
7.64000E+1	4.72133E+4	7.97955E+4	5.78443E+6	1.45116E+6	7.54896E+4	3.56636E+6
7.65000E+1	4.69909E+4	7.95075E+4	5.69760E+6	1.47966E+6	7.53429E+4	3.34232E+6
7.66000E+1	4.70049E+4	7.95386E+4	5.87965E+6	1.48611E+6	7.54430E+4	3.46038E+6
7.67000E+1	4.71861E+4	7.95947E+4	5.69869E+6	1.45879E+6	7.56585E+4	3.41125E+6
7.68000E+1	4.73573E+4	7.96737E+4	5.67603E+6	1.48855E+6	7.53063E+4	3.45998E+6
7.69000E+1	4.70836E+4	7.92586E+4	5.79337E+6	1.44853E+6	7.54123E+4	3.29007E+6
7.70000E+1	4.73951E+4	7.97309E+4	5.73685E+6	1.47821E+6	7.55780E+4	3.45549E+6
7.71000E+1	4.72008E+4	7.98351E+4	5.67710E+6	1.46154E+6	7.55075E+4	3.41602E+6
7.72000E+1	4.71945E+4	7.96113E+4	6.02599E+6	1.47015E+6	7.56744E+4	3.44008E+6
7.73000E+1	4.74399E+4	7.97986E+4	6.17713E+6	1.45450E+6	7.54331E+4	3.46652E+6
7.74000E+1	4.73601E+4	8.01450E+4	5.72589E+6	1.49944E+6	7.54757E+4	3.57678E+6
7.75000E+1	4.75808E+4	7.97424E+4	5.73575E+6	1.47966E+6	7.56684E+4	3.37430E+6
7.76000E+1	4.73622E+4	7.98194E+4	5.89930E+6	1.47605E+6	7.52964E+4	3.66966E+6
7.77000E+1	4.73748E+4	7.95344E+4	5.53550E+6	1.47733E+6	7.52875E+4	3.41284E+6
7.78000E+1	4.74161E+4	7.99278E+4	5.92025E+6	1.50299E+6	7.54698E+4	3.49877E+6
7.79000E+1	4.75029E+4	7.96893E+4	5.41240E+6	1.46848E+6	7.52410E+4	3.22934E+6
7.80000E+1	4.77972E+4	8.02936E+4	5.65248E+6	1.47437E+6	7.52301E+4	3.35458E+6
7.81000E+1	4.76875E+4	7.98955E+4	5.69111E+6	1.48595E+6	7.52390E+4	3.37547E+6
7.82000E+1	4.79402E+4	8.01471E+4	5.99352E+6	1.48790E+6	7.53726E+4	3.46693E+6
7.83000E+1	4.78395E+4	8.01314E+4	5.44688E+6	1.49672E+6	7.52815E+4	3.56117E+6
7.84000E+1	4.81111E+4	8.05653E+4	6.32260E+6	1.49001E+6	7.54946E+4	3.48133E+6
7.85000E+1	4.77677E+4	7.96539E+4	5.74344E+6	1.49148E+6	7.51401E+4	3.39858E+6
7.86000E+1	4.80821E+4	8.00374E+4	6.06615E+6	1.48896E+6	7.54291E+4	3.40253E+6
7.87000E+1	4.79741E+4	8.02926E+4	5.38901E+6	1.50274E+6	7.51401E+4	3.33737E+6
7.88000E+1	4.81499E+4	8.00479E+4	5.81133E+6	1.51719E+6	7.57102E+4	3.54484E+6
7.89000E+1	4.79353E+4	8.02214E+4	6.26596E+6	1.48175E+6	7.53776E+4	3.55772E+6
7.90000E+1	4.79543E+4	8.03439E+4	6.67296E+6	1.54495E+6	7.54034E+4	3.51260E+6
7.91000E+1	4.78712E+4	8.01576E+4	5.72918E+6	1.47437E+6	7.53162E+4	3.34883E+6
7.92000E+1	4.78352E+4	8.02790E+4	6.01633E+6	1.50780E+6	7.54004E+4	3.50086E+6
7.93000E+1	4.78740E+4	8.02580E+4	5.70954E+6	1.42218E+6	7.50246E+4	3.61418E+6
7.94000E+1	4.79882E+4	8.02905E+4	6.00191E+6	1.49960E+6	7.52459E+4	3.61863E+6
7.95000E+1	4.79268E+4	7.99091E+4	5.66423E+6	1.47485E+6	7.50127E+4	3.41204E+6
7.96000E+1	4.79868E+4	8.01900E+4	6.27249E+6	1.50548E+6	7.53013E+4	3.56593E+6
7.97000E+1	4.81174E+4	8.00855E+4	5.62700E+6	1.49828E+6	7.52479E+4	3.45957E+6
7.98000E+1	4.79600E+4	8.06788E+4	5.82035E+6	1.52566E+6	7.51727E+4	3.74913E+6
7.99000E+1	4.79325E+4	8.00792E+4	5.76220E+6	1.47541E+6	7.52202E+4	3.45223E+6
8.00000E+1	4.80178E+4	8.06241E+4	6.94985E+6	1.50166E+6	7.52726E+4	3.49169E+6
8.01000E+1	4.80037E+4	8.01869E+4	5.24625E+6	1.48353E+6	7.53201E+4	3.50044E+6
8.02000E+1	4.80270E+4	8.03282E+4	5.54165E+6	1.52693E+6	7.52885E+4	3.44089E+6
8.03000E+1	4.80277E+4	8.02339E+4	5.70302E+6	1.48433E+6	7.54867E+4	3.65734E+6
8.04000E+1	4.79924E+4	8.06231E+4	5.53857E+6	1.49902E+6	7.54311E+4	3.45345E+6
8.05000E+1	4.81075E+4	8.03418E+4	5.37159E+6	1.46912E+6	7.55571E+4	3.74722E+6
8.06000E+1	4.82263E+4	8.01963E+4	5.63547E+6	1.50747E+6	7.51609E+4	3.52652E+6
8.07000E+1	4.83347E+4	8.06031E+4	5.94958E+6	1.53318E+6	7.52944E+4	3.42440E+6
8.08000E+1	4.81308E+4	8.04278E+4	5.75115E+6	1.47309E+6	7.51915E+4	3.37820E+6
8.09000E+1	4.83546E+4	8.04110E+4	6.62162E+6	1.48425E+6	7.54202E+4	3.62443E+6
8.10000E+1	4.82214E+4	8.08051E+4	6.14053E+6	1.50018E+6	7.54797E+4	3.55600E+6
8.11000E+1	4.80694E+4	8.06346E+4	5.57051E+6	1.48806E+6	7.50789E+4	3.37703E+6
8.12000E+1	4.80595E+4	8.06903E+4	6.21673E+6	1.46658E+6	7.51945E+4	3.32485E+6
8.13000E+1	4.84234E+4	8.09126E+4	5.48480E+6	1.47039E+6	7.50295E+4	3.36500E+6
8.14000E+1	4.82157E+4	8.06178E+4	5.60280E+6	1.50340E+6	7.52726E+4	3.59825E+6
8.15000E+1	4.81811E+4	8.04855E+4	5.50700E+6	1.48215E+6	7.50433E+4	3.55557E+6
8.16000E+1	4.82221E+4	8.07082E+4	6.05515E+6	1.49124E+6	7.53905E+4	3.46243E+6
8.17000E+1	4.83865E+4	8.07935E+4	5.82148E+6	1.49303E+6	7.51856E+4	3.51723E+6
8.18000E+1	4.87014E+4	8.08040E+4	5.76110E+6	1.48701E+6	7.49387E+4	3.46570E+6
8.19000E+1	4.85975E+4	8.09537E+4	6.10064E+6	1.50390E+6	7.51352E+4	3.53077E+6
8.20000E+1	4.83319E+4	8.07451E+4	5.97444E+6	1.47765E+6	7.49131E+4	3.54270E+6
8.21000E+1	4.83865E+4	8.11374E+4	5.69003E+6	1.53027E+6	7.52875E+4	3.56506E+6
8.22000E+1	4.84234E+4	8.07019E+4	5.64715E+6	1.49328E+6	7.49516E+4	3.46365E+6
8.23000E+1	4.84589E+4	8.08862E+4	5.70954E+6	1.49911E+6	7.53132E+4	3.50295E+6
8.24000E+1	4.88483E+4	8.09896E+4	5.71171E+6	1.51963E+6	7.51006E+4	3.59517E+6
8.25000E+1	4.83574E+4	8.11385E+4	5.71498E+6	1.52727E+6	7.49624E+4	3.40768E+6
8.26000E+1	4.87342E+4	8.09062E+4	5.87160E+6	1.50789E+6	7.52410E+4	3.51807E+6
8.27000E+1	4.81987E+4	8.06483E+4	5.55810E+6	1.48912E+6	7.46405E+4	3.35728E+6
8.28000E+1	4.84298E+4	8.08651E+4	6.20134E+6	1.49861E+6	7.50265E+4	3.55729E+6
8.29000E+1	4.82646E+4	8.07745E+4	5.98039E+6	1.49886E+6	7.50295E+4	3.62086E+6
8.30000E+1	4.77374E+4	8.11015E+4	5.91092E+6	1.47557E+6	7.49397E+4	3.48423E+6
8.31000E+1	4.76763E+4	8.12601E+4	5.59548E+6	1.52898E+6	7.49348E+4	3.60045E+6
8.32000E+1	4.77452E+4	8.10603E+4	5.37448E+6	1.43535E+6	7.52894E+4	3.47844E+6
8.33000E+1	4.74784E+4	8.13554E+4	5.85328E+6	1.49262E+6	7.49003E+4	3.51554E+6
8.34000E+1	4.77360E+4	8.12506E+4	5.61856E+6	1.51946E+6	7.49910E+4	3.67379E+6
8.35000E+1	4.75682E+4	8.05978E+4	5.72262E+6	1.46390E+6	7.49387E+4	3.60620E+6
8.36000E+1	4.72881E+4	8.10603E+4	5.76885E+6	1.46682E+6	7.51233E+4	3.53715E+6
8.37000E+1	4.74707E+4	8.06662E+4	6.22188E+6	1.49598E+6	7.51411E+4	3.64104E+6
8.38000E+1	4.72909E+4	8.08946E+4	5.69977E+6	1.47015E+6	7.49476E+4	3.44534E+6
8.39000E+1	4.75015E+4	8.12040E+4	5.61225E+6	1.48936E+6	7.51539E+4	3.53374E+6
8.40000E+1	4.73335E+4	8.10719E+4	5.82374E+6	1.46232E+6	7.49703E+4	3.69687E+6
8.41000E+1	4.72979E+4	8.12517E+4	5.65141E+6	1.48506E+6	7.49634E+4	3.57940E+6
8.42000E+1	4.69547E+4	8.14031E+4	5.33804E+6	1.44145E+6	7.47949E+4	3.44736E+6
8.43000E+1	4.71575E+4	8.08999E+4	5.21058E+6	1.45653E+6	7.49427E+4	3.51807E+6
8.44000E+1	4.69582E+4	8.12686E+4	5.57154E+6	1.52302E+6	7.49989E+4	3.59649E+6
8.45000E+1	4.71582E+4	8.14806E+4	6.04296E+6	1.48555E+6	7.51273E+4	3.67608E+6
8.46000E+1	4.68845E+4	8.09843E+4	5.68679E+6	1.45582E+6	7.51925E+4	3.64104E+6
8.47000E+1	4.66888E+4	8.11205E+4	5.69219E+6	1.49058E+6	7.53211E+4	3.72353E+6
8.48000E+1	4.65447E+4	8.11269E+4	5.73795E+6	1.48215E+6	7.52449E+4	3.49211E+6
8.49000E+1	4.65592E+4	8.15018E+4	5.85442E+6	1.50755E+6	7.52825E+4	3.41642E+6
