0.00000E+0	4.57986E+4	6.28900E+4	5.32113E+6	1.40577E+6	8.62616E+4	3.21381E+6
1.00000E-1	3.80878E+4	5.58201E+4	4.23474E+6	1.26475E+6	7.79598E+4	2.95696E+6
2.00000E-1	3.83044E+4	5.57974E+4	4.09304E+6	1.27108E+6	7.77122E+4	2.92567E+6
3.00000E-1	3.84549E+4	5.62035E+4	4.46018E+6	1.28017E+6	7.80925E+4	3.17534E+6
4.00000E-1	3.81936E+4	5.57357E+4	4.14116E+6	1.24862E+6	7.76552E+4	2.85933E+6
5.00000E-1	3.82059E+4	5.53724E+4	4.20767E+6	1.24465E+6	7.76065E+4	2.86385E+6
6.00000E-1	3.82705E+4	5.57794E+4	4.38636E+6	1.31283E+6	7.79302E+4	3.05227E+6
7.00000E-1	3.86628E+4	5.62877E+4	4.87217E+6	1.35114E+6	7.82992E+4	3.17811E+6
8.00000E-1	3.86535E+4	5.60331E+4	4.79378E+6	1.32248E+6	7.79588E+4	3.09444E+6
9.00000E-1	3.85495E+4	5.61697E+4	4.55944E+6	1.27808E+6	7.77326E+4	3.21487E+6
1.00000E+0	3.84259E+4	5.56521E+4	4.16975E+6	1.28689E+6	7.78976E+4	2.90779E+6
1.10000E+0	3.85792E+4	5.59712E+4	4.70143E+6	1.35892E+6	7.82009E+4	3.08527E+6
1.20000E+0	3.87737E+4	5.64184E+4	4.58263E+6	1.34084E+6	7.80343E+4	3.22731E+6
1.30000E+0	3.82102E+4	5.57646E+4	4.38636E+6	1.28683E+6	7.76125E+4	2.86413E+6
1.40000E+0	3.83420E+4	5.58123E+4	4.36892E+6	1.31774E+6	7.79302E+4	3.16089E+6
1.50000E+0	3.86058E+4	5.62075E+4	4.96962E+6	1.33983E+6	7.81712E+4	3.23912E+6
1.60000E+0	3.85452E+4	5.63050E+4	4.32181E+6	1.27399E+6	7.80272E+4	3.04079E+6
1.70000E+0	3.84716E+4	5.60394E+4	4.54132E+6	1.28838E+6	7.82613E+4	3.06448E+6
1.80000E+0	3.82773E+4	5.58522E+4	4.59113E+6	1.29455E+6	7.78446E+4	2.87835E+6
1.90000E+0	3.85507E+4	5.61289E+4	4.60107E+6	1.30688E+6	7.83535E+4	3.27470E+6
2.00000E+0	3.84296E+4	5.60951E+4	4.33888E+6	1.28109E+6	7.77651E+4	2.86215E+6
2.10000E+0	3.86089E+4	5.61540E+4	4.49325E+6	1.31580E+6	7.81682E+4	3.11163E+6
2.20000E+0	3.83778E+4	5.62444E+4	4.27322E+6	1.27418E+6	7.79557E+4	2.90110E+6
2.30000E+0	3.84080E+4	5.62067E+4	4.66238E+6	1.33193E+6	7.83535E+4	3.09149E+6
2.40000E+0	3.86188E+4	5.61226E+4	4.69772E+6	1.29267E+6	7.81314E+4	3.00559E+6
2.50000E+0	3.84920E+4	5.58232E+4	4.38896E+6	1.27967E+6	7.78853E+4	3.00746E+6
2.60000E+0	3.87123E+4	5.63129E+4	4.98957E+6	1.35673E+6	7.79373E+4	3.06062E+6
2.70000E+0	3.83007E+4	5.60841E+4	4.17210E+6	1.26704E+6	7.75678E+4	2.96118E+6
2.80000E+0	3.84092E+4	5.60167E+4	4.44283E+6	1.30497E+6	7.77814E+4	3.05099E+6
2.90000E+0	3.85155E+4	5.59994E+4	4.45349E+6	1.32307E+6	7.81355E+4	3.11696E+6
3.00000E+0	3.87948E+4	5.64105E+4	5.00548E+6	1.34958E+6	7.82572E+4	3.19726E+6
3.10000E+0	3.85155E+4	5.61367E+4	4.12960E+6	1.28751E+6	7.78303E+4	2.95125E+6
3.20000E+0	3.86138E+4	5.64169E+4	4.89056E+6	1.32300E+6	7.86882E+4	3.07322E+6
3.30000E+0	3.84833E+4	5.61022E+4	4.31552E+6	1.30522E+6	7.75800E+4	2.97605E+6
3.40000E+0	3.84642E+4	5.58850E+4	4.06323E+6	1.27863E+6	7.76898E+4	2.94945E+6
3.50000E+0	3.86423E+4	5.64011E+4	4.52404E+6	1.36242E+6	7.83668E+4	3.11463E+6
3.60000E+0	3.85990E+4	5.62177E+4	4.18744E+6	1.30732E+6	7.77580E+4	2.87949E+6
3.70000E+0	3.86813E+4	5.65912E+4	4.85867E+6	1.31670E+6	7.79598E+4	3.13069E+6
3.80000E+0	3.85186E+4	5.60167E+4	4.09530E+6	1.31451E+6	7.80343E+4	2.99784E+6
3.90000E+0	3.85674E+4	5.63538E+4	4.84997E+6	1.30726E+6	7.78660E+4	2.88580E+6
4.00000E+0	3.87154E+4	5.62806E+4	4.63045E+6	1.34931E+6	7.78884E+4	3.20147E+6
4.10000E+0	3.84543E+4	5.61352E+4	4.32938E+6	1.28571E+6	7.77468E+4	3.09412E+6
4.20000E+0	3.88457E+4	5.67454E+4	4.64201E+6	1.34365E+6	7.81447E+4	3.09609E+6
4.30000E+0	3.85662E+4	5.62609E+4	4.06602E+6	1.30363E+6	7.75790E+4	2.89300E+6
4.40000E+0	3.85817E+4	5.65147E+4	4.47699E+6	1.31283E+6	7.80537E+4	3.04111E+6
4.50000E+0	3.89296E+4	5.68040E+4	4.47767E+6	1.36002E+6	7.84129E+4	3.17880E+6
4.60000E+0	3.88358E+4	5.62523E+4	4.22508E+6	1.28571E+6	7.74846E+4	2.78694E+6
4.70000E+0	3.89390E+4	5.65478E+4	4.43486E+6	1.31142E+6	7.81334E+4	3.08070E+6
4.80000E+0	3.89191E+4	5.64752E+4	4.69401E+6	1.33504E+6	7.80241E+4	3.15644E+6
4.90000E+0	3.86442E+4	5.64058E+4	4.25481E+6	1.29336E+6	7.75293E+4	2.94019E+6
5.00000E+0	3.88849E+4	5.66877E+4	4.52197E+6	1.31644E+6	7.77947E+4	3.04907E+6
5.10000E+0	3.89166E+4	5.65218E+4	4.53025E+6	1.29990E+6	7.78833E+4	3.08657E+6
5.20000E+0	3.91220E+4	5.69706E+4	4.80848E+6	1.34405E+6	7.80588E+4	3.31855E+6
5.30000E+0	3.89265E+4	5.65620E+4	4.34588E+6	1.28918E+6	7.75953E+4	2.93425E+6
5.40000E+0	3.88128E+4	5.67146E+4	4.45282E+6	1.31251E+6	7.77020E+4	3.07354E+6
5.50000E+0	3.94878E+4	5.66885E+4	4.81860E+6	1.33180E+6	7.78120E+4	3.12934E+6
5.60000E+0	3.89613E+4	5.65660E+4	4.16857E+6	1.28324E+6	7.78273E+4	2.93395E+6
5.70000E+0	3.94245E+4	5.66560E+4	4.62253E+6	1.30713E+6	7.77549E+4	3.13439E+6
5.80000E+0	3.93600E+4	5.68001E+4	4.65363E+6	1.36256E+6	7.81079E+4	3.12699E+6
5.90000E+0	3.93944E+4	5.67011E+4	4.55874E+6	1.32144E+6	7.79833E+4	2.95365E+6
6.00000E+0	3.92737E+4	5.69904E+4	4.39285E+6	1.30975E+6	7.76359E+4	2.93692E+6
6.10000E+0	3.95047E+4	5.69460E+4	4.25970E+6	1.32352E+6	7.79088E+4	3.14148E+6
6.20000E+0	3.96667E+4	5.66584E+4	4.38183E+6	1.31123E+6	7.78915E+4	3.19656E+6
6.30000E+0	3.95216E+4	5.68793E+4	4.51647E+6	1.31155E+6	7.78374E+4	2.98246E+6
6.40000E+0	3.97408E+4	5.66948E+4	5.01980E+6	1.35844E+6	7.80261E+4	3.25174E+6
6.50000E+0	3.99361E+4	5.68984E+4	4.32118E+6	1.33418E+6	7.78364E+4	3.05483E+6
6.60000E+0	3.95436E+4	5.67708E+4	4.27383E+6	1.31897E+6	7.75313E+4	2.96209E+6
6.70000E+0	3.97717E+4	5.66505E+4	4.43553E+6	1.30034E+6	7.74268E+4	2.92126E+6
6.80000E+0	4.01143E+4	5.71709E+4	5.03419E+6	1.36008E+6	7.81171E+4	3.28537E+6
6.90000E+0	4.02688E+4	5.72425E+4	4.88415E+6	1.37053E+6	7.79353E+4	3.33064E+6
7.00000E+0	4.00732E+4	5.70325E+4	4.56364E+6	1.31735E+6	7.77794E+4	3.07095E+6
7.10000E+0	4.00068E+4	5.68666E+4	4.34843E+6	1.35338E+6	7.76339E+4	3.00746E+6
7.20000E+0	4.03582E+4	5.73788E+4	4.75474E+6	1.37164E+6	7.80302E+4	3.23732E+6
7.30000E+0	4.01567E+4	5.70357E+4	4.31238E+6	1.33087E+6	7.77244E+4	3.08494E+6
7.40000E+0	4.01852E+4	5.69222E+4	4.30612E+6	1.30892E+6	7.74866E+4	3.02152E+6
7.50000E+0	4.01257E+4	5.66624E+4	4.27075E+6	1.31728E+6	7.73112E+4	2.99939E+6
7.60000E+0	4.04001E+4	5.68801E+4	4.32433E+6	1.35006E+6	7.73507E+4	2.94168E+6
7.70000E+0	4.01858E+4	5.71215E+4	4.59467E+6	1.35277E+6	7.76837E+4	3.12800E+6
7.80000E+0	4.02048E+4	5.68096E+4	4.21906E+6	1.32431E+6	7.75404E+4	2.97179E+6
7.90000E+0	4.03874E+4	5.71820E+4	4.45483E+6	1.34526E+6	7.78374E+4	3.07127E+6
8.00000E+0	4.06724E+4	5.75226E+4	4.81470E+6	1.37290E+6	7.82019E+4	3.37248E+6
8.10000E+0	4.09042E+4	5.73079E+4	4.66165E+6	1.34425E+6	7.77682E+4	3.12163E+6
8.20000E+0	4.05852E+4	5.70603E+4	4.32686E+6	1.34499E+6	7.75729E+4	3.05003E+6
8.30000E+0	4.13135E+4	5.73749E+4	4.99961E+6	1.39137E+6	7.77773E+4	3.18818E+6
8.40000E+0	4.06763E+4	5.68516E+4	4.43354E+6	1.33471E+6	7.73558E+4	3.09346E+6
8.50000E+0	4.09222E+4	5.76530E+4	5.00212E+6	1.36768E+6	7.79057E+4	3.29871E+6
8.60000E+0	4.10073E+4	5.73254E+4	4.48307E+6	1.34493E+6	7.73467E+4	3.08527E+6
8.70000E+0	4.07215E+4	5.68009E+4	4.29925E+6	1.31800E+6	7.74501E+4	3.05740E+6
8.80000E+0	4.11773E+4	5.73230E+4	4.81315E+6	1.41658E+6	7.76329E+4	3.11363E+6
8.90000E+0	4.13553E+4	5.74635E+4	4.85709E+6	1.36394E+6	7.77804E+4	3.09543E+6
9.00000E+0	4.12004E+4	5.72083E+4	4.30737E+6	1.32929E+6	7.75607E+4	3.10103E+6
9.10000E+0	4.11914E+4	5.74507E+4	4.86105E+6	1.34850E+6	7.76603E+4	3.18853E+6
9.20000E+0	4.14152E+4	5.75154E+4	4.98207E+6	1.38531E+6	7.75729E+4	3.18331E+6
9.30000E+0	4.15881E+4	5.79024E+4	5.46897E+6	1.40584E+6	7.76359E+4	3.22624E+6
9.40000E+0	4.13277E+4	5.74251E+4	4.79687E+6	1.37199E+6	7.77203E+4	3.08854E+6
9.50000E+0	4.12846E+4	5.75370E+4	4.79919E+6	1.42455E+6	7.75313E+4	3.28021E+6
9.60000E+0	4.14758E+4	5.77195E+4	4.72231E+6	1.38894E+6	7.76034E+4	3.18749E+6
9.70000E+0	4.13270E+4	5.74307E+4	4.16857E+6	1.30815E+6	7.72646E+4	3.08429E+6
9.80000E+0	4.15784E+4	5.76762E+4	5.48601E+6	1.39109E+6	7.77804E+4	3.41933E+6
9.90000E+0	4.15913E+4	5.75850E+4	4.39155E+6	1.34823E+6	7.74044E+4	3.03508E+6
1.00000E+1	4.15913E+4	5.77315E+4	4.59539E+6	1.36484E+6	7.75648E+4	3.02403E+6
1.01000E+1	4.18787E+4	5.74906E+4	4.37021E+6	1.33564E+6	7.73517E+4	3.04939E+6
1.02000E+1	4.19559E+4	5.76026E+4	5.08219E+6	1.39980E+6	7.77315E+4	3.25609E+6
1.03000E+1	4.16786E+4	5.75002E+4	4.48714E+6	1.33737E+6	7.72252E+4	3.34435E+6
1.04000E+1	4.19936E+4	5.77780E+4	4.98874E+6	1.38247E+6	7.76817E+4	3.26920E+6
1.05000E+1	4.19416E+4	5.75698E+4	4.59681E+6	1.35454E+6	7.72555E+4	3.14759E+6
1.06000E+1	4.21438E+4	5.79474E+4	5.13022E+6	1.37046E+6	7.74095E+4	3.33748E+6
1.07000E+1	4.17239E+4	5.79249E+4	4.65727E+6	1.35379E+6	7.73011E+4	3.07095E+6
1.08000E+1	4.18852E+4	5.77115E+4	4.92124E+6	1.34318E+6	7.72221E+4	3.10732E+6
1.09000E+1	4.18281E+4	5.75586E+4	4.95394E+6	1.36712E+6	7.73781E+4	3.08037E+6
1.10000E+1	4.22180E+4	5.79772E+4	5.00380E+6	1.36685E+6	7.75140E+4	3.11596E+6
1.11000E+1	4.21067E+4	5.78992E+4	4.52128E+6	1.38481E+6	7.72130E+4	3.09510E+6
1.12000E+1	4.20638E+4	5.79201E+4	5.41064E+6	1.35796E+6	7.74399E+4	3.23481E+6
1.13000E+1	4.22011E+4	5.78695E+4	4.90666E+6	1.38994E+6	7.73963E+4	3.20112E+6
1.14000E+1	4.22819E+4	5.79281E+4	4.55874E+6	1.35509E+6	7.70755E+4	3.12699E+6
1.15000E+1	4.18288E+4	5.77556E+4	4.38312E+6	1.35892E+6	7.72181E+4	3.13169E+6
1.16000E+1	4.23380E+4	5.82696E+4	4.54202E+6	1.35135E+6	7.77560E+4	3.27103E+6
1.17000E+1	4.24981E+4	5.81414E+4	4.89457E+6	1.40943E+6	7.77132E+4	3.40423E+6
1.18000E+1	4.20534E+4	5.79563E+4	4.43553E+6	1.34493E+6	7.73548E+4	2.99692E+6
1.19000E+1	4.22839E+4	5.78422E+4	4.80926E+6	1.36118E+6	7.68949E+4	3.05195E+6
1.20000E+1	4.23570E+4	5.82341E+4	5.15412E+6	1.39799E+6	7.74410E+4	3.16845E+6
1.21000E+1	4.21217E+4	5.77925E+4	4.37021E+6	1.35844E+6	7.69766E+4	3.03286E+6
1.22000E+1	4.25053E+4	5.82534E+4	4.59965E+6	1.39705E+6	7.72646E+4	3.15542E+6
1.23000E+1	4.23726E+4	5.82050E+4	5.07787E+6	1.39468E+6	7.71271E+4	3.40225E+6
1.24000E+1	4.21138E+4	5.78920E+4	4.51236E+6	1.35291E+6	7.69826E+4	3.19831E+6
1.25000E+1	4.25963E+4	5.82696E+4	4.82718E+6	1.42134E+6	7.73821E+4	3.22197E+6
1.26000E+1	4.23661E+4	5.78430E+4	4.45082E+6	1.36775E+6	7.71442E+4	3.08919E+6
1.27000E+1	4.25577E+4	5.83374E+4	5.32492E+6	1.40840E+6	7.72849E+4	3.34626E+6
1.28000E+1	4.25557E+4	5.81204E+4	4.84288E+6	1.35638E+6	7.68989E+4	3.00497E+6
1.29000E+1	4.22545E+4	5.80134E+4	4.48172E+6	1.37374E+6	7.71018E+4	3.11562E+6
1.30000E+1	4.23132E+4	5.82236E+4	4.64491E+6	1.37732E+6	7.70735E+4	3.21487E+6
1.31000E+1	4.27622E+4	5.84675E+4	4.97460E+6	1.39324E+6	7.72788E+4	3.23481E+6
1.32000E+1	4.24765E+4	5.83067E+4	4.67925E+6	1.36588E+6	7.70260E+4	3.07354E+6
1.33000E+1	4.27209E+4	5.85291E+4	4.94245E+6	1.40249E+6	7.73396E+4	3.49473E+6
1.34000E+1	4.25125E+4	5.84967E+4	4.73961E+6	1.40351E+6	7.69040E+4	3.16982E+6
1.35000E+1	4.28490E+4	5.85339E+4	4.79455E+6	1.40067E+6	7.72464E+4	3.28796E+6
1.36000E+1	4.24713E+4	5.81776E+4	4.51991E+6	1.34486E+6	7.68989E+4	3.04971E+6
1.37000E+1	4.28279E+4	5.86587E+4	5.21621E+6	1.42989E+6	7.72434E+4	3.35009E+6
1.38000E+1	4.28411E+4	5.84320E+4	4.40263E+6	1.35693E+6	7.70079E+4	3.12934E+6
1.39000E+1	4.27911E+4	5.87017E+4	5.13198E+6	1.43132E+6	7.73092E+4	3.34168E+6
1.40000E+1	4.25904E+4	5.86230E+4	4.45951E+6	1.37500E+6	7.68002E+4	3.19867E+6
1.41000E+1	4.30920E+4	5.89211E+4	4.85392E+6	1.37690E+6	7.71695E+4	3.27396E+6
1.42000E+1	4.29667E+4	5.88723E+4	5.13993E+6	1.42186E+6	7.71938E+4	3.25174E+6
1.43000E+1	4.30992E+4	5.86563E+4	5.09520E+6	1.40242E+6	7.70786E+4	3.33368E+6
1.44000E+1	4.28431E+4	5.87861E+4	5.05294E+6	1.37929E+6	7.68888E+4	3.16570E+6
1.45000E+1	4.28247E+4	5.90913E+4	4.75474E+6	1.38794E+6	7.72525E+4	3.16948E+6
1.46000E+1	4.31679E+4	5.85728E+4	4.91718E+6	1.42426E+6	7.68828E+4	3.21133E+6
1.47000E+1	4.34212E+4	5.90172E+4	5.15679E+6	1.43541E+6	7.72434E+4	3.30767E+6
1.48000E+1	4.31626E+4	5.85282E+4	4.59752E+6	1.36608E+6	7.66493E+4	3.08461E+6
1.49000E+1	4.34477E+4	5.91868E+4	4.87058E+6	1.42104E+6	7.74339E+4	3.22731E+6
1.50000E+1	4.31104E+4	5.86611E+4	4.51785E+6	1.38994E+6	7.66020E+4	3.14487E+6
1.51000E+1	4.35778E+4	5.89317E+4	5.01305E+6	1.39540E+6	7.70947E+4	3.31818E+6
1.52000E+1	4.33312E+4	5.87804E+4	4.45483E+6	1.37255E+6	7.66462E+4	3.22446E+6
1.53000E+1	4.34922E+4	5.88284E+4	4.99291E+6	1.40293E+6	7.70745E+4	3.29871E+6
1.54000E+1	4.34716E+4	5.88975E+4	4.53509E+6	1.42861E+6	7.68999E+4	3.22090E+6
1.55000E+1	4.33947E+4	5.90538E+4	5.40380E+6	1.39324E+6	7.70806E+4	3.26628E+6
1.56000E+1	4.37707E+4	5.89748E+4	4.95147E+6	1.36983E+6	7.69816E+4	3.23984E+6
1.57000E+1	4.35904E+4	5.93535E+4	5.12846E+6	1.43488E+6	7.72950E+4	3.34703E+6
1.58000E+1	4.35725E+4	5.87748E+4	4.47969E+6	1.39367E+6	7.69504E+4	3.23912E+6
1.59000E+1	4.39620E+4	5.93044E+4	5.28913E+6	1.42883E+6	7.70402E+4	3.47981E+6
1.60000E+1	4.40489E+4	5.92056E+4	4.76311E+6	1.39648E+6	7.69221E+4	3.19551E+6
1.61000E+1	4.39273E+4	5.91525E+4	4.54271E+6	1.40111E+6	7.69050E+4	3.36705E+6
1.62000E+1	4.40389E+4	5.94091E+4	5.18904E+6	1.43352E+6	7.72130E+4	3.41097E+6
1.63000E+1	4.39213E+4	5.90848E+4	4.61106E+6	1.41644E+6	7.63903E+4	3.16261E+6
1.64000E+1	4.37973E+4	5.90644E+4	4.74187E+6	1.37556E+6	7.64645E+4	3.20112E+6
1.65000E+1	4.36994E+4	5.90049E+4	4.68293E+6	1.39360E+6	7.62380E+4	3.12800E+6
1.66000E+1	4.44155E+4	5.92742E+4	5.09868E+6	1.43148E+6	7.69302E+4	3.37870E+6
1.67000E+1	4.40155E+4	5.89365E+4	4.61751E+6	1.37465E+6	7.67790E+4	3.26190E+6
1.68000E+1	4.42504E+4	5.93052E+4	5.19445E+6	1.41792E+6	7.68314E+4	3.21841E+6
1.69000E+1	4.42584E+4	5.93167E+4	4.80616E+6	1.40826E+6	7.65588E+4	3.27286E+6
1.70000E+1	4.46942E+4	5.96773E+4	5.33537E+6	1.43291E+6	7.70998E+4	3.42053E+6
1.71000E+1	4.43685E+4	5.91582E+4	4.37214E+6	1.37437E+6	7.62280E+4	3.09971E+6
1.72000E+1	4.43289E+4	5.92750E+4	4.51510E+6	1.39453E+6	7.65417E+4	3.25246E+6
1.73000E+1	4.45056E+4	5.98023E+4	5.74917E+6	1.45784E+6	7.70513E+4	3.55397E+6
1.74000E+1	4.47111E+4	5.95616E+4	4.80538E+6	1.43420E+6	7.68828E+4	3.28648E+6
1.75000E+1	4.45810E+4	5.95870E+4	5.41750E+6	1.41274E+6	7.69292E+4	3.44870E+6
1.76000E+1	4.49110E+4	5.98204E+4	4.98291E+6	1.41186E+6	7.67659E+4	3.18436E+6
1.77000E+1	4.44390E+4	5.94583E+4	4.59610E+6	1.41584E+6	7.64003E+4	3.33178E+6
1.78000E+1	4.51686E+4	5.99851E+4	5.84780E+6	1.47355E+6	7.70392E+4	3.52369E+6
1.79000E+1	4.50878E+4	5.98269E+4	4.82016E+6	1.39799E+6	7.65247E+4	3.20957E+6
1.80000E+1	4.47414E+4	5.93445E+4	4.62038E+6	1.38659E+6	7.67176E+4	3.23517E+6
1.81000E+1	4.52589E+4	5.98434E+4	5.23357E+6	1.46270E+6	7.68818E+4	3.42733E+6
1.82000E+1	4.50112E+4	5.94042E+4	4.61966E+6	1.38042E+6	7.62701E+4	3.14385E+6
1.83000E+1	4.51529E+4	6.00437E+4	5.08133E+6	1.41142E+6	7.67821E+4	3.31855E+6
1.84000E+1	4.50241E+4	5.98895E+4	5.10130E+6	1.43770E+6	7.68203E+4	3.40384E+6
1.85000E+1	4.53678E+4	5.99216E+4	4.56154E+6	1.39367E+6	7.65699E+4	3.13069E+6
1.86000E+1	4.53399E+4	6.01651E+4	5.44213E+6	1.44113E+6	7.69332E+4	3.67301E+6
1.87000E+1	4.53848E+4	6.00173E+4	5.07787E+6	1.44712E+6	7.68082E+4	3.19902E+6
1.88000E+1	4.53133E+4	5.99958E+4	5.32019E+6	1.44167E+6	7.68788E+4	3.54753E+6
1.89000E+1	4.54488E+4	5.99356E+4	4.71185E+6	1.39662E+6	7.60781E+4	3.24560E+6
1.90000E+1	4.55143E+4	6.00371E+4	5.19988E+6	1.43080E+6	7.66362E+4	3.50057E+6
1.91000E+1	4.51774E+4	6.00808E+4	5.03334E+6	1.41844E+6	7.65076E+4	3.19867E+6
1.92000E+1	4.56618E+4	6.03289E+4	5.40087E+6	1.43027E+6	7.67992E+4	3.23088E+6
1.93000E+1	4.52365E+4	6.02866E+4	4.96053E+6	1.42861E+6	7.67176E+4	3.37559E+6
1.94000E+1	4.58754E+4	6.01015E+4	4.99208E+6	1.39922E+6	7.63432E+4	3.29314E+6
1.95000E+1	4.56693E+4	6.01527E+4	5.36889E+6	1.44890E+6	7.66985E+4	3.27286E+6
1.96000E+1	4.58425E+4	6.00709E+4	4.80228E+6	1.40811E+6	7.66392E+4	3.20499E+6
1.97000E+1	4.57069E+4	6.06874E+4	5.16036E+6	1.48723E+6	7.66060E+4	3.37054E+6
1.98000E+1	4.57575E+4	6.02345E+4	4.91232E+6	1.41348E+6	7.67036E+4	3.34856E+6
1.99000E+1	4.60813E+4	6.06051E+4	5.31451E+6	1.45076E+6	7.64083E+4	3.47362E+6
2.00000E+1	4.56351E+4	6.01750E+4	4.45416E+6	1.44014E+6	7.63462E+4	3.13237E+6
2.01000E+1	4.60360E+4	6.06400E+4	4.80538E+6	1.41614E+6	7.63572E+4	3.47568E+6
2.02000E+1	4.59597E+4	6.05752E+4	5.98898E+6	1.44428E+6	7.67166E+4	3.45561E+6
2.03000E+1	4.58041E+4	6.03554E+4	4.78685E+6	1.42000E+6	7.64123E+4	3.18540E+6
2.04000E+1	4.62375E+4	6.07915E+4	5.18634E+6	1.46617E+6	7.65277E+4	3.54454E+6
2.05000E+1	4.63610E+4	6.03529E+4	5.23540E+6	1.44851E+6	7.66653E+4	3.44951E+6
2.06000E+1	4.57972E+4	6.04615E+4	4.87217E+6	1.43503E+6	7.65769E+4	3.21204E+6
2.07000E+1	4.63734E+4	6.07390E+4	5.55934E+6	1.43648E+6	7.63552E+4	3.51146E+6
2.08000E+1	4.59103E+4	6.05951E+4	4.94408E+6	1.40855E+6	7.61850E+4	3.13203E+6
2.09000E+1	4.61054E+4	6.09140E+4	4.99375E+6	1.43329E+6	7.64986E+4	3.35470E+6
2.10000E+1	4.60559E+4	6.05968E+4	5.14702E+6	1.45246E+6	7.64243E+4	3.31855E+6
2.11000E+1	4.61467E+4	6.04947E+4	4.88495E+6	1.41119E+6	7.65307E+4	3.15406E+6
2.12000E+1	4.60449E+4	6.07399E+4	5.04099E+6	1.41651E+6	7.63432E+4	3.31442E+6
2.13000E+1	4.61315E+4	6.09123E+4	5.21804E+6	1.44535E+6	7.62370E+4	3.42813E+6
2.14000E+1	4.61542E+4	6.06966E+4	5.03334E+6	1.40314E+6	7.60661E+4	3.42492E+6
2.15000E+1	4.63513E+4	6.08815E+4	5.38145E+6	1.42853E+6	7.66432E+4	3.37442E+6
2.16000E+1	4.63665E+4	6.06866E+4	5.38241E+6	1.44205E+6	7.64073E+4	3.33368E+6
2.17000E+1	4.65088E+4	6.07482E+4	5.17825E+6	1.40767E+6	7.62570E+4	3.30879E+6
2.18000E+1	4.64065E+4	6.10601E+4	5.18364E+6	1.49089E+6	7.65558E+4	3.50936E+6
2.19000E+1	4.62830E+4	6.09966E+4	4.89377E+6	1.42455E+6	7.62831E+4	3.33863E+6
2.20000E+1	4.66244E+4	6.13960E+4	5.13198E+6	1.48327E+6	7.67358E+4	3.42372E+6
2.21000E+1	4.63285E+4	6.08073E+4	5.08826E+6	1.42231E+6	7.61640E+4	3.26811E+6
2.22000E+1	4.64853E+4	6.08548E+4	5.02402E+6	1.44705E+6	7.62480E+4	3.50475E+6
2.23000E+1	4.65261E+4	6.11069E+4	5.02318E+6	1.42680E+6	7.63963E+4	3.41773E+6
2.24000E+1	4.64984E+4	6.11337E+4	4.74263E+6	1.40570E+6	7.62100E+4	3.51272E+6
2.25000E+1	4.65676E+4	6.12400E+4	5.42634E+6	1.42658E+6	7.62631E+4	3.64659E+6
2.26000E+1	4.64459E+4	6.10760E+4	4.64346E+6	1.40584E+6	7.62901E+4	3.30954E+6
2.27000E+1	4.66798E+4	6.11237E+4	4.81470E+6	1.46443E+6	7.63031E+4	3.66751E+6
2.28000E+1	4.68040E+4	6.16380E+4	5.67732E+6	1.50438E+6	7.63151E+4	3.56692E+6
2.29000E+1	4.68665E+4	6.14850E+4	5.53060E+6	1.48821E+6	7.62751E+4	3.52453E+6
2.30000E+1	4.68297E+4	6.12392E+4	4.73885E+6	1.40716E+6	7.62370E+4	3.31329E+6
2.31000E+1	4.64376E+4	6.13012E+4	4.91556E+6	1.40234E+6	7.59972E+4	3.48560E+6
2.32000E+1	4.68297E+4	6.14816E+4	5.44906E+6	1.48951E+6	7.61900E+4	3.56217E+6
2.33000E+1	4.69214E+4	6.14556E+4	5.46099E+6	1.43185E+6	7.60271E+4	3.35355E+6
2.34000E+1	4.71443E+4	6.15926E+4	5.53980E+6	1.46459E+6	7.63502E+4	3.56217E+6
2.35000E+1	4.69924E+4	6.13817E+4	4.69994E+6	1.39073E+6	7.58397E+4	3.35393E+6
2.36000E+1	4.70620E+4	6.14816E+4	5.11791E+6	1.47459E+6	7.61330E+4	3.38652E+6
2.37000E+1	4.74435E+4	6.18335E+4	5.66123E+6	1.48918E+6	7.65749E+4	3.60147E+6
2.38000E+1	4.71122E+4	6.13473E+4	5.23174E+6	1.39238E+6	7.59733E+4	3.25319E+6
2.39000E+1	4.73476E+4	6.17281E+4	5.73159E+6	1.47411E+6	7.62811E+4	3.67622E+6
2.40000E+1	4.75065E+4	6.14388E+4	5.36504E+6	1.40271E+6	7.58337E+4	3.27067E+6
2.41000E+1	4.73958E+4	6.14530E+4	5.21348E+6	1.46625E+6	7.63081E+4	3.44708E+6
2.42000E+1	4.76216E+4	6.18226E+4	5.28913E+6	1.42868E+6	7.56357E+4	3.30655E+6
2.43000E+1	4.76230E+4	6.19500E+4	5.62616E+6	1.47196E+6	7.61640E+4	3.68451E+6
2.44000E+1	4.73728E+4	6.18707E+4	5.05123E+6	1.46372E+6	7.58765E+4	3.42813E+6
2.45000E+1	4.76412E+4	6.15589E+4	4.87456E+6	1.45800E+6	7.60441E+4	3.28353E+6
2.46000E+1	4.80412E+4	6.19881E+4	5.71956E+6	1.47635E+6	7.62791E+4	3.56044E+6
2.47000E+1	4.78494E+4	6.19695E+4	5.06667E+6	1.45674E+6	7.57650E+4	3.49307E+6
2.48000E+1	4.76581E+4	6.19509E+4	4.83345E+6	1.43648E+6	7.58138E+4	3.44222E+6
2.49000E+1	4.80638E+4	6.25846E+4	5.91232E+6	1.48569E+6	7.62560E+4	3.57170E+6
2.50000E+1	4.75107E+4	6.19754E+4	4.76540E+6	1.42688E+6	7.57969E+4	3.44748E+6
2.51000E+1	4.78924E+4	6.19061E+4	5.46398E+6	1.48424E+6	7.60611E+4	3.59047E+6
2.52000E+1	4.75879E+4	6.23363E+4	5.14524E+6	1.45138E+6	7.63301E+4	3.36434E+6
2.53000E+1	4.56290E+4	6.23227E+4	4.43553E+6	1.44882E+6	7.58447E+4	3.34588E+6
2.54000E+1	4.52324E+4	6.26050E+4	4.92286E+6	1.51523E+6	7.64474E+4	3.51146E+6
2.55000E+1	4.40041E+4	6.23983E+4	4.82953E+6	1.42283E+6	7.61410E+4	3.35355E+6
2.56000E+1	4.32670E+4	6.27312E+4	4.83031E+6	1.44782E+6	7.64625E+4	3.60412E+6
2.57000E+1	4.20995E+4	6.27841E+4	4.65582E+6	1.42981E+6	7.64113E+4	3.52962E+6
2.58000E+1	4.11156E+4	6.30243E+4	4.34843E+6	1.44037E+6	7.66221E+4	3.66751E+6
2.59000E+1	3.98454E+4	6.27226E+4	4.04046E+6	1.39037E+6	7.60621E+4	3.34741E+6
2.60000E+1	3.92731E+4	6.32713E+4	4.49461E+6	1.43785E+6	7.70654E+4	3.55354E+6
2.61000E+1	3.85322E+4	6.27286E+4	3.89087E+6	1.38694E+6	7.66945E+4	3.43697E+6
2.62000E+1	3.80080E+4	6.31880E+4	4.07499E+6	1.38318E+6	7.72292E+4	3.42332E+6
2.63000E+1	3.73078E+4	6.31674E+4	4.20946E+6	1.39152E+6	7.72120E+4	3.55140E+6
2.64000E+1	3.66597E+4	6.34037E+4	3.90839E+6	1.40140E+6	7.71190E+4	3.46828E+6
2.65000E+1	3.62907E+4	6.34501E+4	3.88370E+6	1.35673E+6	7.70978E+4	3.53132E+6
2.66000E+1	3.59725E+4	6.34923E+4	3.80256E+6	1.37360E+6	7.74420E+4	3.64433E+6
2.67000E+1	3.57346E+4	6.36725E+4	3.83921E+6	1.37781E+6	7.75252E+4	3.55097E+6
2.68000E+1	3.52667E+4	6.34673E+4	3.87197E+6	1.35748E+6	7.73680E+4	3.59662E+6
2.69000E+1	3.49216E+4	6.35940E+4	3.77576E+6	1.31910E+6	7.73811E+4	3.37831E+6
2.70000E+1	3.50343E+4	6.37096E+4	3.66117E+6	1.35536E+6	7.79904E+4	3.55914E+6
2.71000E+1	3.46582E+4	6.38254E+4	3.72513E+6	1.33803E+6	7.76949E+4	3.41216E+6
2.72000E+1	3.44308E+4	6.36414E+4	3.72230E+6	1.31819E+6	7.76075E+4	3.54325E+6
2.73000E+1	3.45316E+4	6.38721E+4	3.77334E+6	1.33319E+6	7.78782E+4	3.70306E+6
2.74000E+1	3.42441E+4	6.40809E+4	3.72749E+6	1.33285E+6	7.81447E+4	3.58915E+6
2.75000E+1	3.41490E+4	6.40418E+4	3.51066E+6	1.34278E+6	7.78772E+4	3.51104E+6
2.76000E+1	3.43825E+4	6.37865E+4	3.74170E+6	1.34843E+6	7.81641E+4	3.77523E+6
2.77000E+1	3.38863E+4	6.41008E+4	3.85981E+6	1.35155E+6	7.82971E+4	3.54925E+6
2.78000E+1	3.38805E+4	6.41763E+4	3.64528E+6	1.34837E+6	7.87839E+4	3.63577E+6
2.79000E+1	3.36355E+4	6.43415E+4	3.80256E+6	1.33497E+6	7.85227E+4	3.53642E+6
2.80000E+1	3.37507E+4	6.39829E+4	3.32123E+6	1.30389E+6	7.85566E+4	3.56433E+6
2.81000E+1	3.38401E+4	6.45000E+4	3.35282E+6	1.32059E+6	7.88725E+4	3.67852E+6
2.82000E+1	3.32958E+4	6.43693E+4	3.48067E+6	1.30815E+6	7.85659E+4	3.55871E+6
2.83000E+1	3.36401E+4	6.43380E+4	3.60593E+6	1.32392E+6	7.91575E+4	3.54197E+6
2.84000E+1	3.35349E+4	6.44494E+4	3.74694E+6	1.32831E+6	7.89839E+4	3.80939E+6
2.85000E+1	3.33800E+4	6.44425E+4	3.54543E+6	1.32241E+6	7.90779E+4	3.51398E+6
2.86000E+1	3.35539E+4	6.46579E+4	3.57391E+6	1.31884E+6	7.90624E+4	3.68266E+6
2.87000E+1	3.34092E+4	6.49020E+4	3.52585E+6	1.30015E+6	7.92133E+4	3.66888E+6
2.88000E+1	3.31312E+4	6.48433E+4	3.37019E+6	1.28621E+6	7.93884E+4	3.45276E+6
2.89000E+1	3.35424E+4	6.50274E+4	3.51740E+6	1.33917E+6	8.00857E+4	3.72367E+6
2.90000E+1	3.31420E+4	6.49011E+4	3.42897E+6	1.30637E+6	7.97062E+4	3.50601E+6
2.91000E+1	3.31380E+4	6.48924E+4	3.45362E+6	1.31819E+6	7.99812E+4	3.67668E+6
2.92000E+1	3.32329E+4	6.47908E+4	3.70031E+6	1.29468E+6	7.93759E+4	3.49848E+6
2.93000E+1	3.32100E+4	6.53694E+4	3.45199E+6	1.30490E+6	7.97863E+4	3.70632E+6
2.94000E+1	3.34276E+4	6.51784E+4	3.69891E+6	1.31806E+6	7.99291E+4	3.79859E+6
2.95000E+1	3.30228E+4	6.51969E+4	3.50354E+6	1.29706E+6	7.98092E+4	3.44020E+6
2.96000E+1	3.31963E+4	6.49493E+4	3.45769E+6	1.30376E+6	8.00533E+4	3.59882E+6
2.97000E+1	3.30535E+4	6.52963E+4	3.53349E+6	1.31232E+6	8.00543E+4	3.73643E+6
2.98000E+1	3.29504E+4	6.54143E+4	3.46014E+6	1.27327E+6	7.93801E+4	3.51651E+6
2.99000E+1	3.32735E+4	6.55343E+4	3.62327E+6	1.31335E+6	8.00815E+4	3.71709E+6
3.00000E+1	3.29151E+4	6.49563E+4	3.39009E+6	1.28614E+6	7.97967E+4	3.49140E+6
3.01000E+1	3.30518E+4	6.50414E+4	3.63762E+6	1.29977E+6	7.98655E+4	3.60810E+6
3.02000E+1	3.31694E+4	6.51547E+4	3.39009E+6	1.28714E+6	8.01923E+4	3.68220E+6
3.03000E+1	3.28406E+4	6.52347E+4	3.36786E+6	1.28072E+6	7.99145E+4	3.43657E+6
3.04000E+1	3.29191E+4	6.51055E+4	3.61480E+6	1.31573E+6	7.96978E+4	3.48767E+6
3.05000E+1	3.28423E+4	6.50528E+4	3.42097E+6	1.27851E+6	7.99228E+4	3.60899E+6
3.06000E+1	3.28025E+4	6.53518E+4	3.43058E+6	1.28943E+6	8.00366E+4	3.48146E+6
3.07000E+1	3.31803E+4	6.50318E+4	3.34057E+6	1.25664E+6	7.99541E+4	3.41773E+6
3.08000E+1	3.28025E+4	6.50274E+4	3.42137E+6	1.27454E+6	7.99343E+4	3.56779E+6
3.09000E+1	3.27968E+4	6.53447E+4	3.39520E+6	1.26836E+6	7.98238E+4	3.32837E+6
3.10000E+1	3.29749E+4	6.52602E+4	3.72654E+6	1.32228E+6	7.99176E+4	3.62546E+6
3.11000E+1	3.28696E+4	6.51222E+4	3.40388E+6	1.27521E+6	7.99990E+4	3.56087E+6
3.12000E+1	3.29783E+4	6.48932E+4	3.53774E+6	1.27961E+6	8.00470E+4	3.59442E+6
3.13000E+1	3.29498E+4	6.50721E+4	3.40190E+6	1.24215E+6	7.95762E+4	3.31329E+6
3.14000E+1	3.30490E+4	6.51960E+4	3.46382E+6	1.28931E+6	7.99948E+4	3.49016E+6
3.15000E+1	3.29914E+4	6.52813E+4	3.58045E+6	1.27808E+6	8.01913E+4	3.51777E+6
3.16000E+1	3.27451E+4	6.53024E+4	3.43098E+6	1.26535E+6	7.96760E+4	3.48518E+6
3.17000E+1	3.26498E+4	6.54090E+4	3.40942E+6	1.27992E+6	7.98436E+4	3.36898E+6
3.18000E+1	3.28798E+4	6.53888E+4	3.51024E+6	1.30535E+6	7.97821E+4	3.71662E+6
3.19000E+1	3.27713E+4	6.54637E+4	3.33448E+6	1.28109E+6	8.02070E+4	3.42893E+6
3.20000E+1	3.30473E+4	6.55219E+4	3.56005E+6	1.28478E+6	8.00293E+4	3.59442E+6
3.21000E+1	3.30946E+4	6.55440E+4	3.59578E+6	1.29845E+6	8.04248E+4	3.71615E+6
3.22000E+1	3.28781E+4	6.52215E+4	3.58307E+6	1.26884E+6	8.01965E+4	3.46746E+6
3.23000E+1	3.25733E+4	6.52391E+4	3.40784E+6	1.28509E+6	8.03074E+4	3.34588E+6
3.24000E+1	3.29105E+4	6.56403E+4	3.65661E+6	1.29255E+6	8.00449E+4	3.52665E+6
3.25000E+1	3.27627E+4	6.57155E+4	3.62998E+6	1.29192E+6	8.00637E+4	3.59178E+6
3.26000E+1	3.30364E+4	6.56147E+4	3.40546E+6	1.27558E+6	8.04018E+4	3.38144E+6
3.27000E+1	3.29350E+4	6.55078E+4	3.65162E+6	1.28962E+6	8.05508E+4	3.73311E+6
3.28000E+1	3.28645E+4	6.52998E+4	3.41459E+6	1.24291E+6	8.01714E+4	3.35355E+6
3.29000E+1	3.29994E+4	6.57650E+4	3.54330E+6	1.29430E+6	8.08569E+4	3.65611E+6
3.30000E+1	3.30935E+4	6.54452E+4	3.54458E+6	1.27114E+6	8.02750E+4	3.36743E+6
3.31000E+1	3.30290E+4	6.58120E+4	3.65434E+6	1.30592E+6	8.05077E+4	3.51820E+6
3.32000E+1	3.27718E+4	6.59405E+4	3.41180E+6	1.26631E+6	8.04311E+4	3.31216E+6
3.33000E+1	3.27820E+4	6.55343E+4	3.54501E+6	1.25551E+6	8.04143E+4	3.53344E+6
3.34000E+1	3.28508E+4	6.55670E+4	3.73032E+6	1.29405E+6	8.07326E+4	3.77377E+6
3.35000E+1	3.27872E+4	6.56500E+4	3.44793E+6	1.24751E+6	8.04091E+4	3.20534E+6
3.36000E+1	3.30992E+4	6.60364E+4	3.83821E+6	1.30382E+6	8.12138E+4	3.69654E+6
3.37000E+1	3.29663E+4	6.56041E+4	3.20996E+6	1.26884E+6	8.04993E+4	3.31367E+6
3.38000E+1	3.33370E+4	6.58828E+4	3.45443E+6	1.35060E+6	8.10299E+4	3.60147E+6
3.39000E+1	3.30085E+4	6.57526E+4	3.47161E+6	1.27759E+6	8.04626E+4	3.20182E+6
3.40000E+1	3.32134E+4	6.61314E+4	3.50689E+6	1.29769E+6	8.09043E+4	3.51146E+6
3.41000E+1	3.30661E+4	6.61457E+4	3.61658E+6	1.30956E+6	8.11969E+4	3.52157E+6
3.42000E+1	3.29413E+4	6.57455E+4	3.51024E+6	1.25386E+6	8.06138E+4	3.30393E+6
3.43000E+1	3.32226E+4	6.60781E+4	3.60416E+6	1.29687E+6	8.07937E+4	3.48435E+6
3.44000E+1	3.32163E+4	6.62542E+4	3.71385E+6	1.29055E+6	8.09602E+4	3.59530E+6
3.45000E+1	3.28895E+4	6.57509E+4	3.18265E+6	1.25238E+6	8.03997E+4	3.16192E+6
3.46000E+1	3.31746E+4	6.61670E+4	3.57348E+6	1.28968E+6	8.12201E+4	3.40186E+6
3.47000E+1	3.31329E+4	6.61163E+4	3.56394E+6	1.30047E+6	8.05539E+4	3.29574E+6
3.48000E+1	3.33067E+4	6.65057E+4	3.60549E+6	1.29876E+6	8.11133E+4	3.57561E+6
3.49000E+1	3.31803E+4	6.60532E+4	3.49519E+6	1.25688E+6	8.05707E+4	3.21629E+6
3.50000E+1	3.33749E+4	6.63086E+4	3.66619E+6	1.31962E+6	8.10362E+4	3.53132E+6
3.51000E+1	3.31323E+4	6.61537E+4	3.63177E+6	1.27833E+6	8.06590E+4	3.33748E+6
3.52000E+1	3.32701E+4	6.60497E+4	3.61214E+6	1.26307E+6	8.08811E+4	3.38456E+6
3.53000E+1	3.32357E+4	6.63638E+4	3.64664E+6	1.31994E+6	8.12233E+4	3.43617E+6
3.54000E+1	3.31003E+4	6.61181E+4	3.37290E+6	1.27961E+6	8.06727E+4	3.28944E+6
3.55000E+1	3.32649E+4	6.62204E+4	3.74408E+6	1.32183E+6	8.06811E+4	3.43617E+6
3.56000E+1	3.32592E+4	6.61163E+4	3.64890E+6	1.28987E+6	8.09033E+4	3.61743E+6
3.57000E+1	3.31374E+4	6.60284E+4	3.52881E+6	1.28689E+6	8.05077E+4	3.25029E+6
3.58000E+1	3.35016E+4	6.62436E+4	3.66939E+6	1.29782E+6	8.07042E+4	3.36666E+6
3.59000E+1	3.32689E+4	6.58447E+4	3.46832E+6	1.29086E+6	8.05550E+4	3.38848E+6
3.60000E+1	3.34844E+4	6.62703E+4	3.79277E+6	1.30148E+6	8.07547E+4	3.45928E+6
3.61000E+1	3.31643E+4	6.58128E+4	3.48854E+6	1.27181E+6	8.03420E+4	3.35701E+6
3.62000E+1	3.35780E+4	6.61990E+4	3.64167E+6	1.32378E+6	8.06096E+4	3.62635E+6
3.63000E+1	3.32214E+4	6.55511E+4	3.47572E+6	1.28670E+6	8.04878E+4	3.38534E+6
3.64000E+1	3.36580E+4	6.61999E+4	3.57261E+6	1.31026E+6	8.09012E+4	3.51440E+6
3.65000E+1	3.34070E+4	6.60239E+4	3.55789E+6	1.25421E+6	8.05130E+4	3.17362E+6
3.66000E+1	3.37876E+4	6.59849E+4	4.01085E+6	1.29486E+6	8.02561E+4	3.49890E+6
3.67000E+1	3.33382E+4	6.57013E+4	3.59931E+6	1.30255E+6	8.06485E+4	3.29909E+6
3.68000E+1	3.36920E+4	6.61786E+4	3.69845E+6	1.28831E+6	8.05560E+4	3.37054E+6
3.69000E+1	3.36994E+4	6.59130E+4	3.53689E+6	1.29161E+6	8.03263E+4	3.36589E+6
3.70000E+1	3.35522E+4	6.59866E+4	3.60815E+6	1.26499E+6	8.01024E+4	3.24235E+6
3.71000E+1	3.35815E+4	6.58527E+4	3.83921E+6	1.31155E+6	8.07926E+4	3.43255E+6
3.72000E+1	3.38170E+4	6.59618E+4	3.68594E+6	1.27869E+6	8.04122E+4	3.35816E+6
3.73000E+1	3.33966E+4	6.56916E+4	3.46218E+6	1.23758E+6	7.98571E+4	3.07095E+6
3.74000E+1	3.38840E+4	6.60666E+4	3.68594E+6	1.29430E+6	8.05760E+4	3.52496E+6
3.75000E+1	3.35786E+4	6.58111E+4	3.55273E+6	1.30822E+6	8.00000E+4	3.34397E+6
3.76000E+1	3.36804E+4	6.57748E+4	3.80158E+6	1.27949E+6	8.00825E+4	3.42173E+6
3.77000E+1	3.37536E+4	6.60728E+4	3.74980E+6	1.30630E+6	8.04374E+4	3.36202E+6
3.78000E+1	3.36943E+4	6.60852E+4	3.84873E+6	1.31425E+6	8.03452E+4	3.39358E+6
3.79000E+1	3.36931E+4	6.56270E+4	3.56048E+6	1.31638E+6	7.97114E+4	3.39162E+6
3.80000E+1	3.37507E+4	6.59068E+4	3.83921E+6	1.31968E+6	8.03410E+4	3.40067E+6
3.81000E+1	3.35631E+4	6.60488E+4	3.56567E+6	1.28133E+6	8.00376E+4	3.35124E+6
3.82000E+1	3.35890E+4	6.59290E+4	3.58307E+6	1.26248E+6	8.01202E+4	3.38495E+6
3.83000E+1	3.34930E+4	6.58244E+4	3.66527E+6	1.27491E+6	8.00105E+4	3.30617E+6
3.84000E+1	3.38268E+4	6.61252E+4	3.92137E+6	1.30873E+6	8.02352E+4	3.50936E+6
3.85000E+1	3.34259E+4	6.56518E+4	3.54501E+6	1.26361E+6	7.95450E+4	3.22054E+6
3.86000E+1	3.37190E+4	6.58004E+4	3.61925E+6	1.29180E+6	8.02425E+4	3.34932E+6
3.87000E+1	3.36361E+4	6.56589E+4	3.33106E+6	1.25009E+6	7.96053E+4	3.34091E+6
3.88000E+1	3.35999E+4	6.58642E+4	3.68133E+6	1.26903E+6	7.97978E+4	3.56779E+6
3.89000E+1	3.37473E+4	6.58607E+4	3.82675E+6	1.29782E+6	8.00334E+4	3.66568E+6
3.90000E+1	3.34821E+4	6.53474E+4	3.31070E+6	1.25074E+6	7.94350E+4	3.09741E+6
3.91000E+1	3.37138E+4	6.57429E+4	3.88984E+6	1.29908E+6	8.01118E+4	3.40186E+6
3.92000E+1	3.36833E+4	6.57482E+4	3.56914E+6	1.25451E+6	7.97488E+4	3.25102E+6
3.93000E+1	3.36263E+4	6.53491E+4	3.44024E+6	1.25836E+6	7.94755E+4	3.25790E+6
3.94000E+1	3.38984E+4	6.59352E+4	3.80305E+6	1.30758E+6	7.99666E+4	3.51651E+6
3.95000E+1	3.35309E+4	6.53289E+4	3.47038E+6	1.23735E+6	7.91968E+4	3.24740E+6
3.96000E+1	3.37087E+4	6.54840E+4	3.76610E+6	1.27351E+6	7.96354E+4	3.41614E+6
3.97000E+1	3.34488E+4	6.52567E+4	3.48647E+6	1.26661E+6	7.92754E+4	3.30020E+6
3.98000E+1	3.35608E+4	6.55714E+4	3.53945E+6	1.25274E+6	7.93075E+4	3.35971E+6
3.99000E+1	3.35895E+4	6.51740E+4	3.39677E+6	1.21497E+6	7.91461E+4	3.21841E+6
4.00000E+1	3.36465E+4	6.53403E+4	3.59359E+6	1.24862E+6	7.94329E+4	3.35086E+6
4.01000E+1	3.33972E+4	6.53623E+4	3.43178E+6	1.23471E+6	7.87499E+4	3.34550E+6
4.02000E+1	3.39880E+4	6.52277E+4	3.86842E+6	1.29267E+6	7.97093E+4	3.61476E+6
4.03000E+1	3.35527E+4	6.50950E+4	3.48026E+6	1.22859E+6	7.91223E+4	3.17327E+6
4.04000E+1	3.34528E+4	6.49844E+4	3.31295E+6	1.19880E+6	7.87077E+4	3.14929E+6
4.05000E+1	3.35602E+4	6.49511E+4	3.82179E+6	1.26373E+6	7.89674E+4	3.34932E+6
4.06000E+1	3.35769E+4	6.52277E+4	3.78303E+6	1.27066E+6	7.91409E+4	3.54325E+6
4.07000E+1	3.36062E+4	6.49116E+4	3.49103E+6	1.22175E+6	7.86491E+4	3.24235E+6
4.08000E+1	3.35154E+4	6.49668E+4	3.50814E+6	1.24986E+6	7.87685E+4	3.26227E+6
4.09000E+1	3.35522E+4	6.49914E+4	3.60416E+6	1.25003E+6	7.86779E+4	3.25500E+6
4.10000E+1	3.36695E+4	6.46422E+4	3.36052E+6	1.19874E+6	7.82163E+4	2.97940E+6
4.11000E+1	3.33823E+4	6.43693E+4	3.24672E+6	1.23144E+6	7.81130E+4	3.18992E+6
4.12000E+1	3.34827E+4	6.41685E+4	3.47531E+6	1.23545E+6	7.84458E+4	3.12030E+6
4.13000E+1	3.38361E+4	6.51643E+4	3.91357E+6	1.28127E+6	7.87839E+4	3.46541E+6
4.14000E+1	3.33760E+4	6.48013E+4	3.91150E+6	1.26788E+6	7.88488E+4	3.50936E+6
4.15000E+1	3.37997E+4	6.48162E+4	3.54415E+6	1.22780E+6	7.83391E+4	3.37792E+6
4.16000E+1	3.34712E+4	6.41338E+4	3.37135E+6	1.20310E+6	7.80129E+4	3.10864E+6
4.17000E+1	3.34856E+4	6.47549E+4	3.78109E+6	1.24360E+6	7.83986E+4	3.30617E+6
4.18000E+1	3.35614E+4	6.39301E+4	3.47079E+6	1.20217E+6	7.81794E+4	3.16982E+6
4.19000E+1	3.34546E+4	6.43780E+4	3.70403E+6	1.26692E+6	7.86368E+4	3.54112E+6
4.20000E+1	3.33445E+4	6.43302E+4	3.50605E+6	1.23978E+6	7.81753E+4	3.29537E+6
4.21000E+1	3.32472E+4	6.41338E+4	3.29392E+6	1.18402E+6	7.75861E+4	3.06610E+6
4.22000E+1	3.33903E+4	6.41920E+4	3.50940E+6	1.22158E+6	7.80833E+4	3.19867E+6
4.23000E+1	3.38840E+4	6.46763E+4	4.15453E+6	1.26331E+6	7.84324E+4	3.42093E+6
4.24000E+1	3.33325E+4	6.41216E+4	3.43178E+6	1.17307E+6	7.75343E+4	3.04652E+6
4.25000E+1	3.32237E+4	6.41746E+4	3.51108E+6	1.21586E+6	7.75750E+4	3.04811E+6
4.26000E+1	3.35045E+4	6.43954E+4	3.64664E+6	1.25528E+6	7.80976E+4	3.53855E+6
4.27000E+1	3.36039E+4	6.42015E+4	3.51655E+6	1.20656E+6	7.76186E+4	3.23052E+6
4.28000E+1	3.32987E+4	6.39664E+4	3.47367E+6	1.21832E+6	7.71877E+4	3.09609E+6
4.29000E+1	3.34591E+4	6.41650E+4	3.82625E+6	1.23430E+6	7.78772E+4	3.50601E+6
4.30000E+1	3.37334E+4	6.43354E+4	3.85779E+6	1.22848E+6	7.80108E+4	3.42573E+6
4.31000E+1	3.33050E+4	6.38911E+4	3.42376E+6	1.18882E+6	7.75079E+4	3.04397E+6
4.32000E+1	3.34419E+4	6.36690E+4	3.47737E+6	1.21230E+6	7.75089E+4	3.16055E+6
4.33000E+1	3.35746E+4	6.41859E+4	3.87553E+6	1.24839E+6	7.75171E+4	3.40938E+6
4.34000E+1	3.34391E+4	6.37917E+4	3.48315E+6	1.19581E+6	7.73173E+4	3.12197E+6
4.35000E+1	3.34781E+4	6.38418E+4	3.44915E+6	1.21492E+6	7.76278E+4	3.24957E+6
4.36000E+1	3.37352E+4	6.44033E+4	3.60726E+6	1.24047E+6	7.76308E+4	3.16261E+6
4.37000E+1	3.33880E+4	6.37994E+4	3.42097E+6	1.17568E+6	7.75303E+4	3.04493E+6
4.38000E+1	3.36350E+4	6.42371E+4	3.88370E+6	1.23488E+6	7.75668E+4	3.32497E+6
4.39000E+1	3.36591E+4	6.39431E+4	3.43943E+6	1.20508E+6	7.72960E+4	2.99568E+6
4.40000E+1	3.33863E+4	6.37277E+4	3.73885E+6	1.23064E+6	7.74501E+4	3.14521E+6
4.41000E+1	3.37029E+4	6.44738E+4	3.97683E+6	1.25955E+6	7.76613E+4	3.43697E+6
4.42000E+1	3.36568E+4	6.40115E+4	3.68686E+6	1.24047E+6	7.74055E+4	3.28944E+6
4.43000E+1	3.37098E+4	6.38626E+4	3.57478E+6	1.23030E+6	7.72242E+4	3.16432E+6
4.44000E+1	3.35298E+4	6.38807E+4	3.44712E+6	1.21665E+6	7.68233E+4	2.99537E+6
4.45000E+1	3.35418E+4	6.39682E+4	3.72089E+6	1.21771E+6	7.72899E+4	3.32006E+6
4.46000E+1	3.34110E+4	6.39491E+4	3.33866E+6	1.22225E+6	7.75211E+4	3.14929E+6
4.47000E+1	3.34184E+4	6.35966E+4	3.44509E+6	1.20037E+6	7.74197E+4	3.06868E+6
4.48000E+1	3.37455E+4	6.40349E+4	3.75219E+6	1.22158E+6	7.73082E+4	3.28021E+6
4.49000E+1	3.35677E+4	6.37485E+4	3.70217E+6	1.20601E+6	7.72242E+4	3.13035E+6
4.50000E+1	3.35861E+4	6.36000E+4	3.50814E+6	1.22304E+6	7.70190E+4	3.02907E+6
4.51000E+1	3.34953E+4	6.43615E+4	4.16681E+6	1.26523E+6	7.77346E+4	3.23052E+6
4.52000E+1	3.36281E+4	6.39353E+4	3.76033E+6	1.23764E+6	7.72515E+4	3.13136E+6
4.53000E+1	3.34460E+4	6.39283E+4	3.39205E+6	1.20568E+6	7.70200E+4	2.98399E+6
4.54000E+1	3.38326E+4	6.41685E+4	3.76081E+6	1.27961E+6	7.73750E+4	3.43697E+6
4.55000E+1	3.33422E+4	6.34940E+4	3.53519E+6	1.20288E+6	7.70190E+4	3.11729E+6
4.56000E+1	3.37236E+4	6.40323E+4	3.67489E+6	1.23897E+6	7.72758E+4	3.20886E+6
4.57000E+1	3.33943E+4	6.38582E+4	3.72042E+6	1.22062E+6	7.70351E+4	3.06287E+6
4.58000E+1	3.36137E+4	6.42189E+4	3.72183E+6	1.27272E+6	7.72555E+4	3.33064E+6
4.59000E+1	3.35763E+4	6.38038E+4	3.57044E+6	1.21939E+6	7.66613E+4	3.09477E+6
4.60000E+1	3.34098E+4	6.37856E+4	3.47985E+6	1.24024E+6	7.69715E+4	3.04843E+6
4.61000E+1	3.38984E+4	6.39933E+4	3.79179E+6	1.23620E+6	7.71382E+4	3.02718E+6
4.62000E+1	3.35619E+4	6.35345E+4	3.58263E+6	1.19268E+6	7.67951E+4	2.99784E+6
4.63000E+1	3.35959E+4	6.38435E+4	3.62819E+6	1.21782E+6	7.69736E+4	3.05612E+6
4.64000E+1	3.38239E+4	6.42371E+4	3.72985E+6	1.24232E+6	7.72464E+4	3.27690E+6
4.65000E+1	3.35625E+4	6.39907E+4	3.69566E+6	1.21681E+6	7.68596E+4	3.14521E+6
4.66000E+1	3.36327E+4	6.38738E+4	3.74360E+6	1.23545E+6	7.69191E+4	3.10202E+6
4.67000E+1	3.37519E+4	6.38946E+4	3.60859E+6	1.22378E+6	7.71159E+4	3.22339E+6
4.68000E+1	3.35240E+4	6.35974E+4	3.35435E+6	1.18599E+6	7.65910E+4	3.02687E+6
4.69000E+1	3.35924E+4	6.35052E+4	3.49228E+6	1.20316E+6	7.63061E+4	3.05451E+6
4.70000E+1	3.35355E+4	6.39846E+4	3.61480E+6	1.22287E+6	7.65508E+4	2.99291E+6
4.71000E+1	3.38245E+4	6.41511E+4	3.81684E+6	1.25085E+6	7.68868E+4	3.22125E+6
4.72000E+1	3.39036E+4	6.41303E+4	3.89241E+6	1.24389E+6	7.66804E+4	3.27874E+6
4.73000E+1	3.35039E+4	6.35879E+4	3.65616E+6	1.21659E+6	7.63953E+4	2.97544E+6
4.74000E+1	3.39955E+4	6.39006E+4	3.73411E+6	1.25109E+6	7.68767E+4	3.25681E+6
4.75000E+1	3.39175E+4	6.36854E+4	3.66985E+6	1.21905E+6	7.65317E+4	3.07257E+6
4.76000E+1	3.34712E+4	6.35104E+4	3.66071E+6	1.24921E+6	7.66231E+4	3.07095E+6
4.77000E+1	3.36609E+4	6.39673E+4	3.96349E+6	1.25475E+6	7.68264E+4	3.32761E+6
4.78000E+1	3.41188E+4	6.42015E+4	4.37730E+6	1.26824E+6	7.67529E+4	3.29092E+6
4.79000E+1	3.39146E+4	6.38020E+4	3.86032E+6	1.24064E+6	7.64996E+4	3.17638E+6
4.80000E+1	3.37997E+4	6.36682E+4	3.53009E+6	1.20617E+6	7.62270E+4	3.08200E+6
4.81000E+1	3.37467E+4	6.38444E+4	3.84522E+6	1.24064E+6	7.64996E+4	3.21063E+6
4.82000E+1	3.40968E+4	6.35707E+4	3.85074E+6	1.21386E+6	7.62520E+4	3.18992E+6
4.83000E+1	3.38159E+4	6.36302E+4	3.64619E+6	1.21253E+6	7.61330E+4	3.21487E+6
4.84000E+1	3.39441E+4	6.40904E+4	3.81684E+6	1.25919E+6	7.64635E+4	3.32989E+6
4.85000E+1	3.37749E+4	6.34166E+4	3.52924E+6	1.20223E+6	7.60481E+4	2.98645E+6
4.86000E+1	3.40650E+4	6.41060E+4	4.03549E+6	1.26176E+6	7.66322E+4	3.14623E+6
4.87000E+1	3.40383E+4	6.37960E+4	3.57914E+6	1.24111E+6	7.62230E+4	3.04047E+6
4.88000E+1	3.38742E+4	6.37355E+4	3.53391E+6	1.25050E+6	7.63061E+4	3.09313E+6
4.89000E+1	3.42441E+4	6.39283E+4	4.07949E+6	1.26661E+6	7.65217E+4	3.41296E+6
4.90000E+1	3.42157E+4	6.38643E+4	3.89344E+6	1.27333E+6	7.61610E+4	3.32497E+6
4.91000E+1	3.38724E+4	6.36595E+4	3.70497E+6	1.25486E+6	7.62020E+4	3.22019E+6
4.92000E+1	3.39256E+4	6.33942E+4	3.47408E+6	1.21053E+6	7.57600E+4	3.10765E+6
4.93000E+1	3.40412E+4	6.36552E+4	3.74218E+6	1.26289E+6	7.62450E+4	3.26045E+6
4.94000E+1	3.41403E+4	6.41616E+4	3.59622E+6	1.24024E+6	7.63191E+4	3.28611E+6
4.95000E+1	3.40557E+4	6.35759E+4	3.53349E+6	1.21480E+6	7.56407E+4	3.01026E+6
4.96000E+1	3.40852E+4	6.38505E+4	3.73505E+6	1.27845E+6	7.60411E+4	3.35893E+6
4.97000E+1	3.40360E+4	6.38072E+4	3.81635E+6	1.25374E+6	7.58526E+4	3.10599E+6
4.98000E+1	3.39539E+4	6.33323E+4	3.44105E+6	1.22225E+6	7.57969E+4	2.87151E+6
4.99000E+1	3.40598E+4	6.35931E+4	3.77334E+6	1.23603E+6	7.60891E+4	3.12565E+6
5.00000E+1	3.41275E+4	6.40392E+4	4.16096E+6	1.28689E+6	7.61390E+4	3.19132E+6
5.01000E+1	3.42006E+4	6.39387E+4	3.80747E+6	1.25896E+6	7.61410E+4	3.19726E+6
5.02000E+1	3.38257E+4	6.34217E+4	3.32803E+6	1.20755E+6	7.55036E+4	2.96028E+6
5.03000E+1	3.39747E+4	6.36682E+4	3.65661E+6	1.25103E+6	7.58237E+4	3.09280E+6
5.04000E+1	3.41809E+4	6.38306E+4	3.80452E+6	1.24646E+6	7.58596E+4	3.19202E+6
5.05000E+1	3.41049E+4	6.37908E+4	3.63177E+6	1.24833E+6	7.57063E+4	3.17534E+6
5.06000E+1	3.41594E+4	6.38790E+4	3.74694E+6	1.24880E+6	7.61220E+4	3.18366E+6
5.07000E+1	3.43127E+4	6.39699E+4	3.98811E+6	1.29599E+6	7.56387E+4	3.44586E+6
5.08000E+1	3.43941E+4	6.42554E+4	3.93392E+6	1.23874E+6	7.57401E+4	3.27030E+6
5.09000E+1	3.43499E+4	6.39110E+4	3.61347E+6	1.21086E+6	7.57690E+4	3.01276E+6
5.10000E+1	3.42679E+4	6.45916E+4	3.96402E+6	1.27169E+6	7.62240E+4	3.33901E+6
5.11000E+1	3.42854E+4	6.42449E+4	3.91409E+6	1.23654E+6	7.59074E+4	3.17189E+6
5.12000E+1	3.45485E+4	6.47952E+4	4.04267E+6	1.27357E+6	7.65076E+4	3.18088E+6
5.13000E+1	3.44110E+4	6.45244E+4	3.65798E+6	1.24518E+6	7.64294E+4	3.09971E+6
5.14000E+1	3.46798E+4	6.50405E+4	3.91877E+6	1.27473E+6	7.67327E+4	3.19202E+6
5.15000E+1	3.43871E+4	6.48223E+4	3.59666E+6	1.24582E+6	7.67901E+4	3.01995E+6
5.16000E+1	3.46658E+4	6.51354E+4	3.77963E+6	1.28850E+6	7.70917E+4	3.25972E+6
5.17000E+1	3.44215E+4	6.46763E+4	3.66847E+6	1.24448E+6	7.68082E+4	3.07030E+6
5.18000E+1	3.44849E+4	6.49861E+4	3.58394E+6	1.26050E+6	7.69524E+4	2.97605E+6
5.19000E+1	3.47061E+4	6.56589E+4	3.88012E+6	1.28115E+6	7.72140E+4	3.28426E+6
5.20000E+1	3.50038E+4	6.55590E+4	4.03770E+6	1.28103E+6	7.74541E+4	3.37637E+6
5.21000E+1	3.45030E+4	6.54822E+4	3.81486E+6	1.26457E+6	7.70846E+4	3.22552E+6
5.22000E+1	3.49134E+4	6.59946E+4	4.19159E+6	1.29662E+6	7.77560E+4	3.48311E+6
5.23000E+1	3.47453E+4	6.57075E+4	3.95235E+6	1.26056E+6	7.76227E+4	3.34282E+6
5.24000E+1	3.50044E+4	6.58979E+4	3.97309E+6	1.30618E+6	7.78252E+4	3.25391E+6
5.25000E+1	3.48396E+4	6.62899E+4	3.97523E+6	1.30230E+6	7.77692E+4	3.25319E+6
5.26000E+1	3.47324E+4	6.61519E+4	4.26093E+6	1.30287E+6	7.80047E+4	3.29500E+6
5.27000E+1	3.54681E+4	6.63291E+4	4.07892E+6	1.30956E+6	7.81314E+4	3.43214E+6
5.28000E+1	3.49862E+4	6.60968E+4	3.69334E+6	1.25079E+6	7.76430E+4	3.16398E+6
5.29000E+1	3.47880E+4	6.60968E+4	4.18566E+6	1.28072E+6	7.79914E+4	3.26847E+6
5.30000E+1	3.55331E+4	6.67410E+4	4.07555E+6	1.30918E+6	7.82111E+4	3.48933E+6
5.31000E+1	3.49533E+4	6.64165E+4	3.95447E+6	1.27686E+6	7.78385E+4	3.12096E+6
5.32000E+1	3.51919E+4	6.67096E+4	4.31050E+6	1.31091E+6	7.81641E+4	3.43295E+6
5.33000E+1	3.51566E+4	6.71108E+4	4.22689E+6	1.32640E+6	7.85638E+4	3.41694E+6
5.34000E+1	3.50466E+4	6.64763E+4	3.65661E+6	1.27029E+6	7.81426E+4	3.07484E+6
5.35000E+1	3.51884E+4	6.70218E+4	4.37085E+6	1.30300E+6	7.81303E+4	3.66203E+6
5.36000E+1	3.51731E+4	6.68351E+4	4.22207E+6	1.29043E+6	7.80629E+4	3.22695E+6
5.37000E+1	3.48923E+4	6.64423E+4	3.77237E+6	1.26409E+6	7.81150E+4	3.20042E+6
5.38000E+1	3.50613E+4	6.65165E+4	3.85326E+6	1.28509E+6	7.84119E+4	3.17846E+6
5.39000E+1	3.51337E+4	6.70982E+4	4.27815E+6	1.30503E+6	7.85248E+4	3.41694E+6
5.40000E+1	3.51725E+4	6.69221E+4	4.14871E+6	1.33424E+6	7.83863E+4	3.47568E+6
5.41000E+1	3.52202E+4	6.71702E+4	4.32875E+6	1.33133E+6	7.84099E+4	3.58390E+6
5.42000E+1	3.54178E+4	6.73270E+4	4.56224E+6	1.35040E+6	7.85772E+4	3.37520E+6
5.43000E+1	3.52662E+4	6.75031E+4	4.44482E+6	1.35243E+6	7.82889E+4	3.44182E+6
5.44000E+1	3.51666E+4	6.72946E+4	4.07387E+6	1.31871E+6	7.84847E+4	3.21381E+6
5.45000E+1	3.50713E+4	6.69904E+4	4.02231E+6	1.25386E+6	7.82449E+4	3.02813E+6
5.46000E+1	3.50384E+4	6.68414E+4	3.69103E+6	1.28788E+6	7.80272E+4	2.97910E+6
5.47000E+1	3.51042E+4	6.71432E+4	4.23898E+6	1.29920E+6	7.85145E+4	3.34358E+6
5.48000E+1	3.55047E+4	6.73622E+4	3.91409E+6	1.26704E+6	7.83719E+4	3.15542E+6
5.49000E+1	3.49034E+4	6.72540E+4	3.80256E+6	1.27473E+6	7.84252E+4	3.16226E+6
5.50000E+1	3.52361E+4	6.75664E+4	3.98273E+6	1.28096E+6	7.84540E+4	3.36125E+6
5.51000E+1	3.47728E+4	6.72567E+4	3.97737E+6	1.28522E+6	7.83422E+4	3.29983E+6
5.52000E+1	3.49738E+4	6.75718E+4	4.36571E+6	1.27235E+6	7.86542E+4	3.30319E+6
5.53000E+1	3.50825E+4	6.75347E+4	4.14696E+6	1.27527E+6	7.85782E+4	3.41018E+6
5.54000E+1	3.52514E+4	6.81883E+4	4.56014E+6	1.34654E+6	7.91906E+4	3.56044E+6
5.55000E+1	3.50173E+4	6.76035E+4	4.24323E+6	1.28534E+6	7.88066E+4	3.29611E+6
5.56000E+1	3.49509E+4	6.76225E+4	3.73174E+6	1.25800E+6	7.85289E+4	3.01182E+6
5.57000E+1	3.49281E+4	6.74895E+4	3.89498E+6	1.27327E+6	7.85576E+4	3.16535E+6
5.58000E+1	3.50208E+4	6.80882E+4	4.30737E+6	1.26993E+6	7.86049E+4	3.43416E+6
5.59000E+1	3.52444E+4	6.80654E+4	4.39871E+6	1.29093E+6	7.88241E+4	3.42813E+6
5.60000E+1	3.53782E+4	6.82221E+4	4.52956E+6	1.31528E+6	7.89560E+4	3.48518E+6
5.61000E+1	3.51943E+4	6.82704E+4	4.43752E+6	1.32105E+6	7.87654E+4	3.54069E+6
5.62000E+1	3.53540E+4	6.83133E+4	4.20230E+6	1.29512E+6	7.90355E+4	3.45195E+6
5.63000E+1	3.52791E+4	6.82430E+4	4.53509E+6	1.30351E+6	7.87530E+4	3.22838E+6
5.64000E+1	3.53871E+4	6.79372E+4	4.07836E+6	1.28732E+6	7.87602E+4	3.32913E+6
5.65000E+1	3.51719E+4	6.78954E+4	4.17917E+6	1.28577E+6	7.87242E+4	3.36589E+6
5.66000E+1	3.50196E+4	6.78863E+4	3.90529E+6	1.24030E+6	7.84560E+4	3.09477E+6
5.67000E+1	3.49744E+4	6.78019E+4	3.90167E+6	1.24250E+6	7.85340E+4	3.10831E+6
5.68000E+1	3.50044E+4	6.81055E+4	4.60250E+6	1.25628E+6	7.89076E+4	3.34168E+6
5.69000E+1	3.51778E+4	6.83699E+4	4.19515E+6	1.27857E+6	7.90779E+4	3.29388E+6
5.70000E+1	3.50578E+4	6.78564E+4	3.67811E+6	1.26505E+6	7.87427E+4	3.11596E+6
5.71000E+1	3.48489E+4	6.78573E+4	4.01194E+6	1.28962E+6	7.88117E+4	3.25282E+6
5.72000E+1	3.52921E+4	6.82677E+4	4.31992E+6	1.29261E+6	7.92620E+4	3.34741E+6
5.73000E+1	3.48730E+4	6.77330E+4	3.93812E+6	1.22661E+6	7.84786E+4	3.11929E+6
5.74000E+1	3.48876E+4	6.80072E+4	4.29551E+6	1.26752E+6	7.90283E+4	3.43617E+6
5.75000E+1	3.51684E+4	6.85949E+4	4.35673E+6	1.26945E+6	7.89973E+4	3.57256E+6
5.76000E+1	3.53670E+4	6.80436E+4	4.43023E+6	1.27479E+6	7.88261E+4	3.19307E+6
5.77000E+1	3.50625E+4	6.78555E+4	3.86893E+6	1.22763E+6	7.86316E+4	3.10898E+6
5.78000E+1	3.50625E+4	6.82193E+4	4.08738E+6	1.25368E+6	7.89942E+4	3.21983E+6
5.79000E+1	3.53027E+4	6.86700E+4	4.29613E+6	1.29738E+6	7.93200E+4	3.40384E+6
5.80000E+1	3.53328E+4	6.84796E+4	4.12557E+6	1.30230E+6	7.88581E+4	3.29723E+6
5.81000E+1	3.52444E+4	6.86553E+4	4.24141E+6	1.26746E+6	7.88756E+4	3.29909E+6
5.82000E+1	3.52591E+4	6.87645E+4	4.23535E+6	1.24209E+6	7.89065E+4	3.26154E+6
5.83000E+1	3.52697E+4	6.86114E+4	4.00433E+6	1.25404E+6	7.89509E+4	3.26993E+6
5.84000E+1	3.52261E+4	6.86159E+4	4.20528E+6	1.27132E+6	7.89426E+4	3.31630E+6
5.85000E+1	3.52609E+4	6.86095E+4	3.97416E+6	1.28596E+6	7.88344E+4	3.14963E+6
5.86000E+1	3.51095E+4	6.82084E+4	4.12155E+6	1.22214E+6	7.87633E+4	3.20323E+6
5.87000E+1	3.48929E+4	6.84485E+4	3.96562E+6	1.26295E+6	7.88426E+4	3.20147E+6
5.88000E+1	3.52750E+4	6.86443E+4	4.49257E+6	1.28330E+6	7.92754E+4	3.32572E+6
5.89000E+1	3.51213E+4	6.86755E+4	4.15511E+6	1.27042E+6	7.90996E+4	3.17362E+6
5.90000E+1	3.52856E+4	6.85528E+4	4.19278E+6	1.28962E+6	7.88529E+4	3.25246E+6
5.91000E+1	3.53989E+4	6.87810E+4	4.27075E+6	1.25392E+6	7.93552E+4	3.22981E+6
5.92000E+1	3.53930E+4	6.87736E+4	4.36250E+6	1.27211E+6	7.89024E+4	3.29983E+6
5.93000E+1	3.51919E+4	6.89868E+4	4.07106E+6	1.25079E+6	7.90469E+4	3.13405E+6
5.94000E+1	3.51184E+4	6.83818E+4	3.94812E+6	1.22265E+6	7.84293E+4	2.99692E+6
5.95000E+1	3.51660E+4	6.86361E+4	4.16564E+6	1.28023E+6	7.91750E+4	3.26081E+6
5.96000E+1	3.51802E+4	6.87608E+4	4.01575E+6	1.27357E+6	7.89922E+4	3.39358E+6
5.97000E+1	3.55089E+4	6.91544E+4	4.46353E+6	1.29939E+6	7.91213E+4	3.36048E+6
5.98000E+1	3.54953E+4	6.89215E+4	4.74944E+6	1.29043E+6	7.94288E+4	3.39634E+6
5.99000E+1	3.55148E+4	6.90614E+4	4.22930E+6	1.30047E+6	7.93438E+4	3.43778E+6
6.00000E+1	3.56095E+4	6.91701E+4	4.56715E+6	1.28999E+6	7.95077E+4	3.54711E+6
6.01000E+1	3.54515E+4	6.91277E+4	4.54480E+6	1.29599E+6	7.94101E+4	3.49556E+6
6.02000E+1	3.53399E+4	6.90135E+4	4.45082E+6	1.30573E+6	7.92796E+4	3.48601E+6
6.03000E+1	3.55118E+4	6.90254E+4	4.50278E+6	1.30886E+6	7.93832E+4	3.47857E+6
6.04000E+1	3.52956E+4	6.92863E+4	4.16564E+6	1.28306E+6	7.93272E+4	3.47816E+6
6.05000E+1	3.57275E+4	6.94444E+4	4.66677E+6	1.28875E+6	7.90613E+4	3.26884E+6
6.06000E+1	3.57406E+4	6.89408E+4	4.56504E+6	1.29908E+6	7.90221E+4	3.24993E+6
6.07000E+1	3.56006E+4	6.89004E+4	4.40002E+6	1.28250E+6	7.88890E+4	3.57430E+6
6.08000E+1	3.55237E+4	6.89353E+4	4.33065E+6	1.30103E+6	7.91699E+4	3.38691E+6
6.09000E+1	3.55598E+4	6.92448E+4	4.06770E+6	1.28553E+6	7.89457E+4	3.29686E+6
6.10000E+1	3.55965E+4	6.89096E+4	3.87350E+6	1.25534E+6	7.85412E+4	3.21948E+6
6.11000E+1	3.54279E+4	6.86251E+4	4.10098E+6	1.22395E+6	7.85772E+4	3.16295E+6
6.12000E+1	3.56972E+4	6.86214E+4	3.73316E+6	1.22576E+6	7.87870E+4	3.23625E+6
6.13000E+1	3.55669E+4	6.85134E+4	4.03439E+6	1.23954E+6	7.84776E+4	3.18262E+6
6.14000E+1	3.51278E+4	6.86480E+4	3.95818E+6	1.23729E+6	7.83596E+4	3.07549E+6
6.15000E+1	3.54048E+4	6.87727E+4	4.02341E+6	1.26242E+6	7.84386E+4	2.99939E+6
6.16000E+1	3.54509E+4	6.86828E+4	3.74170E+6	1.26921E+6	7.85689E+4	3.09609E+6
6.17000E+1	3.55663E+4	6.90917E+4	4.19040E+6	1.27114E+6	7.86039E+4	3.24235E+6
6.18000E+1	3.56131E+4	6.90973E+4	4.27507E+6	1.27023E+6	7.86070E+4	3.26957E+6
6.19000E+1	3.56937E+4	6.88737E+4	4.50346E+6	1.28269E+6	7.90386E+4	3.32875E+6
6.20000E+1	3.58136E+4	6.96741E+4	4.77533E+6	1.31386E+6	7.88437E+4	3.48642E+6
6.21000E+1	3.58101E+4	6.95656E+4	4.69549E+6	1.31877E+6	7.91295E+4	3.50810E+6
6.22000E+1	3.58814E+4	6.91894E+4	4.59539E+6	1.32385E+6	7.89241E+4	3.32006E+6
6.23000E+1	3.56593E+4	6.90927E+4	4.22870E+6	1.27772E+6	7.84181E+4	3.21063E+6
6.24000E+1	3.56830E+4	6.89261E+4	3.90943E+6	1.24174E+6	7.83627E+4	2.94109E+6
6.25000E+1	3.59403E+4	6.93214E+4	4.64419E+6	1.28460E+6	7.88663E+4	3.27580E+6
6.26000E+1	3.60416E+4	6.93722E+4	4.50074E+6	1.29662E+6	7.88447E+4	3.43939E+6
6.27000E+1	3.58576E+4	6.93408E+4	4.34333E+6	1.28041E+6	7.87005E+4	3.23410E+6
6.28000E+1	3.57133E+4	6.91590E+4	4.12903E+6	1.25997E+6	7.83125E+4	3.21522E+6
6.29000E+1	3.59874E+4	6.95258E+4	4.64491E+6	1.30129E+6	7.89333E+4	3.30468E+6
6.30000E+1	3.60941E+4	6.94573E+4	4.79070E+6	1.29712E+6	7.87304E+4	3.62010E+6
6.31000E+1	3.59528E+4	6.95545E+4	4.20588E+6	1.31200E+6	7.88457E+4	3.41176E+6
6.32000E+1	3.60267E+4	6.94629E+4	4.28992E+6	1.29971E+6	7.89313E+4	3.14691E+6
6.33000E+1	3.57121E+4	6.91102E+4	4.16388E+6	1.29068E+6	7.83166E+4	3.10798E+6
6.34000E+1	3.60112E+4	6.95026E+4	4.66677E+6	1.32183E+6	7.87314E+4	3.64569E+6
6.35000E+1	3.60631E+4	6.92688E+4	3.97737E+6	1.24541E+6	7.84386E+4	3.02403E+6
6.36000E+1	3.58588E+4	6.92928E+4	4.28681E+6	1.25315E+6	7.84714E+4	3.05355E+6
6.37000E+1	3.58416E+4	6.94888E+4	4.40524E+6	1.28219E+6	7.85309E+4	3.24993E+6
6.38000E+1	3.58059E+4	6.96676E+4	3.95129E+6	1.29668E+6	7.81631E+4	3.19691E+6
6.39000E+1	3.59844E+4	6.93251E+4	3.98703E+6	1.27668E+6	7.82541E+4	3.16089E+6
6.40000E+1	3.61759E+4	6.95804E+4	4.50893E+6	1.30293E+6	7.84919E+4	3.33140E+6
6.41000E+1	3.61568E+4	6.97112E+4	4.75095E+6	1.31877E+6	7.90159E+4	3.46337E+6
6.42000E+1	3.60023E+4	7.00626E+4	4.98041E+6	1.29581E+6	7.87232E+4	3.52453E+6
6.43000E+1	3.63074E+4	6.98217E+4	4.79301E+6	1.33670E+6	7.86882E+4	3.52792E+6
6.44000E+1	3.61747E+4	6.98328E+4	4.87855E+6	1.28844E+6	7.87438E+4	3.57517E+6
6.45000E+1	3.59481E+4	6.98607E+4	4.43420E+6	1.28962E+6	7.86234E+4	3.29500E+6
6.46000E+1	3.62363E+4	6.94027E+4	4.29738E+6	1.26039E+6	7.84242E+4	3.13270E+6
6.47000E+1	3.61693E+4	6.99807E+4	4.46622E+6	1.26451E+6	7.85186E+4	3.26920E+6
6.48000E+1	3.59594E+4	6.98142E+4	4.78377E+6	1.26188E+6	7.82541E+4	3.14997E+6
6.49000E+1	3.59909E+4	6.92946E+4	3.99296E+6	1.26776E+6	7.82306E+4	3.14453E+6
6.50000E+1	3.58933E+4	6.91719E+4	4.14406E+6	1.26295E+6	7.78680E+4	3.11629E+6
6.51000E+1	3.60672E+4	6.97047E+4	4.24993E+6	1.26475E+6	7.84806E+4	3.19586E+6
6.52000E+1	3.59070E+4	6.93417E+4	4.21246E+6	1.25168E+6	7.82500E+4	2.97910E+6
6.53000E+1	3.61938E+4	6.94860E+4	4.56014E+6	1.29468E+6	7.83729E+4	3.20745E+6
6.54000E+1	3.63661E+4	6.95962E+4	4.55594E+6	1.28553E+6	7.83955E+4	3.31742E+6
6.55000E+1	3.63242E+4	6.95452E+4	4.25298E+6	1.24053E+6	7.79904E+4	3.03413E+6
6.56000E+1	3.59564E+4	6.93639E+4	4.45015E+6	1.26325E+6	7.82889E+4	3.16364E+6
6.57000E+1	3.68501E+4	7.00226E+4	4.64346E+6	1.30796E+6	7.86214E+4	3.22588E+6
6.58000E+1	3.65161E+4	7.00217E+4	4.52749E+6	1.27060E+6	7.80527E+4	3.09839E+6
6.59000E+1	3.65011E+4	6.97566E+4	4.35993E+6	1.26927E+6	7.82316E+4	3.22945E+6
6.60000E+1	3.66206E+4	6.95443E+4	4.19456E+6	1.22265E+6	7.78853E+4	3.01276E+6
6.61000E+1	3.62775E+4	6.95360E+4	4.44083E+6	1.22462E+6	7.82234E+4	3.12431E+6
6.62000E+1	3.65779E+4	6.96064E+4	4.48510E+6	1.27765E+6	7.83012E+4	3.09182E+6
6.63000E+1	3.68924E+4	6.97121E+4	4.26952E+6	1.28447E+6	7.80915E+4	3.10235E+6
6.64000E+1	3.68912E+4	6.97149E+4	4.20110E+6	1.26625E+6	7.80241E+4	3.10898E+6
6.65000E+1	3.72604E+4	6.96917E+4	4.49869E+6	1.29700E+6	7.84006E+4	3.19691E+6
6.66000E+1	3.78854E+4	7.03108E+4	4.85392E+6	1.32739E+6	7.84273E+4	3.31893E+6
6.67000E+1	3.79528E+4	6.99035E+4	4.48375E+6	1.26854E+6	7.81804E+4	3.05933E+6
6.68000E+1	3.78615E+4	6.99500E+4	4.24993E+6	1.28299E+6	7.82070E+4	3.06448E+6
6.69000E+1	3.82754E+4	6.99565E+4	5.03759E+6	1.30154E+6	7.83340E+4	3.31141E+6
6.70000E+1	3.86306E+4	7.05167E+4	5.17018E+6	1.31709E+6	7.88241E+4	3.46910E+6
6.71000E+1	3.85959E+4	7.01475E+4	5.33252E+6	1.31709E+6	7.85032E+4	3.51735E+6
6.72000E+1	3.89869E+4	7.01120E+4	5.37661E+6	1.34729E+6	7.82459E+4	3.51609E+6
6.73000E+1	3.91345E+4	7.01923E+4	5.07701E+6	1.29367E+6	7.80067E+4	3.15952E+6
6.74000E+1	3.92238E+4	6.99872E+4	4.72456E+6	1.28146E+6	7.80701E+4	3.19167E+6
6.75000E+1	3.94470E+4	7.03501E+4	5.16839E+6	1.32666E+6	7.81815E+4	3.26263E+6
6.76000E+1	3.98832E+4	7.03034E+4	5.94746E+6	1.33140E+6	7.82838E+4	3.66980E+6
6.77000E+1	4.02333E+4	7.05738E+4	5.39309E+6	1.34924E+6	7.85392E+4	3.32648E+6
6.78000E+1	4.01668E+4	7.03763E+4	5.04440E+6	1.30446E+6	7.84570E+4	3.22624E+6
6.79000E+1	4.01263E+4	7.01717E+4	4.30737E+6	1.27436E+6	7.78099E+4	2.96330E+6
6.80000E+1	4.00713E+4	6.97186E+4	4.80306E+6	1.28639E+6	7.79904E+4	3.02121E+6
6.81000E+1	4.06769E+4	7.05776E+4	5.00800E+6	1.35700E+6	7.82408E+4	3.23159E+6
6.82000E+1	4.07988E+4	7.05026E+4	5.37178E+6	1.33757E+6	7.84796E+4	3.43335E+6
6.83000E+1	4.11426E+4	7.07606E+4	5.22534E+6	1.33637E+6	7.80394E+4	3.38809E+6
6.84000E+1	4.11965E+4	7.08029E+4	5.78689E+6	1.37276E+6	7.80956E+4	3.26008E+6
6.85000E+1	4.13888E+4	7.06423E+4	5.52651E+6	1.35645E+6	7.79598E+4	3.28131E+6
6.86000E+1	4.11747E+4	7.06320E+4	5.27793E+6	1.30611E+6	7.83197E+4	3.27690E+6
6.87000E+1	4.11150E+4	6.99342E+4	4.65218E+6	1.27199E+6	7.77865E+4	3.08887E+6
6.88000E+1	4.13142E+4	7.03501E+4	5.31546E+6	1.28962E+6	7.77275E+4	3.13001E+6
6.89000E+1	4.15500E+4	7.07700E+4	5.75579E+6	1.37430E+6	7.80987E+4	3.32648E+6
6.90000E+1	4.16056E+4	7.06526E+4	5.87988E+6	1.34399E+6	7.81160E+4	3.29983E+6
6.91000E+1	4.21178E+4	7.06470E+4	5.64417E+6	1.32975E+6	7.79292E+4	3.23625E+6
6.92000E+1	4.18307E+4	7.01447E+4	5.52651E+6	1.30053E+6	7.75384E+4	3.01026E+6
6.93000E+1	4.18819E+4	7.00207E+4	4.88255E+6	1.29242E+6	7.74470E+4	2.96996E+6
6.94000E+1	4.17944E+4	7.01960E+4	4.68440E+6	1.29311E+6	7.73153E+4	3.03128E+6
6.95000E+1	4.23648E+4	7.08950E+4	6.36030E+6	1.32588E+6	7.78466E+4	3.14419E+6
6.96000E+1	4.24138E+4	7.05607E+4	5.31357E+6	1.31464E+6	7.76319E+4	3.21345E+6
6.97000E+1	4.22174E+4	7.01540E+4	4.92368E+6	1.31084E+6	7.74085E+4	2.93811E+6
6.98000E+1	4.23465E+4	7.03744E+4	4.92774E+6	1.30319E+6	7.76634E+4	3.03445E+6
6.99000E+1	4.22135E+4	7.05982E+4	5.37854E+6	1.32046E+6	7.73051E+4	3.05837E+6
7.00000E+1	4.26658E+4	7.06676E+4	5.56244E+6	1.35871E+6	7.72090E+4	3.20604E+6
7.01000E+1	4.25250E+4	7.04399E+4	5.51938E+6	1.31573E+6	7.73609E+4	3.16604E+6
7.02000E+1	4.26756E+4	7.05307E+4	5.25473E+6	1.29908E+6	7.73619E+4	3.01713E+6
7.03000E+1	4.26474E+4	7.04493E+4	4.70738E+6	1.30732E+6	7.73690E+4	2.98553E+6
7.04000E+1	4.26297E+4	7.04006E+4	4.92530E+6	1.31644E+6	7.72009E+4	2.88868E+6
7.05000E+1	4.28944E+4	7.03052E+4	4.94654E+6	1.30420E+6	7.70281E+4	2.94796E+6
7.06000E+1	4.30478E+4	7.04530E+4	5.26399E+6	1.33937E+6	7.71038E+4	3.14929E+6
7.07000E+1	4.31137E+4	7.05364E+4	5.62510E+6	1.33074E+6	7.66563E+4	3.05259E+6
7.08000E+1	4.33186E+4	7.03482E+4	5.22808E+6	1.30950E+6	7.65839E+4	2.95817E+6
7.09000E+1	4.34723E+4	7.02212E+4	4.76692E+6	1.29537E+6	7.67056E+4	3.00094E+6
7.10000E+1	4.34782E+4	7.04418E+4	5.54083E+6	1.32725E+6	7.67227E+4	2.94826E+6
7.11000E+1	4.41921E+4	7.06873E+4	5.74696E+6	1.36768E+6	7.71372E+4	3.15099E+6
7.12000E+1	4.41532E+4	7.05982E+4	5.46199E+6	1.35947E+6	7.69322E+4	3.24885E+6
7.13000E+1	4.37753E+4	7.07888E+4	5.68485E+6	1.32503E+6	7.67005E+4	3.14453E+6
7.14000E+1	4.42356E+4	7.06020E+4	5.36985E+6	1.30173E+6	7.65869E+4	3.00125E+6
7.15000E+1	4.39574E+4	7.04858E+4	5.03929E+6	1.31858E+6	7.63782E+4	2.93010E+6
7.16000E+1	4.39407E+4	7.01531E+4	5.01726E+6	1.31715E+6	7.63652E+4	3.01588E+6
7.17000E+1	4.39814E+4	7.05279E+4	5.19355E+6	1.34030E+6	7.64193E+4	2.94885E+6
7.18000E+1	4.41492E+4	7.04586E+4	5.23357E+6	1.37598E+6	7.62911E+4	3.00901E+6
7.19000E+1	4.40783E+4	7.03445E+4	4.86819E+6	1.33850E+6	7.60931E+4	2.94467E+6
7.20000E+1	4.41124E+4	7.04156E+4	4.94819E+6	1.32712E+6	7.62370E+4	2.99599E+6
7.21000E+1	4.42846E+4	7.07888E+4	5.21986E+6	1.33717E+6	7.64163E+4	3.07192E+6
7.22000E+1	4.42122E+4	7.01521E+4	5.01389E+6	1.32365E+6	7.61190E+4	3.07257E+6
7.23000E+1	4.42765E+4	7.03772E+4	4.94572E+6	1.34843E+6	7.59982E+4	3.00746E+6
7.24000E+1	4.41385E+4	7.04736E+4	5.10653E+6	1.30414E+6	7.59693E+4	2.93040E+6
7.25000E+1	4.43765E+4	7.01391E+4	5.09086E+6	1.34715E+6	7.58945E+4	3.09938E+6
7.26000E+1	4.46281E+4	7.07540E+4	5.44807E+6	1.41540E+6	7.63873E+4	3.25102E+6
7.27000E+1	4.48002E+4	7.09355E+4	6.22471E+6	1.39742E+6	7.66653E+4	3.37092E+6
7.28000E+1	4.48198E+4	7.06451E+4	5.89027E+6	1.38219E+6	7.60182E+4	3.13844E+6
7.29000E+1	4.48846E+4	7.08771E+4	6.03228E+6	1.37416E+6	7.62350E+4	3.43456E+6
7.30000E+1	4.53684E+4	7.11155E+4	6.72688E+6	1.40840E+6	7.62010E+4	3.26701E+6
7.31000E+1	4.54052E+4	7.10259E+4	6.33218E+6	1.39597E+6	7.65538E+4	3.44182E+6
7.32000E+1	4.51774E+4	7.10551E+4	6.28455E+6	1.40438E+6	7.62440E+4	3.47034E+6
7.33000E+1	4.51333E+4	7.11334E+4	7.24722E+6	1.40424E+6	7.62641E+4	3.38613E+6
7.34000E+1	4.52046E+4	7.11655E+4	5.87643E+6	1.42741E+6	7.61790E+4	3.36009E+6
7.35000E+1	4.49760E+4	7.05673E+4	5.30509E+6	1.34264E+6	7.56894E+4	3.14182E+6
7.36000E+1	4.49523E+4	7.07512E+4	5.80593E+6	1.36879E+6	7.61190E+4	3.27910E+6
7.37000E+1	4.52358E+4	7.11466E+4	6.55704E+6	1.41075E+6	7.62871E+4	3.38456E+6
7.38000E+1	4.53058E+4	7.08884E+4	5.93570E+6	1.42149E+6	7.60022E+4	3.32648E+6
7.39000E+1	4.52052E+4	7.09270E+4	6.66145E+6	1.41267E+6	7.60261E+4	3.32761E+6
7.40000E+1	4.48035E+4	7.10910E+4	6.08852E+6	1.39439E+6	7.58516E+4	3.26263E+6
7.41000E+1	4.49510E+4	7.09167E+4	5.99496E+6	1.37683E+6	7.58915E+4	3.09280E+6
7.42000E+1	4.45729E+4	7.05345E+4	5.53775E+6	1.35823E+6	7.56168E+4	3.02750E+6
7.43000E+1	4.48089E+4	7.05195E+4	5.06151E+6	1.33683E+6	7.55473E+4	2.95425E+6
7.44000E+1	4.46679E+4	7.04568E+4	4.69920E+6	1.32046E+6	7.55453E+4	2.86102E+6
7.45000E+1	4.45608E+4	7.02669E+4	4.90343E+6	1.33504E+6	7.53995E+4	2.88695E+6
7.46000E+1	4.45587E+4	7.02044E+4	4.76159E+6	1.33114E+6	7.55126E+4	2.94646E+6
7.47000E+1	4.45843E+4	7.03959E+4	4.91475E+6	1.33352E+6	7.51442E+4	2.95365E+6
7.48000E+1	4.44101E+4	7.07935E+4	4.96631E+6	1.33610E+6	7.52846E+4	2.97209E+6
7.49000E+1	4.44430E+4	7.04773E+4	5.10479E+6	1.34311E+6	7.52054E+4	3.00435E+6
7.50000E+1	4.47401E+4	7.04633E+4	4.90343E+6	1.31955E+6	7.52292E+4	3.03539E+6
7.51000E+1	4.46942E+4	7.04792E+4	5.38145E+6	1.34729E+6	7.53282E+4	3.07777E+6
7.52000E+1	4.47090E+4	7.05373E+4	4.98374E+6	1.32725E+6	7.52322E+4	3.01151E+6
7.53000E+1	4.44128E+4	7.04212E+4	6.12451E+6	1.32850E+6	7.51906E+4	3.00590E+6
7.54000E+1	4.42102E+4	7.03772E+4	5.16392E+6	1.32431E+6	7.52074E+4	3.03223E+6
7.55000E+1	4.41037E+4	7.06301E+4	5.35160E+6	1.36512E+6	7.53975E+4	2.94109E+6
7.56000E+1	4.46713E+4	7.07587E+4	5.17197E+6	1.37732E+6	7.55007E+4	3.07289E+6
7.57000E+1	4.48833E+4	7.09901E+4	5.24551E+6	1.37437E+6	7.56327E+4	3.27763E+6
7.58000E+1	4.45695E+4	7.06667E+4	5.35160E+6	1.34412E+6	7.50582E+4	2.99383E+6
7.59000E+1	4.40041E+4	7.07305E+4	5.03419E+6	1.33650E+6	7.54025E+4	2.97574E+6
7.60000E+1	4.44336E+4	7.07164E+4	5.13375E+6	1.33451E+6	7.52054E+4	3.24056E+6
7.61000E+1	4.40255E+4	7.07484E+4	4.98041E+6	1.35386E+6	7.49645E+4	3.02876E+6
7.62000E+1	4.43094E+4	7.08461E+4	5.31168E+6	1.38162E+6	7.51274E+4	3.06804E+6
7.63000E+1	4.46416E+4	7.12609E+4	5.83415E+6	1.38531E+6	7.54372E+4	3.35163E+6
7.64000E+1	4.45426E+4	7.14226E+4	5.40087E+6	1.41068E+6	7.56665E+4	3.27947E+6
7.65000E+1	4.46167E+4	7.13620E+4	5.92866E+6	1.42921E+6	7.56387E+4	3.44222E+6
7.66000E+1	4.42926E+4	7.11740E+4	5.90069E+6	1.36803E+6	7.54590E+4	3.21027E+6
7.67000E+1	4.40830E+4	7.08771E+4	5.49709E+6	1.37802E+6	7.51975E+4	3.34320E+6
7.68000E+1	4.39080E+4	7.07963E+4	4.77457E+6	1.32817E+6	7.50799E+4	2.99661E+6
7.69000E+1	4.38053E+4	7.05167E+4	4.97460E+6	1.32189E+6	7.49635E+4	2.97179E+6
7.70000E+1	4.39554E+4	7.03987E+4	4.92774E+6	1.30357E+6	7.51619E+4	3.09412E+6
7.71000E+1	4.40850E+4	7.05542E+4	5.40380E+6	1.30950E+6	7.49664E+4	2.91744E+6
7.72000E+1	4.40255E+4	7.07643E+4	5.02825E+6	1.33028E+6	7.49881E+4	2.96179E+6
7.73000E+1	4.39927E+4	7.09750E+4	4.78839E+6	1.33544E+6	7.51185E+4	2.98583E+6
7.74000E+1	4.37840E+4	7.09656E+4	4.80616E+6	1.34405E+6	7.48561E+4	3.01369E+6
7.75000E+1	4.37667E+4	7.07042E+4	4.93427E+6	1.33153E+6	7.48304E+4	3.04238E+6
7.76000E+1	4.42015E+4	7.11787E+4	4.82172E+6	1.34104E+6	7.48708E+4	3.04748E+6
7.77000E+1	4.41660E+4	7.13933E+4	5.85236E+6	1.36872E+6	7.52064E+4	3.38378E+6
7.78000E+1	4.45123E+4	7.15856E+4	5.93570E+6	1.41889E+6	7.54838E+4	3.40740E+6
7.79000E+1	4.45089E+4	7.10843E+4	6.24799E+6	1.43519E+6	7.54699E+4	3.33901E+6
7.80000E+1	4.43752E+4	7.14889E+4	6.69996E+6	1.44037E+6	7.55453E+4	3.43939E+6
7.81000E+1	4.48123E+4	7.15022E+4	5.49911E+6	1.42500E+6	7.53371E+4	3.51146E+6
7.82000E+1	4.44356E+4	7.11768E+4	5.46997E+6	1.35632E+6	7.49162E+4	3.11963E+6
7.83000E+1	4.42819E+4	7.14245E+4	4.90908E+6	1.34425E+6	7.47970E+4	3.07095E+6
7.84000E+1	4.42061E+4	7.09619E+4	4.85076E+6	1.32307E+6	7.48787E+4	3.16845E+6
7.85000E+1	4.42611E+4	7.11249E+4	5.18994E+6	1.35755E+6	7.50898E+4	2.98032E+6
7.86000E+1	4.44074E+4	7.11192E+4	4.90989E+6	1.36318E+6	7.49793E+4	3.11896E+6
7.87000E+1	4.43376E+4	7.12070E+4	5.15946E+6	1.35026E+6	7.49004E+4	3.17811E+6
7.88000E+1	4.44666E+4	7.14037E+4	5.70976E+6	1.39864E+6	7.52787E+4	3.31931E+6
7.89000E+1	4.45736E+4	7.19287E+4	5.84211E+6	1.43770E+6	7.51906E+4	3.67117E+6
7.90000E+1	4.45338E+4	7.18392E+4	6.04078E+6	1.43382E+6	7.52975E+4	3.36743E+6
7.91000E+1	4.44383E+4	7.15666E+4	5.14170E+6	1.36525E+6	7.48531E+4	3.29425E+6
7.92000E+1	4.42698E+4	7.13592E+4	5.19355E+6	1.39720E+6	7.50256E+4	3.23052E+6
7.93000E+1	4.40455E+4	7.11966E+4	5.08479E+6	1.38155E+6	7.48935E+4	3.13675E+6
7.94000E+1	4.39894E+4	7.10872E+4	4.87456E+6	1.35611E+6	7.46652E+4	2.99661E+6
7.95000E+1	4.40034E+4	7.09722E+4	4.98374E+6	1.36160E+6	7.45277E+4	3.06545E+6
7.96000E+1	4.40830E+4	7.10580E+4	4.76387E+6	1.33140E+6	7.48206E+4	3.01619E+6
7.97000E+1	4.38960E+4	7.11164E+4	4.83188E+6	1.36539E+6	7.50592E+4	3.01432E+6
7.98000E+1	4.41024E+4	7.14889E+4	5.11090E+6	1.33319E+6	7.47960E+4	3.02341E+6
7.99000E+1	4.41787E+4	7.13838E+4	4.75854E+6	1.32909E+6	7.52025E+4	3.21169E+6
8.00000E+1	4.44719E+4	7.19773E+4	5.79136E+6	1.41889E+6	7.53856E+4	3.54711E+6
8.01000E+1	4.42671E+4	7.13724E+4	5.41260E+6	1.36809E+6	7.48610E+4	3.28722E+6
8.02000E+1	4.42363E+4	7.16549E+4	5.66551E+6	1.32831E+6	7.46593E+4	3.08135E+6
8.03000E+1	4.42504E+4	7.14936E+4	4.98707E+6	1.35454E+6	7.49063E+4	3.23984E+6
8.04000E+1	4.43349E+4	7.18002E+4	5.20894E+6	1.40511E+6	7.49576E+4	3.19481E+6
8.05000E+1	4.42531E+4	7.19763E+4	5.66765E+6	1.39763E+6	7.54302E+4	3.14453E+6
8.06000E+1	4.44840E+4	7.19639E+4	6.12701E+6	1.35332E+6	7.51669E+4	3.44061E+6
8.07000E+1	4.41131E+4	7.19735E+4	5.42732E+6	1.38830E+6	7.50878E+4	3.31179E+6
8.08000E+1	4.41954E+4	7.19754E+4	5.45303E+6	1.37605E+6	7.49418E+4	3.27213E+6
8.09000E+1	4.43994E+4	7.17242E+4	5.17735E+6	1.36153E+6	7.49300E+4	3.19621E+6
8.10000E+1	4.43403E+4	7.19363E+4	5.68917E+6	1.38452E+6	7.52678E+4	3.32648E+6
8.11000E+1	4.42765E+4	7.20249E+4	6.11454E+6	1.43633E+6	7.52895E+4	3.31818E+6
8.12000E+1	4.42450E+4	7.17860E+4	5.81380E+6	1.39778E+6	7.52232E+4	3.30132E+6
8.13000E+1	4.40088E+4	7.19020E+4	5.06065E+6	1.35905E+6	7.48639E+4	3.09839E+6
8.14000E+1	4.38913E+4	7.14700E+4	4.73433E+6	1.36532E+6	7.46455E+4	3.20182E+6
8.15000E+1	4.39934E+4	7.20602E+4	5.94510E+6	1.40958E+6	7.51432E+4	3.35355E+6
8.16000E+1	4.38546E+4	7.18326E+4	5.09781E+6	1.32339E+6	7.47320E+4	3.13304E+6
8.17000E+1	4.38653E+4	7.17793E+4	5.47698E+6	1.38389E+6	7.52312E+4	3.47198E+6
8.18000E+1	4.37274E+4	7.17308E+4	4.88575E+6	1.32982E+6	7.47202E+4	3.15747E+6
8.19000E+1	4.38146E+4	7.19658E+4	5.61246E+6	1.38566E+6	7.49359E+4	3.18019E+6
8.20000E+1	4.35632E+4	7.16786E+4	4.72082E+6	1.33233E+6	7.47222E+4	3.23446E+6
8.21000E+1	4.38653E+4	7.19325E+4	5.60196E+6	1.36470E+6	7.50523E+4	3.31292E+6
8.22000E+1	4.36595E+4	7.17574E+4	4.67337E+6	1.33438E+6	7.49240E+4	2.90313E+6
8.23000E+1	4.35380E+4	7.19849E+4	5.23632E+6	1.38644E+6	7.52391E+4	3.37754E+6
8.24000E+1	4.40756E+4	7.24129E+4	6.15084E+6	1.41970E+6	7.52806E+4	3.41216E+6
8.25000E+1	4.38586E+4	7.21891E+4	5.80930E+6	1.36823E+6	7.50839E+4	3.29983E+6
8.26000E+1	4.35851E+4	7.18126E+4	4.82797E+6	1.33074E+6	7.49931E+4	2.99970E+6
8.27000E+1	4.34908E+4	7.18402E+4	4.81470E+6	1.32890E+6	7.47891E+4	3.05580E+6
8.28000E+1	4.34763E+4	7.18973E+4	5.70432E+6	1.35386E+6	7.52688E+4	3.32006E+6
8.29000E+1	4.36974E+4	7.23315E+4	5.68593E+6	1.39230E+6	7.51422E+4	3.43818E+6
8.30000E+1	4.34935E+4	7.22770E+4	5.31640E+6	1.35885E+6	7.52025E+4	3.05997E+6
8.31000E+1	4.33232E+4	7.22493E+4	4.70143E+6	1.33279E+6	7.48373E+4	3.19516E+6
8.32000E+1	4.33014E+4	7.24493E+4	5.88104E+6	1.39109E+6	7.53599E+4	3.42332E+6
8.33000E+1	4.32987E+4	7.23439E+4	5.53366E+6	1.37964E+6	7.50168E+4	3.29760E+6
8.34000E+1	4.31395E+4	7.21031E+4	5.10828E+6	1.34945E+6	7.46662E+4	3.07679E+6
8.35000E+1	4.30484E+4	7.21604E+4	4.92612E+6	1.30624E+6	7.49507E+4	3.01338E+6
8.36000E+1	4.32002E+4	7.21910E+4	5.59673E+6	1.38815E+6	7.50197E+4	3.31742E+6
8.37000E+1	4.34067E+4	7.21786E+4	5.00045E+6	1.35461E+6	7.48797E+4	3.22838E+6
8.38000E+1	4.31771E+4	7.23707E+4	4.97543E+6	1.38190E+6	7.49497E+4	3.31479E+6
8.39000E+1	4.32782E+4	7.26267E+4	5.40868E+6	1.37760E+6	7.49911E+4	3.25391E+6
8.40000E+1	4.29569E+4	7.24895E+4	5.02910E+6	1.37711E+6	7.47163E+4	3.28907E+6
8.41000E+1	4.31936E+4	7.24416E+4	5.64630E+6	1.37577E+6	7.53212E+4	3.35739E+6
8.42000E+1	4.32961E+4	7.25835E+4	5.68162E+6	1.39051E+6	7.56536E+4	3.35470E+6
8.43000E+1	4.30017E+4	7.23573E+4	5.11353E+6	1.35243E+6	7.50187E+4	3.17777E+6
8.44000E+1	4.28095E+4	7.18506E+4	5.15146E+6	1.33697E+6	7.49398E+4	3.05997E+6
8.45000E+1	4.26501E+4	7.19239E+4	4.64999E+6	1.33857E+6	7.47153E+4	3.11929E+6
8.46000E+1	4.27065E+4	7.23286E+4	4.64709E+6	1.32170E+6	7.45591E+4	3.07972E+6
8.47000E+1	4.27754E+4	7.21232E+4	4.70738E+6	1.30040E+6	7.48846E+4	3.03666E+6
8.48000E+1	4.26697E+4	7.24780E+4	4.72156E+6	1.32831E+6	7.48935E+4	2.98002E+6
8.49000E+1	4.25583E+4	7.22741E+4	4.43089E+6	1.31651E+6	7.53926E+4	3.17362E+6
8.50000E+1	4.24282E+4	7.19030E+4	4.84052E+6	1.31206E+6	7.49093E+4	3.03984E+6
8.51000E+1	4.27662E+4	7.24043E+4	4.64564E+6	1.33997E+6	7.48629E+4	3.13844E+6
8.52000E+1	4.25832E+4	7.23554E+4	5.13286E+6	1.36263E+6	7.51017E+4	3.25718E+6
8.53000E+1	4.27511E+4	7.21958E+4	5.16660E+6	1.37144E+6	7.52430E+4	3.22161E+6
8.54000E+1	4.24988E+4	7.23497E+4	5.03419E+6	1.33411E+6	7.52935E+4	3.27800E+6
8.55000E+1	4.23465E+4	7.19335E+4	4.71857E+6	1.30847E+6	7.48600E+4	3.03255E+6
8.56000E+1	4.25119E+4	7.22894E+4	4.39481E+6	1.34231E+6	7.50020E+4	3.09116E+6
8.57000E+1	4.26907E+4	7.28998E+4	4.67484E+6	1.32588E+6	7.50483E+4	3.00466E+6
8.58000E+1	4.27938E+4	7.25010E+4	4.80616E+6	1.31651E+6	7.50286E+4	3.09247E+6
8.59000E+1	4.30511E+4	7.28959E+4	5.26399E+6	1.36955E+6	7.54957E+4	3.24812E+6
8.60000E+1	4.27793E+4	7.28314E+4	5.27420E+6	1.39245E+6	7.51975E+4	3.43295E+6
8.61000E+1	4.27347E+4	7.30289E+4	5.96518E+6	1.34513E+6	7.54808E+4	3.34932E+6
8.62000E+1	4.25741E+4	7.32356E+4	5.10915E+6	1.36401E+6	7.51254E+4	3.40344E+6
8.63000E+1	4.25243E+4	7.24282E+4	4.87536E+6	1.32548E+6	7.54927E+4	3.08396E+6
8.64000E+1	4.23988E+4	7.23085E+4	4.32749E+6	1.30363E+6	7.50483E+4	3.09905E+6
8.65000E+1	4.26645E+4	7.21566E+4	4.47160E+6	1.28918E+6	7.50859E+4	3.03191E+6
8.66000E+1	4.25714E+4	7.27785E+4	5.01389E+6	1.34291E+6	7.52787E+4	3.25210E+6
8.67000E+1	4.26724E+4	7.25595E+4	5.65269E+6	1.35577E+6	7.55145E+4	3.30879E+6
8.68000E+1	4.30241E+4	7.32704E+4	6.29771E+6	1.40402E+6	7.54818E+4	3.52453E+6
8.69000E+1	4.30814E+4	7.30444E+4	5.50113E+6	1.36997E+6	7.52965E+4	3.26445E+6
8.70000E+1	4.29259E+4	7.23746E+4	4.51716E+6	1.31303E+6	7.52411E+4	2.98768E+6
8.71000E+1	4.29141E+4	7.24723E+4	4.60678E+6	1.32424E+6	7.48925E+4	3.02876E+6
8.72000E+1	4.30471E+4	7.27410E+4	4.40132E+6	1.31825E+6	7.51165E+4	3.12464E+6
8.73000E+1	4.31639E+4	7.31283E+4	5.28913E+6	1.35981E+6	7.53400E+4	3.10401E+6
8.74000E+1	4.33014E+4	7.26411E+4	4.78454E+6	1.36976E+6	7.51758E+4	3.21735E+6
8.75000E+1	4.28990E+4	7.26622E+4	4.55944E+6	1.32228E+6	7.48304E+4	2.98522E+6
8.76000E+1	4.31144E+4	7.24464E+4	4.82640E+6	1.34567E+6	7.49349E+4	3.03350E+6
8.77000E+1	4.30109E+4	7.26526E+4	4.56014E+6	1.34184E+6	7.49033E+4	3.06481E+6
8.78000E+1	4.33722E+4	7.30724E+4	4.98707E+6	1.36796E+6	7.50345E+4	3.13473E+6
8.79000E+1	4.33073E+4	7.32443E+4	5.58213E+6	1.42786E+6	7.54878E+4	3.40780E+6
8.80000E+1	4.37307E+4	7.31032E+4	5.15146E+6	1.35967E+6	7.50553E+4	3.32044E+6
8.81000E+1	4.34650E+4	7.25969E+4	4.91070E+6	1.36070E+6	7.50197E+4	3.08331E+6
8.82000E+1	4.32247E+4	7.26776E+4	4.47969E+6	1.30777E+6	7.47793E+4	3.05387E+6
8.83000E+1	4.33232E+4	7.29364E+4	4.85709E+6	1.35686E+6	7.49724E+4	3.23374E+6
8.84000E+1	4.33398E+4	7.27602E+4	4.97294E+6	1.37367E+6	7.55503E+4	3.29537E+6
8.85000E+1	4.33126E+4	7.33469E+4	5.18274E+6	1.38105E+6	7.50997E+4	3.24885E+6
8.86000E+1	4.36875E+4	7.34369E+4	5.48500E+6	1.39432E+6	7.54758E+4	3.61832E+6
8.87000E+1	4.39614E+4	7.37719E+4	5.74807E+6	1.40285E+6	7.52114E+4	3.45033E+6
8.88000E+1	4.40148E+4	7.36543E+4	5.33252E+6	1.42680E+6	7.54263E+4	3.42773E+6
8.89000E+1	4.38586E+4	7.36805E+4	5.39600E+6	1.41171E+6	7.52925E+4	3.55397E+6
8.90000E+1	4.39854E+4	7.35009E+4	5.32492E+6	1.42605E+6	7.52955E+4	3.59354E+6
8.91000E+1	4.40402E+4	7.36115E+4	5.54288E+6	1.38538E+6	7.52915E+4	3.44789E+6
8.92000E+1	4.38013E+4	7.35058E+4	5.37275E+6	1.38304E+6	7.53341E+4	3.43536E+6
8.93000E+1	4.37980E+4	7.32240E+4	5.97349E+6	1.37858E+6	7.53509E+4	3.63308E+6
8.94000E+1	4.40302E+4	7.33672E+4	5.76575E+6	1.36719E+6	7.54193E+4	3.31479E+6
8.95000E+1	4.38006E+4	7.28401E+4	4.90021E+6	1.36249E+6	7.52134E+4	3.18575E+6
8.96000E+1	4.37227E+4	7.28911E+4	4.75474E+6	1.34783E+6	7.46838E+4	3.04620E+6
8.97000E+1	4.33961E+4	7.28853E+4	4.83816E+6	1.38894E+6	7.46347E+4	2.99939E+6
8.98000E+1	4.39240E+4	7.33575E+4	5.25381E+6	1.38673E+6	7.52262E+4	3.30431E+6
8.99000E+1	4.39981E+4	7.31950E+4	5.76021E+6	1.41703E+6	7.53202E+4	3.28537E+6
9.00000E+1	4.36542E+4	7.30830E+4	4.83737E+6	1.37676E+6	7.48984E+4	3.18644E+6
9.01000E+1	4.37174E+4	7.30000E+4	4.69846E+6	1.32916E+6	7.49270E+4	3.08592E+6
9.02000E+1	4.39226E+4	7.32163E+4	5.40673E+6	1.37116E+6	7.51659E+4	3.21133E+6
9.03000E+1	4.41365E+4	7.35397E+4	5.80144E+6	1.44274E+6	7.54213E+4	3.38887E+6
9.04000E+1	4.40589E+4	7.37457E+4	5.00884E+6	1.38723E+6	7.51066E+4	3.36743E+6
9.05000E+1	4.38493E+4	7.29065E+4	4.83423E+6	1.35762E+6	7.48245E+4	3.09510E+6
9.06000E+1	4.36702E+4	7.38011E+4	5.33157E+6	1.38268E+6	7.48285E+4	3.39122E+6
9.07000E+1	4.39747E+4	7.36708E+4	5.35927E+6	1.38084E+6	7.51738E+4	3.41375E+6
9.08000E+1	4.39560E+4	7.30965E+4	4.75019E+6	1.37304E+6	7.47251E+4	3.03730E+6
9.09000E+1	4.41238E+4	7.37204E+4	5.45403E+6	1.43762E+6	7.54699E+4	3.38926E+6
9.10000E+1	4.39554E+4	7.36757E+4	5.04270E+6	1.38502E+6	7.49467E+4	3.20534E+6
9.11000E+1	4.39353E+4	7.32927E+4	4.71483E+6	1.36685E+6	7.47094E+4	3.28870E+6
9.12000E+1	4.42745E+4	7.39443E+4	5.95926E+6	1.42680E+6	7.52925E+4	3.36705E+6
9.13000E+1	4.43007E+4	7.34893E+4	5.33062E+6	1.38880E+6	7.50138E+4	3.17017E+6
9.14000E+1	4.38726E+4	7.31844E+4	4.47699E+6	1.36180E+6	7.46278E+4	3.00964E+6
9.15000E+1	4.45042E+4	7.37379E+4	5.51227E+6	1.40584E+6	7.54213E+4	3.51525E+6
9.16000E+1	4.41526E+4	7.37077E+4	5.36215E+6	1.42216E+6	7.51699E+4	3.14623E+6
9.17000E+1	4.41834E+4	7.31583E+4	4.98207E+6	1.39396E+6	7.48758E+4	3.04238E+6
9.18000E+1	4.47003E+4	7.35223E+4	5.63568E+6	1.43170E+6	7.49753E+4	3.37054E+6
9.19000E+1	4.43436E+4	7.32849E+4	4.77610E+6	1.34864E+6	7.47763E+4	3.23697E+6
9.20000E+1	4.44881E+4	7.37972E+4	6.16471E+6	1.43876E+6	7.51461E+4	3.36163E+6
9.21000E+1	4.46470E+4	7.37291E+4	5.67302E+6	1.40965E+6	7.49171E+4	3.57561E+6
9.22000E+1	4.41780E+4	7.33769E+4	4.97460E+6	1.36719E+6	7.49852E+4	3.27506E+6
9.23000E+1	4.45911E+4	7.38128E+4	4.80073E+6	1.41592E+6	7.47212E+4	3.30058E+6
9.24000E+1	4.44551E+4	7.35271E+4	5.21713E+6	1.37304E+6	7.50000E+4	3.33406E+6
9.25000E+1	4.45998E+4	7.38069E+4	5.16660E+6	1.36512E+6	7.47094E+4	3.20534E+6
9.26000E+1	4.46146E+4	7.39053E+4	5.21439E+6	1.38431E+6	7.49655E+4	3.19796E+6
9.27000E+1	4.46524E+4	7.37262E+4	5.10653E+6	1.38481E+6	7.46259E+4	3.28205E+6
9.28000E+1	4.48792E+4	7.39063E+4	5.72721E+6	1.42530E+6	7.50464E+4	3.57866E+6
9.29000E+1	4.46847E+4	7.39033E+4	4.97875E+6	1.38958E+6	7.46760E+4	3.15884E+6
9.30000E+1	4.45810E+4	7.37826E+4	5.20713E+6	1.42291E+6	7.50681E+4	3.31479E+6
9.31000E+1	4.47650E+4	7.38138E+4	5.36119E+6	1.38801E+6	7.48600E+4	3.38417E+6
9.32000E+1	4.46996E+4	7.38284E+4	5.43126E+6	1.41651E+6	7.51471E+4	3.45602E+6
9.33000E+1	4.51061E+4	7.42793E+4	5.62933E+6	1.41592E+6	7.46180E+4	3.55785E+6
9.34000E+1	4.45863E+4	7.42216E+4	5.18904E+6	1.39094E+6	7.51096E+4	3.21700E+6
9.35000E+1	4.46557E+4	7.40926E+4	4.94819E+6	1.40082E+6	7.47635E+4	3.16055E+6
9.36000E+1	4.44962E+4	7.37962E+4	5.24275E+6	1.41562E+6	7.49872E+4	3.25790E+6
9.37000E+1	4.47111E+4	7.39618E+4	5.04867E+6	1.38289E+6	7.48255E+4	3.20112E+6
9.38000E+1	4.44800E+4	7.39004E+4	5.49608E+6	1.40285E+6	7.49872E+4	3.43255E+6
9.39000E+1	4.45520E+4	7.39755E+4	5.21348E+6	1.41488E+6	7.49448E+4	3.31442E+6
9.40000E+1	4.46180E+4	7.40613E+4	5.73817E+6	1.41208E+6	7.49201E+4	3.29834E+6
9.41000E+1	4.47124E+4	7.46480E+4	5.07873E+6	1.42523E+6	7.48629E+4	3.42332E+6
9.42000E+1	4.46537E+4	7.39492E+4	5.07097E+6	1.37858E+6	7.47369E+4	3.28500E+6
9.43000E+1	4.46220E+4	7.43165E+4	5.11703E+6	1.37346E+6	7.47271E+4	3.40819E+6
9.44000E+1	4.44948E+4	7.41043E+4	4.98041E+6	1.37220E+6	7.49733E+4	3.27800E+6
9.45000E+1	4.45244E+4	7.44419E+4	5.48300E+6	1.42231E+6	7.51066E+4	3.57648E+6
9.46000E+1	4.46086E+4	7.43507E+4	5.39017E+6	1.39073E+6	7.47635E+4	3.19551E+6
9.47000E+1	4.45210E+4	7.44222E+4	5.33062E+6	1.41127E+6	7.45296E+4	3.23912E+6
9.48000E+1	4.45130E+4	7.43615E+4	4.73508E+6	1.42598E+6	7.47842E+4	3.29611E+6
9.49000E+1	4.47779E+4	7.46313E+4	5.73597E+6	1.42075E+6	7.50898E+4	3.48105E+6
9.50000E+1	4.45520E+4	7.41903E+4	5.07011E+6	1.37957E+6	7.45866E+4	3.20253E+6
9.51000E+1	4.46618E+4	7.46647E+4	5.26584E+6	1.41889E+6	7.51521E+4	3.48270E+6
9.52000E+1	4.43376E+4	7.44350E+4	5.22625E+6	1.33917E+6	7.48728E+4	3.43134E+6
9.53000E+1	4.46935E+4	7.45733E+4	6.11579E+6	1.39864E+6	7.49349E+4	3.37248E+6
9.54000E+1	4.40489E+4	7.42284E+4	4.96631E+6	1.34945E+6	7.46268E+4	3.23124E+6
