0.00000E+0	4.68961E+4	4.77674E+4	5.18265E+6	1.41607E+6	8.41951E+4	3.31048E+6
1.00000E-1	4.12740E+4	4.20368E+4	5.29278E+6	1.34238E+6	7.85755E+4	3.27782E+6
2.00000E-1	4.11757E+4	4.18946E+4	5.02986E+6	1.33002E+6	7.82668E+4	3.29890E+6
3.00000E-1	4.12952E+4	4.19478E+4	5.14693E+6	1.35940E+6	7.79092E+4	3.19779E+6
4.00000E-1	4.13866E+4	4.18667E+4	5.06486E+6	1.34217E+6	7.82791E+4	3.47136E+6
5.00000E-1	4.13429E+4	4.19459E+4	5.08470E+6	1.34399E+6	7.83303E+4	3.36763E+6
6.00000E-1	4.14060E+4	4.20621E+4	4.98949E+6	1.36962E+6	7.78022E+4	3.40562E+6
7.00000E-1	4.15995E+4	4.20908E+4	5.34386E+6	1.36360E+6	7.79694E+4	3.28999E+6
8.00000E-1	4.18039E+4	4.21767E+4	4.91224E+6	1.31431E+6	7.79367E+4	3.22820E+6
9.00000E-1	4.16673E+4	4.21708E+4	4.85780E+6	1.32811E+6	7.76892E+4	3.17275E+6
1.00000E+0	4.18123E+4	4.22470E+4	4.91143E+6	1.36477E+6	7.79000E+4	3.29741E+6
1.10000E+0	4.18052E+4	4.21591E+4	5.31442E+6	1.35851E+6	7.81236E+4	3.39260E+6
1.20000E+0	4.19875E+4	4.22314E+4	4.89530E+6	1.36518E+6	7.75469E+4	3.25627E+6
1.30000E+0	4.17333E+4	4.23155E+4	5.23623E+6	1.32503E+6	7.79816E+4	3.34875E+6
1.40000E+0	4.20772E+4	4.24193E+4	5.17457E+6	1.34607E+6	7.76699E+4	3.27268E+6
1.50000E+0	4.19349E+4	4.25364E+4	5.30217E+6	1.35236E+6	7.76841E+4	3.23070E+6
1.60000E+0	4.23110E+4	4.24331E+4	5.13101E+6	1.36622E+6	7.77991E+4	3.27415E+6
1.70000E+0	4.22817E+4	4.26648E+4	5.46688E+6	1.36105E+6	7.78002E+4	3.25990E+6
1.80000E+0	4.23495E+4	4.25783E+4	5.52132E+6	1.36015E+6	7.78633E+4	3.28777E+6
1.90000E+0	4.24769E+4	4.26838E+4	5.04006E+6	1.35101E+6	7.75591E+4	3.14606E+6
2.00000E+0	4.24697E+4	4.26766E+4	4.94975E+6	1.36942E+6	7.77431E+4	3.24975E+6
2.10000E+0	4.23972E+4	4.26353E+4	5.26019E+6	1.31871E+6	7.75997E+4	3.22927E+6
2.20000E+0	4.24678E+4	4.28099E+4	5.23990E+6	1.36284E+6	7.78684E+4	3.25591E+6
2.30000E+0	4.23815E+4	4.27107E+4	5.57372E+6	1.34345E+6	7.79469E+4	3.31085E+6
2.40000E+0	4.23006E+4	4.28388E+4	5.25926E+6	1.35947E+6	7.77757E+4	3.33349E+6
2.50000E+0	4.22849E+4	4.29592E+4	5.01802E+6	1.34513E+6	7.75622E+4	3.43718E+6
2.60000E+0	4.25522E+4	4.31299E+4	5.35726E+6	1.36962E+6	7.76353E+4	3.30188E+6
2.70000E+0	4.22464E+4	4.29302E+4	4.92603E+6	1.35135E+6	7.74870E+4	3.31123E+6
2.80000E+0	4.21943E+4	4.29888E+4	5.39299E+6	1.32281E+6	7.75703E+4	3.26427E+6
2.90000E+0	4.25227E+4	4.29882E+4	4.98282E+6	1.35141E+6	7.77055E+4	3.37423E+6
3.00000E+0	4.25450E+4	4.30943E+4	5.21430E+6	1.33590E+6	7.73542E+4	3.26938E+6
3.10000E+0	4.24743E+4	4.32515E+4	5.06486E+6	1.35947E+6	7.75713E+4	3.29407E+6
3.20000E+0	4.23658E+4	4.33467E+4	5.33242E+6	1.38035E+6	7.75175E+4	3.28962E+6
3.30000E+0	4.23221E+4	4.33712E+4	5.23165E+6	1.33120E+6	7.73937E+4	3.30151E+6
3.40000E+0	4.22315E+4	4.34467E+4	5.15314E+6	1.34621E+6	7.74221E+4	3.43355E+6
3.50000E+0	4.22249E+4	4.32792E+4	5.29935E+6	1.34117E+6	7.75297E+4	3.43556E+6
3.60000E+0	4.18169E+4	4.33898E+4	5.09512E+6	1.34607E+6	7.76658E+4	3.24434E+6
3.70000E+0	4.21279E+4	4.34932E+4	5.22342E+6	1.33544E+6	7.72499E+4	3.42593E+6
3.80000E+0	4.20564E+4	4.34865E+4	5.25095E+6	1.33484E+6	7.75693E+4	3.39693E+6
3.90000E+0	4.20635E+4	4.36120E+4	5.09860E+6	1.32634E+6	7.77452E+4	3.17552E+6
4.00000E+0	4.21858E+4	4.37923E+4	5.05885E+6	1.34715E+6	7.77757E+4	3.21045E+6
4.10000E+0	4.17359E+4	4.37690E+4	5.12221E+6	1.36914E+6	7.77706E+4	3.43476E+6
4.20000E+0	4.18927E+4	4.36506E+4	5.09164E+6	1.33166E+6	7.74099E+4	3.31611E+6
4.30000E+0	4.20330E+4	4.38863E+4	5.20794E+6	1.33677E+6	7.74403E+4	3.31198E+6
4.40000E+0	4.17981E+4	4.39517E+4	5.68906E+6	1.34325E+6	7.75124E+4	3.33121E+6
4.50000E+0	4.18058E+4	4.38383E+4	5.20976E+6	1.33857E+6	7.73359E+4	3.32213E+6
4.60000E+0	4.18570E+4	4.38776E+4	5.08297E+6	1.31091E+6	7.73917E+4	3.34378E+6
4.70000E+0	4.17469E+4	4.39190E+4	5.12749E+6	1.30490E+6	7.76404E+4	3.32553E+6
4.80000E+0	4.14214E+4	4.39503E+4	5.10819E+6	1.31515E+6	7.75083E+4	3.22001E+6
4.90000E+0	4.14433E+4	4.41114E+4	5.16651E+6	1.33345E+6	7.74393E+4	3.31536E+6
5.00000E+0	4.15737E+4	4.40171E+4	5.30029E+6	1.34070E+6	7.76282E+4	3.44688E+6
5.10000E+0	4.13429E+4	4.41061E+4	4.77220E+6	1.33890E+6	7.73187E+4	3.24146E+6
5.20000E+0	4.13461E+4	4.42816E+4	5.05115E+6	1.31554E+6	7.74403E+4	3.33958E+6
5.30000E+0	4.12625E+4	4.41917E+4	5.05115E+6	1.32137E+6	7.77411E+4	3.25373E+6
5.40000E+0	4.13944E+4	4.42567E+4	5.29466E+6	1.33690E+6	7.74343E+4	3.24506E+6
5.50000E+0	4.10083E+4	4.43977E+4	5.23990E+6	1.31780E+6	7.71952E+4	3.25156E+6
5.60000E+0	4.11622E+4	4.44535E+4	5.28156E+6	1.31483E+6	7.75672E+4	3.43718E+6
5.70000E+0	4.11494E+4	4.45786E+4	5.37941E+6	1.30066E+6	7.72823E+4	3.21045E+6
5.80000E+0	4.08522E+4	4.45692E+4	5.00288E+6	1.29242E+6	7.72003E+4	3.25120E+6
5.90000E+0	4.09750E+4	4.44346E+4	5.12309E+6	1.32962E+6	7.72266E+4	3.25627E+6
6.00000E+0	4.10154E+4	4.46736E+4	5.00036E+6	1.30097E+6	7.73238E+4	3.32591E+6
6.10000E+0	4.09962E+4	4.46258E+4	4.75391E+6	1.29612E+6	7.72691E+4	3.28150E+6
6.20000E+0	4.10596E+4	4.46365E+4	5.08730E+6	1.33630E+6	7.72802E+4	3.25083E+6
6.30000E+0	4.09405E+4	4.46837E+4	5.00876E+6	1.30713E+6	7.74028E+4	3.21788E+6
6.40000E+0	4.10493E+4	4.47472E+4	5.25926E+6	1.29205E+6	7.74809E+4	3.38163E+6
6.50000E+0	4.08062E+4	4.48437E+4	5.26389E+6	1.32092E+6	7.69276E+4	3.29259E+6
6.60000E+0	4.09635E+4	4.47843E+4	5.42034E+6	1.33537E+6	7.73967E+4	3.30935E+6
6.70000E+0	4.06569E+4	4.50719E+4	4.95880E+6	1.31962E+6	7.74586E+4	3.27525E+6
6.80000E+0	4.06945E+4	4.49134E+4	5.32767E+6	1.31696E+6	7.70608E+4	3.25373E+6
6.90000E+0	4.05995E+4	4.50848E+4	4.97534E+6	1.32300E+6	7.70972E+4	3.32591E+6
7.00000E+0	4.06671E+4	4.51119E+4	5.17905E+6	1.32261E+6	7.69054E+4	3.20798E+6
7.10000E+0	4.07149E+4	4.51431E+4	5.42624E+6	1.32817E+6	7.71608E+4	3.20305E+6
7.20000E+0	4.04602E+4	4.49763E+4	5.53970E+6	1.31910E+6	7.72661E+4	3.37112E+6
7.30000E+0	4.02432E+4	4.50997E+4	4.89208E+6	1.31238E+6	7.73248E+4	3.16793E+6
7.40000E+0	4.05556E+4	4.50651E+4	4.95221E+6	1.32405E+6	7.71952E+4	3.25954E+6
7.50000E+0	4.04018E+4	4.53851E+4	4.97950E+6	1.34311E+6	7.71760E+4	3.26354E+6
7.60000E+0	4.02742E+4	4.53545E+4	4.98033E+6	1.30911E+6	7.73542E+4	3.21505E+6
7.70000E+0	4.01330E+4	4.55822E+4	4.71551E+6	1.29199E+6	7.69024E+4	3.10285E+6
7.80000E+0	4.02261E+4	4.55187E+4	5.06658E+6	1.35837E+6	7.73177E+4	3.23894E+6
7.90000E+0	4.02546E+4	4.55330E+4	4.75619E+6	1.30009E+6	7.71386E+4	3.23428E+6
8.00000E+0	4.02463E+4	4.54519E+4	4.76532E+6	1.31097E+6	7.70810E+4	3.27048E+6
8.10000E+0	4.03281E+4	4.54846E+4	4.96375E+6	1.32144E+6	7.70477E+4	3.09165E+6
8.20000E+0	4.03618E+4	4.56471E+4	4.94400E+6	1.32046E+6	7.72013E+4	3.42432E+6
8.30000E+0	4.00375E+4	4.55719E+4	4.87050E+6	1.32307E+6	7.72883E+4	3.30375E+6
8.40000E+0	4.01222E+4	4.55829E+4	5.07433E+6	1.29838E+6	7.70123E+4	3.23643E+6
8.50000E+0	4.02596E+4	4.57155E+4	4.98615E+6	1.28670E+6	7.74018E+4	3.34110E+6
8.60000E+0	4.01077E+4	4.58469E+4	4.87847E+6	1.31696E+6	7.72296E+4	3.18279E+6
8.70000E+0	4.00034E+4	4.59059E+4	4.66743E+6	1.30135E+6	7.72559E+4	3.15116E+6
8.80000E+0	4.00464E+4	4.58572E+4	4.83729E+6	1.29927E+6	7.67684E+4	3.11879E+6
8.90000E+0	4.03649E+4	4.59409E+4	4.78369E+6	1.30777E+6	7.72711E+4	3.14064E+6
9.00000E+0	4.02787E+4	4.59690E+4	4.91224E+6	1.32568E+6	7.73582E+4	3.22392E+6
9.10000E+0	4.01862E+4	4.61264E+4	4.69542E+6	1.29971E+6	7.71689E+4	3.08249E+6
9.20000E+0	4.04342E+4	4.60487E+4	5.00624E+6	1.31180E+6	7.69992E+4	3.10087E+6
9.30000E+0	4.03586E+4	4.60246E+4	5.28717E+6	1.32706E+6	7.71831E+4	3.23070E+6
9.40000E+0	4.01919E+4	4.61126E+4	4.94073E+6	1.32555E+6	7.73197E+4	3.12247E+6
9.50000E+0	4.01583E+4	4.60342E+4	5.15048E+6	1.33551E+6	7.72428E+4	3.13726E+6
9.60000E+0	4.02894E+4	4.61904E+4	5.01465E+6	1.32392E+6	7.70547E+4	3.08805E+6
9.70000E+0	4.04831E+4	4.61835E+4	5.28530E+6	1.32463E+6	7.72924E+4	3.42713E+6
9.80000E+0	4.04170E+4	4.60899E+4	5.26482E+6	1.32660E+6	7.69296E+4	3.10153E+6
9.90000E+0	4.04545E+4	4.62992E+4	5.37169E+6	1.30592E+6	7.66024E+4	3.09198E+6
1.00000E+1	4.04545E+4	4.63254E+4	4.90900E+6	1.33239E+6	7.71669E+4	3.27635E+6
1.01000E+1	4.01121E+4	4.64794E+4	4.91791E+6	1.31554E+6	7.68983E+4	3.15491E+6
1.02000E+1	4.03554E+4	4.64698E+4	5.03921E+6	1.31039E+6	7.69841E+4	3.18905E+6
1.03000E+1	4.02527E+4	4.65943E+4	4.86017E+6	1.30713E+6	7.68509E+4	3.12147E+6
1.04000E+1	4.05613E+4	4.65790E+4	4.75847E+6	1.32320E+6	7.70679E+4	3.17344E+6
1.05000E+1	4.03948E+4	4.67710E+4	5.14338E+6	1.31020E+6	7.70982E+4	3.30300E+6
1.06000E+1	4.05582E+4	4.68856E+4	4.87448E+6	1.34803E+6	7.71811E+4	3.33008E+6
1.07000E+1	4.05073E+4	4.67558E+4	5.07865E+6	1.31071E+6	7.72833E+4	3.17725E+6
1.08000E+1	4.03395E+4	4.68564E+4	4.91467E+6	1.31431E+6	7.69619E+4	3.18975E+6
1.09000E+1	4.02172E+4	4.67495E+4	5.44896E+6	1.31625E+6	7.70911E+4	3.25446E+6
1.10000E+1	4.03294E+4	4.69941E+4	4.98782E+6	1.29286E+6	7.71517E+4	3.11479E+6
1.11000E+1	4.01919E+4	4.67308E+4	4.81930E+6	1.29826E+6	7.69689E+4	3.07663E+6
1.12000E+1	4.07009E+4	4.70415E+4	4.79679E+6	1.30452E+6	7.70537E+4	3.12783E+6
1.13000E+1	4.04037E+4	4.71391E+4	4.96127E+6	1.30274E+6	7.73592E+4	3.14436E+6
1.14000E+1	4.04443E+4	4.71426E+4	4.64774E+6	1.28850E+6	7.70396E+4	3.11413E+6
1.15000E+1	4.06231E+4	4.71816E+4	4.75163E+6	1.33803E+6	7.71244E+4	3.15320E+6
1.16000E+1	4.05333E+4	4.71035E+4	5.25279E+6	1.35584E+6	7.73937E+4	3.32063E+6
1.17000E+1	4.03250E+4	4.73123E+4	5.06314E+6	1.33147E+6	7.75043E+4	3.08903E+6
1.18000E+1	4.05989E+4	4.71265E+4	4.75847E+6	1.30681E+6	7.68237E+4	3.10682E+6
1.19000E+1	4.05085E+4	4.71230E+4	4.97451E+6	1.30002E+6	7.67402E+4	3.23428E+6
1.20000E+1	4.07264E+4	4.75034E+4	5.15137E+6	1.33325E+6	7.70355E+4	3.18905E+6
1.21000E+1	4.07098E+4	4.74907E+4	5.16116E+6	1.34850E+6	7.70143E+4	3.28113E+6
1.22000E+1	4.05136E+4	4.74964E+4	5.30029E+6	1.30211E+6	7.71972E+4	3.15388E+6
1.23000E+1	4.03992E+4	4.74018E+4	5.23807E+6	1.32969E+6	7.70052E+4	3.28519E+6
1.24000E+1	4.05098E+4	4.74123E+4	5.27597E+6	1.32163E+6	7.67030E+4	3.17069E+6
1.25000E+1	4.06288E+4	4.75279E+4	4.85621E+6	1.32739E+6	7.67845E+4	3.16209E+6
1.26000E+1	4.04926E+4	4.73815E+4	5.15314E+6	1.34756E+6	7.68953E+4	3.18244E+6
1.27000E+1	4.06607E+4	4.76261E+4	5.04944E+6	1.34043E+6	7.70376E+4	3.31085E+6
1.28000E+1	4.05709E+4	4.79498E+4	4.86732E+6	1.31322E+6	7.68459E+4	3.21505E+6
1.29000E+1	4.05569E+4	4.78378E+4	4.75619E+6	1.32202E+6	7.67976E+4	3.08380E+6
1.30000E+1	4.05391E+4	4.77660E+4	5.00204E+6	1.31213E+6	7.67825E+4	3.12682E+6
1.31000E+1	4.04507E+4	4.77906E+4	4.99952E+6	1.33061E+6	7.68570E+4	3.22784E+6
1.32000E+1	4.04672E+4	4.77414E+4	4.96127E+6	1.31580E+6	7.70174E+4	3.18383E+6
1.33000E+1	4.04691E+4	4.77850E+4	5.02394E+6	1.33997E+6	7.69316E+4	3.12213E+6
1.34000E+1	4.03338E+4	4.78786E+4	5.18175E+6	1.34365E+6	7.71902E+4	3.22499E+6
1.35000E+1	4.05028E+4	4.79357E+4	4.82632E+6	1.32923E+6	7.68278E+4	3.16621E+6
1.36000E+1	4.04157E+4	4.81171E+4	4.93419E+6	1.33637E+6	7.68389E+4	3.08184E+6
1.37000E+1	4.05792E+4	4.79287E+4	5.07606E+6	1.33147E+6	7.68419E+4	3.23356E+6
1.38000E+1	4.03218E+4	4.79160E+4	4.57551E+6	1.33087E+6	7.68721E+4	3.05756E+6
1.39000E+1	4.03922E+4	4.82530E+4	5.24542E+6	1.30122E+6	7.71386E+4	3.25772E+6
1.40000E+1	4.03028E+4	4.80832E+4	4.82632E+6	1.29612E+6	7.72519E+4	3.19324E+6
1.41000E+1	4.03662E+4	4.83692E+4	5.37845E+6	1.34789E+6	7.69820E+4	3.36802E+6
1.42000E+1	4.03281E+4	4.81963E+4	5.54073E+6	1.32470E+6	7.68006E+4	3.17586E+6
1.43000E+1	4.06429E+4	4.83472E+4	5.06658E+6	1.31586E+6	7.73349E+4	3.14912E+6
1.44000E+1	4.04119E+4	4.82381E+4	5.13366E+6	1.33087E+6	7.69629E+4	3.13591E+6
1.45000E+1	4.05232E+4	4.84458E+4	4.91305E+6	1.31187E+6	7.67784E+4	3.05051E+6
1.46000E+1	4.07347E+4	4.83139E+4	4.73651E+6	1.31929E+6	7.67432E+4	3.19849E+6
1.47000E+1	4.11321E+4	4.84302E+4	4.98866E+6	1.35074E+6	7.69901E+4	3.24434E+6
1.48000E+1	4.06078E+4	4.82147E+4	4.94810E+6	1.32333E+6	7.68449E+4	3.23930E+6
1.49000E+1	4.06448E+4	4.84629E+4	4.83415E+6	1.31001E+6	7.66456E+4	3.19569E+6
1.50000E+1	4.07570E+4	4.87168E+4	4.96045E+6	1.34877E+6	7.66155E+4	3.19359E+6
1.51000E+1	4.06282E+4	4.85097E+4	5.11169E+6	1.36809E+6	7.71891E+4	3.13793E+6
1.52000E+1	4.08592E+4	4.88566E+4	5.10470E+6	1.32824E+6	7.67412E+4	3.05371E+6
1.53000E+1	4.06015E+4	4.89809E+4	5.42624E+6	1.33511E+6	7.68973E+4	3.14878E+6
1.54000E+1	4.06129E+4	4.90066E+4	5.26482E+6	1.32040E+6	7.68107E+4	3.13355E+6
1.55000E+1	4.04799E+4	4.89101E+4	4.87209E+6	1.30726E+6	7.67794E+4	3.10384E+6
1.56000E+1	4.07079E+4	4.88594E+4	5.37555E+6	1.32620E+6	7.69498E+4	3.19359E+6
1.57000E+1	4.06072E+4	4.89223E+4	5.01718E+6	1.33206E+6	7.70083E+4	3.12314E+6
1.58000E+1	4.04329E+4	4.88901E+4	4.93174E+6	1.33193E+6	7.72488E+4	3.16243E+6
1.59000E+1	4.08158E+4	4.90503E+4	4.98866E+6	1.35734E+6	7.72256E+4	3.26391E+6
1.60000E+1	4.05900E+4	4.90159E+4	4.87767E+6	1.35135E+6	7.68580E+4	3.12917E+6
1.61000E+1	4.06920E+4	4.88573E+4	4.84280E+6	1.31059E+6	7.70648E+4	3.23714E+6
1.62000E+1	4.06971E+4	4.92180E+4	5.11081E+6	1.34715E+6	7.71548E+4	3.33045E+6
1.63000E+1	4.07730E+4	4.91011E+4	4.55727E+6	1.30053E+6	7.65853E+4	3.07143E+6
1.64000E+1	4.05340E+4	4.91663E+4	5.09338E+6	1.33957E+6	7.66195E+4	3.28223E+6
1.65000E+1	4.08362E+4	4.91047E+4	4.95303E+6	1.30370E+6	7.68389E+4	3.15867E+6
1.66000E+1	4.07902E+4	4.92919E+4	4.92359E+6	1.32844E+6	7.65612E+4	3.22606E+6
1.67000E+1	4.08036E+4	4.91606E+4	4.75847E+6	1.30649E+6	7.68127E+4	3.13726E+6
1.68000E+1	4.09757E+4	4.94356E+4	5.03496E+6	1.33107E+6	7.70113E+4	3.23141E+6
1.69000E+1	4.07755E+4	4.94313E+4	5.36687E+6	1.31078E+6	7.71376E+4	3.22677E+6
1.70000E+1	4.10167E+4	4.95328E+4	5.22068E+6	1.31142E+6	7.70406E+4	2.98047E+6
1.71000E+1	4.10532E+4	4.95335E+4	5.05200E+6	1.31690E+6	7.71790E+4	3.16243E+6
1.72000E+1	4.09129E+4	4.94234E+4	4.66670E+6	1.29782E+6	7.69245E+4	3.32553E+6
1.73000E+1	4.09008E+4	4.94997E+4	4.89449E+6	1.31451E+6	7.69518E+4	3.28999E+6
1.74000E+1	4.09501E+4	4.97442E+4	4.75163E+6	1.27974E+6	7.72144E+4	3.13287E+6
1.75000E+1	4.09270E+4	4.96720E+4	5.14073E+6	1.31187E+6	7.69992E+4	3.08282E+6
1.76000E+1	4.08854E+4	4.96518E+4	5.06572E+6	1.30567E+6	7.72640E+4	3.32516E+6
1.77000E+1	4.09379E+4	4.96027E+4	4.88647E+6	1.31213E+6	7.76140E+4	3.06594E+6
1.78000E+1	4.08509E+4	4.99026E+4	5.51420E+6	1.31373E+6	7.72296E+4	3.05692E+6
1.79000E+1	4.09213E+4	4.97745E+4	5.09077E+6	1.33365E+6	7.71123E+4	3.18244E+6
1.80000E+1	4.07264E+4	5.00003E+4	5.32483E+6	1.34217E+6	7.71305E+4	3.18592E+6
1.81000E+1	4.09494E+4	4.99728E+4	5.16741E+6	1.30509E+6	7.69054E+4	3.09165E+6
1.82000E+1	4.09750E+4	5.01433E+4	5.65899E+6	1.33584E+6	7.69588E+4	3.18036E+6
1.83000E+1	4.08030E+4	4.97789E+4	4.76380E+6	1.31328E+6	7.70022E+4	3.23499E+6
1.84000E+1	4.10333E+4	5.00105E+4	5.07347E+6	1.33531E+6	7.68137E+4	3.23966E+6
1.85000E+1	4.08279E+4	5.01622E+4	4.92685E+6	1.31348E+6	7.71730E+4	3.15150E+6
1.86000E+1	4.10448E+4	5.02472E+4	4.95386E+6	1.30809E+6	7.71406E+4	3.13861E+6
1.87000E+1	4.07870E+4	5.02443E+4	4.89852E+6	1.32969E+6	7.70487E+4	3.13355E+6
1.88000E+1	4.10596E+4	5.01920E+4	4.98282E+6	1.29568E+6	7.66718E+4	3.18522E+6
1.89000E+1	4.09949E+4	5.02385E+4	5.07433E+6	1.32758E+6	7.70840E+4	3.16931E+6
1.90000E+1	4.08822E+4	5.04183E+4	5.30217E+6	1.32444E+6	7.73663E+4	3.27048E+6
1.91000E+1	4.08375E+4	5.05628E+4	4.87369E+6	1.29895E+6	7.67986E+4	3.15559E+6
1.92000E+1	4.09117E+4	5.04781E+4	5.13189E+6	1.29757E+6	7.72792E+4	3.23930E+6
1.93000E+1	4.07902E+4	5.05416E+4	5.09686E+6	1.31425E+6	7.72914E+4	3.12280E+6
1.94000E+1	4.08081E+4	5.04664E+4	5.13013E+6	1.28881E+6	7.69689E+4	3.14097E+6
1.95000E+1	4.10314E+4	5.05526E+4	5.16920E+6	1.31483E+6	7.74018E+4	3.24650E+6
1.96000E+1	4.10801E+4	5.05168E+4	4.63398E+6	1.29342E+6	7.70608E+4	3.08805E+6
1.97000E+1	4.08286E+4	5.05139E+4	5.24174E+6	1.28956E+6	7.70891E+4	3.13186E+6
1.98000E+1	4.08113E+4	5.06227E+4	4.95798E+6	1.32170E+6	7.70537E+4	3.17759E+6
1.99000E+1	4.05263E+4	5.08870E+4	4.95880E+6	1.30135E+6	7.71356E+4	3.08805E+6
2.00000E+1	4.08503E+4	5.07427E+4	5.05885E+6	1.31464E+6	7.70133E+4	3.13254E+6
2.01000E+1	4.07232E+4	5.09523E+4	4.88407E+6	1.33173E+6	7.67905E+4	3.13287E+6
2.02000E+1	4.06518E+4	5.07236E+4	5.25003E+6	1.31612E+6	7.70911E+4	3.12817E+6
2.03000E+1	4.07238E+4	5.07778E+4	4.95386E+6	1.28509E+6	7.68348E+4	3.13759E+6
2.04000E+1	4.06148E+4	5.08826E+4	4.64629E+6	1.31949E+6	7.72488E+4	3.10649E+6
2.05000E+1	4.07022E+4	5.10081E+4	5.23073E+6	1.33054E+6	7.75053E+4	3.22250E+6
2.06000E+1	4.04621E+4	5.09252E+4	5.02986E+6	1.29168E+6	7.69992E+4	3.27378E+6
2.07000E+1	4.07430E+4	5.10978E+4	4.78754E+6	1.31547E+6	7.70012E+4	3.23499E+6
2.08000E+1	4.04767E+4	5.10383E+4	5.05885E+6	1.32890E+6	7.72266E+4	3.17932E+6
2.09000E+1	4.05213E+4	5.09479E+4	5.37169E+6	1.32326E+6	7.70224E+4	3.19849E+6
2.10000E+1	4.06607E+4	5.10478E+4	4.93582E+6	1.29374E+6	7.67462E+4	3.13119E+6
2.11000E+1	4.06155E+4	5.11434E+4	5.56750E+6	1.31039E+6	7.72792E+4	3.19115E+6
2.12000E+1	4.05817E+4	5.12834E+4	5.04858E+6	1.30395E+6	7.73248E+4	3.35335E+6
2.13000E+1	4.02647E+4	5.11795E+4	4.83337E+6	1.31612E+6	7.73136E+4	3.22108E+6
2.14000E+1	4.04373E+4	5.14377E+4	5.03411E+6	1.29199E+6	7.71588E+4	3.18905E+6
2.15000E+1	4.05168E+4	5.12502E+4	5.08211E+6	1.30122E+6	7.72195E+4	3.16141E+6
2.16000E+1	4.03199E+4	5.15375E+4	5.08904E+6	1.31690E+6	7.76343E+4	3.21045E+6
2.17000E+1	4.02356E+4	5.10993E+4	4.96127E+6	1.28226E+6	7.69760E+4	3.18905E+6
2.18000E+1	4.03135E+4	5.15212E+4	5.16562E+6	1.30414E+6	7.72306E+4	3.13962E+6
2.19000E+1	4.05403E+4	5.13586E+4	5.13189E+6	1.29895E+6	7.74211E+4	3.25083E+6
2.20000E+1	4.04246E+4	5.13122E+4	5.04517E+6	1.28330E+6	7.72063E+4	3.23499E+6
2.21000E+1	4.03599E+4	5.16367E+4	5.11081E+6	1.32555E+6	7.71871E+4	3.10583E+6
2.22000E+1	4.06027E+4	5.16389E+4	5.42624E+6	1.31046E+6	7.71042E+4	3.15252E+6
2.23000E+1	4.04265E+4	5.16211E+4	5.14959E+6	1.31418E+6	7.72569E+4	3.23714E+6
2.24000E+1	4.05881E+4	5.18592E+4	5.19436E+6	1.31348E+6	7.72934E+4	3.08608E+6
2.25000E+1	4.05130E+4	5.19157E+4	5.18805E+6	1.29731E+6	7.71204E+4	3.13422E+6
2.26000E+1	4.05461E+4	5.19566E+4	5.10994E+6	1.31380E+6	7.74140E+4	3.12951E+6
2.27000E+1	4.05582E+4	5.19165E+4	5.01381E+6	1.29537E+6	7.74353E+4	3.09823E+6
2.28000E+1	4.05785E+4	5.19789E+4	4.75847E+6	1.32418E+6	7.75550E+4	3.12247E+6
2.29000E+1	4.06129E+4	5.21898E+4	5.08730E+6	1.36173E+6	7.79265E+4	3.26865E+6
2.30000E+1	4.03770E+4	5.22107E+4	4.99032E+6	1.34358E+6	7.76353E+4	3.35489E+6
2.31000E+1	4.05041E+4	5.20013E+4	5.17995E+6	1.30764E+6	7.72478E+4	3.09592E+6
2.32000E+1	4.05117E+4	5.23945E+4	5.07261E+6	1.32215E+6	7.74353E+4	3.17794E+6
2.33000E+1	4.04558E+4	5.23153E+4	5.08124E+6	1.32040E+6	7.77482E+4	3.15935E+6
2.34000E+1	4.06339E+4	5.23990E+4	4.81229E+6	1.33703E+6	7.80265E+4	3.09362E+6
2.35000E+1	4.04602E+4	5.25923E+4	5.17367E+6	1.31161E+6	7.72914E+4	3.15764E+6
2.36000E+1	4.06454E+4	5.24889E+4	5.17457E+6	1.32424E+6	7.79878E+4	3.31573E+6
2.37000E+1	4.04971E+4	5.25346E+4	4.98282E+6	1.31103E+6	7.78083E+4	3.18002E+6
2.38000E+1	4.06002E+4	5.23923E+4	4.97617E+6	1.32098E+6	7.79582E+4	3.20446E+6
2.39000E+1	4.06881E+4	5.25413E+4	5.19436E+6	1.33504E+6	7.81635E+4	3.22749E+6
2.40000E+1	4.04488E+4	5.27260E+4	5.33052E+6	1.33438E+6	7.76343E+4	3.23714E+6
2.41000E+1	4.06467E+4	5.27215E+4	5.04006E+6	1.34769E+6	7.77177E+4	3.14470E+6
2.42000E+1	4.08369E+4	5.26832E+4	5.34672E+6	1.34405E+6	7.82832E+4	3.22998E+6
2.43000E+1	4.06543E+4	5.26479E+4	4.82476E+6	1.36125E+6	7.80888E+4	3.21859E+6
2.44000E+1	4.06161E+4	5.29517E+4	5.01971E+6	1.33943E+6	7.80102E+4	3.20059E+6
2.45000E+1	4.10474E+4	5.27959E+4	4.86652E+6	1.34264E+6	7.80378E+4	3.42472E+6
2.46000E+1	4.07915E+4	5.28742E+4	5.07519E+6	1.34756E+6	7.80184E+4	3.17828E+6
2.47000E+1	4.02166E+4	5.29005E+4	4.82554E+6	1.36408E+6	7.83928E+4	3.26136E+6
2.48000E+1	3.90576E+4	5.31956E+4	4.78446E+6	1.34197E+6	7.79153E+4	3.28999E+6
2.49000E+1	3.79599E+4	5.30528E+4	4.62318E+6	1.30427E+6	7.76028E+4	3.09001E+6
2.50000E+1	3.71262E+4	5.32493E+4	4.45409E+6	1.33226E+6	7.78236E+4	3.12080E+6
2.51000E+1	3.62217E+4	5.31925E+4	4.16324E+6	1.30898E+6	7.77604E+4	3.22285E+6
2.52000E+1	3.52948E+4	5.33000E+4	3.93334E+6	1.31800E+6	7.77116E+4	3.32327E+6
2.53000E+1	3.45815E+4	5.32273E+4	3.96557E+6	1.31245E+6	7.85509E+4	3.23607E+6
2.54000E+1	3.39849E+4	5.33507E+4	3.68174E+6	1.30325E+6	7.77971E+4	3.28039E+6
2.55000E+1	3.34939E+4	5.34705E+4	3.89184E+6	1.29224E+6	7.86043E+4	3.30039E+6
2.56000E+1	3.26632E+4	5.32871E+4	3.50308E+6	1.26752E+6	7.84677E+4	3.21966E+6
2.57000E+1	3.23335E+4	5.35259E+4	3.49973E+6	1.25575E+6	7.82064E+4	3.24650E+6
2.58000E+1	3.19285E+4	5.34804E+4	3.35508E+6	1.23654E+6	7.84636E+4	3.32364E+6
2.59000E+1	3.16767E+4	5.35191E+4	3.67393E+6	1.24658E+6	7.88224E+4	3.15491E+6
2.60000E+1	3.12152E+4	5.35138E+4	3.45806E+6	1.22990E+6	7.88698E+4	3.17414E+6
2.61000E+1	3.08490E+4	5.35951E+4	3.34244E+6	1.21821E+6	7.89183E+4	3.25446E+6
2.62000E+1	3.08821E+4	5.37647E+4	3.36241E+6	1.22791E+6	7.93908E+4	3.35874E+6
2.63000E+1	3.04010E+4	5.35799E+4	3.24993E+6	1.22700E+6	7.89657E+4	3.26829E+6
2.64000E+1	3.01599E+4	5.37396E+4	3.18749E+6	1.22248E+6	7.99483E+4	3.19884E+6
2.65000E+1	2.99310E+4	5.37130E+4	3.23016E+6	1.22831E+6	7.90680E+4	3.22179E+6
2.66000E+1	2.99544E+4	5.37830E+4	3.31067E+6	1.20425E+6	7.89699E+4	3.29965E+6
2.67000E+1	2.96185E+4	5.38646E+4	3.33140E+6	1.19333E+6	7.92386E+4	3.26099E+6
2.68000E+1	2.96960E+4	5.37747E+4	3.19376E+6	1.20261E+6	7.93142E+4	3.26902E+6
2.69000E+1	2.95098E+4	5.39745E+4	3.07257E+6	1.20425E+6	7.94396E+4	3.23070E+6
2.70000E+1	2.94067E+4	5.37914E+4	3.16364E+6	1.20277E+6	7.96317E+4	3.33273E+6
2.71000E+1	2.93641E+4	5.37853E+4	3.07647E+6	1.20865E+6	7.97295E+4	3.27598E+6
2.72000E+1	2.92326E+4	5.39447E+4	3.14725E+6	1.17715E+6	7.92179E+4	3.07533E+6
2.73000E+1	2.90081E+4	5.38699E+4	3.11796E+6	1.16916E+6	7.93266E+4	3.28962E+6
2.74000E+1	2.89379E+4	5.40746E+4	3.05901E+6	1.18610E+6	7.96910E+4	3.24975E+6
2.75000E+1	2.90773E+4	5.40158E+4	3.17465E+6	1.16081E+6	7.96088E+4	3.19639E+6
2.76000E+1	2.89417E+4	5.38791E+4	3.11696E+6	1.19760E+6	7.98211E+4	3.20763E+6
2.77000E+1	2.88341E+4	5.39867E+4	3.07874E+6	1.17673E+6	8.00318E+4	3.33083E+6
2.78000E+1	2.88154E+4	5.39944E+4	3.13405E+6	1.16916E+6	8.01310E+4	3.28334E+6
2.79000E+1	2.86302E+4	5.41236E+4	3.09642E+6	1.17910E+6	8.00704E+4	3.18349E+6
2.80000E+1	2.84731E+4	5.41718E+4	3.08854E+6	1.18402E+6	7.98242E+4	3.25990E+6
2.81000E+1	2.85300E+4	5.42025E+4	3.10533E+6	1.17359E+6	7.99201E+4	3.19849E+6
2.82000E+1	2.86286E+4	5.41703E+4	2.99383E+6	1.17239E+6	8.00725E+4	3.24939E+6
2.83000E+1	2.85353E+4	5.45218E+4	3.04875E+6	1.15394E+6	8.04840E+4	3.26172E+6
2.84000E+1	2.83536E+4	5.41894E+4	3.17017E+6	1.17699E+6	8.07899E+4	3.27231E+6
2.85000E+1	2.85455E+4	5.44203E+4	3.14827E+6	1.14468E+6	8.05438E+4	3.13523E+6
2.86000E+1	2.83217E+4	5.43696E+4	3.08331E+6	1.15769E+6	8.01927E+4	3.11779E+6
2.87000E+1	2.83594E+4	5.43934E+4	3.23625E+6	1.15536E+6	8.07173E+4	3.16381E+6
2.88000E+1	2.82358E+4	5.44611E+4	3.16295E+6	1.15131E+6	8.05365E+4	3.25337E+6
2.89000E+1	2.81675E+4	5.45626E+4	3.09905E+6	1.15449E+6	8.08910E+4	3.12247E+6
2.90000E+1	2.87187E+4	5.45041E+4	2.98154E+6	1.17490E+6	8.09522E+4	3.29778E+6
2.91000E+1	2.84912E+4	5.46249E+4	3.02403E+6	1.14041E+6	8.06363E+4	3.22570E+6
2.92000E+1	2.81908E+4	5.46396E+4	2.94885E+6	1.14194E+6	8.06016E+4	3.18905E+6
2.93000E+1	2.83159E+4	5.47838E+4	3.11463E+6	1.13292E+6	8.05974E+4	3.20657E+6
2.94000E+1	2.82570E+4	5.46881E+4	2.98093E+6	1.15257E+6	8.11719E+4	3.28113E+6
2.95000E+1	2.83493E+4	5.48278E+4	3.06965E+6	1.14919E+6	8.10990E+4	3.14742E+6
2.96000E+1	2.81453E+4	5.47861E+4	3.14419E+6	1.17067E+6	8.08984E+4	3.11014E+6
2.97000E+1	2.83308E+4	5.49174E+4	3.07874E+6	1.15652E+6	8.04399E+4	3.10517E+6
2.98000E+1	2.81326E+4	5.51257E+4	3.07289E+6	1.15085E+6	8.16076E+4	3.24578E+6
2.99000E+1	2.82793E+4	5.50327E+4	3.18749E+6	1.17826E+6	8.15321E+4	3.22499E+6
3.00000E+1	2.80048E+4	5.50242E+4	3.13102E+6	1.17176E+6	8.13074E+4	3.33273E+6
3.01000E+1	2.80507E+4	5.49468E+4	3.13473E+6	1.14085E+6	8.12005E+4	3.12649E+6
3.02000E+1	2.81321E+4	5.49917E+4	3.08167E+6	1.14995E+6	8.12005E+4	3.19045E+6
3.03000E+1	2.83138E+4	5.51350E+4	3.04079E+6	1.15530E+6	8.15173E+4	3.15423E+6
3.04000E+1	2.79868E+4	5.51505E+4	3.06126E+6	1.18031E+6	8.13116E+4	3.08969E+6
3.05000E+1	2.79077E+4	5.53120E+4	3.13878E+6	1.15657E+6	8.14144E+4	3.14470E+6
3.06000E+1	2.79879E+4	5.52475E+4	3.05676E+6	1.15176E+6	8.16107E+4	3.22998E+6
3.07000E+1	2.79219E+4	5.54216E+4	3.16364E+6	1.15754E+6	8.17309E+4	3.07176E+6
3.08000E+1	2.78129E+4	5.52514E+4	3.08952E+6	1.14488E+6	8.15959E+4	3.14030E+6
3.09000E+1	2.79472E+4	5.55213E+4	3.10566E+6	1.15363E+6	8.12237E+4	3.21682E+6
3.10000E+1	2.78687E+4	5.56469E+4	2.98461E+6	1.14753E+6	8.15821E+4	3.17586E+6
3.11000E+1	2.78761E+4	5.54068E+4	3.20217E+6	1.16004E+6	8.15385E+4	3.15116E+6
3.12000E+1	2.78629E+4	5.56664E+4	3.12498E+6	1.15480E+6	8.22110E+4	3.13658E+6
3.13000E+1	2.78929E+4	5.57937E+4	3.09971E+6	1.16508E+6	8.20176E+4	3.08380E+6
3.14000E+1	2.78324E+4	5.55088E+4	3.13742E+6	1.16132E+6	8.18832E+4	3.12682E+6
3.15000E+1	2.78734E+4	5.56071E+4	3.19796E+6	1.15713E+6	8.16756E+4	3.31460E+6
3.16000E+1	2.79726E+4	5.57085E+4	3.08265E+6	1.17291E+6	8.18970E+4	3.02860E+6
3.17000E+1	2.79884E+4	5.57687E+4	3.07127E+6	1.15247E+6	8.16277E+4	3.09198E+6
3.18000E+1	2.80613E+4	5.57671E+4	3.15474E+6	1.15586E+6	8.18256E+4	3.22179E+6
3.19000E+1	2.78018E+4	5.61668E+4	3.11629E+6	1.15399E+6	8.18416E+4	3.17690E+6
3.20000E+1	2.80481E+4	5.59895E+4	3.19972E+6	1.15698E+6	8.18139E+4	3.19534E+6
3.21000E+1	2.79958E+4	5.59111E+4	3.11429E+6	1.17642E+6	8.21938E+4	3.21328E+6
3.22000E+1	2.79947E+4	5.60977E+4	3.30655E+6	1.17878E+6	8.23930E+4	3.32251E+6
3.23000E+1	2.81109E+4	5.59221E+4	3.10302E+6	1.15571E+6	8.22719E+4	3.12280E+6
3.24000E+1	2.80232E+4	5.61448E+4	3.07874E+6	1.17296E+6	8.20048E+4	3.12013E+6
3.25000E+1	2.82952E+4	5.62219E+4	3.14997E+6	1.14753E+6	8.19738E+4	3.16072E+6
3.26000E+1	2.81765E+4	5.62179E+4	3.18470E+6	1.15227E+6	8.22142E+4	3.15525E+6
3.27000E+1	2.81411E+4	5.63265E+4	3.12364E+6	1.15561E+6	8.18065E+4	3.13186E+6
3.28000E+1	2.82353E+4	5.64455E+4	3.26774E+6	1.15186E+6	8.18427E+4	3.12716E+6
3.29000E+1	2.81744E+4	5.63950E+4	3.01026E+6	1.15126E+6	8.19247E+4	3.18662E+6
3.30000E+1	2.81644E+4	5.64541E+4	3.13945E+6	1.17380E+6	8.20528E+4	3.13052E+6
3.31000E+1	2.81162E+4	5.65251E+4	3.22981E+6	1.14839E+6	8.20272E+4	3.09494E+6
3.32000E+1	2.81284E+4	5.62187E+4	3.14827E+6	1.16220E+6	8.19237E+4	3.13759E+6
3.33000E+1	2.81972E+4	5.64612E+4	3.22588E+6	1.15907E+6	8.19781E+4	3.14368E+6
3.34000E+1	2.82051E+4	5.64368E+4	3.11296E+6	1.16652E+6	8.22505E+4	3.26938E+6
3.35000E+1	2.83860E+4	5.65212E+4	3.09971E+6	1.16844E+6	8.18789E+4	3.21010E+6
3.36000E+1	2.80565E+4	5.68510E+4	3.10136E+6	1.15419E+6	8.22334E+4	3.08543E+6
3.37000E+1	2.81570E+4	5.66824E+4	3.04524E+6	1.16050E+6	8.23555E+4	3.07728E+6
3.38000E+1	2.82517E+4	5.65512E+4	3.13641E+6	1.15318E+6	8.21778E+4	3.21045E+6
3.39000E+1	2.81020E+4	5.67109E+4	3.29946E+6	1.18116E+6	8.25797E+4	3.13523E+6
3.40000E+1	2.81813E+4	5.68043E+4	3.14759E+6	1.16235E+6	8.23769E+4	3.12515E+6
3.41000E+1	2.83987E+4	5.66500E+4	3.07419E+6	1.16461E+6	8.23726E+4	3.25301E+6
3.42000E+1	2.84221E+4	5.67180E+4	3.34320E+6	1.15810E+6	8.20848E+4	3.11280E+6
3.43000E+1	2.83345E+4	5.70129E+4	3.35971E+6	1.18807E+6	8.22912E+4	3.18383E+6
3.44000E+1	2.84279E+4	5.66642E+4	3.18644E+6	1.15121E+6	8.22120E+4	3.02576E+6
3.45000E+1	2.82729E+4	5.66555E+4	3.22161E+6	1.15520E+6	8.21821E+4	3.13827E+6
3.46000E+1	2.83536E+4	5.68875E+4	3.15406E+6	1.15105E+6	8.18725E+4	3.01447E+6
3.47000E+1	2.83361E+4	5.67204E+4	3.21239E+6	1.16096E+6	8.19002E+4	2.99152E+6
3.48000E+1	2.83727E+4	5.68209E+4	3.23016E+6	1.14779E+6	8.20731E+4	3.16449E+6
3.49000E+1	2.82772E+4	5.68265E+4	3.24524E+6	1.15780E+6	8.19610E+4	3.02388E+6
3.50000E+1	2.83371E+4	5.68106E+4	3.20569E+6	1.15105E+6	8.20208E+4	3.10186E+6
3.51000E+1	2.83239E+4	5.68051E+4	3.22125E+6	1.16250E+6	8.21650E+4	3.14572E+6
3.52000E+1	2.81612E+4	5.67370E+4	3.00995E+6	1.14374E+6	8.20005E+4	3.08380E+6
3.53000E+1	2.83647E+4	5.70542E+4	3.16329E+6	1.15928E+6	8.21350E+4	3.12046E+6
3.54000E+1	2.82078E+4	5.71592E+4	3.15406E+6	1.16358E+6	8.21254E+4	3.07598E+6
3.55000E+1	2.80438E+4	5.71106E+4	3.16329E+6	1.15242E+6	8.21618E+4	3.17379E+6
3.56000E+1	2.82533E+4	5.70836E+4	3.04811E+6	1.15795E+6	8.23255E+4	2.99800E+6
3.57000E+1	2.82745E+4	5.73376E+4	3.09280E+6	1.15105E+6	8.25034E+4	3.13793E+6
3.58000E+1	2.83477E+4	5.71798E+4	3.14351E+6	1.16286E+6	8.24219E+4	3.22499E+6
3.59000E+1	2.82767E+4	5.71759E+4	3.19551E+6	1.16787E+6	8.23523E+4	3.20200E+6
3.60000E+1	2.81533E+4	5.72682E+4	3.19237E+6	1.14254E+6	8.23287E+4	3.06046E+6
3.61000E+1	2.82422E+4	5.73105E+4	3.03160E+6	1.14753E+6	8.22645E+4	3.03809E+6
3.62000E+1	2.83923E+4	5.73384E+4	3.09116E+6	1.15090E+6	8.25335E+4	3.13624E+6
3.63000E+1	2.82131E+4	5.72722E+4	3.08657E+6	1.15363E+6	8.28475E+4	3.20516E+6
3.64000E+1	2.84348E+4	5.76132E+4	3.16295E+6	1.14493E+6	8.26592E+4	3.17172E+6
3.65000E+1	2.82883E+4	5.71035E+4	3.13270E+6	1.15131E+6	8.21169E+4	3.17310E+6
3.66000E+1	2.82184E+4	5.74805E+4	3.03413E+6	1.15708E+6	8.23137E+4	3.28187E+6
3.67000E+1	2.83610E+4	5.77622E+4	3.07874E+6	1.15989E+6	8.25260E+4	3.11813E+6
3.68000E+1	2.82888E+4	5.75141E+4	3.17189E+6	1.16240E+6	8.27850E+4	3.09757E+6
3.69000E+1	2.84407E+4	5.76669E+4	3.25609E+6	1.15652E+6	8.26248E+4	3.03841E+6
3.70000E+1	2.83318E+4	5.71830E+4	3.04461E+6	1.16250E+6	8.27807E+4	3.04540E+6
3.71000E+1	2.84683E+4	5.74853E+4	3.10898E+6	1.16240E+6	8.22976E+4	3.08119E+6
3.72000E+1	2.84673E+4	5.73982E+4	3.15850E+6	1.15363E+6	8.27829E+4	3.07533E+6
3.73000E+1	2.85050E+4	5.77590E+4	3.16261E+6	1.15227E+6	8.28949E+4	3.16931E+6
3.74000E+1	2.83865E+4	5.75916E+4	3.08233E+6	1.17989E+6	8.30329E+4	3.11779E+6
3.75000E+1	2.83621E+4	5.75077E+4	3.14114E+6	1.16189E+6	8.29186E+4	3.10384E+6
3.76000E+1	2.85790E+4	5.76172E+4	3.08331E+6	1.16153E+6	8.28410E+4	3.19184E+6
3.77000E+1	2.84407E+4	5.76613E+4	3.08135E+6	1.13160E+6	8.25904E+4	2.97285E+6
3.78000E+1	2.83037E+4	5.77783E+4	3.09510E+6	1.15785E+6	8.25560E+4	3.06755E+6
3.79000E+1	2.84449E+4	5.78007E+4	3.22374E+6	1.15596E+6	8.28992E+4	3.26027E+6
3.80000E+1	2.84598E+4	5.76733E+4	3.22945E+6	1.18185E+6	8.33475E+4	3.11313E+6
3.81000E+1	2.83414E+4	5.77703E+4	3.12397E+6	1.16297E+6	8.30804E+4	3.07273E+6
3.82000E+1	2.83875E+4	5.79638E+4	3.10434E+6	1.17187E+6	8.31636E+4	3.12615E+6
3.83000E+1	2.85822E+4	5.76981E+4	3.17811E+6	1.16204E+6	8.31431E+4	3.08576E+6
3.84000E+1	2.85290E+4	5.77109E+4	3.17742E+6	1.16189E+6	8.26301E+4	3.20939E+6
3.85000E+1	2.85455E+4	5.77534E+4	3.09215E+6	1.14528E+6	8.31323E+4	3.00233E+6
3.86000E+1	2.84577E+4	5.80353E+4	3.24164E+6	1.15262E+6	8.29746E+4	3.17517E+6
3.87000E+1	2.85822E+4	5.78015E+4	3.24020E+6	1.15561E+6	8.32079E+4	3.24470E+6
3.88000E+1	2.83339E+4	5.77165E+4	3.10500E+6	1.14929E+6	8.28464E+4	2.97895E+6
3.89000E+1	2.85769E+4	5.78400E+4	3.03857E+6	1.13375E+6	8.23951E+4	3.07728E+6
3.90000E+1	2.85492E+4	5.78722E+4	3.12666E+6	1.13877E+6	8.25185E+4	3.10450E+6
3.91000E+1	2.87016E+4	5.78553E+4	3.16535E+6	1.14503E+6	8.24627E+4	3.01322E+6
3.92000E+1	2.85306E+4	5.79806E+4	3.08887E+6	1.15678E+6	8.21906E+4	3.07046E+6
3.93000E+1	2.86478E+4	5.78866E+4	3.21027E+6	1.14155E+6	8.23458E+4	2.99337E+6
3.94000E+1	2.87807E+4	5.80675E+4	3.15303E+6	1.12872E+6	8.24670E+4	3.10252E+6
3.95000E+1	2.88229E+4	5.80233E+4	3.28759E+6	1.14344E+6	8.24916E+4	3.18002E+6
3.96000E+1	2.87240E+4	5.78481E+4	3.17017E+6	1.17307E+6	8.24959E+4	3.20516E+6
3.97000E+1	2.87614E+4	5.79404E+4	3.21452E+6	1.13199E+6	8.22698E+4	3.00017E+6
3.98000E+1	2.87732E+4	5.78409E+4	3.06868E+6	1.16189E+6	8.24123E+4	3.04923E+6
3.99000E+1	2.88812E+4	5.79453E+4	3.16055E+6	1.16828E+6	8.29412E+4	3.14470E+6
4.00000E+1	2.87588E+4	5.78625E+4	3.15747E+6	1.14939E+6	8.25217E+4	3.05019E+6
4.01000E+1	2.87534E+4	5.79798E+4	3.24271E+6	1.14688E+6	8.27172E+4	3.02514E+6
4.02000E+1	2.85742E+4	5.77518E+4	3.18714E+6	1.14423E+6	8.27237E+4	3.02514E+6
4.03000E+1	2.87208E+4	5.77406E+4	3.28021E+6	1.18264E+6	8.29153E+4	3.10649E+6
4.04000E+1	2.87609E+4	5.76837E+4	3.20217E+6	1.16184E+6	8.26635E+4	3.09165E+6
4.05000E+1	2.86685E+4	5.78954E+4	3.23589E+6	1.16451E+6	8.24283E+4	3.20975E+6
4.06000E+1	2.88689E+4	5.77125E+4	3.25536E+6	1.15383E+6	8.26914E+4	3.00637E+6
4.07000E+1	2.87411E+4	5.80313E+4	3.20323E+6	1.16250E+6	8.27559E+4	3.03397E+6
4.08000E+1	2.86472E+4	5.78906E+4	3.12130E+6	1.16626E+6	8.26602E+4	3.05083E+6
4.09000E+1	2.87326E+4	5.76805E+4	3.17880E+6	1.14643E+6	8.24208E+4	3.10384E+6
4.10000E+1	2.87935E+4	5.76965E+4	3.26227E+6	1.18615E+6	8.25861E+4	3.07891E+6
4.11000E+1	2.88764E+4	5.79879E+4	3.17569E+6	1.16358E+6	8.26269E+4	3.03809E+6
4.12000E+1	2.88892E+4	5.77775E+4	3.19516E+6	1.16989E+6	8.23726E+4	2.97712E+6
4.13000E+1	2.88582E+4	5.81593E+4	3.12130E+6	1.16621E+6	8.23780E+4	3.14030E+6
4.14000E+1	2.88592E+4	5.80144E+4	3.14182E+6	1.14889E+6	8.25915E+4	3.16312E+6
4.15000E+1	2.88780E+4	5.80048E+4	3.21310E+6	1.16184E+6	8.26602E+4	2.99584E+6
4.16000E+1	2.87625E+4	5.78842E+4	3.25102E+6	1.16477E+6	8.20699E+4	3.16243E+6
4.17000E+1	2.87748E+4	5.79501E+4	3.08854E+6	1.15933E+6	8.19941E+4	3.00575E+6
4.18000E+1	2.87742E+4	5.77719E+4	3.22731E+6	1.16220E+6	8.15937E+4	3.05885E+6
4.19000E+1	2.87689E+4	5.77975E+4	3.26336E+6	1.15800E+6	8.20357E+4	3.10021E+6
4.20000E+1	2.87972E+4	5.79099E+4	3.38769E+6	1.15581E+6	8.20827E+4	2.97712E+6
4.21000E+1	2.87721E+4	5.80772E+4	3.14793E+6	1.17260E+6	8.20784E+4	3.01447E+6
4.22000E+1	2.87288E+4	5.78457E+4	3.24704E+6	1.16647E+6	8.22088E+4	3.06078E+6
4.23000E+1	2.87134E+4	5.79718E+4	3.27727E+6	1.14718E+6	8.18864E+4	3.08707E+6
4.24000E+1	2.88100E+4	5.80152E+4	3.17915E+6	1.17364E+6	8.22110E+4	2.96315E+6
4.25000E+1	2.86547E+4	5.77021E+4	3.30058E+6	1.16709E+6	8.22217E+4	3.15627E+6
4.26000E+1	2.88587E+4	5.80587E+4	3.14081E+6	1.16405E+6	8.23801E+4	3.11313E+6
4.27000E+1	2.88282E+4	5.80691E+4	3.16226E+6	1.14814E+6	8.22377E+4	2.98967E+6
4.28000E+1	2.88523E+4	5.76941E+4	3.30431E+6	1.17129E+6	8.20848E+4	3.04381E+6
4.29000E+1	2.87972E+4	5.78280E+4	3.20358E+6	1.17600E+6	8.22366E+4	3.05564E+6
4.30000E+1	2.86728E+4	5.78706E+4	3.17017E+6	1.16353E+6	8.21041E+4	2.95681E+6
4.31000E+1	2.87395E+4	5.79388E+4	3.08952E+6	1.18307E+6	8.20571E+4	3.05147E+6
4.32000E+1	2.88079E+4	5.78778E+4	3.15065E+6	1.17705E+6	8.21628E+4	3.21611E+6
4.33000E+1	2.90033E+4	5.80611E+4	3.16948E+6	1.16544E+6	8.19205E+4	3.02356E+6
4.34000E+1	2.87945E+4	5.79871E+4	3.32270E+6	1.17873E+6	8.20154E+4	3.15048E+6
4.35000E+1	2.87929E+4	5.80192E+4	3.20534E+6	1.14204E+6	8.18597E+4	3.09362E+6
4.36000E+1	2.88138E+4	5.81295E+4	3.19937E+6	1.15897E+6	8.20165E+4	3.09231E+6
4.37000E+1	2.86632E+4	5.81038E+4	3.12163E+6	1.14543E+6	8.18352E+4	3.08707E+6
4.38000E+1	2.86584E+4	5.80305E+4	3.17742E+6	1.16209E+6	8.14207E+4	3.10782E+6
4.39000E+1	2.86083E+4	5.79236E+4	3.15133E+6	1.14543E+6	8.11613E+4	3.02262E+6
4.40000E+1	2.86734E+4	5.78433E+4	3.25936E+6	1.14643E+6	8.14950E+4	3.00047E+6
4.41000E+1	2.84476E+4	5.79300E+4	3.17327E+6	1.14095E+6	8.12766E+4	3.01666E+6
4.42000E+1	2.87326E+4	5.81956E+4	3.26664E+6	1.14939E+6	8.13126E+4	3.10616E+6
4.43000E+1	2.86350E+4	5.79316E+4	3.24488E+6	1.13680E+6	8.13646E+4	3.04604E+6
4.44000E+1	2.86200E+4	5.80249E+4	3.06933E+6	1.15546E+6	8.16490E+4	3.05917E+6
4.45000E+1	2.87091E+4	5.82900E+4	3.17362E+6	1.15414E+6	8.13243E+4	3.10583E+6
4.46000E+1	2.86142E+4	5.81158E+4	3.20358E+6	1.15459E+6	8.12206E+4	3.06787E+6
4.47000E+1	2.85103E+4	5.79999E+4	3.06642E+6	1.15080E+6	8.13201E+4	3.09362E+6
4.48000E+1	2.85710E+4	5.80273E+4	3.12833E+6	1.12185E+6	8.13307E+4	3.13388E+6
4.49000E+1	2.87059E+4	5.78770E+4	3.11363E+6	1.13106E+6	8.13985E+4	2.99707E+6
4.50000E+1	2.87828E+4	5.81247E+4	3.23016E+6	1.14130E+6	8.10134E+4	3.05949E+6
4.51000E+1	2.86462E+4	5.80885E+4	3.16055E+6	1.16102E+6	8.13296E+4	3.02986E+6
4.52000E+1	2.86846E+4	5.79107E+4	3.22802E+6	1.16787E+6	8.12026E+4	3.07468E+6
4.53000E+1	2.86910E+4	5.80957E+4	3.24740E+6	1.14359E+6	8.11359E+4	3.00017E+6
4.54000E+1	2.86771E+4	5.79147E+4	3.23481E+6	1.16451E+6	8.08784E+4	3.26464E+6
4.55000E+1	2.86286E+4	5.81448E+4	3.15065E+6	1.16451E+6	8.11909E+4	3.07630E+6
4.56000E+1	2.85306E+4	5.79943E+4	3.18262E+6	1.14995E+6	8.09026E+4	2.93945E+6
4.57000E+1	2.88416E+4	5.78890E+4	3.23088E+6	1.14309E+6	8.11613E+4	3.20692E+6
4.58000E+1	2.86019E+4	5.79372E+4	3.15610E+6	1.15979E+6	8.12925E+4	3.02671E+6
4.59000E+1	2.88453E+4	5.81295E+4	3.16879E+6	1.16487E+6	8.14653E+4	3.06239E+6
4.60000E+1	2.87721E+4	5.82109E+4	3.13338E+6	1.15607E+6	8.14059E+4	2.98200E+6
4.61000E+1	2.86078E+4	5.81199E+4	3.18818E+6	1.15510E+6	8.13911E+4	3.10981E+6
4.62000E+1	2.88218E+4	5.82117E+4	3.08167E+6	1.16209E+6	8.15481E+4	3.06917E+6
4.63000E+1	2.87785E+4	5.84015E+4	3.26227E+6	1.17223E+6	8.14250E+4	2.91495E+6
4.64000E+1	2.86755E+4	5.85139E+4	3.21593E+6	1.15851E+6	8.12565E+4	3.14708E+6
4.65000E+1	2.88608E+4	5.81239E+4	3.13405E+6	1.17600E+6	8.15916E+4	3.01666E+6
4.66000E+1	2.87406E+4	5.79750E+4	3.09741E+6	1.17275E+6	8.13995E+4	2.94841E+6
4.67000E+1	2.87828E+4	5.82843E+4	3.17777E+6	1.16122E+6	8.12586E+4	2.98875E+6
4.68000E+1	2.87294E+4	5.81626E+4	3.37442E+6	1.13576E+6	8.08721E+4	3.05564E+6
4.69000E+1	2.88186E+4	5.85333E+4	3.15986E+6	1.13424E+6	8.15173E+4	2.94005E+6
4.70000E+1	2.86766E+4	5.81078E+4	3.12968E+6	1.15292E+6	8.11603E+4	2.91788E+6
4.71000E+1	2.86499E+4	5.83619E+4	3.20007E+6	1.15536E+6	8.12809E+4	2.91905E+6
4.72000E+1	2.88362E+4	5.84015E+4	3.18470E+6	1.16963E+6	8.15640E+4	3.07111E+6
4.73000E+1	2.87892E+4	5.84710E+4	3.21700E+6	1.17067E+6	8.09332E+4	2.97925E+6
4.74000E+1	2.87839E+4	5.82674E+4	3.17638E+6	1.15948E+6	8.13826E+4	3.04540E+6
4.75000E+1	2.88330E+4	5.82868E+4	3.12666E+6	1.16168E+6	8.15003E+4	3.00202E+6
4.76000E+1	2.88362E+4	5.84209E+4	3.14419E+6	1.15404E+6	8.12438E+4	2.96103E+6
4.77000E+1	2.87353E+4	5.84888E+4	3.15031E+6	1.16875E+6	8.14176E+4	3.01635E+6
4.78000E+1	2.87203E+4	5.84023E+4	3.19027E+6	1.17406E+6	8.14908E+4	3.07988E+6
4.79000E+1	2.88699E+4	5.82706E+4	3.18644E+6	1.14453E+6	8.11962E+4	2.98262E+6
4.80000E+1	2.87625E+4	5.81988E+4	3.33863E+6	1.18503E+6	8.15640E+4	3.04349E+6
4.81000E+1	2.89138E+4	5.82787E+4	3.17742E+6	1.17328E+6	8.22473E+4	3.16724E+6
4.82000E+1	2.88330E+4	5.82900E+4	3.04588E+6	1.16225E+6	8.15598E+4	3.10252E+6
4.83000E+1	2.86600E+4	5.85018E+4	3.15371E+6	1.17067E+6	8.13593E+4	2.98262E+6
4.84000E+1	2.87427E+4	5.83150E+4	3.12230E+6	1.14408E+6	8.11412E+4	3.03904E+6
4.85000E+1	2.87646E+4	5.84759E+4	3.06384E+6	1.15795E+6	8.09185E+4	3.00979E+6
4.86000E+1	2.88122E+4	5.82965E+4	3.20569E+6	1.15171E+6	8.11782E+4	3.14199E+6
4.87000E+1	2.88432E+4	5.88571E+4	3.32119E+6	1.17720E+6	8.12280E+4	3.05853E+6
4.88000E+1	2.88352E+4	5.83853E+4	3.20534E+6	1.17057E+6	8.13858E+4	2.97925E+6
4.89000E+1	2.85785E+4	5.85026E+4	3.26445E+6	1.16652E+6	8.14706E+4	2.93767E+6
4.90000E+1	2.89813E+4	5.86168E+4	3.08037E+6	1.16771E+6	8.12100E+4	3.01354E+6
4.91000E+1	2.88042E+4	5.85010E+4	3.18123E+6	1.15713E+6	8.13211E+4	3.01104E+6
4.92000E+1	2.85977E+4	5.84823E+4	3.13810E+6	1.14563E+6	8.07320E+4	2.97834E+6
4.93000E+1	2.88721E+4	5.83344E+4	3.10202E+6	1.19161E+6	8.10810E+4	3.09922E+6
4.94000E+1	2.89288E+4	5.86135E+4	3.17086E+6	1.16554E+6	8.08362E+4	2.95862E+6
4.95000E+1	2.86766E+4	5.84492E+4	3.26336E+6	1.15764E+6	8.12237E+4	3.14470E+6
4.96000E+1	2.87726E+4	5.86776E+4	3.17984E+6	1.16394E+6	8.08868E+4	3.16621E+6
4.97000E+1	2.87369E+4	5.84403E+4	3.08200E+6	1.15810E+6	8.11476E+4	3.03460E+6
4.98000E+1	2.88411E+4	5.84993E+4	3.28463E+6	1.16173E+6	8.10990E+4	2.92848E+6
4.99000E+1	2.89353E+4	5.84977E+4	3.12800E+6	1.14423E+6	8.07973E+4	3.02608E+6
5.00000E+1	2.90113E+4	5.86906E+4	3.29871E+6	1.16911E+6	8.11465E+4	2.98691E+6
5.01000E+1	2.87481E+4	5.86898E+4	3.31742E+6	1.15060E+6	8.07783E+4	2.96405E+6
5.02000E+1	2.88411E+4	5.84912E+4	3.22232E+6	1.17072E+6	8.09712E+4	3.02011E+6
5.03000E+1	2.88047E+4	5.83869E+4	3.45033E+6	1.16004E+6	8.12100E+4	3.01510E+6
5.04000E+1	2.90215E+4	5.86833E+4	3.39280E+6	1.15688E+6	8.10345E+4	3.03271E+6
5.05000E+1	2.88839E+4	5.82666E+4	3.19097E+6	1.16477E+6	8.04955E+4	2.98568E+6
5.06000E+1	2.90028E+4	5.87393E+4	3.25319E+6	1.15637E+6	8.04819E+4	3.02514E+6
5.07000E+1	2.90285E+4	5.87669E+4	3.17293E+6	1.15333E+6	8.06615E+4	2.96738E+6
5.08000E+1	2.90951E+4	5.88124E+4	3.14691E+6	1.16662E+6	8.09353E+4	3.10583E+6
5.09000E+1	2.89754E+4	5.86873E+4	3.20428E+6	1.15948E+6	8.10345E+4	2.95350E+6
5.10000E+1	2.91165E+4	5.87060E+4	3.14419E+6	1.16353E+6	8.12057E+4	2.90648E+6
5.11000E+1	2.89540E+4	5.91022E+4	3.24020E+6	1.17103E+6	8.13889E+4	2.96738E+6
5.12000E+1	2.89481E+4	5.87831E+4	3.32119E+6	1.17720E+6	8.11444E+4	3.01510E+6
5.13000E+1	2.91112E+4	5.90084E+4	3.46951E+6	1.18068E+6	8.14876E+4	3.02011E+6
5.14000E+1	2.91353E+4	5.89930E+4	3.18679E+6	1.17663E+6	8.09965E+4	2.97773E+6
5.15000E+1	2.91579E+4	5.92107E+4	3.33824E+6	1.17894E+6	8.13900E+4	3.00886E+6
5.16000E+1	2.91902E+4	5.93758E+4	3.23159E+6	1.17150E+6	8.10546E+4	2.98537E+6
5.17000E+1	2.91982E+4	5.91625E+4	3.19342E+6	1.15020E+6	8.07720E+4	3.01073E+6
5.18000E+1	2.93042E+4	5.93587E+4	3.32989E+6	1.15520E+6	8.05932E+4	2.94303E+6
5.19000E+1	2.94596E+4	5.93390E+4	3.24776E+6	1.17041E+6	8.10567E+4	3.05403E+6
5.20000E+1	2.93350E+4	5.91372E+4	3.23840E+6	1.19403E+6	8.11359E+4	3.02576E+6
5.21000E+1	2.94310E+4	5.92262E+4	3.34397E+6	1.17889E+6	8.13307E+4	3.00264E+6
5.22000E+1	2.93808E+4	5.95290E+4	3.35508E+6	1.19760E+6	8.14292E+4	3.18418E+6
5.23000E+1	2.92967E+4	5.93685E+4	3.24307E+6	1.18370E+6	8.12407E+4	2.94064E+6
5.24000E+1	2.95130E+4	5.93186E+4	3.23267E+6	1.20590E+6	8.11761E+4	3.00761E+6
5.25000E+1	2.95655E+4	5.93611E+4	3.29686E+6	1.18834E+6	8.13582E+4	3.04222E+6
5.26000E+1	2.95952E+4	5.94626E+4	3.39791E+6	1.18722E+6	8.15470E+4	3.08903E+6
5.27000E+1	2.93662E+4	5.95282E+4	3.27067E+6	1.19646E+6	8.07952E+4	3.02262E+6
5.28000E+1	2.96001E+4	5.95626E+4	3.15474E+6	1.17673E+6	8.10673E+4	3.01385E+6
5.29000E+1	2.96477E+4	5.94839E+4	3.41097E+6	1.18652E+6	8.10652E+4	3.03113E+6
5.30000E+1	2.95887E+4	5.92965E+4	3.34741E+6	1.16927E+6	8.08721E+4	3.16243E+6
5.31000E+1	2.95076E+4	5.95733E+4	3.41933E+6	1.17973E+6	8.11064E+4	3.03460E+6
5.32000E+1	2.95790E+4	5.95552E+4	3.40225E+6	1.14633E+6	8.10937E+4	2.90241E+6
5.33000E+1	2.96277E+4	5.93407E+4	3.23840E+6	1.18084E+6	8.08932E+4	3.06690E+6
5.34000E+1	2.97513E+4	5.95003E+4	3.32044E+6	1.17763E+6	8.07015E+4	2.96860E+6
5.35000E+1	2.96678E+4	5.97384E+4	3.36511E+6	1.18492E+6	8.08257E+4	2.98139E+6
5.36000E+1	2.95942E+4	5.95118E+4	3.30095E+6	1.15897E+6	8.06615E+4	3.14368E+6
5.37000E+1	2.97556E+4	5.95528E+4	3.21275E+6	1.15490E+6	8.06521E+4	2.99955E+6
5.38000E+1	2.97084E+4	5.96373E+4	3.44344E+6	1.15257E+6	8.06426E+4	3.03999E+6
5.39000E+1	2.98299E+4	5.97638E+4	3.45154E+6	1.17931E+6	8.04462E+4	2.94154E+6
5.40000E+1	2.97268E+4	5.97466E+4	3.31780E+6	1.16854E+6	8.06458E+4	3.02639E+6
5.41000E+1	2.97800E+4	5.97490E+4	3.34626E+6	1.17868E+6	8.05701E+4	3.02482E+6
5.42000E+1	2.97426E+4	5.97951E+4	3.27653E+6	1.17663E+6	8.03068E+4	3.06078E+6
5.43000E+1	2.99294E+4	5.98132E+4	3.37248E+6	1.18211E+6	8.07078E+4	3.07079E+6
5.44000E+1	2.97664E+4	5.98609E+4	3.45969E+6	1.17474E+6	8.04221E+4	3.08674E+6
5.45000E+1	2.99125E+4	5.97614E+4	3.13136E+6	1.14498E+6	8.04882E+4	2.97712E+6
5.46000E+1	2.98685E+4	6.00505E+4	3.34932E+6	1.19425E+6	8.08131E+4	3.14402E+6
5.47000E+1	2.98582E+4	5.98683E+4	3.34818E+6	1.17005E+6	8.04284E+4	2.99584E+6
5.48000E+1	2.99648E+4	5.98124E+4	3.49640E+6	1.19209E+6	8.04599E+4	3.05756E+6
5.49000E+1	2.98120E+4	5.97170E+4	3.20288E+6	1.16792E+6	8.03162E+4	2.90299E+6
5.50000E+1	2.98413E+4	6.02886E+4	3.42693E+6	1.15206E+6	8.03980E+4	3.07663E+6
5.51000E+1	2.99827E+4	5.99952E+4	3.54112E+6	1.15841E+6	8.04756E+4	2.92877E+6
5.52000E+1	2.99931E+4	5.99079E+4	3.40502E+6	1.18148E+6	8.05827E+4	2.98445E+6
5.53000E+1	2.99169E+4	5.97614E+4	3.40780E+6	1.16302E+6	8.02492E+4	3.00140E+6
5.54000E+1	3.00148E+4	5.99614E+4	3.55914E+6	1.16333E+6	8.03393E+4	2.99924E+6
5.55000E+1	2.97268E+4	5.99722E+4	3.38613E+6	1.17155E+6	8.03969E+4	2.97925E+6
5.56000E+1	3.00770E+4	6.01852E+4	3.40899E+6	1.16647E+6	8.06773E+4	3.05564E+6
5.57000E+1	3.00285E+4	6.03275E+4	3.47609E+6	1.17208E+6	8.07089E+4	3.08936E+6
5.58000E+1	3.00252E+4	6.02546E+4	3.39870E+6	1.17699E+6	8.00474E+4	2.96587E+6
5.59000E+1	2.98875E+4	6.02191E+4	3.39989E+6	1.18429E+6	8.00882E+4	3.00855E+6
5.60000E+1	3.00056E+4	5.99103E+4	3.47651E+6	1.18706E+6	8.03456E+4	3.00140E+6
5.61000E+1	3.00617E+4	6.01521E+4	3.38534E+6	1.17521E+6	8.03068E+4	3.04254E+6
5.62000E+1	3.00105E+4	6.00720E+4	3.33064E+6	1.19554E+6	8.00172E+4	2.94064E+6
5.63000E+1	3.01129E+4	6.02157E+4	3.44344E+6	1.17584E+6	8.00286E+4	3.06949E+6
5.64000E+1	3.01091E+4	6.01199E+4	3.41614E+6	1.18402E+6	8.02890E+4	3.21045E+6
5.65000E+1	2.98886E+4	6.02778E+4	3.41495E+6	1.18026E+6	8.00474E+4	2.95802E+6
5.66000E+1	3.00611E+4	6.00142E+4	3.48394E+6	1.19571E+6	8.01864E+4	2.94631E+6
5.67000E+1	3.00737E+4	6.03672E+4	3.54112E+6	1.19150E+6	8.05050E+4	2.98814E+6
5.68000E+1	2.99947E+4	6.02000E+4	3.32006E+6	1.18010E+6	8.01310E+4	3.01229E+6
5.69000E+1	3.00715E+4	6.02861E+4	3.37131E+6	1.19032E+6	8.01080E+4	3.02608E+6
5.70000E+1	3.00677E+4	6.02786E+4	3.35393E+6	1.18551E+6	7.98722E+4	3.02042E+6
5.71000E+1	3.00078E+4	6.04717E+4	3.40819E+6	1.18780E+6	8.01091E+4	3.07858E+6
5.72000E+1	3.00317E+4	6.04128E+4	3.34397E+6	1.18946E+6	8.04200E+4	3.12381E+6
5.73000E+1	3.02194E+4	6.05489E+4	3.26008E+6	1.19430E+6	8.00182E+4	3.01729E+6
5.74000E+1	3.01108E+4	6.02124E+4	3.63937E+6	1.16984E+6	8.01906E+4	2.93232E+6
5.75000E+1	3.01451E+4	6.04908E+4	3.50182E+6	1.19037E+6	8.01540E+4	2.97834E+6
5.76000E+1	3.03178E+4	6.03705E+4	3.53217E+6	1.15485E+6	8.00318E+4	2.98047E+6
5.77000E+1	3.01408E+4	6.04717E+4	3.44465E+6	1.17652E+6	8.00861E+4	3.02482E+6
5.78000E+1	3.01806E+4	6.04833E+4	3.63847E+6	1.18074E+6	7.97815E+4	2.97103E+6
5.79000E+1	3.03167E+4	6.06577E+4	3.48063E+6	1.18105E+6	7.98524E+4	3.11513E+6
5.80000E+1	3.02401E+4	6.05456E+4	3.61876E+6	1.17103E+6	8.01237E+4	3.08282E+6
5.81000E+1	3.01604E+4	6.07692E+4	3.51820E+6	1.18722E+6	7.99702E+4	3.03650E+6
5.82000E+1	3.01293E+4	6.05580E+4	3.45806E+6	1.17453E+6	7.98076E+4	3.08021E+6
5.83000E+1	3.02910E+4	6.03788E+4	3.62144E+6	1.18068E+6	7.99159E+4	2.97163E+6
5.84000E+1	3.01239E+4	6.05099E+4	3.50601E+6	1.15866E+6	8.00621E+4	3.01135E+6
5.85000E+1	3.02511E+4	6.09076E+4	3.44830E+6	1.18216E+6	8.00349E+4	3.12917E+6
5.86000E+1	3.00606E+4	6.05231E+4	3.42693E+6	1.18338E+6	7.98607E+4	2.97834E+6
5.87000E+1	3.02751E+4	6.07160E+4	3.55354E+6	1.19231E+6	7.99775E+4	2.99924E+6
5.88000E+1	3.02658E+4	6.08742E+4	3.38339E+6	1.19209E+6	7.99806E+4	3.02199E+6
5.89000E+1	3.03643E+4	6.09885E+4	3.57997E+6	1.18818E+6	7.99024E+4	3.06917E+6
5.90000E+1	3.02221E+4	6.06669E+4	3.52877E+6	1.18540E+6	7.99316E+4	3.17172E+6
5.91000E+1	3.02391E+4	6.09735E+4	3.61565E+6	1.18423E+6	7.98576E+4	3.03239E+6
5.92000E+1	3.03435E+4	6.07343E+4	3.58433E+6	1.20163E+6	7.97503E+4	3.03809E+6
5.93000E+1	3.01255E+4	6.07101E+4	3.66568E+6	1.17270E+6	7.97701E+4	3.01729E+6
5.94000E+1	3.02341E+4	6.05871E+4	3.47857E+6	1.17873E+6	7.96286E+4	3.10087E+6
5.95000E+1	3.03189E+4	6.09476E+4	3.49265E+6	1.17784E+6	7.98982E+4	2.92936E+6
5.96000E+1	3.03714E+4	6.08892E+4	3.52792E+6	1.19967E+6	7.94873E+4	3.12951E+6
5.97000E+1	3.03665E+4	6.11306E+4	3.56217E+6	1.21186E+6	7.97243E+4	3.01166E+6
5.98000E+1	3.04383E+4	6.08667E+4	3.63757E+6	1.17448E+6	7.95029E+4	3.05660E+6
5.99000E+1	3.03156E+4	6.08159E+4	3.72414E+6	1.17763E+6	7.96421E+4	2.97072E+6
6.00000E+1	3.03901E+4	6.08017E+4	3.54796E+6	1.16984E+6	7.97336E+4	3.05917E+6
6.01000E+1	3.00857E+4	6.10796E+4	3.57343E+6	1.17752E+6	7.97857E+4	3.04317E+6
6.02000E+1	3.03868E+4	6.08692E+4	3.43255E+6	1.17317E+6	7.97909E+4	2.96738E+6
6.03000E+1	3.04284E+4	6.11524E+4	3.59398E+6	1.16797E+6	7.97555E+4	2.95982E+6
6.04000E+1	3.04350E+4	6.10930E+4	3.57213E+6	1.15156E+6	7.97149E+4	3.03682E+6
6.05000E+1	3.00023E+4	6.09501E+4	3.48063E+6	1.16590E+6	7.97430E+4	2.98998E+6
6.06000E+1	3.01724E+4	6.11105E+4	3.33939E+6	1.15688E+6	7.98263E+4	3.06400E+6
6.07000E+1	3.03178E+4	6.11591E+4	3.51272E+6	1.17579E+6	7.95901E+4	3.10285E+6
6.08000E+1	3.03572E+4	6.11758E+4	3.51314E+6	1.19059E+6	7.95683E+4	3.10881E+6
6.09000E+1	3.02784E+4	6.11858E+4	3.45724E+6	1.17088E+6	7.95974E+4	3.01698E+6
6.10000E+1	3.03999E+4	6.13408E+4	3.45847E+6	1.16163E+6	7.97492E+4	3.03207E+6
6.11000E+1	3.02418E+4	6.11808E+4	3.68036E+6	1.17663E+6	7.96931E+4	3.01073E+6
6.12000E+1	3.05156E+4	6.13316E+4	3.56087E+6	1.18984E+6	7.99483E+4	3.00233E+6
6.13000E+1	3.04580E+4	6.12277E+4	3.55785E+6	1.16875E+6	7.99097E+4	3.14368E+6
6.14000E+1	3.03424E+4	6.14600E+4	3.62233E+6	1.16833E+6	7.95631E+4	3.05115E+6
6.15000E+1	3.04010E+4	6.13811E+4	3.67438E+6	1.19306E+6	7.96275E+4	3.09757E+6
6.16000E+1	3.04163E+4	6.12914E+4	3.70212E+6	1.18211E+6	7.97586E+4	3.03587E+6
6.17000E+1	3.05090E+4	6.09610E+4	3.61165E+6	1.16947E+6	7.94884E+4	3.03936E+6
6.18000E+1	3.03660E+4	6.12453E+4	3.69747E+6	1.16446E+6	7.94655E+4	3.02293E+6
6.19000E+1	3.04492E+4	6.11574E+4	3.47733E+6	1.15536E+6	7.92003E+4	2.90590E+6
6.20000E+1	3.04032E+4	6.13350E+4	3.52411E+6	1.15668E+6	7.94209E+4	3.03904E+6
6.21000E+1	3.03753E+4	6.14827E+4	3.51567E+6	1.17375E+6	7.94759E+4	3.02514E+6
6.22000E+1	3.03550E+4	6.12972E+4	3.68312E+6	1.15505E+6	7.93898E+4	3.03872E+6
6.23000E+1	3.05892E+4	6.14583E+4	3.64614E+6	1.17521E+6	7.94240E+4	2.99522E+6
6.24000E+1	3.03818E+4	6.13324E+4	3.58959E+6	1.15388E+6	7.93411E+4	2.98752E+6
6.25000E+1	3.05694E+4	6.14088E+4	3.49099E+6	1.17333E+6	7.93069E+4	3.00109E+6
6.26000E+1	3.06359E+4	6.15188E+4	3.66614E+6	1.18828E+6	7.91641E+4	3.12147E+6
6.27000E+1	3.06370E+4	6.16500E+4	3.58390E+6	1.15156E+6	7.94105E+4	2.91465E+6
6.28000E+1	3.03216E+4	6.14802E+4	3.74927E+6	1.16859E+6	7.91951E+4	3.04636E+6
6.29000E+1	3.06266E+4	6.16551E+4	3.66706E+6	1.16642E+6	7.91734E+4	2.96194E+6
6.30000E+1	3.05156E+4	6.15096E+4	3.82025E+6	1.17589E+6	7.92810E+4	3.06142E+6
6.31000E+1	3.04262E+4	6.15810E+4	3.57083E+6	1.15211E+6	7.92096E+4	2.97163E+6
6.32000E+1	3.04465E+4	6.17773E+4	3.65839E+6	1.15045E+6	7.92707E+4	3.12951E+6
6.33000E+1	3.05063E+4	6.17899E+4	3.62099E+6	1.15434E+6	7.92986E+4	3.01229E+6
6.34000E+1	3.05771E+4	6.18085E+4	3.57517E+6	1.17443E+6	7.93173E+4	3.01854E+6
6.35000E+1	3.04564E+4	6.18236E+4	3.56173E+6	1.16714E+6	7.93494E+4	2.99924E+6
6.36000E+1	3.05491E+4	6.17899E+4	3.55268E+6	1.15530E+6	7.92468E+4	3.05532E+6
6.37000E+1	3.03895E+4	6.17789E+4	3.56303E+6	1.17979E+6	7.92562E+4	3.02325E+6
6.38000E+1	3.04416E+4	6.16820E+4	3.66980E+6	1.15632E+6	7.93846E+4	3.09362E+6
6.39000E+1	3.04745E+4	6.17216E+4	3.61966E+6	1.13917E+6	7.90421E+4	2.97437E+6
6.40000E+1	3.05573E+4	6.20721E+4	3.59047E+6	1.15181E+6	7.93515E+4	3.08445E+6
6.41000E+1	3.05798E+4	6.18397E+4	3.52920E+6	1.15282E+6	7.91155E+4	3.04540E+6
6.42000E+1	3.04514E+4	6.19816E+4	3.55140E+6	1.16384E+6	7.93401E+4	3.02419E+6
6.43000E+1	3.05535E+4	6.20264E+4	3.80349E+6	1.15404E+6	7.90318E+4	2.96466E+6
6.44000E+1	3.06249E+4	6.19959E+4	3.77958E+6	1.16575E+6	7.93028E+4	2.96951E+6
6.45000E+1	3.05853E+4	6.19706E+4	3.61609E+6	1.16322E+6	7.91300E+4	3.25156E+6
6.46000E+1	3.05892E+4	6.19740E+4	3.86077E+6	1.17416E+6	7.89616E+4	3.04031E+6
6.47000E+1	3.06018E+4	6.21838E+4	3.49556E+6	1.18307E+6	7.92603E+4	2.94571E+6
6.48000E+1	3.06452E+4	6.22254E+4	3.59398E+6	1.17270E+6	7.92168E+4	3.08021E+6
6.49000E+1	3.07063E+4	6.21915E+4	3.61876E+6	1.16849E+6	7.92820E+4	3.02136E+6
6.50000E+1	3.06436E+4	6.21932E+4	3.84116E+6	1.15277E+6	7.92665E+4	3.05083E+6
6.51000E+1	3.03561E+4	6.19672E+4	3.91093E+6	1.16575E+6	7.91848E+4	2.98109E+6
6.52000E+1	3.06562E+4	6.20695E+4	3.69701E+6	1.14718E+6	7.90865E+4	2.99769E+6
6.53000E+1	3.05831E+4	6.21720E+4	3.54411E+6	1.17202E+6	7.91641E+4	2.94871E+6
6.54000E+1	3.08049E+4	6.21830E+4	3.59222E+6	1.18989E+6	7.90917E+4	2.96224E+6
6.55000E+1	3.06343E+4	6.21457E+4	3.60589E+6	1.16818E+6	7.90979E+4	3.02388E+6
6.56000E+1	3.05107E+4	6.20391E+4	3.70585E+6	1.18631E+6	7.88698E+4	3.06787E+6
6.57000E+1	3.04432E+4	6.24733E+4	3.68543E+6	1.17036E+6	7.89162E+4	2.94841E+6
6.58000E+1	3.07206E+4	6.22330E+4	3.57692E+6	1.16184E+6	7.88307E+4	3.18696E+6
6.59000E+1	3.05853E+4	6.24980E+4	3.76750E+6	1.17176E+6	7.89049E+4	3.06207E+6
6.60000E+1	3.06419E+4	6.23425E+4	3.74403E+6	1.14884E+6	7.87637E+4	2.93232E+6
6.61000E+1	3.07311E+4	6.22127E+4	3.64705E+6	1.16189E+6	7.91052E+4	3.08903E+6
6.62000E+1	3.06672E+4	6.25950E+4	3.63892E+6	1.13976E+6	7.91114E+4	3.05019E+6
6.63000E+1	3.08352E+4	6.24759E+4	3.74118E+6	1.17542E+6	7.89812E+4	3.02451E+6
6.64000E+1	3.07674E+4	6.24895E+4	3.68312E+6	1.17411E+6	7.91620E+4	2.94422E+6
6.65000E+1	3.06766E+4	6.24155E+4	3.71333E+6	1.19247E+6	7.95288E+4	3.01291E+6
6.66000E+1	3.08159E+4	6.25312E+4	3.81481E+6	1.17636E+6	7.95029E+4	2.98814E+6
6.67000E+1	3.07493E+4	6.25414E+4	3.66431E+6	1.15877E+6	7.91020E+4	3.04031E+6
6.68000E+1	3.07250E+4	6.25737E+4	3.89082E+6	1.16973E+6	7.90948E+4	2.94064E+6
6.69000E+1	3.07983E+4	6.27374E+4	3.74070E+6	1.17411E+6	7.93142E+4	2.99460E+6
6.70000E+1	3.08071E+4	6.28202E+4	3.65022E+6	1.18941E+6	7.94749E+4	3.05211E+6
6.71000E+1	3.08656E+4	6.26001E+4	3.86280E+6	1.16441E+6	7.93338E+4	2.99831E+6
6.72000E+1	3.09335E+4	6.28458E+4	3.69794E+6	1.18524E+6	7.92117E+4	2.92052E+6
6.73000E+1	3.10269E+4	6.25601E+4	3.88774E+6	1.18259E+6	7.90948E+4	2.96617E+6
6.74000E+1	3.09103E+4	6.28322E+4	3.64433E+6	1.19075E+6	7.90184E+4	3.03904E+6
6.75000E+1	3.08220E+4	6.26709E+4	3.78444E+6	1.17747E+6	7.93660E+4	3.08412E+6
6.76000E+1	3.06876E+4	6.25159E+4	3.77039E+6	1.19798E+6	7.93556E+4	3.10848E+6
6.77000E+1	3.08876E+4	6.26001E+4	3.70212E+6	1.18047E+6	7.87874E+4	3.06982E+6
6.78000E+1	3.08970E+4	6.28219E+4	3.79321E+6	1.17516E+6	7.90235E+4	3.04445E+6
6.79000E+1	3.08413E+4	6.28142E+4	3.64795E+6	1.19032E+6	7.92272E+4	3.03176E+6
6.80000E+1	3.08347E+4	6.28245E+4	3.73453E+6	1.20185E+6	7.97107E+4	3.22179E+6
6.81000E+1	3.08634E+4	6.29741E+4	3.80349E+6	1.20562E+6	7.97451E+4	3.07176E+6
6.82000E+1	3.08766E+4	6.27186E+4	4.07269E+6	1.19225E+6	7.97430E+4	3.05019E+6
6.83000E+1	3.11337E+4	6.26530E+4	3.83866E+6	1.18232E+6	7.91351E+4	2.98200E+6
6.84000E+1	3.10241E+4	6.31857E+4	3.72839E+6	1.18759E+6	7.91806E+4	2.99060E+6
6.85000E+1	3.10584E+4	6.29005E+4	3.95494E+6	1.19075E+6	7.95455E+4	3.08805E+6
6.86000E+1	3.10817E+4	6.27016E+4	3.77088E+6	1.18037E+6	7.94520E+4	2.96890E+6
6.87000E+1	3.11853E+4	6.29707E+4	3.94227E+6	1.19145E+6	7.94904E+4	3.05147E+6
6.88000E+1	3.09274E+4	6.30631E+4	3.87294E+6	1.17385E+6	7.95455E+4	3.02923E+6
6.89000E+1	3.09092E+4	6.29578E+4	3.83367E+6	1.17663E+6	7.86835E+4	3.02482E+6
6.90000E+1	3.09937E+4	6.30546E+4	3.77862E+6	1.17989E+6	7.89492E+4	3.05949E+6
6.91000E+1	3.11697E+4	6.34246E+4	3.83866E+6	1.21225E+6	7.94085E+4	3.05083E+6
6.92000E+1	3.10225E+4	6.32990E+4	3.98805E+6	1.19241E+6	7.88946E+4	3.05019E+6
6.93000E+1	3.10877E+4	6.29689E+4	3.70445E+6	1.19123E+6	7.94157E+4	3.00979E+6
6.94000E+1	3.10379E+4	6.31205E+4	3.92393E+6	1.17427E+6	7.88781E+4	3.01792E+6
6.95000E+1	3.11625E+4	6.33008E+4	3.98268E+6	1.21430E+6	7.97191E+4	3.11379E+6
6.96000E+1	3.12568E+4	6.31497E+4	3.87243E+6	1.20092E+6	7.87246E+4	3.06078E+6
6.97000E+1	3.12568E+4	6.31677E+4	3.98053E+6	1.21625E+6	7.92955E+4	3.02514E+6
6.98000E+1	3.12885E+4	6.32012E+4	3.85019E+6	1.18206E+6	7.89750E+4	3.04477E+6
6.99000E+1	3.11537E+4	6.31986E+4	3.82670E+6	1.20623E+6	7.93691E+4	3.13591E+6
7.00000E+1	3.11049E+4	6.30331E+4	3.99615E+6	1.17968E+6	7.87864E+4	3.02231E+6
7.01000E+1	3.11032E+4	6.33601E+4	4.11805E+6	1.22395E+6	7.93442E+4	3.14878E+6
7.02000E+1	3.13307E+4	6.33566E+4	4.16090E+6	1.19112E+6	7.87514E+4	3.03841E+6
7.03000E+1	3.15182E+4	6.35356E+4	3.96716E+6	1.19145E+6	7.83816E+4	3.03587E+6
7.04000E+1	3.14258E+4	6.33334E+4	3.79859E+6	1.21984E+6	7.93857E+4	3.08805E+6
7.05000E+1	3.13440E+4	6.34874E+4	3.88979E+6	1.20810E+6	7.88420E+4	3.17275E+6
7.06000E+1	3.15550E+4	6.36460E+4	3.98429E+6	1.21911E+6	7.89338E+4	3.11513E+6
7.07000E+1	3.13902E+4	6.34108E+4	4.19569E+6	1.22316E+6	7.93245E+4	3.01011E+6
7.08000E+1	3.15896E+4	6.35942E+4	4.08224E+6	1.21486E+6	7.91868E+4	2.95200E+6
7.09000E+1	3.16191E+4	6.35813E+4	3.92706E+6	1.20343E+6	7.95569E+4	3.00326E+6
7.10000E+1	3.14358E+4	6.35020E+4	4.01297E+6	1.19939E+6	7.84000E+4	3.06949E+6
7.11000E+1	3.16454E+4	6.34409E+4	4.02609E+6	1.19918E+6	7.88894E+4	3.11679E+6
7.12000E+1	3.16688E+4	6.39122E+4	4.00373E+6	1.20360E+6	7.87596E+4	3.05051E+6
7.13000E+1	3.14831E+4	6.38205E+4	3.99453E+6	1.21336E+6	7.89626E+4	3.06368E+6
7.14000E+1	3.15896E+4	6.34943E+4	4.00590E+6	1.20722E+6	7.83836E+4	3.07500E+6
7.15000E+1	3.18008E+4	6.36218E+4	4.20821E+6	1.22689E+6	7.89761E+4	3.11879E+6
7.16000E+1	3.17001E+4	6.38793E+4	4.21300E+6	1.23156E+6	7.93908E+4	3.01385E+6
7.17000E+1	3.16415E+4	6.38914E+4	3.97946E+6	1.20414E+6	7.91279E+4	3.17967E+6
7.18000E+1	3.17387E+4	6.40126E+4	3.96983E+6	1.22683E+6	7.91062E+4	3.06142E+6
7.19000E+1	3.17258E+4	6.37582E+4	4.16500E+6	1.22045E+6	7.88399E+4	3.09461E+6
7.20000E+1	3.17001E+4	6.38274E+4	3.99291E+6	1.22141E+6	7.82494E+4	3.11246E+6
7.21000E+1	3.18551E+4	6.38256E+4	3.88928E+6	1.22040E+6	7.90855E+4	3.03809E+6
7.22000E+1	3.20093E+4	6.39251E+4	3.78007E+6	1.23810E+6	7.90370E+4	3.09955E+6
7.23000E+1	3.17560E+4	6.41809E+4	3.84768E+6	1.23144E+6	7.87668E+4	3.04190E+6
7.24000E+1	3.18495E+4	6.40109E+4	4.16734E+6	1.20250E+6	7.86105E+4	3.04508E+6
7.25000E+1	3.17566E+4	6.41219E+4	4.08450E+6	1.20196E+6	7.87123E+4	3.17621E+6
7.26000E+1	3.17991E+4	6.42722E+4	3.88723E+6	1.20970E+6	7.91734E+4	3.05853E+6
7.27000E+1	3.19998E+4	6.42626E+4	3.95018E+6	1.22451E+6	7.89286E+4	3.05243E+6
7.28000E+1	3.21329E+4	6.43774E+4	4.39084E+6	1.20403E+6	7.83887E+4	3.14640E+6
7.29000E+1	3.19403E+4	6.41297E+4	3.97571E+6	1.22462E+6	7.83549E+4	3.00824E+6
7.30000E+1	3.21341E+4	6.40820E+4	4.02500E+6	1.23545E+6	7.89008E+4	3.07273E+6
7.31000E+1	3.20424E+4	6.41627E+4	4.22080E+6	1.22678E+6	7.89348E+4	3.09461E+6
7.32000E+1	3.19723E+4	6.44392E+4	4.00427E+6	1.23764E+6	7.88843E+4	3.07500E+6
7.33000E+1	3.21003E+4	6.42887E+4	4.21540E+6	1.21821E+6	7.84421E+4	2.95020E+6
7.34000E+1	3.21791E+4	6.45002E+4	4.12264E+6	1.21391E+6	7.82648E+4	3.07825E+6
7.35000E+1	3.20042E+4	6.44131E+4	4.13416E+6	1.23396E+6	7.85190E+4	3.08184E+6
7.36000E+1	3.20582E+4	6.45299E+4	4.19569E+6	1.20893E+6	7.82392E+4	3.09461E+6
7.37000E+1	3.20908E+4	6.46390E+4	4.34900E+6	1.20959E+6	7.83426E+4	3.07176E+6
7.38000E+1	3.21796E+4	6.44976E+4	3.99075E+6	1.23505E+6	7.85468E+4	3.05147E+6
7.39000E+1	3.20649E+4	6.48331E+4	4.18975E+6	1.21692E+6	7.80541E+4	3.21505E+6
7.40000E+1	3.21402E+4	6.48156E+4	4.27316E+6	1.21978E+6	7.83969E+4	3.07630E+6
7.41000E+1	3.23278E+4	6.44950E+4	4.35411E+6	1.23264E+6	7.88791E+4	3.08739E+6
7.42000E+1	3.23154E+4	6.46276E+4	4.17616E+6	1.24291E+6	7.86804E+4	3.20165E+6
7.43000E+1	3.21239E+4	6.48392E+4	4.18383E+6	1.23081E+6	7.84133E+4	3.15388E+6
7.44000E+1	3.22117E+4	6.47902E+4	4.01843E+6	1.22666E+6	7.83867E+4	3.13119E+6
7.45000E+1	3.22483E+4	6.46704E+4	4.18561E+6	1.21042E+6	7.80255E+4	3.18801E+6
7.46000E+1	3.21763E+4	6.48007E+4	4.19688E+6	1.19430E+6	7.79306E+4	3.10550E+6
7.47000E+1	3.22433E+4	6.47981E+4	4.09638E+6	1.19901E+6	7.82852E+4	3.27341E+6
7.48000E+1	3.22365E+4	6.47884E+4	4.27131E+6	1.22655E+6	7.85899E+4	3.15082E+6
7.49000E+1	3.22551E+4	6.50074E+4	4.07213E+6	1.20152E+6	7.84718E+4	3.12682E+6
7.50000E+1	3.22636E+4	6.51400E+4	4.10491E+6	1.20092E+6	7.80296E+4	3.10616E+6
7.51000E+1	3.22343E+4	6.47430E+4	4.05704E+6	1.20065E+6	7.82044E+4	3.05820E+6
7.52000E+1	3.24470E+4	6.50689E+4	4.07100E+6	1.22627E+6	7.85992E+4	3.11946E+6
7.53000E+1	3.22399E+4	6.52490E+4	4.19272E+6	1.22163E+6	7.79286E+4	3.10550E+6
7.54000E+1	3.23809E+4	6.51137E+4	4.11233E+6	1.22057E+6	7.78266E+4	3.08314E+6
7.55000E+1	3.22343E+4	6.51989E+4	4.02994E+6	1.23179E+6	7.82177E+4	3.11712E+6
7.56000E+1	3.23448E+4	6.53732E+4	4.08506E+6	1.20119E+6	7.81369E+4	3.23786E+6
7.57000E+1	3.24272E+4	6.52596E+4	3.97892E+6	1.21469E+6	7.76648E+4	3.11213E+6
7.58000E+1	3.24979E+4	6.55584E+4	4.07774E+6	1.19495E+6	7.78633E+4	3.13186E+6
7.59000E+1	3.23786E+4	6.53018E+4	3.89956E+6	1.20486E+6	7.76221E+4	2.97072E+6
7.60000E+1	3.24696E+4	6.51936E+4	4.14691E+6	1.21492E+6	7.80868E+4	3.07793E+6
7.61000E+1	3.25912E+4	6.53793E+4	4.04483E+6	1.23897E+6	7.79755E+4	3.11346E+6
7.62000E+1	3.23386E+4	6.54031E+4	3.99237E+6	1.20942E+6	7.79031E+4	3.09988E+6
7.63000E+1	3.25324E+4	6.52147E+4	4.02939E+6	1.20365E+6	7.79000E+4	3.08576E+6
7.64000E+1	3.23798E+4	6.52895E+4	4.11805E+6	1.20749E+6	7.75703E+4	3.08543E+6
7.65000E+1	3.26360E+4	6.55125E+4	4.10263E+6	1.20174E+6	7.80398E+4	3.00793E+6
7.66000E+1	3.25092E+4	6.53467E+4	4.13474E+6	1.19311E+6	7.76994E+4	3.16690E+6
7.67000E+1	3.24735E+4	6.58849E+4	4.66889E+6	1.23264E+6	7.77778E+4	3.15491E+6
7.68000E+1	3.26184E+4	6.56017E+4	4.28489E+6	1.23322E+6	7.78745E+4	3.20975E+6
7.69000E+1	3.26587E+4	6.54278E+4	4.45009E+6	1.20206E+6	7.76333E+4	3.22713E+6
7.70000E+1	3.26638E+4	6.53961E+4	4.07718E+6	1.19129E+6	7.79796E+4	3.06949E+6
7.71000E+1	3.27114E+4	6.56026E+4	4.08506E+6	1.23649E+6	7.79561E+4	3.25482E+6
7.72000E+1	3.25420E+4	6.55487E+4	4.44343E+6	1.22842E+6	7.79408E+4	3.02797E+6
7.73000E+1	3.26717E+4	6.57449E+4	4.27131E+6	1.21497E+6	7.76567E+4	3.05724E+6
7.74000E+1	3.26984E+4	6.59266E+4	4.35028E+6	1.21681E+6	7.78134E+4	3.07793E+6
7.75000E+1	3.25867E+4	6.55531E+4	4.15681E+6	1.21760E+6	7.78980E+4	3.10914E+6
7.76000E+1	3.25675E+4	6.58689E+4	4.17970E+6	1.21408E+6	7.75815E+4	3.10947E+6
7.77000E+1	3.26575E+4	6.58202E+4	4.13416E+6	1.22338E+6	7.77879E+4	3.19884E+6
7.78000E+1	3.26575E+4	6.60624E+4	4.16734E+6	1.20557E+6	7.75317E+4	3.10583E+6
7.79000E+1	3.28745E+4	6.60295E+4	4.27069E+6	1.21314E+6	7.78073E+4	3.04540E+6
7.80000E+1	3.26780E+4	6.60011E+4	4.50135E+6	1.22774E+6	7.76333E+4	2.98844E+6
7.81000E+1	3.28244E+4	6.59833E+4	4.35155E+6	1.25050E+6	7.75479E+4	3.08772E+6
7.82000E+1	3.28318E+4	6.63213E+4	4.32238E+6	1.22922E+6	7.76689E+4	3.15082E+6
7.83000E+1	3.27097E+4	6.59860E+4	4.30731E+6	1.23241E+6	7.75967E+4	3.21363E+6
7.84000E+1	3.28813E+4	6.61584E+4	3.99183E+6	1.21497E+6	7.76445E+4	3.09658E+6
7.85000E+1	3.29228E+4	6.60704E+4	4.30668E+6	1.22990E+6	7.76445E+4	3.13624E+6
7.86000E+1	3.28404E+4	6.61797E+4	4.44343E+6	1.20179E+6	7.76241E+4	3.07176E+6
7.87000E+1	3.27864E+4	6.60055E+4	4.26823E+6	1.23931E+6	7.74120E+4	3.07956E+6
7.88000E+1	3.29359E+4	6.61806E+4	4.26271E+6	1.20081E+6	7.77208E+4	3.12850E+6
7.89000E+1	3.29729E+4	6.62322E+4	4.32553E+6	1.20843E+6	7.73927E+4	3.04445E+6
7.90000E+1	3.30767E+4	6.63926E+4	4.37208E+6	1.21503E+6	7.78338E+4	3.02608E+6
7.91000E+1	3.28813E+4	6.61024E+4	4.34900E+6	1.22661E+6	7.77828E+4	3.13422E+6
7.92000E+1	3.29610E+4	6.64114E+4	4.57410E+6	1.21894E+6	7.77116E+4	3.04668E+6
7.93000E+1	3.31109E+4	6.64292E+4	4.35603E+6	1.23499E+6	7.76241E+4	3.13726E+6
7.94000E+1	3.28239E+4	6.64310E+4	4.18857E+6	1.22040E+6	7.73714E+4	3.03587E+6
7.95000E+1	3.31743E+4	6.65462E+4	4.21240E+6	1.21720E+6	7.76689E+4	3.11080E+6
7.96000E+1	3.30556E+4	6.64212E+4	4.14923E+6	1.24582E+6	7.79296E+4	3.03397E+6
7.97000E+1	3.30356E+4	6.66544E+4	4.16617E+6	1.21888E+6	7.77879E+4	3.15252E+6
7.98000E+1	3.28131E+4	6.64435E+4	4.12897E+6	1.22130E+6	7.77442E+4	3.04508E+6
7.99000E+1	3.32155E+4	6.64917E+4	4.13705E+6	1.22922E+6	7.79000E+4	3.17000E+6
8.00000E+1	3.32544E+4	6.64872E+4	4.42752E+6	1.23891E+6	7.77045E+4	3.11813E+6
8.01000E+1	3.31401E+4	6.68802E+4	4.52190E+6	1.25250E+6	7.77991E+4	3.24686E+6
8.02000E+1	3.31783E+4	6.68246E+4	4.34518E+6	1.24792E+6	7.76638E+4	3.15525E+6
8.03000E+1	3.31047E+4	6.65837E+4	4.21240E+6	1.24140E+6	7.78256E+4	3.04859E+6
8.04000E+1	3.33454E+4	6.67618E+4	4.07213E+6	1.24669E+6	7.77431E+4	3.12917E+6
8.05000E+1	3.33145E+4	6.69879E+4	4.34772E+6	1.25534E+6	7.81706E+4	3.03176E+6
8.06000E+1	3.32384E+4	6.67717E+4	4.49318E+6	1.21391E+6	7.78664E+4	3.05692E+6
8.07000E+1	3.30841E+4	6.65391E+4	4.44409E+6	1.23695E+6	7.74738E+4	3.06820E+6
8.08000E+1	3.33025E+4	6.68533E+4	4.36757E+6	1.22604E+6	7.75947E+4	3.18905E+6
8.09000E+1	3.33368E+4	6.70580E+4	4.10092E+6	1.25747E+6	7.81400E+4	3.07403E+6
8.10000E+1	3.33236E+4	6.68954E+4	4.57974E+6	1.26541E+6	7.82719E+4	3.14402E+6
8.11000E+1	3.34538E+4	6.68972E+4	4.15856E+6	1.23425E+6	7.79112E+4	3.05692E+6
8.12000E+1	3.35473E+4	6.68614E+4	4.23529E+6	1.24244E+6	7.80214E+4	3.18453E+6
8.13000E+1	3.33488E+4	6.69089E+4	4.14632E+6	1.26451E+6	7.79174E+4	3.15491E+6
8.14000E+1	3.32893E+4	6.72380E+4	4.37917E+6	1.22712E+6	7.79367E+4	3.10318E+6
8.15000E+1	3.35778E+4	6.70562E+4	4.36243E+6	1.23173E+6	7.73957E+4	3.13827E+6
8.16000E+1	3.33156E+4	6.72200E+4	4.39214E+6	1.25404E+6	7.70699E+4	3.10417E+6
8.17000E+1	3.34503E+4	6.71075E+4	4.40453E+6	1.23689E+6	7.74221E+4	3.10219E+6
8.18000E+1	3.33339E+4	6.75350E+4	4.45677E+6	1.22496E+6	7.74535E+4	3.13861E+6
8.19000E+1	3.36434E+4	6.72254E+4	4.22924E+6	1.24775E+6	7.75124E+4	3.12046E+6
8.20000E+1	3.33248E+4	6.73805E+4	4.26946E+6	1.22871E+6	7.72468E+4	3.22321E+6
8.21000E+1	3.35313E+4	6.72101E+4	4.58186E+6	1.25227E+6	7.75855E+4	3.12314E+6
8.22000E+1	3.35249E+4	6.73715E+4	4.43480E+6	1.25587E+6	7.77126E+4	3.17932E+6
8.23000E+1	3.35686E+4	6.73426E+4	4.22864E+6	1.25321E+6	7.74251E+4	3.09856E+6
8.24000E+1	3.34566E+4	6.71138E+4	4.45276E+6	1.23695E+6	7.76607E+4	3.16965E+6
8.25000E+1	3.34113E+4	6.73616E+4	4.35859E+6	1.23839E+6	7.78205E+4	3.30561E+6
8.26000E+1	3.35542E+4	6.75386E+4	4.34263E+6	1.25646E+6	7.71800E+4	3.02702E+6
8.27000E+1	3.36261E+4	6.72398E+4	4.35091E+6	1.26945E+6	7.73684E+4	3.07923E+6
8.28000E+1	3.35703E+4	6.74040E+4	4.42752E+6	1.24140E+6	7.75835E+4	3.11779E+6
8.29000E+1	3.34790E+4	6.72732E+4	4.26209E+6	1.26535E+6	7.79602E+4	3.27819E+6
8.30000E+1	3.36186E+4	6.77777E+4	4.35091E+6	1.25931E+6	7.81011E+4	3.19604E+6
8.31000E+1	3.35031E+4	6.75341E+4	4.27747E+6	1.25955E+6	7.74901E+4	3.11879E+6
8.32000E+1	3.36146E+4	6.76744E+4	4.35987E+6	1.25451E+6	7.73501E+4	3.11879E+6
8.33000E+1	3.36819E+4	6.76871E+4	4.28737E+6	1.22865E+6	7.74759E+4	3.19010E+6
8.34000E+1	3.37228E+4	6.77460E+4	4.40714E+6	1.23104E+6	7.70972E+4	3.24362E+6
8.35000E+1	3.39144E+4	6.77986E+4	4.46347E+6	1.22831E+6	7.72964E+4	3.17898E+6
8.36000E+1	3.36681E+4	6.77233E+4	4.30919E+6	1.24366E+6	7.71811E+4	3.19324E+6
8.37000E+1	3.37782E+4	6.77550E+4	4.28613E+6	1.25617E+6	7.69699E+4	3.14912E+6
8.38000E+1	3.34744E+4	6.77795E+4	4.36179E+6	1.21732E+6	7.70780E+4	3.24903E+6
8.39000E+1	3.37090E+4	6.78358E+4	4.47423E+6	1.23167E+6	7.67533E+4	3.11979E+6
8.40000E+1	3.36981E+4	6.78467E+4	4.41895E+6	1.24675E+6	7.69286E+4	3.20975E+6
8.41000E+1	3.36791E+4	6.78548E+4	4.45009E+6	1.23253E+6	7.67040E+4	3.08053E+6
8.42000E+1	3.39606E+4	6.79747E+4	4.35859E+6	1.24833E+6	7.71881E+4	3.19464E+6
8.43000E+1	3.37182E+4	6.77768E+4	4.45209E+6	1.26637E+6	7.76984E+4	3.16655E+6
8.44000E+1	3.36595E+4	6.80620E+4	4.38565E+6	1.26764E+6	7.80143E+4	3.15150E+6
8.45000E+1	3.36716E+4	6.80247E+4	4.35603E+6	1.28109E+6	7.79235E+4	3.10384E+6
8.46000E+1	3.39213E+4	6.81622E+4	4.34900E+6	1.29105E+6	7.80439E+4	3.16004E+6
8.47000E+1	3.40248E+4	6.79793E+4	4.46749E+6	1.27412E+6	7.81440E+4	3.14640E+6
8.48000E+1	3.36865E+4	6.81258E+4	4.63760E+6	1.29199E+6	7.82269E+4	3.29259E+6
8.49000E+1	3.38462E+4	6.82214E+4	4.35987E+6	1.25356E+6	7.70860E+4	3.07598E+6
8.50000E+1	3.38387E+4	6.82679E+4	4.31609E+6	1.28720E+6	7.77778E+4	3.07306E+6
8.51000E+1	3.41691E+4	6.80684E+4	4.25292E+6	1.25262E+6	7.78419E+4	3.30375E+6
8.52000E+1	3.40283E+4	6.83300E+4	4.65065E+6	1.27036E+6	7.77157E+4	3.30375E+6
8.53000E+1	3.39017E+4	6.83054E+4	4.74255E+6	1.29725E+6	7.73288E+4	3.22179E+6
8.54000E+1	3.39092E+4	6.84680E+4	4.36179E+6	1.26218E+6	7.72833E+4	3.18314E+6
8.55000E+1	3.40474E+4	6.82816E+4	4.40518E+6	1.25032E+6	7.69477E+4	3.22535E+6
8.56000E+1	3.40462E+4	6.83802E+4	4.14749E+6	1.27698E+6	7.77798E+4	3.18314E+6
8.57000E+1	3.38151E+4	6.83784E+4	4.57059E+6	1.26033E+6	7.73724E+4	3.18801E+6
8.58000E+1	3.40375E+4	6.81285E+4	4.36243E+6	1.25973E+6	7.72509E+4	2.96073E+6
8.59000E+1	3.41836E+4	6.85173E+4	4.40322E+6	1.25688E+6	7.73349E+4	3.26792E+6
8.60000E+1	3.40815E+4	6.87170E+4	4.38824E+6	1.27479E+6	7.75357E+4	3.21646E+6
8.61000E+1	3.41957E+4	6.85842E+4	4.78216E+6	1.26854E+6	7.76140E+4	3.37500E+6
8.62000E+1	3.40694E+4	6.83492E+4	4.24014E+6	1.27048E+6	7.75104E+4	3.11813E+6
8.63000E+1	3.43822E+4	6.87840E+4	4.30418E+6	1.25890E+6	7.73066E+4	3.13726E+6
8.64000E+1	3.41946E+4	6.84405E+4	4.57059E+6	1.26933E+6	7.72397E+4	3.06142E+6
8.65000E+1	3.43747E+4	6.87097E+4	4.64339E+6	1.28466E+6	7.73927E+4	3.26027E+6
8.66000E+1	3.44183E+4	6.86034E+4	4.30168E+6	1.26361E+6	7.76801E+4	3.21966E+6
8.67000E+1	3.43514E+4	6.89291E+4	4.36950E+6	1.29562E+6	7.71760E+4	3.22250E+6
8.68000E+1	3.44853E+4	6.85988E+4	4.50408E+6	1.28689E+6	7.75662E+4	3.11646E+6
8.69000E+1	3.44334E+4	6.88051E+4	4.51435E+6	1.29261E+6	7.73947E+4	3.19674E+6
8.70000E+1	3.45313E+4	6.84990E+4	4.33565E+6	1.27955E+6	7.73805E+4	3.15423E+6
8.71000E+1	3.45442E+4	6.88097E+4	4.65647E+6	1.27023E+6	7.69881E+4	3.13422E+6
8.72000E+1	3.44946E+4	6.87739E+4	4.39149E+6	1.29927E+6	7.74840E+4	3.18662E+6
8.73000E+1	3.46218E+4	6.88740E+4	4.68654E+6	1.29461E+6	7.71548E+4	3.19080E+6
8.74000E+1	3.48065E+4	6.90543E+4	4.45342E+6	1.28639E+6	7.70295E+4	3.36260E+6
8.75000E+1	3.45920E+4	6.87959E+4	4.40714E+6	1.30389E+6	7.70749E+4	3.12951E+6
8.76000E+1	3.45232E+4	6.89080E+4	4.47423E+6	1.27132E+6	7.68822E+4	3.18592E+6
8.77000E+1	3.47533E+4	6.85814E+4	4.48639E+6	1.29192E+6	7.71093E+4	3.15525E+6
8.78000E+1	3.46165E+4	6.89337E+4	4.38047E+6	1.25587E+6	7.67432E+4	3.20763E+6
8.79000E+1	3.46621E+4	6.88850E+4	4.47086E+6	1.30154E+6	7.69034E+4	3.08903E+6
8.80000E+1	3.46632E+4	6.90672E+4	4.56988E+6	1.26812E+6	7.66909E+4	3.17034E+6
8.81000E+1	3.47299E+4	6.92654E+4	4.65356E+6	1.29267E+6	7.74982E+4	3.24253E+6
8.82000E+1	3.47404E+4	6.91584E+4	4.53640E+6	1.27931E+6	7.68772E+4	3.03872E+6
8.83000E+1	3.49947E+4	6.89567E+4	4.31734E+6	1.28386E+6	7.70749E+4	3.20305E+6
8.84000E+1	3.50394E+4	6.90073E+4	4.61314E+6	1.28152E+6	7.70850E+4	3.24867E+6
8.85000E+1	3.49671E+4	6.92654E+4	4.53087E+6	1.28417E+6	7.71881E+4	3.15423E+6
8.86000E+1	3.49894E+4	6.94123E+4	4.65065E+6	1.27217E+6	7.71720E+4	3.15764E+6
8.87000E+1	3.50593E+4	6.91409E+4	4.53709E+6	1.29217E+6	7.66708E+4	3.22072E+6
8.88000E+1	3.49208E+4	6.93023E+4	4.49522E+6	1.27235E+6	7.67281E+4	3.15048E+6
8.89000E+1	3.50188E+4	6.90552E+4	4.66012E+6	1.25878E+6	7.67009E+4	3.18696E+6
8.90000E+1	3.52376E+4	6.94289E+4	4.78677E+6	1.28232E+6	7.68137E+4	3.15935E+6
8.91000E+1	3.52942E+4	6.92838E+4	4.91467E+6	1.28807E+6	7.71396E+4	3.18106E+6
8.92000E+1	3.51440E+4	6.93697E+4	4.68950E+6	1.28472E+6	7.73511E+4	3.24506E+6
8.93000E+1	3.51405E+4	6.93984E+4	4.41567E+6	1.27937E+6	7.69962E+4	3.09428E+6
8.94000E+1	3.51105E+4	6.94437E+4	4.69394E+6	1.29480E+6	7.66989E+4	3.11180E+6
8.95000E+1	3.51440E+4	6.94474E+4	4.41961E+6	1.26764E+6	7.64910E+4	3.25808E+6
8.96000E+1	3.51935E+4	6.91869E+4	4.34327E+6	1.28281E+6	7.65522E+4	3.19744E+6
8.97000E+1	3.53503E+4	6.93466E+4	4.68212E+6	1.28017E+6	7.66205E+4	3.14504E+6
8.98000E+1	3.51358E+4	6.93429E+4	4.70210E+6	1.28115E+6	7.67291E+4	3.18557E+6
8.99000E+1	3.53532E+4	6.95844E+4	4.65501E+6	1.26499E+6	7.65632E+4	3.22963E+6
9.00000E+1	3.53290E+4	6.96196E+4	4.53709E+6	1.28937E+6	7.63636E+4	3.29704E+6
9.01000E+1	3.54176E+4	6.93660E+4	4.57903E+6	1.25262E+6	7.67251E+4	3.21895E+6
9.02000E+1	3.54300E+4	6.95437E+4	4.74180E+6	1.28689E+6	7.74414E+4	3.18140E+6
9.03000E+1	3.55181E+4	6.96808E+4	4.56077E+6	1.28757E+6	7.70315E+4	3.15662E+6
9.04000E+1	3.54430E+4	6.98740E+4	4.79370E+6	1.32118E+6	7.70618E+4	3.10517E+6
9.05000E+1	3.51752E+4	7.01077E+4	4.75012E+6	1.27169E+6	7.70628E+4	3.18106E+6
9.06000E+1	3.53509E+4	6.96883E+4	4.47490E+6	1.28367E+6	7.72357E+4	3.09724E+6
9.07000E+1	3.53975E+4	6.99670E+4	4.46548E+6	1.29405E+6	7.73430E+4	3.16072E+6
9.08000E+1	3.54371E+4	7.00555E+4	4.84595E+6	1.30497E+6	7.72559E+4	3.32364E+6
9.09000E+1	3.54773E+4	6.98349E+4	4.50886E+6	1.29719E+6	7.69296E+4	3.21222E+6
9.10000E+1	3.57053E+4	6.98944E+4	4.36628E+6	1.28621E+6	7.69851E+4	3.19115E+6
9.11000E+1	3.56116E+4	6.97365E+4	4.70656E+6	1.29851E+6	7.69689E+4	3.26391E+6
9.12000E+1	3.57463E+4	6.97996E+4	4.76380E+6	1.27515E+6	7.70416E+4	3.19919E+6
9.13000E+1	3.57113E+4	7.00275E+4	4.56217E+6	1.27625E+6	7.67664E+4	3.18975E+6
9.14000E+1	3.57344E+4	6.99977E+4	4.77526E+6	1.31097E+6	7.69447E+4	3.17932E+6
9.15000E+1	3.56496E+4	7.00573E+4	4.57762E+6	1.28373E+6	7.71932E+4	3.18627E+6
9.16000E+1	3.58378E+4	7.00387E+4	4.83415E+6	1.27980E+6	7.67553E+4	3.13928E+6
9.17000E+1	3.58282E+4	7.00965E+4	4.80685E+6	1.27060E+6	7.71659E+4	3.15184E+6
9.18000E+1	3.58306E+4	7.02840E+4	4.57974E+6	1.28133E+6	7.70911E+4	3.28703E+6
9.19000E+1	3.60455E+4	7.02327E+4	4.49590E+6	1.28004E+6	7.65823E+4	3.36569E+6
9.20000E+1	3.58526E+4	7.00303E+4	4.55937E+6	1.27406E+6	7.69992E+4	3.18314E+6
9.21000E+1	3.59151E+4	7.04177E+4	4.87289E+6	1.30370E+6	7.71538E+4	3.20270E+6
9.22000E+1	3.59758E+4	6.98415E+4	4.54612E+6	1.30236E+6	7.70941E+4	3.32176E+6
9.23000E+1	3.61804E+4	7.02457E+4	4.78446E+6	1.26481E+6	7.66919E+4	3.19709E+6
9.24000E+1	3.61679E+4	7.03700E+4	4.76456E+6	1.29155E+6	7.64558E+4	3.18627E+6
9.25000E+1	3.60432E+4	7.06257E+4	4.70358E+6	1.30224E+6	7.71517E+4	3.22749E+6
9.26000E+1	3.61207E+4	7.05029E+4	5.05286E+6	1.28571E+6	7.67724E+4	3.28150E+6
9.27000E+1	3.59704E+4	7.06088E+4	4.41895E+6	1.29049E+6	7.66959E+4	3.12951E+6
9.28000E+1	3.60974E+4	7.04729E+4	4.83965E+6	1.31968E+6	7.71184E+4	3.17069E+6
9.29000E+1	3.63234E+4	7.04617E+4	4.85859E+6	1.28522E+6	7.68671E+4	3.22784E+6
9.30000E+1	3.63599E+4	7.08154E+4	4.73802E+6	1.30707E+6	7.70002E+4	3.20904E+6
9.31000E+1	3.63665E+4	7.05413E+4	4.87369E+6	1.29838E+6	7.70406E+4	3.22749E+6
9.32000E+1	3.62282E+4	7.04327E+4	4.49318E+6	1.30554E+6	7.67664E+4	3.14030E+6
9.33000E+1	3.65645E+4	7.04917E+4	4.74785E+6	1.29964E+6	7.71487E+4	3.15252E+6
9.34000E+1	3.64780E+4	7.09160E+4	5.53049E+6	1.29299E+6	7.67895E+4	3.22463E+6
9.35000E+1	3.65849E+4	7.05441E+4	4.60885E+6	1.29744E+6	7.65663E+4	3.21540E+6
9.36000E+1	3.65489E+4	7.06060E+4	4.69246E+6	1.26842E+6	7.68489E+4	3.13557E+6
9.37000E+1	3.65489E+4	7.07374E+4	4.81930E+6	1.31994E+6	7.73734E+4	3.08936E+6
9.38000E+1	3.67474E+4	7.07261E+4	4.79602E+6	1.29224E+6	7.69175E+4	3.20975E+6
9.39000E+1	3.67444E+4	7.09989E+4	4.84122E+6	1.32014E+6	7.74018E+4	3.21363E+6
9.40000E+1	3.68058E+4	7.07778E+4	4.88247E+6	1.28336E+6	7.63315E+4	3.17483E+6
9.41000E+1	3.72025E+4	7.08520E+4	4.82711E+6	1.27753E+6	7.61334E+4	3.16621E+6
9.42000E+1	3.71886E+4	7.06623E+4	4.99952E+6	1.31664E+6	7.69548E+4	3.29147E+6
9.43000E+1	3.71425E+4	7.09113E+4	5.17995E+6	1.33305E+6	7.72407E+4	3.26245E+6
9.44000E+1	3.73677E+4	7.06585E+4	5.04688E+6	1.28262E+6	7.69034E+4	3.25337E+6
9.45000E+1	3.73015E+4	7.07947E+4	4.89771E+6	1.30338E+6	7.68429E+4	3.14674E+6
9.46000E+1	3.75625E+4	7.08182E+4	4.86732E+6	1.29399E+6	7.70729E+4	3.07014E+6
9.47000E+1	3.79011E+4	7.06229E+4	4.73200E+6	1.29255E+6	7.64789E+4	3.15388E+6
9.48000E+1	3.75375E+4	7.08680E+4	5.00792E+6	1.31084E+6	7.65763E+4	3.22499E+6
9.49000E+1	3.78203E+4	7.08793E+4	4.97451E+6	1.34003E+6	7.67261E+4	3.17069E+6
9.50000E+1	3.78380E+4	7.07881E+4	5.09251E+6	1.29562E+6	7.67523E+4	3.05692E+6
9.51000E+1	3.79771E+4	7.09687E+4	5.13189E+6	1.31277E+6	7.68953E+4	3.15593E+6
9.52000E+1	3.80661E+4	7.11073E+4	4.83102E+6	1.28121E+6	7.66014E+4	3.12951E+6
9.53000E+1	3.81706E+4	7.11129E+4	4.88487E+6	1.31168E+6	7.69709E+4	3.21966E+6
9.54000E+1	3.81220E+4	7.08680E+4	5.02648E+6	1.28349E+6	7.66426E+4	3.17586E+6
9.55000E+1	3.85060E+4	7.12356E+4	5.03411E+6	1.30186E+6	7.64558E+4	3.36144E+6
9.56000E+1	3.84139E+4	7.13169E+4	5.17457E+6	1.29650E+6	7.64468E+4	3.28445E+6
9.57000E+1	3.84905E+4	7.12668E+4	5.22799E+6	1.28981E+6	7.63646E+4	3.19324E+6
9.58000E+1	3.84633E+4	7.14040E+4	4.95139E+6	1.29392E+6	7.65833E+4	3.18592E+6
9.59000E+1	3.86718E+4	7.11743E+4	4.87130E+6	1.28435E+6	7.64719E+4	3.19080E+6
9.60000E+1	3.87431E+4	7.14494E+4	4.84044E+6	1.30255E+6	7.66095E+4	3.21788E+6
9.61000E+1	3.90009E+4	7.13103E+4	4.83415E+6	1.30312E+6	7.66466E+4	3.06368E+6
9.62000E+1	3.88678E+4	7.12782E+4	4.86097E+6	1.32398E+6	7.67160E+4	3.17344E+6
9.63000E+1	3.89860E+4	7.15024E+4	5.22524E+6	1.32666E+6	7.65341E+4	3.19080E+6
9.64000E+1	3.92929E+4	7.16011E+4	5.20160E+6	1.29105E+6	7.64659E+4	3.51251E+6
9.65000E+1	3.94036E+4	7.15517E+4	4.93255E+6	1.28152E+6	7.64528E+4	3.26427E+6
9.66000E+1	3.96344E+4	7.14598E+4	5.26853E+6	1.31949E+6	7.63917E+4	3.23141E+6
9.67000E+1	3.94662E+4	7.13472E+4	5.21703E+6	1.29687E+6	7.64137E+4	3.17206E+6
9.68000E+1	3.94499E+4	7.15034E+4	5.17457E+6	1.29330E+6	7.64247E+4	3.14233E+6
9.69000E+1	3.97224E+4	7.17843E+4	5.13542E+6	1.29074E+6	7.61494E+4	3.14538E+6
9.70000E+1	3.95735E+4	7.15802E+4	4.92278E+6	1.29155E+6	7.61144E+4	3.25409E+6
9.71000E+1	3.97960E+4	7.15878E+4	5.19346E+6	1.29990E+6	7.62965E+4	3.15116E+6
9.72000E+1	3.98634E+4	7.19595E+4	5.23807E+6	1.30097E+6	7.63917E+4	3.13759E+6
9.73000E+1	3.97236E+4	7.14428E+4	5.08038E+6	1.28226E+6	7.59856E+4	3.16862E+6
9.74000E+1	3.97117E+4	7.14977E+4	4.95057E+6	1.31593E+6	7.60455E+4	3.22179E+6
9.75000E+1	3.99031E+4	7.18766E+4	5.07088E+6	1.30198E+6	7.58172E+4	3.11413E+6
9.76000E+1	4.00148E+4	7.17901E+4	5.28904E+6	1.30497E+6	7.59417E+4	3.27598E+6
9.77000E+1	4.02749E+4	7.16495E+4	5.15938E+6	1.31638E+6	7.63907E+4	3.15082E+6
9.78000E+1	4.00862E+4	7.17815E+4	4.72899E+6	1.31026E+6	7.65683E+4	3.21434E+6
9.79000E+1	4.00679E+4	7.17748E+4	5.37458E+6	1.30287E+6	7.66436E+4	3.32970E+6
9.80000E+1	4.01703E+4	7.18062E+4	5.19436E+6	1.31728E+6	7.63716E+4	3.09198E+6
9.81000E+1	4.01830E+4	7.17273E+4	5.18535E+6	1.32542E+6	7.61724E+4	3.17794E+6
9.82000E+1	4.03548E+4	7.15546E+4	5.41152E+6	1.30009E+6	7.60735E+4	3.26792E+6
9.83000E+1	4.02438E+4	7.18053E+4	5.08557E+6	1.34077E+6	7.61884E+4	3.21824E+6
9.84000E+1	4.03770E+4	7.18481E+4	5.30405E+6	1.32883E+6	7.61724E+4	3.18557E+6
9.85000E+1	4.03656E+4	7.20548E+4	5.08817E+6	1.35563E+6	7.64729E+4	3.28334E+6
9.86000E+1	4.03078E+4	7.19490E+4	4.94318E+6	1.33870E+6	7.60625E+4	3.30973E+6
9.87000E+1	4.05092E+4	7.22486E+4	5.85567E+6	1.33305E+6	7.60605E+4	3.32705E+6
9.88000E+1	4.06811E+4	7.21053E+4	5.25649E+6	1.32457E+6	7.63045E+4	3.03714E+6
9.89000E+1	4.06473E+4	7.16770E+4	5.14870E+6	1.34911E+6	7.60995E+4	3.20869E+6
9.90000E+1	4.04583E+4	7.22314E+4	5.40078E+6	1.32673E+6	7.61324E+4	3.18522E+6
9.91000E+1	4.04399E+4	7.23328E+4	5.12221E+6	1.33193E+6	7.65602E+4	3.14674E+6
9.92000E+1	4.06161E+4	7.21454E+4	5.24082E+6	1.33133E+6	7.59577E+4	3.21611E+6
9.93000E+1	4.08733E+4	7.22075E+4	5.75789E+6	1.33910E+6	7.59767E+4	3.12080E+6
9.94000E+1	4.09129E+4	7.22954E+4	5.44698E+6	1.35013E+6	7.59527E+4	3.33958E+6
9.95000E+1	4.07979E+4	7.22065E+4	5.42427E+6	1.33239E+6	7.61794E+4	3.29965E+6
9.96000E+1	4.08771E+4	7.21760E+4	5.05457E+6	1.32653E+6	7.59876E+4	3.31724E+6
9.97000E+1	4.10160E+4	7.23739E+4	5.27597E+6	1.37332E+6	7.61764E+4	3.09560E+6
9.98000E+1	4.11237E+4	7.23528E+4	5.22616E+6	1.36125E+6	7.59038E+4	3.09658E+6
9.99000E+1	4.11558E+4	7.22457E+4	5.19436E+6	1.30211E+6	7.59866E+4	3.12314E+6
1.00000E+2	4.10308E+4	7.24333E+4	5.38619E+6	1.31871E+6	7.59447E+4	3.30188E+6
1.00100E+2	4.11687E+4	7.22543E+4	5.34481E+6	1.33451E+6	7.60535E+4	3.23499E+6
1.00200E+2	4.12991E+4	7.31016E+4	5.23348E+6	1.32287E+6	7.55775E+4	3.15730E+6
1.00300E+2	4.11244E+4	7.23930E+4	5.33623E+6	1.32614E+6	7.53553E+4	3.23320E+6
1.00400E+2	4.16169E+4	7.26443E+4	5.05200E+6	1.33008E+6	7.56868E+4	3.25845E+6
1.00500E+2	4.15220E+4	7.24783E+4	5.56854E+6	1.31871E+6	7.56798E+4	3.14199E+6
1.00600E+2	4.13899E+4	7.23481E+4	5.04261E+6	1.33239E+6	7.53583E+4	3.16141E+6
1.00700E+2	4.14356E+4	7.26654E+4	5.64088E+6	1.31502E+6	7.60585E+4	3.18662E+6
1.00800E+2	4.14717E+4	7.25234E+4	4.98116E+6	1.33723E+6	7.60395E+4	3.20622E+6
1.00900E+2	4.16492E+4	7.25723E+4	5.30782E+6	1.33551E+6	7.57535E+4	3.18766E+6
1.01000E+2	4.17482E+4	7.23615E+4	5.22890E+6	1.33890E+6	7.58291E+4	3.30188E+6
1.01100E+2	4.17612E+4	7.27596E+4	5.38038E+6	1.35988E+6	7.58500E+4	3.33615E+6
1.01200E+2	4.17016E+4	7.26241E+4	5.72272E+6	1.33511E+6	7.55229E+4	3.14844E+6
1.01300E+2	4.15201E+4	7.24189E+4	5.16473E+6	1.34064E+6	7.56560E+4	3.16552E+6
1.01400E+2	4.17877E+4	7.26078E+4	5.04688E+6	1.32548E+6	7.54693E+4	3.18314E+6
1.01500E+2	4.17612E+4	7.27327E+4	5.07088E+6	1.32411E+6	7.56997E+4	3.24398E+6
1.01600E+2	4.19823E+4	7.26769E+4	5.41838E+6	1.37894E+6	7.55239E+4	3.18731E+6
1.01700E+2	4.21155E+4	7.28943E+4	5.29278E+6	1.34084E+6	7.55586E+4	3.19149E+6
1.01800E+2	4.18810E+4	7.30871E+4	5.58619E+6	1.36422E+6	7.59098E+4	3.38437E+6
1.01900E+2	4.18557E+4	7.29116E+4	5.50811E+6	1.33977E+6	7.60835E+4	3.22570E+6
1.02000E+2	4.20382E+4	7.26625E+4	5.39688E+6	1.33963E+6	7.53325E+4	3.17275E+6
1.02100E+2	4.20999E+4	7.31402E+4	5.33242E+6	1.35755E+6	7.59009E+4	3.35797E+6
1.02200E+2	4.18020E+4	7.28818E+4	5.18355E+6	1.35040E+6	7.53632E+4	3.30973E+6
1.02300E+2	4.18000E+4	7.30273E+4	5.38038E+6	1.33877E+6	7.49797E+4	3.18488E+6
1.02400E+2	4.19128E+4	7.29338E+4	5.13542E+6	1.32824E+6	7.52791E+4	3.36299E+6
1.02500E+2	4.19433E+4	7.28134E+4	5.31064E+6	1.32483E+6	7.53821E+4	3.17932E+6
1.02600E+2	4.21247E+4	7.29174E+4	5.24082E+6	1.33471E+6	7.56550E+4	3.32251E+6
1.02700E+2	4.19440E+4	7.29964E+4	5.18625E+6	1.35148E+6	7.54078E+4	3.24867E+6
1.02800E+2	4.18091E+4	7.29357E+4	5.29935E+6	1.35666E+6	7.56480E+4	3.23356E+6
1.02900E+2	4.19037E+4	7.29714E+4	5.61025E+6	1.36539E+6	7.50596E+4	3.22642E+6
1.03000E+2	4.17612E+4	7.30466E+4	5.17367E+6	1.35379E+6	7.52771E+4	3.29853E+6
1.03100E+2	4.19966E+4	7.29184E+4	5.56750E+6	1.33153E+6	7.51861E+4	3.23679E+6
1.03200E+2	4.16699E+4	7.29415E+4	5.43610E+6	1.33140E+6	7.54991E+4	3.34034E+6
1.03300E+2	4.17586E+4	7.31615E+4	5.14516E+6	1.32745E+6	7.55209E+4	3.17586E+6
1.03400E+2	4.18823E+4	7.31199E+4	5.14250E+6	1.36029E+6	7.52573E+4	3.26646E+6
1.03500E+2	4.19842E+4	7.30900E+4	5.44698E+6	1.33917E+6	7.54584E+4	3.28851E+6
1.03600E+2	4.18460E+4	7.32291E+4	5.51217E+6	1.33923E+6	7.58969E+4	3.28555E+6
1.03700E+2	4.16874E+4	7.30090E+4	4.97950E+6	1.32352E+6	7.49846E+4	3.25772E+6
1.03800E+2	4.21305E+4	7.31364E+4	5.65258E+6	1.33637E+6	7.50162E+4	3.23607E+6
1.03900E+2	4.18136E+4	7.34760E+4	5.36302E+6	1.32594E+6	7.54584E+4	3.19989E+6
1.04000E+2	4.16370E+4	7.31779E+4	5.39007E+6	1.34924E+6	7.52652E+4	3.22108E+6
1.04100E+2	4.18960E+4	7.29396E+4	5.21158E+6	1.31341E+6	7.51248E+4	3.23141E+6
1.04200E+2	4.18525E+4	7.32011E+4	4.88087E+6	1.33983E+6	7.50912E+4	3.23714E+6
1.04300E+2	4.17139E+4	7.34430E+4	5.14073E+6	1.32870E+6	7.50961E+4	3.21788E+6
1.04400E+2	4.16796E+4	7.33830E+4	5.46787E+6	1.35019E+6	7.51426E+4	3.48001E+6
1.04500E+2	4.17204E+4	7.33849E+4	5.34863E+6	1.32346E+6	7.49175E+4	3.23930E+6
1.04600E+2	4.16182E+4	7.31026E+4	5.35630E+6	1.32424E+6	7.51347E+4	3.26829E+6
1.04700E+2	4.16622E+4	7.35245E+4	5.05115E+6	1.31322E+6	7.47088E+4	3.21469E+6
1.04800E+2	4.17003E+4	7.35449E+4	5.46887E+6	1.30618E+6	7.50478E+4	3.25301E+6
1.04900E+2	4.17994E+4	7.34489E+4	5.33147E+6	1.34298E+6	7.49836E+4	3.21010E+6
1.05000E+2	4.17683E+4	7.34770E+4	5.30782E+6	1.32307E+6	7.49097E+4	3.38241E+6
1.05100E+2	4.15168E+4	7.32378E+4	5.09077E+6	1.32831E+6	7.47364E+4	3.17690E+6
1.05200E+2	4.19303E+4	7.40909E+4	4.94646E+6	1.32653E+6	7.48082E+4	3.19115E+6
1.05300E+2	4.15285E+4	7.36682E+4	4.93664E+6	1.31059E+6	7.50635E+4	3.13861E+6
1.05400E+2	4.18272E+4	7.35390E+4	5.35342E+6	1.36201E+6	7.46774E+4	3.16038E+6
1.05500E+2	4.14446E+4	7.35090E+4	5.41054E+6	1.32982E+6	7.48959E+4	3.40918E+6
1.05600E+2	4.16234E+4	7.35061E+4	5.24358E+6	1.31683E+6	7.47472E+4	3.31573E+6
1.05700E+2	4.15349E+4	7.38033E+4	5.47988E+6	1.36050E+6	7.47295E+4	3.22749E+6
1.05800E+2	4.15575E+4	7.36186E+4	5.40663E+6	1.31929E+6	7.48496E+4	3.16141E+6
1.05900E+2	4.15814E+4	7.35584E+4	5.33052E+6	1.28993E+6	7.48712E+4	3.31423E+6
1.06000E+2	4.16208E+4	7.36060E+4	5.09251E+6	1.33917E+6	7.46508E+4	3.25954E+6
1.06100E+2	4.13487E+4	7.43902E+4	5.45691E+6	1.32732E+6	7.47993E+4	3.44000E+6
1.06200E+2	4.15446E+4	7.37586E+4	4.91305E+6	1.30236E+6	7.46734E+4	3.26245E+6
1.06300E+2	4.13236E+4	7.38355E+4	5.14782E+6	1.29612E+6	7.47442E+4	3.29370E+6
1.06400E+2	4.12027E+4	7.35555E+4	5.33718E+6	1.29801E+6	7.46803E+4	3.20165E+6
1.06500E+2	4.14846E+4	7.35973E+4	5.00204E+6	1.30828E+6	7.46990E+4	3.30711E+6
1.06600E+2	4.14060E+4	7.36041E+4	5.50406E+6	1.32804E+6	7.47856E+4	3.21859E+6
1.06700E+2	4.12194E+4	7.36575E+4	5.03496E+6	1.32844E+6	7.46872E+4	3.19219E+6
1.06800E+2	4.15394E+4	7.37722E+4	5.04006E+6	1.32228E+6	7.50626E+4	3.34990E+6
1.06900E+2	4.14530E+4	7.38063E+4	4.81852E+6	1.32850E+6	7.49816E+4	3.23284E+6
1.07000E+2	4.14678E+4	7.39114E+4	4.96623E+6	1.36643E+6	7.46833E+4	3.31385E+6
1.07100E+2	4.13075E+4	7.39299E+4	5.32293E+6	1.32982E+6	7.48476E+4	3.27929E+6
1.07200E+2	4.13725E+4	7.34411E+4	4.85701E+6	1.33431E+6	7.48574E+4	3.32629E+6
1.07300E+2	4.15446E+4	7.39416E+4	5.11695E+6	1.30796E+6	7.47767E+4	3.25083E+6
1.07400E+2	4.13789E+4	7.39007E+4	5.20250E+6	1.31451E+6	7.45585E+4	3.23428E+6
1.07500E+2	4.15168E+4	7.41134E+4	5.37845E+6	1.34533E+6	7.50250E+4	3.21788E+6
1.07600E+2	4.17016E+4	7.40528E+4	5.05457E+6	1.30720E+6	7.48949E+4	3.25228E+6
1.07700E+2	4.15472E+4	7.41739E+4	4.99116E+6	1.31155E+6	7.48259E+4	3.29073E+6
1.07800E+2	4.15407E+4	7.40226E+4	4.98532E+6	1.31315E+6	7.46990E+4	3.32251E+6
1.07900E+2	4.15569E+4	7.39563E+4	5.45492E+6	1.34037E+6	7.48180E+4	3.26099E+6
1.08000E+2	4.16557E+4	7.41583E+4	5.33147E+6	1.32686E+6	7.48693E+4	3.15969E+6
1.08100E+2	4.18934E+4	7.38170E+4	4.96045E+6	1.32111E+6	7.46086E+4	3.48291E+6
1.08200E+2	4.18097E+4	7.40343E+4	5.20522E+6	1.32568E+6	7.46184E+4	3.13422E+6
1.08300E+2	4.19251E+4	7.42571E+4	5.54278E+6	1.32202E+6	7.47442E+4	3.41077E+6
1.08400E+2	4.20200E+4	7.43354E+4	5.06744E+6	1.31187E+6	7.49235E+4	3.18418E+6
1.08500E+2	4.21911E+4	7.39202E+4	4.94073E+6	1.31219E+6	7.45850E+4	3.23571E+6
1.08600E+2	4.20232E+4	7.43589E+4	5.30123E+6	1.33497E+6	7.45762E+4	3.30114E+6
1.08700E+2	4.24122E+4	7.42072E+4	5.50204E+6	1.32916E+6	7.46764E+4	3.34454E+6
1.08800E+2	4.21858E+4	7.40441E+4	5.52539E+6	1.36132E+6	7.46096E+4	3.36067E+6
1.08900E+2	4.24966E+4	7.41534E+4	4.91953E+6	1.32509E+6	7.51001E+4	3.23786E+6
1.09000E+2	4.25129E+4	7.42121E+4	5.01212E+6	1.32988E+6	7.46361E+4	3.22072E+6
1.09100E+2	4.24632E+4	7.41554E+4	5.24082E+6	1.31534E+6	7.46096E+4	3.19884E+6
1.09200E+2	4.26872E+4	7.42170E+4	5.35342E+6	1.34681E+6	7.45988E+4	3.28999E+6
1.09300E+2	4.28882E+4	7.42903E+4	5.10121E+6	1.37234E+6	7.49146E+4	3.29370E+6
1.09400E+2	4.26341E+4	7.44167E+4	5.42329E+6	1.35536E+6	7.48870E+4	3.19184E+6
1.09500E+2	4.25620E+4	7.43373E+4	5.24266E+6	1.34144E+6	7.45192E+4	3.24398E+6
1.09600E+2	4.29494E+4	7.44588E+4	5.33813E+6	1.35447E+6	7.46528E+4	3.24434E+6
1.09700E+2	4.26459E+4	7.43882E+4	5.09251E+6	1.35816E+6	7.48732E+4	3.23966E+6
1.09800E+2	4.30113E+4	7.43451E+4	5.22982E+6	1.36900E+6	7.49826E+4	3.26099E+6
1.09900E+2	4.29467E+4	7.44608E+4	5.31820E+6	1.35974E+6	7.49747E+4	3.34110E+6
1.10000E+2	4.30027E+4	7.46689E+4	5.54278E+6	1.33737E+6	7.47088E+4	3.29927E+6
1.10100E+2	4.33680E+4	7.43559E+4	5.34577E+6	1.35420E+6	7.46331E+4	3.26063E+6
1.10200E+2	4.31181E+4	7.43814E+4	5.11870E+6	1.32476E+6	7.43859E+4	3.34683E+6
1.10300E+2	4.31749E+4	7.45893E+4	5.33909E+6	1.34372E+6	7.48811E+4	3.33996E+6
1.10400E+2	4.31683E+4	7.46738E+4	5.51217E+6	1.34070E+6	7.46646E+4	3.21682E+6
1.10500E+2	4.29197E+4	7.50087E+4	4.93255E+6	1.33557E+6	7.48870E+4	3.38241E+6
1.10600E+2	4.31042E+4	7.42708E+4	5.06830E+6	1.34466E+6	7.44359E+4	3.25228E+6
1.10700E+2	4.31432E+4	7.47210E+4	4.97617E+6	1.34938E+6	7.44800E+4	3.24110E+6
1.10800E+2	4.31372E+4	7.46768E+4	5.00960E+6	1.34184E+6	7.43722E+4	3.31273E+6
1.10900E+2	4.30601E+4	7.45236E+4	5.10732E+6	1.37514E+6	7.47856E+4	3.27012E+6
1.11000E+2	4.30627E+4	7.47830E+4	5.17188E+6	1.39460E+6	7.48496E+4	3.30114E+6
1.11100E+2	4.31095E+4	7.46758E+4	5.33718E+6	1.37095E+6	7.52731E+4	3.38476E+6
1.11200E+2	4.33362E+4	7.44637E+4	5.27411E+6	1.40431E+6	7.53979E+4	3.32025E+6
1.11300E+2	4.32119E+4	7.46198E+4	5.04006E+6	1.40716E+6	7.54296E+4	3.23894E+6
1.11400E+2	4.30423E+4	7.45903E+4	5.28436E+6	1.39288E+6	7.54802E+4	3.32327E+6
1.11500E+2	4.29349E+4	7.45736E+4	5.21612E+6	1.37130E+6	7.50517E+4	3.37462E+6
1.11600E+2	4.32694E+4	7.49653E+4	5.45790E+6	1.40848E+6	7.51821E+4	3.46890E+6
1.11700E+2	4.29355E+4	7.49761E+4	5.14693E+6	1.37255E+6	7.55030E+4	3.37695E+6
1.11800E+2	4.28987E+4	7.48549E+4	5.14073E+6	1.36435E+6	7.49876E+4	3.32742E+6
1.11900E+2	4.27686E+4	7.49692E+4	5.30499E+6	1.40701E+6	7.49481E+4	3.31085E+6
1.12000E+2	4.21885E+4	7.45383E+4	5.18895E+6	1.36615E+6	7.48092E+4	3.34569E+6
1.12100E+2	4.21963E+4	7.49367E+4	5.39396E+6	1.36408E+6	7.42586E+4	3.28519E+6
1.12200E+2	4.21885E+4	7.49495E+4	5.19256E+6	1.36112E+6	7.44133E+4	3.38750E+6
1.12300E+2	4.22582E+4	7.50975E+4	4.95962E+6	1.36112E+6	7.43487E+4	3.39299E+6
1.12400E+2	4.24018E+4	7.49288E+4	5.19707E+6	1.34985E+6	7.44202E+4	3.29444E+6
1.12500E+2	4.25083E+4	7.48903E+4	5.24818E+6	1.34506E+6	7.45546E+4	3.41157E+6
1.12600E+2	4.24488E+4	7.50817E+4	5.23990E+6	1.34285E+6	7.43614E+4	3.30898E+6
1.12700E+2	4.23769E+4	7.47446E+4	5.04858E+6	1.34084E+6	7.44692E+4	3.37929E+6
1.12800E+2	4.26144E+4	7.49061E+4	4.99785E+6	1.37360E+6	7.41853E+4	3.35990E+6
1.12900E+2	4.27397E+4	7.52112E+4	5.37748E+6	1.36622E+6	7.43712E+4	3.59816E+6
1.13000E+2	4.26367E+4	7.50245E+4	5.42526E+6	1.36470E+6	7.42058E+4	3.36067E+6
1.13100E+2	4.24109E+4	7.51776E+4	5.54073E+6	1.34365E+6	7.41687E+4	3.28039E+6
1.13200E+2	4.26223E+4	7.52508E+4	4.91305E+6	1.36567E+6	7.44937E+4	3.34837E+6
1.13300E+2	4.25921E+4	7.51420E+4	5.22616E+6	1.37760E+6	7.45418E+4	3.30973E+6
1.13400E+2	4.27036E+4	7.50778E+4	5.11081E+6	1.36208E+6	7.44692E+4	3.34148E+6
1.13500E+2	4.24743E+4	7.52745E+4	4.94893E+6	1.34338E+6	7.45192E+4	3.37578E+6
1.13600E+2	4.24946E+4	7.53250E+4	5.34195E+6	1.36277E+6	7.45241E+4	3.43114E+6
1.13700E+2	4.26223E+4	7.54320E+4	5.11169E+6	1.32535E+6	7.44388E+4	3.27158E+6
1.13800E+2	4.22804E+4	7.53230E+4	5.63451E+6	1.34735E+6	7.46302E+4	3.55118E+6
1.13900E+2	4.26210E+4	7.51252E+4	5.28997E+6	1.36105E+6	7.47482E+4	3.35451E+6
1.14000E+2	4.25895E+4	7.53250E+4	5.18805E+6	1.33371E+6	7.45065E+4	3.34990E+6
1.14100E+2	4.27423E+4	7.54677E+4	4.96706E+6	1.32614E+6	7.43937E+4	3.30300E+6
1.14200E+2	4.23423E+4	7.54409E+4	5.41250E+6	1.34870E+6	7.45821E+4	3.33767E+6
1.14300E+2	4.25777E+4	7.54350E+4	5.18985E+6	1.36194E+6	7.43213E+4	3.42153E+6
1.14400E+2	4.26465E+4	7.52696E+4	4.93582E+6	1.33385E+6	7.42420E+4	3.40245E+6
1.14500E+2	4.25312E+4	7.55699E+4	5.03326E+6	1.33279E+6	7.42107E+4	3.38789E+6
1.14600E+2	4.24318E+4	7.52913E+4	5.52743E+6	1.33405E+6	7.43977E+4	3.35335E+6
1.14700E+2	4.23280E+4	7.54350E+4	4.97534E+6	1.34830E+6	7.43653E+4	3.38319E+6
1.14800E+2	4.20271E+4	7.54191E+4	5.02140E+6	1.35277E+6	7.40974E+4	3.32818E+6
1.14900E+2	4.20655E+4	7.53914E+4	5.19165E+6	1.33917E+6	7.43369E+4	3.50496E+6
1.15000E+2	4.22432E+4	7.57578E+4	5.00288E+6	1.36153E+6	7.42723E+4	3.50789E+6
1.15100E+2	4.20785E+4	7.57927E+4	4.85621E+6	1.35304E+6	7.42312E+4	3.31085E+6
1.15200E+2	4.21136E+4	7.56057E+4	4.71252E+6	1.32745E+6	7.43800E+4	3.33083E+6
1.15300E+2	4.22295E+4	7.57976E+4	5.28717E+6	1.37521E+6	7.41833E+4	3.41276E+6
1.15400E+2	4.23894E+4	7.57290E+4	5.34386E+6	1.34681E+6	7.43810E+4	3.33920E+6
1.15500E+2	4.26321E+4	7.55550E+4	5.05971E+6	1.32281E+6	7.46292E+4	3.42352E+6
1.15600E+2	4.25430E+4	7.56743E+4	5.53458E+6	1.34446E+6	7.43575E+4	3.24542E+6
1.15700E+2	4.26196E+4	7.59362E+4	4.99617E+6	1.32955E+6	7.44633E+4	3.27525E+6
1.15800E+2	4.28632E+4	7.53894E+4	5.17726E+6	1.34547E+6	7.43183E+4	3.27929E+6
1.15900E+2	4.27968E+4	7.59391E+4	5.33433E+6	1.35270E+6	7.42254E+4	3.39299E+6
1.16000E+2	4.28901E+4	7.57091E+4	5.47988E+6	1.37053E+6	7.43585E+4	3.51251E+6
1.16100E+2	4.29665E+4	7.54846E+4	5.24358E+6	1.34030E+6	7.42919E+4	3.51504E+6
1.16200E+2	4.29092E+4	7.57270E+4	5.12485E+6	1.34204E+6	7.44702E+4	3.37267E+6
1.16300E+2	4.31234E+4	7.57976E+4	5.78566E+6	1.36525E+6	7.41511E+4	3.28076E+6
1.16400E+2	4.30429E+4	7.59611E+4	5.38910E+6	1.32673E+6	7.43154E+4	3.37773E+6
1.16500E+2	4.33806E+4	7.59571E+4	4.82632E+6	1.33983E+6	7.41491E+4	3.30076E+6
1.16600E+2	4.36300E+4	7.61098E+4	5.34195E+6	1.33478E+6	7.42801E+4	3.23643E+6
1.16700E+2	4.36400E+4	7.61418E+4	5.23440E+6	1.35352E+6	7.43908E+4	3.40522E+6
1.16800E+2	4.37078E+4	7.60759E+4	5.45492E+6	1.36546E+6	7.43712E+4	3.39614E+6
1.16900E+2	4.36141E+4	7.59431E+4	5.69663E+6	1.35782E+6	7.44731E+4	3.42553E+6
1.17000E+2	4.34793E+4	7.59521E+4	5.56647E+6	1.33910E+6	7.43575E+4	3.34569E+6
1.17100E+2	4.36972E+4	7.59461E+4	5.43906E+6	1.34271E+6	7.42410E+4	3.26938E+6
1.17200E+2	4.38650E+4	7.60619E+4	5.29841E+6	1.36823E+6	7.41130E+4	3.39535E+6
1.17300E+2	4.39598E+4	7.61108E+4	5.27690E+6	1.33950E+6	7.41511E+4	3.34378E+6
1.17400E+2	4.37284E+4	7.62138E+4	4.77067E+6	1.34345E+6	7.44094E+4	3.29853E+6
1.17500E+2	4.41952E+4	7.58215E+4	5.33242E+6	1.36567E+6	7.41550E+4	3.39339E+6
1.17600E+2	4.41978E+4	7.63009E+4	5.35918E+6	1.36201E+6	7.40476E+4	3.47960E+6
1.17700E+2	4.40406E+4	7.60909E+4	5.30217E+6	1.37837E+6	7.40710E+4	3.43677E+6
1.17800E+2	4.40052E+4	7.63149E+4	5.23256E+6	1.38296E+6	7.40681E+4	3.36299E+6
1.17900E+2	4.37950E+4	7.60719E+4	5.09164E+6	1.36118E+6	7.42332E+4	3.47712E+6
1.18000E+2	4.39664E+4	7.61898E+4	5.81369E+6	1.35981E+6	7.42625E+4	3.42193E+6
1.18100E+2	4.37717E+4	7.61398E+4	5.21612E+6	1.38994E+6	7.42547E+4	3.42272E+6
1.18200E+2	4.34581E+4	7.64673E+4	5.56337E+6	1.33670E+6	7.40476E+4	3.46194E+6
1.18300E+2	4.34322E+4	7.65124E+4	4.93582E+6	1.35101E+6	7.42136E+4	3.45378E+6
1.18400E+2	4.34196E+4	7.63460E+4	5.40956E+6	1.36463E+6	7.41130E+4	3.44485E+6
1.18500E+2	4.35769E+4	7.64141E+4	4.97617E+6	1.34641E+6	7.41931E+4	3.51461E+6
1.18600E+2	4.33541E+4	7.63850E+4	5.31442E+6	1.36976E+6	7.39842E+4	3.44526E+6
1.18700E+2	4.33534E+4	7.64151E+4	5.46887E+6	1.34884E+6	7.42948E+4	3.42953E+6
1.18800E+2	4.34468E+4	7.63971E+4	5.13631E+6	1.36029E+6	7.43027E+4	3.42913E+6
1.18900E+2	4.33077E+4	7.64231E+4	5.27597E+6	1.39691E+6	7.41052E+4	3.41037E+6
1.19000E+2	4.35337E+4	7.64984E+4	5.59558E+6	1.35782E+6	7.42625E+4	3.33083E+6
1.19100E+2	4.36493E+4	7.66239E+4	5.53868E+6	1.33963E+6	7.40671E+4	3.36067E+6
1.19200E+2	4.37464E+4	7.65928E+4	5.06228E+6	1.34924E+6	7.40729E+4	3.46398E+6
1.19300E+2	4.38104E+4	7.67335E+4	5.26389E+6	1.37570E+6	7.42117E+4	3.31799E+6
1.19400E+2	4.38737E+4	7.63159E+4	5.35342E+6	1.35529E+6	7.40954E+4	3.39142E+6
1.19500E+2	4.35457E+4	7.66289E+4	5.43807E+6	1.37577E+6	7.39656E+4	3.61365E+6
1.19600E+2	4.35862E+4	7.65626E+4	5.44698E+6	1.33332E+6	7.40105E+4	3.49952E+6
1.19700E+2	4.38583E+4	7.68453E+4	5.13278E+6	1.35679E+6	7.40593E+4	3.44404E+6
1.19800E+2	4.38570E+4	7.65988E+4	5.59140E+6	1.37781E+6	7.41345E+4	3.37890E+6
1.19900E+2	4.38890E+4	7.67798E+4	5.44599E+6	1.34864E+6	7.40007E+4	3.48125E+6
1.20000E+2	4.34289E+4	7.65385E+4	5.21521E+6	1.36900E+6	7.40290E+4	3.36995E+6
1.20100E+2	4.35297E+4	7.67688E+4	5.66112E+6	1.36160E+6	7.39510E+4	3.31385E+6
1.20200E+2	4.39137E+4	7.65596E+4	5.64300E+6	1.34023E+6	7.39608E+4	3.39850E+6
1.20300E+2	4.36313E+4	7.68514E+4	4.98366E+6	1.36256E+6	7.41853E+4	3.49411E+6
1.20400E+2	4.36214E+4	7.68725E+4	5.39688E+6	1.35379E+6	7.41042E+4	3.35297E+6
