0.00000E+0	3.51674E+4	8.92206E+4	4.11897E+6	1.21481E+6	8.50039E+4	3.28493E+6
1.00000E-1	3.10644E+4	8.32821E+4	3.90813E+6	1.15811E+6	8.12784E+4	3.21409E+6
2.00000E-1	3.10201E+4	8.34468E+4	4.17298E+6	1.16030E+6	8.09551E+4	3.36774E+6
3.00000E-1	3.11164E+4	8.31286E+4	4.21396E+6	1.15262E+6	8.10596E+4	3.27646E+6
4.00000E-1	3.10174E+4	8.29796E+4	4.18123E+6	1.14674E+6	8.09656E+4	3.24516E+6
5.00000E-1	3.10926E+4	8.23090E+4	4.21636E+6	1.16544E+6	8.09487E+4	3.23510E+6
6.00000E-1	3.13478E+4	8.28761E+4	4.31521E+6	1.17438E+6	8.07991E+4	3.35732E+6
7.00000E-1	3.10411E+4	8.26620E+4	4.61715E+6	1.15187E+6	8.09698E+4	3.21445E+6
8.00000E-1	3.10417E+4	8.24279E+4	4.40426E+6	1.17910E+6	8.07791E+4	3.21763E+6
9.00000E-1	3.10107E+4	8.26050E+4	4.05737E+6	1.17753E+6	8.07517E+4	3.17562E+6
1.00000E+0	3.09671E+4	8.22469E+4	4.48748E+6	1.17276E+6	8.07854E+4	3.27756E+6
1.10000E+0	3.13017E+4	8.23475E+4	4.31019E+6	1.17753E+6	8.09171E+4	3.27023E+6
1.20000E+0	3.11685E+4	8.21774E+4	4.41147E+6	1.16917E+6	8.05635E+4	3.27023E+6
1.30000E+0	3.11414E+4	8.18742E+4	4.02259E+6	1.16735E+6	8.07770E+4	3.31509E+6
1.40000E+0	3.10207E+4	8.22084E+4	4.31772E+6	1.20054E+6	8.08939E+4	3.34580E+6
1.50000E+0	3.11325E+4	8.17028E+4	4.46992E+6	1.18116E+6	8.05918E+4	3.34963E+6
1.60000E+0	3.10738E+4	8.16645E+4	4.21636E+6	1.18472E+6	8.07296E+4	3.35847E+6
1.70000E+0	3.10179E+4	8.17762E+4	4.13047E+6	1.18909E+6	8.07548E+4	3.31209E+6
1.80000E+0	3.11148E+4	8.16326E+4	4.22116E+6	1.17088E+6	8.08855E+4	3.38175E+6
1.90000E+0	3.10710E+4	8.19851E+4	4.12413E+6	1.18228E+6	8.05635E+4	3.26183E+6
2.00000E+0	3.10052E+4	8.14277E+4	4.37956E+6	1.16436E+6	8.07117E+4	3.35193E+6
2.10000E+0	3.11702E+4	8.16645E+4	4.57171E+6	1.17218E+6	8.02604E+4	3.39075E+6
2.20000E+0	3.09041E+4	8.15806E+4	4.25206E+6	1.17984E+6	8.05257E+4	3.24120E+6
2.30000E+0	3.10251E+4	8.12043E+4	4.48341E+6	1.18387E+6	8.05383E+4	3.46369E+6
2.40000E+0	3.08732E+4	8.13790E+4	4.13162E+6	1.17292E+6	8.05488E+4	3.22581E+6
2.50000E+0	3.08020E+4	8.17188E+4	4.44050E+6	1.16282E+6	8.09181E+4	3.26584E+6
2.60000E+0	3.11402E+4	8.10595E+4	4.36346E+6	1.19420E+6	8.07075E+4	3.45309E+6
2.70000E+0	3.07899E+4	8.13641E+4	4.35577E+6	1.16684E+6	8.04302E+4	3.24950E+6
2.80000E+0	3.08439E+4	8.14585E+4	4.46857E+6	1.16539E+6	8.07475E+4	3.27572E+6
2.90000E+0	3.09566E+4	8.10003E+4	4.36218E+6	1.16087E+6	8.03704E+4	3.29492E+6
3.00000E+0	3.09394E+4	8.10647E+4	4.37956E+6	1.17689E+6	8.06402E+4	3.33171E+6
3.10000E+0	3.10008E+4	8.12667E+4	4.44316E+6	1.17732E+6	8.04365E+4	3.34007E+6
3.20000E+0	3.09621E+4	8.11345E+4	4.40819E+6	1.19177E+6	8.04784E+4	3.25348E+6
3.30000E+0	3.08329E+4	8.08242E+4	4.13913E+6	1.16912E+6	8.04103E+4	3.26621E+6
3.40000E+0	3.08561E+4	8.10510E+4	4.72869E+6	1.19533E+6	8.06339E+4	3.32225E+6
3.50000E+0	3.08401E+4	8.08464E+4	4.19129E+6	1.18270E+6	8.04805E+4	3.33931E+6
3.60000E+0	3.07717E+4	8.10088E+4	4.31898E+6	1.19054E+6	8.04512E+4	3.22545E+6
3.70000E+0	3.07502E+4	8.08242E+4	4.54237E+6	1.16689E+6	8.04648E+4	3.26730E+6
3.80000E+0	3.09317E+4	8.07969E+4	4.39643E+6	1.19815E+6	8.05036E+4	3.23797E+6
3.90000E+0	3.07982E+4	8.04720E+4	4.38409E+6	1.18866E+6	8.05341E+4	3.25203E+6
4.00000E+0	3.08120E+4	8.08443E+4	4.53336E+6	1.17422E+6	8.05288E+4	3.26292E+6
4.10000E+0	3.07293E+4	8.06117E+4	4.42066E+6	1.16818E+6	8.02207E+4	3.22938E+6
4.20000E+0	3.06649E+4	8.05235E+4	4.21996E+6	1.17574E+6	8.04029E+4	3.24516E+6
4.30000E+0	3.06924E+4	8.05014E+4	4.03632E+6	1.18845E+6	8.03233E+4	3.26949E+6
4.40000E+0	3.07079E+4	8.05298E+4	4.09389E+6	1.16307E+6	8.00785E+4	3.26365E+6
4.50000E+0	3.07844E+4	8.06285E+4	4.19486E+6	1.17281E+6	8.04291E+4	3.28973E+6
4.60000E+0	3.07293E+4	8.03012E+4	4.39643E+6	1.15313E+6	7.99542E+4	3.21162E+6
4.70000E+0	3.07233E+4	8.08232E+4	4.06630E+6	1.15857E+6	8.02615E+4	3.32036E+6
4.80000E+0	3.06814E+4	8.03022E+4	4.40688E+6	1.17480E+6	8.01370E+4	3.21091E+6
4.90000E+0	3.05457E+4	8.02509E+4	4.31207E+6	1.16508E+6	8.02929E+4	3.19474E+6
5.00000E+0	3.07090E+4	8.04322E+4	4.23807E+6	1.16761E+6	8.05120E+4	3.35886E+6
5.10000E+0	3.06781E+4	8.03033E+4	4.40688E+6	1.18064E+6	8.04123E+4	3.28640E+6
5.20000E+0	3.06682E+4	8.04552E+4	4.33666E+6	1.15801E+6	8.02699E+4	3.26913E+6
5.30000E+0	3.04683E+4	8.05739E+4	4.14203E+6	1.18984E+6	8.03495E+4	3.29827E+6
5.40000E+0	3.07833E+4	8.08158E+4	4.40100E+6	1.17480E+6	8.01161E+4	3.26840E+6
5.50000E+0	3.08870E+4	8.07484E+4	4.36924E+6	1.17795E+6	8.03987E+4	3.26621E+6
5.60000E+0	3.08594E+4	8.07621E+4	4.46723E+6	1.16261E+6	8.03327E+4	3.28862E+6
5.70000E+0	3.07425E+4	8.08295E+4	4.38798E+6	1.16932E+6	8.05257E+4	3.33893E+6
5.80000E+0	3.07178E+4	8.09950E+4	4.55211E+6	1.17742E+6	8.05288E+4	3.32754E+6
5.90000E+0	3.08048E+4	8.08759E+4	4.40884E+6	1.17198E+6	8.06044E+4	3.32451E+6
6.00000E+0	3.07585E+4	8.08948E+4	4.09445E+6	1.15242E+6	8.04868E+4	3.15877E+6
6.10000E+0	3.06831E+4	8.07895E+4	4.26553E+6	1.16256E+6	8.05530E+4	3.51054E+6
6.20000E+0	3.05852E+4	8.08790E+4	4.22478E+6	1.16225E+6	8.05425E+4	3.39508E+6
6.30000E+0	3.07458E+4	8.11683E+4	4.41606E+6	1.18334E+6	8.06349E+4	3.27756E+6
6.40000E+0	3.07861E+4	8.07958E+4	4.13624E+6	1.18653E+6	8.07348E+4	3.35347E+6
6.50000E+0	3.06627E+4	8.07916E+4	4.26001E+6	1.18371E+6	8.06612E+4	3.29270E+6
6.60000E+0	3.06803E+4	8.08864E+4	4.41015E+6	1.17396E+6	8.06633E+4	3.47519E+6
6.70000E+0	3.05446E+4	8.05970E+4	4.11438E+6	1.16943E+6	8.09635E+4	3.25130E+6
6.80000E+0	3.06963E+4	8.09402E+4	4.33603E+6	1.16984E+6	8.06234E+4	3.36852E+6
6.90000E+0	3.06611E+4	8.10014E+4	4.40819E+6	1.19301E+6	8.06843E+4	3.37980E+6
7.00000E+0	3.06347E+4	8.11472E+4	4.49087E+6	1.20109E+6	8.06917E+4	3.28345E+6
7.10000E+0	3.05501E+4	8.07905E+4	4.17887E+6	1.19000E+6	8.06055E+4	3.31509E+6
7.20000E+0	3.08936E+4	8.09761E+4	4.36282E+6	1.18349E+6	8.10068E+4	3.31848E+6
7.30000E+0	3.06385E+4	8.08105E+4	4.55839E+6	1.18765E+6	8.05362E+4	3.25456E+6
7.40000E+0	3.06886E+4	8.07716E+4	4.40361E+6	1.18318E+6	8.08612E+4	3.32867E+6
7.50000E+0	3.06292E+4	8.07905E+4	4.36538E+6	1.18085E+6	8.08191E+4	3.31171E+6
7.60000E+0	3.07794E+4	8.10605E+4	4.18537E+6	1.17810E+6	8.07296E+4	3.18881E+6
7.70000E+0	3.07916E+4	8.09096E+4	4.37892E+6	1.18488E+6	8.04921E+4	3.32074E+6
7.80000E+0	3.08180E+4	8.08927E+4	4.27168E+6	1.17490E+6	8.08180E+4	3.45472E+6
7.90000E+0	3.06012E+4	8.07905E+4	4.35897E+6	1.18834E+6	8.07991E+4	3.37201E+6
8.00000E+0	3.07607E+4	8.07411E+4	4.69216E+6	1.18599E+6	8.03840E+4	3.23295E+6
8.10000E+0	3.08793E+4	8.07411E+4	4.47665E+6	1.18984E+6	8.06759E+4	3.29344E+6
8.20000E+0	3.07497E+4	8.08179E+4	4.26185E+6	1.19668E+6	8.07949E+4	3.24625E+6
8.30000E+0	3.06374E+4	8.08211E+4	4.11324E+6	1.17088E+6	8.06917E+4	3.18881E+6
8.40000E+0	3.08759E+4	8.09940E+4	4.36153E+6	1.17879E+6	8.08222E+4	3.38019E+6
8.50000E+0	3.07084E+4	8.08200E+4	4.14319E+6	1.16969E+6	8.06360E+4	3.20597E+6
8.60000E+0	3.07811E+4	8.07442E+4	4.07190E+6	1.17663E+6	8.08465E+4	3.25529E+6
8.70000E+0	3.08506E+4	8.05991E+4	4.33160E+6	1.19902E+6	8.08602E+4	3.36040E+6
8.80000E+0	3.08213E+4	8.08811E+4	4.18123E+6	1.19377E+6	8.05236E+4	3.36272E+6
8.90000E+0	3.08610E+4	8.07169E+4	4.53959E+6	1.17995E+6	8.07685E+4	3.43206E+6
9.00000E+0	3.09958E+4	8.05508E+4	4.57241E+6	1.20618E+6	8.06150E+4	3.27096E+6
9.10000E+0	3.08726E+4	8.10183E+4	4.54237E+6	1.20103E+6	8.05519E+4	3.33817E+6
9.20000E+0	3.09140E+4	8.05508E+4	4.41672E+6	1.16741E+6	8.04942E+4	3.33627E+6
9.30000E+0	3.11059E+4	8.08759E+4	4.28836E+6	1.19398E+6	8.06171E+4	3.25856E+6
9.40000E+0	3.09278E+4	8.04731E+4	4.41737E+6	1.18493E+6	8.03044E+4	3.21126E+6
9.50000E+0	3.08572E+4	8.02185E+4	4.22900E+6	1.19528E+6	8.08243E+4	3.34504E+6
9.60000E+0	3.09196E+4	8.05770E+4	4.23262E+6	1.18201E+6	8.02458E+4	3.30984E+6
9.70000E+0	3.12062E+4	8.05203E+4	4.47935E+6	1.20656E+6	8.07412E+4	3.35385E+6
9.80000E+0	3.10240E+4	8.05298E+4	4.59503E+6	1.20016E+6	8.05278E+4	3.22510E+6
9.90000E+0	3.08594E+4	8.03473E+4	4.39904E+6	1.19701E+6	8.03400E+4	3.29901E+6
1.00000E+1	3.10760E+4	8.05077E+4	4.59432E+6	1.17579E+6	8.02824E+4	3.35270E+6
1.01000E+1	3.09886E+4	8.05382E+4	4.22658E+6	1.19973E+6	8.06780E+4	3.32262E+6
1.02000E+1	3.10340E+4	8.08864E+4	4.37956E+6	1.19739E+6	8.04826E+4	3.27499E+6
1.03000E+1	3.09864E+4	8.04888E+4	3.97282E+6	1.16128E+6	8.06002E+4	3.45187E+6
1.04000E+1	3.09709E+4	8.02603E+4	4.24597E+6	1.19956E+6	8.05939E+4	3.24336E+6
1.05000E+1	3.12784E+4	8.05403E+4	4.66275E+6	1.19307E+6	8.05393E+4	3.39193E+6
1.06000E+1	3.10030E+4	8.03693E+4	4.37053E+6	1.20722E+6	8.04312E+4	3.42805E+6
1.07000E+1	3.10356E+4	8.08811E+4	4.66933E+6	1.18759E+6	8.04648E+4	3.38918E+6
1.08000E+1	3.09041E+4	8.09792E+4	4.38539E+6	1.22356E+6	8.05372E+4	3.36658E+6
1.09000E+1	3.10793E+4	8.06180E+4	4.25023E+6	1.19940E+6	8.04952E+4	3.39232E+6
1.10000E+1	3.09102E+4	8.05088E+4	4.23807E+6	1.21270E+6	8.03515E+4	3.24805E+6
1.11000E+1	3.09256E+4	8.04280E+4	4.35194E+6	1.20993E+6	8.07569E+4	3.34618E+6
1.12000E+1	3.08881E+4	8.04531E+4	4.60214E+6	1.20673E+6	8.03055E+4	3.37668E+6
1.13000E+1	3.08142E+4	8.07253E+4	4.35130E+6	1.20027E+6	8.03201E+4	3.32829E+6
1.14000E+1	3.10533E+4	8.04636E+4	4.04904E+6	1.19983E+6	8.05078E+4	3.39508E+6
1.15000E+1	3.08986E+4	8.05854E+4	4.57734E+6	1.19065E+6	8.03013E+4	3.24444E+6
1.16000E+1	3.08417E+4	8.04175E+4	4.08879E+6	1.17250E+6	8.00952E+4	3.42404E+6
1.17000E+1	3.09648E+4	8.04280E+4	4.31835E+6	1.20579E+6	8.02374E+4	3.30199E+6
1.18000E+1	3.11480E+4	8.08105E+4	4.37892E+6	1.20185E+6	8.03034E+4	3.44052E+6
1.19000E+1	3.08644E+4	8.03347E+4	4.20140E+6	1.19366E+6	8.04679E+4	3.33931E+6
1.20000E+1	3.09146E+4	8.08938E+4	4.35130E+6	1.19973E+6	8.05110E+4	3.36697E+6
1.21000E+1	3.09057E+4	8.10024E+4	4.32024E+6	1.19194E+6	8.03935E+4	3.36542E+6
1.22000E+1	3.09908E+4	8.07400E+4	4.05626E+6	1.18461E+6	8.02845E+4	3.35155E+6
1.23000E+1	3.09422E+4	8.07505E+4	4.44050E+6	1.19113E+6	8.04302E+4	3.29901E+6
1.24000E+1	3.08583E+4	8.05497E+4	4.41606E+6	1.19614E+6	8.02510E+4	3.33133E+6
1.25000E+1	3.09245E+4	8.05245E+4	4.60785E+6	1.18397E+6	8.03757E+4	3.39823E+6
1.26000E+1	3.09190E+4	8.05623E+4	4.16242E+6	1.17921E+6	8.07106E+4	3.18290E+6
1.27000E+1	3.09289E+4	8.06958E+4	4.28341E+6	1.18461E+6	8.02395E+4	3.42645E+6
1.28000E+1	3.10096E+4	8.03431E+4	4.70031E+6	1.21325E+6	8.02479E+4	3.38409E+6
1.29000E+1	3.08627E+4	8.01275E+4	4.21276E+6	1.17417E+6	8.01359E+4	3.29344E+6
1.30000E+1	3.06831E+4	8.03997E+4	4.25267E+6	1.21109E+6	8.04491E+4	3.31735E+6
1.31000E+1	3.08588E+4	8.04039E+4	4.23141E+6	1.19177E+6	8.01401E+4	3.38722E+6
1.32000E+1	3.09930E+4	7.99437E+4	4.49155E+6	1.18797E+6	7.98875E+4	3.26767E+6
1.33000E+1	3.08782E+4	8.01724E+4	4.37504E+6	1.18626E+6	7.99563E+4	3.38136E+6
1.34000E+1	3.07084E+4	8.01954E+4	4.26369E+6	1.19151E+6	7.97187E+4	3.28567E+6
1.35000E+1	3.09356E+4	8.02195E+4	4.37311E+6	1.20629E+6	7.99250E+4	3.32754E+6
1.36000E+1	3.09742E+4	8.02195E+4	4.17475E+6	1.16932E+6	8.00555E+4	3.27389E+6
1.37000E+1	3.07850E+4	7.98436E+4	4.29458E+6	1.18159E+6	7.98593E+4	3.38566E+6
1.38000E+1	3.09997E+4	7.99155E+4	4.24780E+6	1.18328E+6	7.95514E+4	3.41288E+6
1.39000E+1	3.10511E+4	8.01473E+4	4.14667E+6	1.18557E+6	7.98979E+4	3.28345E+6
1.40000E+1	3.08417E+4	8.01484E+4	4.11324E+6	1.15521E+6	7.98354E+4	3.26110E+6
1.41000E+1	3.08340E+4	7.99103E+4	4.49019E+6	1.18834E+6	7.99814E+4	3.51264E+6
1.42000E+1	3.09897E+4	8.05403E+4	4.02533E+6	1.20022E+6	7.97531E+4	3.33703E+6
1.43000E+1	3.10799E+4	7.98321E+4	4.23323E+6	1.17318E+6	7.98781E+4	3.27866E+6
1.44000E+1	3.09787E+4	7.98853E+4	4.23504E+6	1.17990E+6	7.99427E+4	3.42165E+6
1.45000E+1	3.11114E+4	8.00606E+4	4.29831E+6	1.19027E+6	8.00701E+4	3.29938E+6
1.46000E+1	3.10024E+4	8.01222E+4	4.42001E+6	1.18106E+6	7.98041E+4	3.28456E+6
1.47000E+1	3.09864E+4	8.01024E+4	4.52714E+6	1.18829E+6	8.00189E+4	3.39390E+6
1.48000E+1	3.10456E+4	8.03074E+4	4.18005E+6	1.17312E+6	7.98187E+4	3.37551E+6
1.49000E+1	3.08351E+4	8.00700E+4	4.29894E+6	1.18312E+6	8.00356E+4	3.28271E+6
1.50000E+1	3.08776E+4	8.03263E+4	4.74074E+6	1.16953E+6	8.00440E+4	3.31810E+6
1.51000E+1	3.11281E+4	8.04636E+4	4.34492E+6	1.19728E+6	7.96990E+4	3.30348E+6
1.52000E+1	3.09135E+4	8.01599E+4	4.38798E+6	1.18275E+6	7.97645E+4	3.39547E+6
1.53000E+1	3.12229E+4	8.03441E+4	4.34429E+6	1.18957E+6	7.97344E+4	3.26657E+6
1.54000E+1	3.08616E+4	8.00063E+4	4.25023E+6	1.18749E+6	7.97354E+4	3.25275E+6
1.55000E+1	3.09555E+4	8.00324E+4	4.20319E+6	1.21153E+6	7.97958E+4	3.36426E+6
1.56000E+1	3.09676E+4	8.02007E+4	4.42858E+6	1.19506E+6	7.98969E+4	3.32338E+6
1.57000E+1	3.09687E+4	7.98186E+4	4.39969E+6	1.18915E+6	7.98854E+4	3.42284E+6
1.58000E+1	3.10827E+4	8.05728E+4	4.30893E+6	1.18770E+6	8.00054E+4	3.35078E+6
1.59000E+1	3.07739E+4	7.99959E+4	4.25695E+6	1.17879E+6	8.00513E+4	3.33931E+6
1.60000E+1	3.09483E+4	8.02059E+4	4.31207E+6	1.18334E+6	7.96272E+4	3.43649E+6
1.61000E+1	3.09748E+4	8.01724E+4	4.50654E+6	1.17921E+6	7.98489E+4	3.38762E+6
1.62000E+1	3.08980E+4	7.97374E+4	4.24354E+6	1.18562E+6	7.96886E+4	3.29938E+6
1.63000E+1	3.09439E+4	8.02258E+4	4.16066E+6	1.19571E+6	7.96647E+4	3.37395E+6
1.64000E+1	3.09527E+4	7.98665E+4	4.15891E+6	1.18259E+6	7.95493E+4	3.27132E+6
1.65000E+1	3.08621E+4	7.99103E+4	4.39123E+6	1.18143E+6	7.95701E+4	3.33095E+6
1.66000E+1	3.09842E+4	7.98811E+4	4.35002E+6	1.19263E+6	7.98510E+4	3.45431E+6
1.67000E+1	3.08793E+4	8.02624E+4	4.29085E+6	1.17464E+6	7.99219E+4	3.39705E+6
1.68000E+1	3.09842E+4	7.98269E+4	4.25328E+6	1.17527E+6	7.96855E+4	3.49423E+6
1.69000E+1	3.08230E+4	7.97582E+4	4.41803E+6	1.18711E+6	7.96511E+4	3.50718E+6
1.70000E+1	3.08274E+4	7.99917E+4	4.53543E+6	1.17758E+6	7.94496E+4	3.31998E+6
1.71000E+1	3.08765E+4	7.98248E+4	4.61500E+6	1.20174E+6	7.98958E+4	3.32225E+6
1.72000E+1	3.09400E+4	8.02247E+4	4.48003E+6	1.18631E+6	7.96834E+4	3.12190E+6
1.73000E+1	3.09776E+4	7.97363E+4	4.21876E+6	1.19016E+6	7.96303E+4	3.20140E+6
1.74000E+1	3.09339E+4	7.98842E+4	4.21396E+6	1.19701E+6	7.96501E+4	3.35501E+6
1.75000E+1	3.10146E+4	8.01452E+4	4.55490E+6	1.20579E+6	7.99699E+4	3.17044E+6
1.76000E+1	3.09969E+4	8.00126E+4	4.48883E+6	1.18403E+6	7.99104E+4	3.39075E+6
1.77000E+1	3.09671E+4	7.97332E+4	4.55071E+6	1.20022E+6	7.96293E+4	3.40692E+6
1.78000E+1	3.09361E+4	8.00021E+4	4.34429E+6	1.18931E+6	7.98020E+4	3.37085E+6
1.79000E+1	3.10362E+4	7.97946E+4	4.61357E+6	1.19902E+6	7.95960E+4	3.37085E+6
1.80000E+1	3.09439E+4	7.97114E+4	4.45049E+6	1.19847E+6	7.95368E+4	3.29604E+6
1.81000E+1	3.09444E+4	7.98624E+4	4.65618E+6	1.18143E+6	7.94714E+4	3.26183E+6
1.82000E+1	3.11391E+4	8.00084E+4	4.49291E+6	1.19799E+6	7.94766E+4	3.32716E+6
1.83000E+1	3.10616E+4	8.00533E+4	4.54932E+6	1.19059E+6	7.97094E+4	3.28788E+6
1.84000E+1	3.10323E+4	7.99802E+4	4.03192E+6	1.16395E+6	7.94694E+4	3.25892E+6
1.85000E+1	3.09632E+4	8.01588E+4	4.57805E+6	1.18781E+6	7.96345E+4	3.23653E+6
1.86000E+1	3.10257E+4	8.01243E+4	4.45182E+6	1.19604E+6	7.96511E+4	3.33474E+6
1.87000E+1	3.08362E+4	7.97915E+4	4.41409E+6	1.18669E+6	7.97437E+4	3.47684E+6
1.88000E+1	3.10306E+4	7.99072E+4	4.45049E+6	1.17716E+6	7.95161E+4	3.38214E+6
1.89000E+1	3.08092E+4	7.99593E+4	4.46723E+6	1.18488E+6	7.97042E+4	3.24084E+6
1.90000E+1	3.10340E+4	8.01714E+4	4.35385E+6	1.19485E+6	7.96355E+4	3.49840E+6
1.91000E+1	3.10069E+4	7.99406E+4	4.29707E+6	1.18856E+6	7.94455E+4	3.27242E+6
1.92000E+1	3.10932E+4	7.98426E+4	4.37698E+6	1.18583E+6	7.95389E+4	3.25384E+6
1.93000E+1	3.10583E+4	7.99072E+4	4.08936E+6	1.18706E+6	7.92652E+4	3.53890E+6
1.94000E+1	3.12883E+4	8.01118E+4	4.47059E+6	1.17386E+6	7.97011E+4	3.36813E+6
1.95000E+1	3.08495E+4	7.97988E+4	4.08484E+6	1.18626E+6	7.94185E+4	3.36620E+6
1.96000E+1	3.11846E+4	7.98624E+4	4.36796E+6	1.18376E+6	7.92838E+4	3.41526E+6
1.97000E+1	3.14012E+4	7.97759E+4	4.14784E+6	1.22209E+6	7.95285E+4	3.49257E+6
1.98000E+1	3.09720E+4	7.99979E+4	4.42990E+6	1.19506E+6	7.93708E+4	3.23259E+6
1.99000E+1	3.13806E+4	7.97717E+4	4.04904E+6	1.20158E+6	7.92672E+4	3.36503E+6
2.00000E+1	3.11901E+4	8.03106E+4	4.17533E+6	1.18291E+6	7.93947E+4	3.55217E+6
2.01000E+1	3.11026E+4	7.99969E+4	4.64890E+6	1.17921E+6	7.96699E+4	3.34886E+6
2.02000E+1	3.13128E+4	8.07705E+4	4.39058E+6	1.20076E+6	7.94310E+4	3.30834E+6
2.03000E+1	3.14034E+4	8.02572E+4	4.33920E+6	1.19962E+6	7.94185E+4	3.48138E+6
2.04000E+1	3.12878E+4	8.03253E+4	4.34301E+6	1.18302E+6	7.95867E+4	3.55518E+6
2.05000E+1	3.11059E+4	8.03871E+4	4.56609E+6	1.19382E+6	7.96532E+4	3.43730E+6
2.06000E+1	3.13172E+4	8.01306E+4	4.43718E+6	1.21498E+6	7.95140E+4	3.43649E+6
2.07000E+1	3.13789E+4	8.03630E+4	4.70626E+6	1.21020E+6	7.96886E+4	3.40257E+6
2.08000E+1	3.14362E+4	8.03651E+4	4.40426E+6	1.17328E+6	7.96823E+4	3.32300E+6
2.09000E+1	3.14501E+4	8.02603E+4	4.50039E+6	1.19296E+6	7.97791E+4	3.37201E+6
2.10000E+1	3.11968E+4	8.05833E+4	4.36410E+6	1.23271E+6	7.98500E+4	3.42605E+6
2.11000E+1	3.11912E+4	8.06369E+4	4.33033E+6	1.20377E+6	7.94227E+4	3.31284E+6
2.12000E+1	3.13661E+4	8.03074E+4	4.44649E+6	1.18355E+6	7.97760E+4	3.41367E+6
2.13000E+1	3.15398E+4	8.03766E+4	4.11153E+6	1.19712E+6	7.95670E+4	3.53081E+6
2.14000E+1	3.14028E+4	8.06117E+4	4.39774E+6	1.19049E+6	7.96491E+4	3.44335E+6
2.15000E+1	3.14696E+4	8.03944E+4	4.29209E+6	1.22282E+6	7.97583E+4	3.51348E+6
2.16000E+1	3.14446E+4	8.04594E+4	4.43122E+6	1.19978E+6	7.98218E+4	3.35770E+6
2.17000E+1	3.13917E+4	8.02551E+4	4.33793E+6	1.19156E+6	7.96615E+4	3.34657E+6
2.18000E+1	3.13561E+4	8.08421E+4	4.72269E+6	1.18365E+6	7.99688E+4	3.38448E+6
2.19000E+1	3.13917E+4	8.04909E+4	4.43984E+6	1.22520E+6	7.95379E+4	3.51516E+6
2.20000E+1	3.14017E+4	8.06012E+4	4.36667E+6	1.22203E+6	7.95763E+4	3.46002E+6
2.21000E+1	3.15632E+4	8.05518E+4	4.37117E+6	1.21159E+6	7.94995E+4	3.41765E+6
2.22000E+1	3.13978E+4	8.04983E+4	4.38993E+6	1.21259E+6	7.94413E+4	3.66194E+6
2.23000E+1	3.12123E+4	8.05434E+4	4.29956E+6	1.19183E+6	7.95545E+4	3.49049E+6
2.24000E+1	3.13495E+4	8.06474E+4	4.31898E+6	1.18947E+6	7.96210E+4	3.48841E+6
2.25000E+1	3.11186E+4	8.06306E+4	4.31395E+6	1.20305E+6	7.96636E+4	3.35155E+6
2.26000E+1	3.13161E+4	8.01735E+4	4.59077E+6	1.18792E+6	7.93170E+4	3.31697E+6
2.27000E+1	3.13167E+4	7.97582E+4	4.21036E+6	1.18738E+6	7.91762E+4	3.53975E+6
2.28000E+1	3.14663E+4	8.02007E+4	4.37182E+6	1.19431E+6	7.95192E+4	3.40336E+6
2.29000E+1	3.13956E+4	8.02656E+4	4.43984E+6	1.19820E+6	7.95296E+4	3.35616E+6
2.30000E+1	3.12312E+4	8.00261E+4	4.58299E+6	1.17401E+6	7.95566E+4	3.52784E+6
2.31000E+1	3.14284E+4	8.00951E+4	4.37892E+6	1.17318E+6	7.89819E+4	3.40574E+6
2.32000E+1	3.15198E+4	8.01222E+4	4.20379E+6	1.17574E+6	7.89345E+4	3.23259E+6
2.33000E+1	3.14607E+4	7.97946E+4	4.47396E+6	1.19512E+6	7.87892E+4	3.37240E+6
2.34000E+1	3.14863E+4	7.99750E+4	4.37633E+6	1.19777E+6	7.91390E+4	3.41686E+6
2.35000E+1	3.17481E+4	7.98697E+4	4.39123E+6	1.19129E+6	7.92465E+4	3.37046E+6
2.36000E+1	3.14078E+4	8.00679E+4	4.11610E+6	1.20475E+6	7.88304E+4	3.35578E+6
2.37000E+1	3.15482E+4	8.01996E+4	4.19367E+6	1.18818E+6	7.88324E+4	3.41129E+6
2.38000E+1	3.12190E+4	8.00543E+4	4.40426E+6	1.18824E+6	7.88170E+4	3.40613E+6
2.39000E+1	3.16073E+4	7.99854E+4	4.31772E+6	1.18328E+6	7.86718E+4	3.45024E+6
2.40000E+1	3.13912E+4	7.99176E+4	4.20917E+6	1.16158E+6	7.85506E+4	3.33171E+6
2.41000E+1	3.13778E+4	7.98874E+4	4.26799E+6	1.18079E+6	7.89603E+4	3.41925E+6
2.42000E+1	3.12356E+4	7.99395E+4	4.21396E+6	1.19452E+6	7.86914E+4	3.34313E+6
2.43000E+1	3.13078E+4	7.97749E+4	4.33984E+6	1.16865E+6	7.86914E+4	3.44093E+6
2.44000E+1	3.12539E+4	7.95378E+4	4.18419E+6	1.17218E+6	7.88922E+4	3.41487E+6
2.45000E+1	3.11846E+4	7.98728E+4	4.09049E+6	1.17879E+6	7.85947E+4	3.43689E+6
2.46000E+1	3.08649E+4	7.97946E+4	4.14145E+6	1.19479E+6	7.86934E+4	3.38253E+6
2.47000E+1	3.07420E+4	7.96999E+4	4.03467E+6	1.16000E+6	7.85916E+4	3.59962E+6
2.48000E+1	3.04502E+4	7.98040E+4	3.99755E+6	1.15257E+6	7.86122E+4	3.27023E+6
2.49000E+1	3.03056E+4	7.98624E+4	4.13508E+6	1.16493E+6	7.90594E+4	3.33588E+6
2.50000E+1	2.98521E+4	7.97082E+4	3.87375E+6	1.15816E+6	7.85300E+4	3.36929E+6
2.51000E+1	2.95870E+4	7.95014E+4	3.75817E+6	1.15811E+6	7.86749E+4	3.22474E+6
2.52000E+1	2.94465E+4	7.96354E+4	3.81018E+6	1.17229E+6	7.87099E+4	3.30947E+6
2.53000E+1	2.93063E+4	7.96978E+4	3.74289E+6	1.14950E+6	7.84479E+4	3.39862E+6
2.54000E+1	2.89898E+4	7.95398E+4	3.61103E+6	1.14584E+6	7.86523E+4	3.37590E+6
2.55000E+1	2.89218E+4	7.93106E+4	3.46607E+6	1.13459E+6	7.84920E+4	3.31885E+6
2.56000E+1	2.89651E+4	7.93386E+4	3.45219E+6	1.15192E+6	7.84253E+4	3.35847E+6
2.57000E+1	2.87010E+4	7.93655E+4	3.50249E+6	1.10147E+6	7.88850E+4	3.48386E+6
2.58000E+1	2.87031E+4	7.94444E+4	3.61814E+6	1.13116E+6	7.86842E+4	3.37046E+6
2.59000E+1	2.84996E+4	7.98207E+4	3.61859E+6	1.13238E+6	7.85526E+4	3.38801E+6
2.60000E+1	2.85539E+4	7.93780E+4	3.43399E+6	1.12693E+6	7.85701E+4	3.41129E+6
2.61000E+1	2.84868E+4	7.92692E+4	3.32671E+6	1.10844E+6	7.85598E+4	3.51980E+6
2.62000E+1	2.84283E+4	7.94132E+4	3.51255E+6	1.12402E+6	7.84931E+4	3.57335E+6
2.63000E+1	2.84629E+4	7.96417E+4	3.29485E+6	1.11383E+6	7.87367E+4	3.48883E+6
2.64000E+1	2.83062E+4	7.91399E+4	3.60262E+6	1.10581E+6	7.87274E+4	3.31998E+6
2.65000E+1	2.84262E+4	7.92640E+4	3.31052E+6	1.11754E+6	7.85085E+4	3.58643E+6
2.66000E+1	2.83896E+4	7.90469E+4	3.38519E+6	1.10609E+6	7.86975E+4	3.28530E+6
2.67000E+1	2.83604E+4	7.89364E+4	3.31126E+6	1.11435E+6	7.87624E+4	3.33741E+6
2.68000E+1	2.83291E+4	7.91409E+4	3.25522E+6	1.09707E+6	7.84961E+4	3.40574E+6
2.69000E+1	2.82925E+4	7.92609E+4	3.29782E+6	1.10778E+6	7.85095E+4	3.32074E+6
2.70000E+1	2.81320E+4	7.96188E+4	3.32368E+6	1.10976E+6	7.83997E+4	3.38097E+6
2.71000E+1	2.82463E+4	7.88601E+4	3.29262E+6	1.10929E+6	7.85845E+4	3.57552E+6
2.72000E+1	2.82410E+4	7.91812E+4	3.32898E+6	1.11511E+6	7.86770E+4	3.28235E+6
2.73000E+1	2.82469E+4	7.88900E+4	3.25485E+6	1.11165E+6	7.84059E+4	3.44457E+6
2.74000E+1	2.83004E+4	7.91875E+4	3.21898E+6	1.10315E+6	7.85341E+4	3.34122E+6
2.75000E+1	2.84554E+4	7.88230E+4	3.25232E+6	1.11759E+6	7.87243E+4	3.36620E+6
2.76000E+1	2.82289E+4	7.89065E+4	3.55294E+6	1.10680E+6	7.84972E+4	3.31022E+6
2.77000E+1	2.82606E+4	7.88282E+4	3.32179E+6	1.10957E+6	7.84356E+4	3.50383E+6
2.78000E+1	2.81447E+4	7.88993E+4	3.25812E+6	1.11984E+6	7.86615E+4	3.34389E+6
2.79000E+1	2.80807E+4	7.87005E+4	3.13089E+6	1.10792E+6	7.85762E+4	3.30460E+6
2.80000E+1	2.81950E+4	7.90458E+4	3.40170E+6	1.10708E+6	7.83977E+4	3.39823E+6
2.81000E+1	2.83413E+4	7.88746E+4	3.49581E+6	1.10652E+6	7.84284E+4	3.32565E+6
2.82000E+1	2.84422E+4	7.87736E+4	3.35531E+6	1.10119E+6	7.87408E+4	3.26657E+6
2.83000E+1	2.81584E+4	7.85196E+4	3.25739E+6	1.11203E+6	7.85393E+4	3.31171E+6
2.84000E+1	2.81452E+4	7.85741E+4	3.32029E+6	1.10492E+6	7.84428E+4	3.21941E+6
2.85000E+1	2.83052E+4	7.89437E+4	3.18665E+6	1.11283E+6	7.83433E+4	3.30013E+6
2.86000E+1	2.82389E+4	7.90872E+4	3.18491E+6	1.09210E+6	7.86235E+4	3.33741E+6
2.87000E+1	2.82983E+4	7.88498E+4	3.34076E+6	1.08306E+6	7.87150E+4	3.40970E+6
2.88000E+1	2.82781E+4	7.89385E+4	3.15870E+6	1.09490E+6	7.85167E+4	3.31134E+6
2.89000E+1	2.83391E+4	7.86861E+4	3.46689E+6	1.09901E+6	7.85423E+4	3.33779E+6
2.90000E+1	2.83370E+4	7.85761E+4	3.34687E+6	1.10642E+6	7.87325E+4	3.22831E+6
2.91000E+1	2.82956E+4	7.90799E+4	3.36109E+6	1.10769E+6	7.87480E+4	3.34274E+6
2.92000E+1	2.84315E+4	7.92402E+4	3.13527E+6	1.09841E+6	7.84130E+4	3.29455E+6
2.93000E+1	2.84294E+4	7.87263E+4	3.47264E+6	1.10595E+6	7.87150E+4	3.37046E+6
2.94000E+1	2.84257E+4	7.89199E+4	3.33125E+6	1.12061E+6	7.86585E+4	3.43649E+6
2.95000E+1	2.84874E+4	7.91730E+4	3.33543E+6	1.10184E+6	7.84551E+4	3.24444E+6
2.96000E+1	2.86237E+4	7.87499E+4	3.29522E+6	1.07826E+6	7.86245E+4	3.21303E+6
2.97000E+1	2.83402E+4	7.85309E+4	3.28522E+6	1.08991E+6	7.86945E+4	3.29084E+6
2.98000E+1	2.85741E+4	7.89055E+4	3.23109E+6	1.10750E+6	7.86225E+4	3.20281E+6
2.99000E+1	2.84480E+4	7.86707E+4	3.41598E+6	1.09592E+6	7.88108E+4	3.34810E+6
3.00000E+1	2.83922E+4	7.89468E+4	3.49373E+6	1.11440E+6	7.88520E+4	3.40970E+6
3.01000E+1	2.85640E+4	7.89488E+4	3.32029E+6	1.09846E+6	7.87305E+4	3.26840E+6
3.02000E+1	2.84071E+4	7.90675E+4	3.48999E+6	1.12037E+6	7.86441E+4	3.33703E+6
3.03000E+1	2.83604E+4	7.93552E+4	3.45057E+6	1.10952E+6	7.86286E+4	3.27169E+6
3.04000E+1	2.83466E+4	7.87963E+4	3.39618E+6	1.08813E+6	7.85434E+4	3.39468E+6
3.05000E+1	2.85347E+4	7.88519E+4	3.30677E+6	1.13194E+6	7.86369E+4	3.45431E+6
3.06000E+1	2.85454E+4	7.89076E+4	3.43038E+6	1.10666E+6	7.85588E+4	3.48800E+6
3.07000E+1	2.83933E+4	7.88127E+4	3.25594E+6	1.11544E+6	7.87109E+4	3.43689E+6
3.08000E+1	2.85124E+4	7.92992E+4	3.39854E+6	1.12765E+6	7.88170E+4	3.27977E+6
3.09000E+1	2.84459E+4	7.88993E+4	3.40012E+6	1.11018E+6	7.87583E+4	3.45635E+6
3.10000E+1	2.85209E+4	7.92506E+4	3.25812E+6	1.09426E+6	7.86965E+4	3.25928E+6
3.11000E+1	2.82962E+4	7.92133E+4	3.39933E+6	1.09197E+6	7.88108E+4	3.50174E+6
3.12000E+1	2.84650E+4	7.89024E+4	3.25703E+6	1.08745E+6	7.88458E+4	3.38488E+6
3.13000E+1	2.85022E+4	7.93386E+4	3.26467E+6	1.09435E+6	7.87696E+4	3.31509E+6
3.14000E+1	2.84624E+4	7.92982E+4	3.45871E+6	1.11241E+6	7.87356E+4	3.24013E+6
3.15000E+1	2.85310E+4	7.89406E+4	3.65457E+6	1.09656E+6	7.87686E+4	3.27940E+6
3.16000E+1	2.86002E+4	7.89891E+4	3.55595E+6	1.11749E+6	7.86749E+4	3.24300E+6
3.17000E+1	2.85203E+4	7.92102E+4	3.47140E+6	1.10797E+6	7.89139E+4	3.31660E+6
3.18000E+1	2.86157E+4	7.92734E+4	3.33809E+6	1.11274E+6	7.87655E+4	3.16494E+6
3.19000E+1	2.84698E+4	7.90892E+4	3.26613E+6	1.09790E+6	7.88870E+4	3.23152E+6
3.20000E+1	2.83970E+4	7.91120E+4	3.30602E+6	1.09490E+6	7.86410E+4	3.36117E+6
3.21000E+1	2.85262E+4	7.94630E+4	3.27638E+6	1.11445E+6	7.88788E+4	3.29752E+6
3.22000E+1	2.86002E+4	7.92309E+4	3.54865E+6	1.09910E+6	7.87500E+4	3.42444E+6
3.23000E+1	2.84267E+4	7.93852E+4	3.31352E+6	1.11383E+6	7.87727E+4	3.30162E+6
3.24000E+1	2.85800E+4	7.93272E+4	3.30266E+6	1.09938E+6	7.87233E+4	3.25965E+6
3.25000E+1	2.84507E+4	7.91699E+4	3.36264E+6	1.10586E+6	7.86708E+4	3.32036E+6
3.26000E+1	2.85203E+4	7.95222E+4	3.60925E+6	1.11000E+6	7.85239E+4	3.26767E+6
3.27000E+1	2.84491E+4	7.91254E+4	3.35685E+6	1.09624E+6	7.89696E+4	3.35385E+6
3.28000E+1	2.84953E+4	7.91306E+4	3.36534E+6	1.12142E+6	7.85875E+4	3.20457E+6
3.29000E+1	2.85539E+4	7.94267E+4	3.48336E+6	1.09910E+6	7.86101E+4	3.19544E+6
3.30000E+1	2.83673E+4	7.92537E+4	3.47140E+6	1.08854E+6	7.88252E+4	3.31923E+6
3.31000E+1	2.86007E+4	7.91968E+4	3.50207E+6	1.11085E+6	7.87531E+4	3.40732E+6
3.32000E+1	2.85475E+4	7.92402E+4	3.37504E+6	1.10329E+6	7.90139E+4	3.35809E+6
3.33000E+1	2.84060E+4	7.93666E+4	3.41041E+6	1.09855E+6	7.87027E+4	3.27830E+6
3.34000E+1	2.86322E+4	7.93780E+4	3.55897E+6	1.08791E+6	7.87974E+4	3.43046E+6
3.35000E+1	2.83885E+4	7.94817E+4	3.45423E+6	1.09394E+6	7.88716E+4	3.15024E+6
3.36000E+1	2.85102E+4	7.95762E+4	3.46894E+6	1.10287E+6	7.86687E+4	3.27462E+6
3.37000E+1	2.84677E+4	7.94008E+4	3.38911E+6	1.08950E+6	7.88056E+4	3.38331E+6
3.38000E+1	2.83381E+4	7.92392E+4	3.21898E+6	1.10990E+6	7.87202E+4	3.20457E+6
3.39000E+1	2.85400E+4	7.92309E+4	3.56675E+6	1.09569E+6	7.88633E+4	3.39902E+6
3.40000E+1	2.85698E+4	7.97030E+4	3.37621E+6	1.09855E+6	7.86729E+4	3.36040E+6
3.41000E+1	2.84517E+4	7.93821E+4	3.52691E+6	1.09408E+6	7.87130E+4	3.37085E+6
3.42000E+1	2.84788E+4	7.95045E+4	3.26249E+6	1.09670E+6	7.87603E+4	3.30759E+6
3.43000E+1	2.85092E+4	7.95772E+4	3.40012E+6	1.09467E+6	7.86965E+4	3.41965E+6
3.44000E+1	2.85395E+4	7.97426E+4	3.44732E+6	1.09693E+6	7.87541E+4	3.32187E+6
3.45000E+1	2.85262E+4	7.96916E+4	3.53796E+6	1.09252E+6	7.86472E+4	3.31509E+6
3.46000E+1	2.86732E+4	7.98207E+4	3.51466E+6	1.10675E+6	7.88304E+4	3.25058E+6
3.47000E+1	2.86071E+4	7.92702E+4	3.49957E+6	1.10460E+6	7.88283E+4	3.24013E+6
3.48000E+1	2.87635E+4	7.97166E+4	3.32293E+6	1.11274E+6	7.88943E+4	3.18672E+6
3.49000E+1	2.87538E+4	7.97957E+4	3.41041E+6	1.08587E+6	7.89727E+4	3.30909E+6
3.50000E+1	2.85805E+4	7.97301E+4	3.48584E+6	1.09615E+6	7.90005E+4	3.29492E+6
3.51000E+1	2.85539E+4	7.97218E+4	3.44408E+6	1.10502E+6	7.87881E+4	3.22617E+6
3.52000E+1	2.86578E+4	7.98634E+4	3.38284E+6	1.09495E+6	7.87150E+4	3.23116E+6
3.53000E+1	2.84671E+4	7.96958E+4	3.43520E+6	1.09467E+6	7.88984E+4	3.26584E+6
3.54000E+1	2.86135E+4	7.94890E+4	3.29040E+6	1.08709E+6	7.88654E+4	3.24156E+6
3.55000E+1	2.88270E+4	8.03064E+4	3.65230E+6	1.11654E+6	7.87922E+4	3.20386E+6
3.56000E+1	2.86018E+4	8.00575E+4	3.44044E+6	1.09060E+6	7.89727E+4	3.30834E+6
3.57000E+1	2.86578E+4	7.98801E+4	3.51676E+6	1.10835E+6	7.89304E+4	3.24913E+6
3.58000E+1	2.86423E+4	7.96802E+4	3.61414E+6	1.12128E+6	7.89015E+4	3.23869E+6
3.59000E+1	2.87442E+4	7.98426E+4	3.43239E+6	1.10901E+6	7.85773E+4	3.44659E+6
3.60000E+1	2.88260E+4	8.01160E+4	3.41997E+6	1.11816E+6	7.86821E+4	3.44659E+6
3.61000E+1	2.87154E+4	8.01494E+4	3.51887E+6	1.12610E+6	7.85074E+4	3.30722E+6
3.62000E+1	2.86055E+4	8.00658E+4	3.50710E+6	1.10948E+6	7.87192E+4	3.31773E+6
3.63000E+1	2.86434E+4	7.99656E+4	3.41479E+6	1.11009E+6	7.86975E+4	3.26438E+6
3.64000E+1	2.87907E+4	8.01337E+4	3.65230E+6	1.12732E+6	7.88427E+4	3.25239E+6
3.65000E+1	2.87394E+4	7.99833E+4	3.37271E+6	1.11946E+6	7.85988E+4	3.21303E+6
3.66000E+1	2.87303E+4	7.96334E+4	3.51508E+6	1.11535E+6	7.88870E+4	3.38058E+6
3.67000E+1	2.88725E+4	7.99948E+4	3.55079E+6	1.11165E+6	7.88201E+4	3.29790E+6
3.68000E+1	2.86919E+4	8.07095E+4	3.42998E+6	1.11388E+6	7.87408E+4	3.39783E+6
3.69000E+1	2.86989E+4	8.00700E+4	3.48005E+6	1.11659E+6	7.90862E+4	3.21941E+6
3.70000E+1	2.85608E+4	7.99760E+4	3.33657E+6	1.11279E+6	7.91813E+4	3.23941E+6
3.71000E+1	2.87133E+4	8.03693E+4	3.39579E+6	1.10306E+6	7.88417E+4	3.39311E+6
3.72000E+1	2.87902E+4	8.03022E+4	3.59909E+6	1.09938E+6	7.89190E+4	3.19684E+6
3.73000E+1	2.88581E+4	8.01515E+4	3.49373E+6	1.09495E+6	7.87881E+4	3.14379E+6
3.74000E+1	2.88148E+4	7.99896E+4	3.42557E+6	1.13552E+6	7.86019E+4	3.29010E+6
3.75000E+1	2.87576E+4	8.01829E+4	3.49706E+6	1.12258E+6	7.89788E+4	3.29307E+6
3.76000E+1	2.85720E+4	8.03535E+4	3.55337E+6	1.11955E+6	7.88036E+4	3.33360E+6
3.77000E+1	2.89871E+4	8.01432E+4	3.42316E+6	1.11141E+6	7.86215E+4	3.18463E+6
3.78000E+1	2.87213E+4	8.06359E+4	3.59644E+6	1.10854E+6	7.86842E+4	3.25275E+6
3.79000E+1	2.84996E+4	8.01703E+4	3.66459E+6	1.11606E+6	7.90439E+4	3.28308E+6
3.80000E+1	2.86002E+4	8.04752E+4	3.73103E+6	1.10333E+6	7.89561E+4	3.25384E+6
3.81000E+1	2.87410E+4	8.04762E+4	3.51003E+6	1.11492E+6	7.89654E+4	3.33969E+6
3.82000E+1	2.91605E+4	8.06537E+4	3.48999E+6	1.11516E+6	7.90139E+4	3.31998E+6
3.83000E+1	2.87848E+4	8.04930E+4	3.33885E+6	1.10825E+6	7.86585E+4	3.27096E+6
3.84000E+1	2.86242E+4	8.01128E+4	3.37271E+6	1.10059E+6	7.85598E+4	3.18116E+6
3.85000E+1	2.86604E+4	8.04217E+4	3.45912E+6	1.12017E+6	7.87747E+4	3.19125E+6
3.86000E+1	2.88014E+4	8.05004E+4	3.38441E+6	1.11678E+6	7.87644E+4	3.36272E+6
3.87000E+1	2.87811E+4	8.05739E+4	3.39107E+6	1.10054E+6	7.86204E+4	3.26621E+6
3.88000E+1	2.87661E+4	8.07747E+4	3.51845E+6	1.10910E+6	7.86749E+4	3.14175E+6
3.89000E+1	2.88105E+4	8.01264E+4	3.61369E+6	1.11592E+6	7.88025E+4	3.29827E+6
3.90000E+1	2.87351E+4	8.04668E+4	3.60527E+6	1.09458E+6	7.87284E+4	3.26621E+6
3.91000E+1	2.87213E+4	8.02216E+4	3.44368E+6	1.10943E+6	7.86657E+4	3.24805E+6
3.92000E+1	2.89019E+4	8.04227E+4	3.53966E+6	1.10872E+6	7.86328E+4	3.25275E+6
3.93000E+1	2.88950E+4	8.01777E+4	3.47140E+6	1.12882E+6	7.84264E+4	3.25674E+6
3.94000E+1	2.91675E+4	8.05508E+4	3.48295E+6	1.12089E+6	7.86369E+4	3.29901E+6
3.95000E+1	2.89491E+4	8.05308E+4	3.34534E+6	1.14970E+6	7.82767E+4	3.41288E+6
3.96000E+1	2.89234E+4	8.02614E+4	3.50919E+6	1.10882E+6	7.85608E+4	3.25928E+6
3.97000E+1	2.90220E+4	8.04416E+4	3.66779E+6	1.12475E+6	7.85752E+4	3.39036E+6
3.98000E+1	2.89351E+4	8.00909E+4	3.46034E+6	1.12499E+6	7.86348E+4	3.27206E+6
3.99000E+1	2.88923E+4	8.07642E+4	3.50375E+6	1.11075E+6	7.86307E+4	3.38214E+6
4.00000E+1	2.90177E+4	8.05497E+4	3.63245E+6	1.12003E+6	7.85043E+4	3.45390E+6
4.01000E+1	2.88089E+4	8.02991E+4	3.32595E+6	1.13646E+6	7.85865E+4	3.26986E+6
4.02000E+1	2.89635E+4	8.08832E+4	3.43239E+6	1.12104E+6	7.88365E+4	3.41010E+6
4.03000E+1	2.88779E+4	8.05109E+4	3.79253E+6	1.12780E+6	7.86729E+4	3.29678E+6
4.04000E+1	2.89218E+4	8.05245E+4	3.56459E+6	1.11207E+6	7.82307E+4	3.18568E+6
4.05000E+1	2.89202E+4	8.02666E+4	3.48667E+6	1.10124E+6	7.83444E+4	3.16322E+6
4.06000E+1	2.89603E+4	8.05812E+4	3.54094E+6	1.11821E+6	7.82471E+4	3.28973E+6
4.07000E+1	2.88730E+4	8.04542E+4	3.38715E+6	1.12398E+6	7.85228E+4	3.34236E+6
4.08000E+1	2.90021E+4	8.07347E+4	3.39854E+6	1.12061E+6	7.82338E+4	3.12995E+6
4.09000E+1	2.90241E+4	8.04364E+4	3.64461E+6	1.11245E+6	7.84623E+4	3.29307E+6
4.10000E+1	2.89368E+4	8.08885E+4	3.72631E+6	1.10736E+6	7.84356E+4	3.33133E+6
4.11000E+1	2.90713E+4	8.05130E+4	3.46853E+6	1.10938E+6	7.85372E+4	3.35732E+6
4.12000E+1	2.92223E+4	8.08548E+4	3.61014E+6	1.10825E+6	7.83782E+4	3.21834E+6
4.13000E+1	2.90043E+4	8.05350E+4	3.51382E+6	1.09371E+6	7.84407E+4	3.18429E+6
4.14000E+1	2.91938E+4	8.07726E+4	3.86462E+6	1.12272E+6	7.84151E+4	3.24877E+6
4.15000E+1	2.90665E+4	8.06159E+4	3.48667E+6	1.10460E+6	7.84787E+4	3.30498E+6
4.16000E+1	2.90305E+4	8.05833E+4	3.47058E+6	1.13371E+6	7.89118E+4	3.30050E+6
4.17000E+1	2.90187E+4	8.09149E+4	3.70660E+6	1.11288E+6	7.81642E+4	3.02334E+6
4.18000E+1	2.89443E+4	8.07074E+4	3.51845E+6	1.12547E+6	7.85280E+4	3.45512E+6
4.19000E+1	2.91342E+4	8.06380E+4	3.58372E+6	1.12267E+6	7.85341E+4	3.19965E+6
4.20000E+1	2.93758E+4	8.09043E+4	3.56848E+6	1.12829E+6	7.88706E+4	3.22403E+6
4.21000E+1	2.88099E+4	8.09434E+4	3.49790E+6	1.13361E+6	7.82481E+4	3.27023E+6
4.22000E+1	2.89362E+4	8.06537E+4	3.57848E+6	1.10731E+6	7.83679E+4	3.17044E+6
4.23000E+1	2.87416E+4	8.05518E+4	3.71408E+6	1.12470E+6	7.83433E+4	3.31284E+6
4.24000E+1	2.91223E+4	8.13853E+4	3.56675E+6	1.10750E+6	7.82798E+4	3.22083E+6
4.25000E+1	2.89635E+4	8.12180E+4	3.70101E+6	1.11103E+6	7.85547E+4	3.16872E+6
4.26000E+1	2.93074E+4	8.10288E+4	3.76972E+6	1.13848E+6	7.83321E+4	3.24300E+6
4.27000E+1	2.90354E+4	8.10774E+4	3.42717E+6	1.11840E+6	7.82225E+4	3.34733E+6
4.28000E+1	2.90713E+4	8.10362E+4	3.61192E+6	1.12576E+6	7.85824E+4	3.20844E+6
4.29000E+1	2.91180E+4	8.10088E+4	3.55983E+6	1.12417E+6	7.84530E+4	3.34274E+6
4.30000E+1	2.91718E+4	8.11789E+4	3.65185E+6	1.10995E+6	7.84007E+4	3.26949E+6
4.31000E+1	2.91009E+4	8.11905E+4	3.59821E+6	1.10534E+6	7.83362E+4	3.13365E+6
4.32000E+1	2.90434E+4	8.13557E+4	3.71831E+6	1.10264E+6	7.81478E+4	3.11556E+6
4.33000E+1	2.91976E+4	8.13535E+4	3.58241E+6	1.13116E+6	7.85146E+4	3.47354E+6
4.34000E+1	2.94109E+4	8.13387E+4	3.50333E+6	1.11430E+6	7.84233E+4	3.32489E+6
4.35000E+1	2.92525E+4	8.09043E+4	3.44408E+6	1.13136E+6	7.82870E+4	3.37123E+6
4.36000E+1	2.91293E+4	8.10257E+4	3.39657E+6	1.12364E+6	7.79589E+4	3.27096E+6
4.37000E+1	2.93677E+4	8.10943E+4	3.55552E+6	1.10948E+6	7.80201E+4	3.17631E+6
4.38000E+1	2.92062E+4	8.12138E+4	3.68894E+6	1.12138E+6	7.84633E+4	3.16528E+6
4.39000E+1	2.90821E+4	8.14914E+4	3.61992E+6	1.12528E+6	7.83700E+4	3.18012E+6
4.40000E+1	2.92261E+4	8.10468E+4	3.55423E+6	1.11127E+6	7.83823E+4	3.17666E+6
4.41000E+1	2.92697E+4	8.16050E+4	3.61948E+6	1.12824E+6	7.82378E+4	3.23582E+6
4.42000E+1	2.91675E+4	8.11144E+4	3.53412E+6	1.13189E+6	7.86883E+4	3.29084E+6
4.43000E+1	2.93553E+4	8.12879E+4	3.50165E+6	1.13587E+6	7.80896E+4	3.23403E+6
4.44000E+1	2.91992E+4	8.13334E+4	3.46525E+6	1.12306E+6	7.84756E+4	3.38879E+6
4.45000E+1	2.90016E+4	8.14002E+4	3.50207E+6	1.11066E+6	7.83669E+4	3.21374E+6
4.46000E+1	2.93036E+4	8.14330E+4	3.63379E+6	1.12470E+6	7.80303E+4	3.31059E+6
4.47000E+1	2.93268E+4	8.14532E+4	3.60793E+6	1.10802E+6	7.82614E+4	3.17873E+6
4.48000E+1	2.92121E+4	8.13546E+4	3.71268E+6	1.12359E+6	7.83771E+4	3.44255E+6
4.49000E+1	2.93510E+4	8.14023E+4	3.52521E+6	1.11564E+6	7.82696E+4	3.24048E+6
4.50000E+1	2.93300E+4	8.12455E+4	3.54908E+6	1.13341E+6	7.83331E+4	3.32640E+6
4.51000E+1	2.92778E+4	8.13535E+4	3.58241E+6	1.11931E+6	7.83751E+4	3.14379E+6
4.52000E+1	2.95302E+4	8.18188E+4	3.79741E+6	1.12780E+6	7.84982E+4	3.27536E+6
4.53000E+1	2.93397E+4	8.17060E+4	3.63245E+6	1.13552E+6	7.81805E+4	3.20633E+6
4.54000E+1	2.91825E+4	8.13832E+4	3.48460E+6	1.12975E+6	7.82573E+4	3.16494E+6
4.55000E+1	2.93559E+4	8.13673E+4	3.51297E+6	1.12186E+6	7.80334E+4	3.26511E+6
4.56000E+1	2.92605E+4	8.13567E+4	3.80575E+6	1.13184E+6	7.84120E+4	3.26329E+6
4.57000E+1	2.91890E+4	8.14564E+4	3.64732E+6	1.12181E+6	7.81233E+4	3.17770E+6
4.58000E+1	2.93807E+4	8.16964E+4	3.68894E+6	1.12882E+6	7.82061E+4	3.28788E+6
4.59000E+1	2.93262E+4	8.15498E+4	3.47964E+6	1.12099E+6	7.81478E+4	3.08357E+6
4.60000E+1	2.93634E+4	8.20865E+4	3.48916E+6	1.11326E+6	7.85464E+4	3.49506E+6
4.61000E+1	2.94298E+4	8.19094E+4	3.56459E+6	1.12037E+6	7.83556E+4	3.34542E+6
4.62000E+1	2.96211E+4	8.18785E+4	3.72019E+6	1.12296E+6	7.79385E+4	3.27866E+6
4.63000E+1	2.93165E+4	8.15668E+4	3.56027E+6	1.12994E+6	7.82440E+4	3.24553E+6
4.64000E+1	2.92051E+4	8.17081E+4	3.74432E+6	1.12485E+6	7.82399E+4	3.41129E+6
4.65000E+1	2.92212E+4	8.17283E+4	3.71972E+6	1.12166E+6	7.82952E+4	3.29233E+6
4.66000E+1	2.95119E+4	8.18359E+4	3.67374E+6	1.14284E+6	7.82020E+4	3.33931E+6
4.67000E+1	2.95043E+4	8.17954E+4	3.86007E+6	1.12013E+6	7.82993E+4	3.30535E+6
4.68000E+1	2.93494E+4	8.19179E+4	3.77020E+6	1.12393E+6	7.78865E+4	3.21126E+6
4.69000E+1	2.92939E+4	8.16294E+4	3.64415E+6	1.12037E+6	7.77601E+4	3.22973E+6
4.70000E+1	2.93300E+4	8.21667E+4	3.54565E+6	1.11440E+6	7.82737E+4	3.38722E+6
4.71000E+1	2.95373E+4	8.20588E+4	3.73340E+6	1.13789E+6	7.82880E+4	3.25167E+6
4.72000E+1	2.96552E+4	8.21335E+4	3.50877E+6	1.12075E+6	7.81795E+4	3.36658E+6
4.73000E+1	2.94546E+4	8.20940E+4	3.70287E+6	1.11797E+6	7.83269E+4	3.34236E+6
4.74000E+1	2.96076E+4	8.20203E+4	3.66733E+6	1.12664E+6	7.80089E+4	3.35385E+6
4.75000E+1	2.94120E+4	8.21656E+4	3.55638E+6	1.13670E+6	7.81366E+4	3.23689E+6
4.76000E+1	2.94066E+4	8.22191E+4	3.49207E+6	1.13587E+6	7.80456E+4	3.30199E+6
4.77000E+1	2.95281E+4	8.20855E+4	3.71455E+6	1.11373E+6	7.83403E+4	3.22438E+6
4.78000E+1	2.94476E+4	8.24494E+4	3.59205E+6	1.12094E+6	7.79487E+4	3.25311E+6
4.79000E+1	2.94929E+4	8.21881E+4	3.62752E+6	1.15704E+6	7.80477E+4	3.45065E+6
4.80000E+1	2.94454E+4	8.22565E+4	3.69357E+6	1.12003E+6	7.84048E+4	3.25892E+6
4.81000E+1	2.94956E+4	8.19809E+4	3.70940E+6	1.15136E+6	7.78987E+4	3.24950E+6
4.82000E+1	2.94546E+4	8.22630E+4	3.69961E+6	1.11888E+6	7.79272E+4	3.15058E+6
4.83000E+1	2.94249E+4	8.24226E+4	3.67558E+6	1.12562E+6	7.82604E+4	3.29604E+6
4.84000E+1	2.93904E+4	8.25953E+4	3.54180E+6	1.14071E+6	7.80824E+4	3.34810E+6
4.85000E+1	2.95329E+4	8.23475E+4	3.74432E+6	1.12931E+6	7.79415E+4	3.13331E+6
4.86000E+1	2.95848E+4	8.27501E+4	3.60660E+6	1.13893E+6	7.80017E+4	3.34160E+6
4.87000E+1	2.97962E+4	8.26093E+4	3.68709E+6	1.13077E+6	7.82931E+4	3.38058E+6
4.88000E+1	2.94692E+4	8.22169E+4	3.64235E+6	1.11573E+6	7.78528E+4	3.25094E+6
4.89000E+1	2.96076E+4	8.22480E+4	3.66413E+6	1.12316E+6	7.79589E+4	3.39350E+6
4.90000E+1	2.96103E+4	8.20876E+4	3.63245E+6	1.12872E+6	7.79568E+4	3.17389E+6
4.91000E+1	2.97810E+4	8.23990E+4	3.76249E+6	1.15857E+6	7.83485E+4	3.38292E+6
4.92000E+1	2.96151E+4	8.25577E+4	3.65366E+6	1.11245E+6	7.79793E+4	3.40415E+6
4.93000E+1	2.94249E+4	8.22897E+4	3.76490E+6	1.14594E+6	7.79997E+4	3.29790E+6
4.94000E+1	2.96536E+4	8.24076E+4	3.82948E+6	1.13053E+6	7.80007E+4	3.18742E+6
4.95000E+1	2.96049E+4	8.28018E+4	3.55208E+6	1.12412E+6	7.79803E+4	3.23331E+6
4.96000E+1	2.98499E+4	8.24451E+4	3.41997E+6	1.11316E+6	7.78549E+4	3.36891E+6
4.97000E+1	2.97522E+4	8.27781E+4	3.74765E+6	1.12239E+6	7.83351E+4	3.23009E+6
4.98000E+1	2.96536E+4	8.24644E+4	3.66870E+6	1.12152E+6	7.77591E+4	3.27169E+6
4.99000E+1	2.97332E+4	8.28201E+4	3.75530E+6	1.14125E+6	7.78905E+4	3.34963E+6
5.00000E+1	2.95497E+4	8.27200E+4	3.62931E+6	1.10567E+6	7.77724E+4	3.26037E+6
5.01000E+1	2.97907E+4	8.30951E+4	3.73909E+6	1.14634E+6	7.79987E+4	3.30834E+6
5.02000E+1	2.97387E+4	8.27168E+4	3.85502E+6	1.11506E+6	7.79844E+4	3.30125E+6
5.03000E+1	2.97018E+4	8.29419E+4	3.61414E+6	1.12258E+6	7.79538E+4	3.38488E+6
5.04000E+1	2.97332E+4	8.30368E+4	3.50500E+6	1.11683E+6	7.79007E+4	3.44497E+6
5.05000E+1	2.98396E+4	8.28944E+4	3.87477E+6	1.13695E+6	7.79160E+4	3.45472E+6
5.06000E+1	2.97642E+4	8.28513E+4	3.67880E+6	1.12547E+6	7.79681E+4	3.28530E+6
5.07000E+1	2.97799E+4	8.25481E+4	3.77068E+6	1.12349E+6	7.79385E+4	3.35309E+6
5.08000E+1	2.97370E+4	8.28675E+4	3.92268E+6	1.13641E+6	7.80589E+4	3.26219E+6
5.09000E+1	2.95908E+4	8.27050E+4	3.63559E+6	1.13809E+6	7.81366E+4	3.25022E+6
5.10000E+1	2.97935E+4	8.29537E+4	3.79741E+6	1.13883E+6	7.79487E+4	3.21692E+6
5.11000E+1	2.96921E+4	8.29915E+4	4.05570E+6	1.14634E+6	7.80487E+4	3.27426E+6
5.12000E+1	2.98054E+4	8.31297E+4	3.76346E+6	1.14294E+6	7.79691E+4	3.27279E+6
5.13000E+1	2.96774E+4	8.28427E+4	3.63604E+6	1.14245E+6	7.78345E+4	3.28271E+6
5.14000E+1	2.99010E+4	8.30573E+4	3.69822E+6	1.13848E+6	7.80099E+4	3.29196E+6
5.15000E+1	2.97701E+4	8.27523E+4	3.78570E+6	1.13336E+6	7.81059E+4	3.19824E+6
5.16000E+1	2.97712E+4	8.29494E+4	3.86057E+6	1.13759E+6	7.78039E+4	3.29344E+6
5.17000E+1	2.98043E+4	8.28880E+4	3.68110E+6	1.13734E+6	7.79487E+4	3.33436E+6
5.18000E+1	2.99772E+4	8.29440E+4	3.76827E+6	1.13893E+6	7.78487E+4	3.32262E+6
5.19000E+1	3.00567E+4	8.29882E+4	3.94680E+6	1.14011E+6	7.83382E+4	3.41566E+6
5.20000E+1	3.01096E+4	8.33092E+4	3.66322E+6	1.13106E+6	7.79150E+4	3.25493E+6
5.21000E+1	3.01876E+4	8.33568E+4	3.70894E+6	1.11922E+6	7.78814E+4	3.38958E+6
5.22000E+1	3.01690E+4	8.31232E+4	3.69172E+6	1.14970E+6	7.81785E+4	3.37318E+6
5.23000E+1	3.03226E+4	8.30638E+4	3.78376E+6	1.13145E+6	7.77734E+4	3.32376E+6
5.24000E+1	3.02144E+4	8.37248E+4	3.86817E+6	1.14649E+6	7.77520E+4	3.27719E+6
5.25000E+1	2.99277E+4	8.32324E+4	3.64099E+6	1.13326E+6	7.80395E+4	3.12525E+6
5.26000E+1	3.02034E+4	8.30184E+4	3.81166E+6	1.14544E+6	7.76604E+4	3.36813E+6
5.27000E+1	3.04261E+4	8.34479E+4	4.00623E+6	1.15399E+6	7.80456E+4	3.40336E+6
5.28000E+1	3.03790E+4	8.31880E+4	3.72914E+6	1.15760E+6	7.77917E+4	3.25747E+6
5.29000E+1	3.02652E+4	8.33287E+4	3.67374E+6	1.15913E+6	7.78793E+4	3.28198E+6
5.30000E+1	3.04140E+4	8.34153E+4	4.11839E+6	1.14434E+6	7.78009E+4	3.26147E+6
5.31000E+1	3.06078E+4	8.32205E+4	3.71315E+6	1.14036E+6	7.76452E+4	3.24913E+6
5.32000E+1	3.03784E+4	8.30757E+4	4.15832E+6	1.13897E+6	7.74441E+4	3.38253E+6
5.33000E+1	3.04469E+4	8.31718E+4	4.01330E+6	1.14145E+6	7.79589E+4	3.30423E+6
5.34000E+1	3.06556E+4	8.33612E+4	3.83546E+6	1.12378E+6	7.78212E+4	3.30722E+6
5.35000E+1	3.06045E+4	8.32497E+4	3.81412E+6	1.12489E+6	7.76645E+4	3.27132E+6
5.36000E+1	3.06264E+4	8.36823E+4	3.77503E+6	1.14205E+6	7.77042E+4	3.39783E+6
5.37000E+1	3.05819E+4	8.32746E+4	3.68848E+6	1.14879E+6	7.74502E+4	3.32943E+6
5.38000E+1	3.06803E+4	8.34349E+4	3.78522E+6	1.14534E+6	7.77703E+4	3.41965E+6
5.39000E+1	3.08180E+4	8.36356E+4	3.88856E+6	1.14925E+6	7.76218E+4	3.44781E+6
5.40000E+1	3.06105E+4	8.34902E+4	4.08427E+6	1.11726E+6	7.73407E+4	3.39586E+6
5.41000E+1	3.08401E+4	8.35889E+4	3.71455E+6	1.13326E+6	7.75263E+4	3.39586E+6
5.42000E+1	3.07817E+4	8.35813E+4	4.09559E+6	1.15106E+6	7.77276E+4	3.37746E+6
5.43000E+1	3.07211E+4	8.37258E+4	3.80969E+6	1.15546E+6	7.77164E+4	3.40218E+6
5.44000E+1	3.08947E+4	8.31956E+4	4.08597E+6	1.15146E+6	7.77459E+4	3.31247E+6
5.45000E+1	3.08070E+4	8.36987E+4	4.06295E+6	1.18037E+6	7.74685E+4	3.30498E+6
5.46000E+1	3.08379E+4	8.36226E+4	4.11438E+6	1.15490E+6	7.74827E+4	3.35963E+6
5.47000E+1	3.08368E+4	8.35216E+4	3.85250E+6	1.14594E+6	7.74471E+4	3.35155E+6
5.48000E+1	3.08219E+4	8.37226E+4	4.26676E+6	1.16457E+6	7.78070E+4	3.40653E+6
5.49000E+1	3.07062E+4	8.36747E+4	4.00297E+6	1.14101E+6	7.75720E+4	3.27096E+6
5.50000E+1	3.11159E+4	8.39142E+4	4.05682E+6	1.14036E+6	7.73052E+4	3.38801E+6
5.51000E+1	3.11319E+4	8.38510E+4	4.06016E+6	1.15273E+6	7.73711E+4	3.40772E+6
5.52000E+1	3.07817E+4	8.38107E+4	3.90865E+6	1.14749E+6	7.77255E+4	3.41168E+6
5.53000E+1	3.10091E+4	8.34826E+4	4.04405E+6	1.15903E+6	7.75872E+4	3.38879E+6
5.54000E+1	3.10694E+4	8.40079E+4	4.08710E+6	1.15785E+6	7.76930E+4	3.27683E+6
5.55000E+1	3.08031E+4	8.39153E+4	3.90762E+6	1.14106E+6	7.74918E+4	3.33360E+6
5.56000E+1	3.09008E+4	8.39534E+4	4.28961E+6	1.14674E+6	7.74969E+4	3.29196E+6
5.57000E+1	3.08953E+4	8.45012E+4	4.16711E+6	1.17816E+6	7.73447E+4	3.44295E+6
5.58000E+1	3.10356E+4	8.38662E+4	3.87172E+6	1.16215E+6	7.74309E+4	3.20809E+6
5.59000E+1	3.09527E+4	8.39545E+4	4.16008E+6	1.17716E+6	7.78202E+4	3.35616E+6
5.60000E+1	3.09074E+4	8.40614E+4	4.36474E+6	1.16189E+6	7.75365E+4	3.28382E+6
5.61000E+1	3.09599E+4	8.41236E+4	4.07864E+6	1.15232E+6	7.77662E+4	3.26475E+6
5.62000E+1	3.12939E+4	8.43916E+4	4.02095E+6	1.15770E+6	7.74573E+4	3.33398E+6
5.63000E+1	3.10788E+4	8.43193E+4	4.03247E+6	1.16153E+6	7.75618E+4	3.26584E+6
5.64000E+1	3.10904E+4	8.42537E+4	4.14377E+6	1.16591E+6	7.75913E+4	3.37707E+6
5.65000E+1	3.09190E+4	8.41957E+4	4.33033E+6	1.14754E+6	7.73914E+4	3.27242E+6
5.66000E+1	3.09267E+4	8.41225E+4	4.04018E+6	1.14930E+6	7.74127E+4	3.42165E+6
5.67000E+1	3.11447E+4	8.45539E+4	4.07134E+6	1.15908E+6	7.76035E+4	3.32640E+6
5.68000E+1	3.09759E+4	8.42898E+4	4.14493E+6	1.16333E+6	7.75944E+4	3.39626E+6
5.69000E+1	3.09930E+4	8.45089E+4	4.25145E+6	1.17637E+6	7.76096E+4	3.27793E+6
5.70000E+1	3.08804E+4	8.42821E+4	4.12586E+6	1.15678E+6	7.76005E+4	3.37395E+6
5.71000E+1	3.11092E+4	8.45802E+4	3.89884E+6	1.15765E+6	7.75222E+4	3.42805E+6
5.72000E+1	3.11868E+4	8.47032E+4	3.96855E+6	1.15045E+6	7.74887E+4	3.40891E+6
5.73000E+1	3.11591E+4	8.47263E+4	4.13162E+6	1.15333E+6	7.77571E+4	3.40178E+6
5.74000E+1	3.12734E+4	8.48980E+4	4.03357E+6	1.16829E+6	7.75547E+4	3.50132E+6
5.75000E+1	3.11231E+4	8.47351E+4	4.10582E+6	1.14950E+6	7.74908E+4	3.45472E+6
5.76000E+1	3.11602E+4	8.46604E+4	3.94259E+6	1.14145E+6	7.73093E+4	3.31622E+6
5.77000E+1	3.11718E+4	8.49057E+4	4.20677E+6	1.15974E+6	7.74786E+4	3.39468E+6
5.78000E+1	3.10987E+4	8.48649E+4	3.97442E+6	1.14379E+6	7.75202E+4	3.33474E+6
5.79000E+1	3.10511E+4	8.47329E+4	4.11667E+6	1.14106E+6	7.72091E+4	3.36968E+6
5.80000E+1	3.09897E+4	8.47197E+4	4.15891E+6	1.15283E+6	7.78916E+4	3.43448E+6
5.81000E+1	3.09300E+4	8.47934E+4	4.44782E+6	1.17527E+6	7.77764E+4	3.47684E+6
5.82000E+1	3.10091E+4	8.51373E+4	4.13451E+6	1.15760E+6	7.76787E+4	3.49007E+6
5.83000E+1	3.08754E+4	8.46472E+4	4.15191E+6	1.14110E+6	7.76096E+4	3.40574E+6
5.84000E+1	3.08423E+4	8.51483E+4	4.25756E+6	1.15729E+6	7.75385E+4	3.42045E+6
5.85000E+1	3.10439E+4	8.51627E+4	4.20558E+6	1.14824E+6	7.73073E+4	3.27940E+6
5.86000E+1	3.08986E+4	8.50733E+4	4.16711E+6	1.14759E+6	7.75974E+4	3.26511E+6
5.87000E+1	3.09715E+4	8.52843E+4	4.21936E+6	1.13636E+6	7.75547E+4	3.33247E+6
5.88000E+1	3.10677E+4	8.49982E+4	4.13047E+6	1.15318E+6	7.75852E+4	3.38409E+6
5.89000E+1	3.09240E+4	8.53440E+4	4.08597E+6	1.16364E+6	7.73549E+4	3.36272E+6
5.90000E+1	3.12323E+4	8.50887E+4	4.01384E+6	1.14930E+6	7.74411E+4	3.56900E+6
5.91000E+1	3.08991E+4	8.53108E+4	4.14377E+6	1.13764E+6	7.75893E+4	3.28308E+6
5.92000E+1	3.09549E+4	8.55845E+4	4.23323E+6	1.14874E+6	7.76360E+4	3.43528E+6
5.93000E+1	3.09599E+4	8.51472E+4	4.17239E+6	1.15506E+6	7.71181E+4	3.30872E+6
5.94000E+1	3.10605E+4	8.56078E+4	4.19664E+6	1.14554E+6	7.76055E+4	3.27279E+6
5.95000E+1	3.08782E+4	8.53584E+4	4.13740E+6	1.15877E+6	7.78100E+4	3.37007E+6
5.96000E+1	3.08605E+4	8.55057E+4	4.08823E+6	1.14454E+6	7.72131E+4	3.37395E+6
5.97000E+1	3.08224E+4	8.53850E+4	3.97496E+6	1.13942E+6	7.76442E+4	3.36156E+6
5.98000E+1	3.08782E+4	8.60762E+4	4.09445E+6	1.14930E+6	7.74056E+4	3.40772E+6
5.99000E+1	3.09135E+4	8.58011E+4	4.06686E+6	1.14011E+6	7.76340E+4	3.42845E+6
6.00000E+1	3.09218E+4	8.53695E+4	3.99161E+6	1.15561E+6	7.72496E+4	3.42125E+6
6.01000E+1	3.07552E+4	8.57455E+4	4.05793E+6	1.15374E+6	7.74461E+4	3.37941E+6
6.02000E+1	3.06946E+4	8.55301E+4	3.98622E+6	1.13336E+6	7.72162E+4	3.18951E+6
6.03000E+1	3.07117E+4	8.58189E+4	4.22839E+6	1.14379E+6	7.72435E+4	3.47725E+6
6.04000E+1	3.05924E+4	8.54603E+4	4.25695E+6	1.14905E+6	7.74482E+4	3.40930E+6
6.05000E+1	3.05891E+4	8.54625E+4	4.21156E+6	1.14664E+6	7.72718E+4	3.26183E+6
6.06000E+1	3.07189E+4	8.54348E+4	4.07190E+6	1.15846E+6	7.75426E+4	3.22581E+6
6.07000E+1	3.07965E+4	8.57111E+4	4.06295E+6	1.13019E+6	7.76309E+4	3.39350E+6
6.08000E+1	3.07200E+4	8.58601E+4	4.21636E+6	1.12911E+6	7.74959E+4	3.30610E+6
6.09000E+1	3.05902E+4	8.57544E+4	4.01821E+6	1.15709E+6	7.76991E+4	3.32905E+6
6.10000E+1	3.05418E+4	8.54293E+4	4.30206E+6	1.14509E+6	7.75923E+4	3.37318E+6
6.11000E+1	3.07629E+4	8.57711E+4	4.04350E+6	1.12892E+6	7.73204E+4	3.42845E+6
6.12000E+1	3.06275E+4	8.56588E+4	4.16359E+6	1.14569E+6	7.75080E+4	3.32376E+6
6.13000E+1	3.04645E+4	8.58411E+4	3.94259E+6	1.12809E+6	7.74289E+4	3.42204E+6
6.14000E+1	3.03993E+4	8.59090E+4	4.15657E+6	1.13957E+6	7.74776E+4	3.38331E+6
6.15000E+1	3.05600E+4	8.60361E+4	4.25389E+6	1.13616E+6	7.74989E+4	3.37707E+6
6.16000E+1	3.05051E+4	8.59781E+4	3.96269E+6	1.13616E+6	7.72091E+4	3.32489E+6
6.17000E+1	3.03845E+4	8.55634E+4	4.02533E+6	1.13082E+6	7.75030E+4	3.33171E+6
6.18000E+1	3.04239E+4	8.60907E+4	3.95579E+6	1.12229E+6	7.75720E+4	3.50299E+6
6.19000E+1	3.03374E+4	8.60383E+4	3.93890E+6	1.12547E+6	7.75060E+4	3.37473E+6
6.20000E+1	3.02898E+4	8.59982E+4	4.04184E+6	1.12354E+6	7.77215E+4	3.43770E+6
6.21000E+1	3.03593E+4	8.59725E+4	4.07358E+6	1.11879E+6	7.73255E+4	3.37318E+6
6.22000E+1	3.06413E+4	8.62716E+4	4.31395E+6	1.13106E+6	7.76127E+4	3.35693E+6
6.23000E+1	3.02428E+4	8.60026E+4	4.06072E+6	1.12460E+6	7.75172E+4	3.36503E+6
6.24000E+1	3.01434E+4	8.58322E+4	3.96855E+6	1.12809E+6	7.72556E+4	3.31209E+6
6.25000E+1	3.01401E+4	8.62247E+4	4.07695E+6	1.11941E+6	7.73752E+4	3.20597E+6
6.26000E+1	3.01117E+4	8.61800E+4	4.13508E+6	1.11606E+6	7.73123E+4	3.44659E+6
6.27000E+1	3.00747E+4	8.61990E+4	4.13566E+6	1.12926E+6	7.75354E+4	3.20950E+6
6.28000E+1	3.00414E+4	8.58111E+4	3.81659E+6	1.11869E+6	7.73691E+4	3.21586E+6
6.29000E+1	3.03264E+4	8.61521E+4	4.23626E+6	1.14874E+6	7.75669E+4	3.30125E+6
6.30000E+1	2.99625E+4	8.62414E+4	3.78862E+6	1.12596E+6	7.74005E+4	3.31509E+6
6.31000E+1	3.01685E+4	8.61175E+4	3.85200E+6	1.11118E+6	7.73741E+4	3.43851E+6
6.32000E+1	3.00932E+4	8.62604E+4	3.93104E+6	1.12999E+6	7.76045E+4	3.40534E+6
6.33000E+1	3.00774E+4	8.59491E+4	3.87274E+6	1.11051E+6	7.75761E+4	3.34389E+6
6.34000E+1	2.99429E+4	8.65033E+4	3.80428E+6	1.12547E+6	7.75639E+4	3.24156E+6
6.35000E+1	3.00763E+4	8.62694E+4	4.05404E+6	1.12906E+6	7.75537E+4	3.29864E+6
6.36000E+1	2.97457E+4	8.63175E+4	3.77406E+6	1.11137E+6	7.75822E+4	3.36852E+6
6.37000E+1	2.99619E+4	8.63141E+4	3.99647E+6	1.11369E+6	7.73285E+4	3.25094E+6
6.38000E+1	2.98891E+4	8.61822E+4	4.06686E+6	1.10990E+6	7.76238E+4	3.31584E+6
6.39000E+1	2.97197E+4	8.65997E+4	3.82899E+6	1.10091E+6	7.73123E+4	3.23725E+6
6.40000E+1	2.99434E+4	8.66682E+4	3.83148E+6	1.11898E+6	7.75984E+4	3.34925E+6
6.41000E+1	2.97284E+4	8.64753E+4	3.97871E+6	1.10530E+6	7.77337E+4	3.24697E+6
6.42000E+1	2.97332E+4	8.61566E+4	4.24111E+6	1.13312E+6	7.75040E+4	3.22973E+6
6.43000E+1	2.96352E+4	8.67389E+4	4.14203E+6	1.11426E+6	7.74390E+4	3.22973E+6
6.44000E+1	2.96796E+4	8.64193E+4	4.03357E+6	1.10240E+6	7.75294E+4	3.14074E+6
6.45000E+1	2.98369E+4	8.67266E+4	4.13047E+6	1.12980E+6	7.74634E+4	3.34389E+6
6.46000E+1	2.96644E+4	8.64988E+4	4.01603E+6	1.12499E+6	7.77377E+4	3.31547E+6
6.47000E+1	2.98222E+4	8.63723E+4	3.94627E+6	1.08877E+6	7.76411E+4	3.32074E+6
6.48000E+1	2.97051E+4	8.65392E+4	4.26676E+6	1.11435E+6	7.77215E+4	3.31509E+6
6.49000E+1	2.97663E+4	8.67356E+4	4.09559E+6	1.12407E+6	7.71929E+4	3.37824E+6
6.50000E+1	2.94109E+4	8.64092E+4	4.02862E+6	1.13048E+6	7.73762E+4	3.30947E+6
6.51000E+1	2.97739E+4	8.69008E+4	4.18064E+6	1.12056E+6	7.76543E+4	3.31022E+6
6.52000E+1	2.95935E+4	8.65078E+4	4.24354E+6	1.11141E+6	7.76594E+4	3.26110E+6
6.53000E+1	2.96222E+4	8.66839E+4	4.11839E+6	1.10357E+6	7.76360E+4	3.22652E+6
6.54000E+1	2.95957E+4	8.66558E+4	4.13682E+6	1.11416E+6	7.74979E+4	3.20000E+6
6.55000E+1	2.97832E+4	8.70405E+4	4.11324E+6	1.12301E+6	7.77255E+4	3.22831E+6
6.56000E+1	2.97430E+4	8.66873E+4	4.04018E+6	1.08600E+6	7.74127E+4	3.24084E+6
6.57000E+1	2.96986E+4	8.68660E+4	4.02752E+6	1.10727E+6	7.75314E+4	3.37902E+6
6.58000E+1	2.96855E+4	8.64159E+4	4.14842E+6	1.11426E+6	7.77795E+4	3.22938E+6
6.59000E+1	2.97181E+4	8.67614E+4	4.13104E+6	1.11009E+6	7.78457E+4	3.23689E+6
6.60000E+1	2.96200E+4	8.71442E+4	4.30081E+6	1.11687E+6	7.75588E+4	3.43448E+6
6.61000E+1	2.97457E+4	8.66278E+4	4.16066E+6	1.11231E+6	7.75141E+4	3.24264E+6
6.62000E+1	2.95670E+4	8.68615E+4	3.99972E+6	1.11009E+6	7.74076E+4	3.32225E+6
6.63000E+1	2.97940E+4	8.68637E+4	3.94575E+6	1.11345E+6	7.74959E+4	3.30386E+6
6.64000E+1	2.98298E+4	8.68120E+4	3.98676E+6	1.12712E+6	7.75974E+4	3.44052E+6
6.65000E+1	2.95048E+4	8.69312E+4	3.92581E+6	1.13092E+6	7.73144E+4	3.11157E+6
6.66000E+1	2.97403E+4	8.72097E+4	4.21456E+6	1.12620E+6	7.76198E+4	3.24986E+6
6.67000E+1	2.96958E+4	8.68862E+4	4.00405E+6	1.12509E+6	7.74431E+4	3.34963E+6
6.68000E+1	2.97013E+4	8.70721E+4	4.22417E+6	1.13883E+6	7.75151E+4	3.28050E+6
6.69000E+1	2.96948E+4	8.70529E+4	4.39774E+6	1.11132E+6	7.73924E+4	3.26110E+6
6.70000E+1	2.97473E+4	8.68592E+4	4.10924E+6	1.10882E+6	7.77907E+4	3.07510E+6
6.71000E+1	2.98304E+4	8.73295E+4	3.97229E+6	1.11659E+6	7.75639E+4	3.24589E+6
6.72000E+1	2.98445E+4	8.71409E+4	4.03412E+6	1.14250E+6	7.76269E+4	3.34274E+6
6.73000E+1	2.96790E+4	8.70924E+4	4.34174E+6	1.12171E+6	7.75426E+4	3.24913E+6
6.74000E+1	2.96238E+4	8.70247E+4	4.09672E+6	1.11369E+6	7.76625E+4	3.34274E+6
6.75000E+1	2.97598E+4	8.70743E+4	4.04848E+6	1.11941E+6	7.73914E+4	3.14209E+6
6.76000E+1	2.98988E+4	8.70664E+4	4.08033E+6	1.13361E+6	7.74542E+4	3.17873E+6
6.77000E+1	2.97229E+4	8.73091E+4	4.14087E+6	1.12897E+6	7.74898E+4	3.55174E+6
6.78000E+1	2.97126E+4	8.72447E+4	3.88549E+6	1.11440E+6	7.73924E+4	3.11290E+6
6.79000E+1	2.97810E+4	8.71804E+4	4.06407E+6	1.11965E+6	7.76553E+4	3.43166E+6
6.80000E+1	2.95940E+4	8.69718E+4	4.17180E+6	1.13902E+6	7.76625E+4	3.30087E+6
6.81000E+1	2.97989E+4	8.71442E+4	3.94997E+6	1.12543E+6	7.77235E+4	3.16941E+6
6.82000E+1	2.99287E+4	8.71442E+4	4.43652E+6	1.13331E+6	7.77143E+4	3.31735E+6
6.83000E+1	2.98412E+4	8.73430E+4	4.07639E+6	1.13675E+6	7.76645E+4	3.14243E+6
6.84000E+1	2.95816E+4	8.73713E+4	4.04516E+6	1.13454E+6	7.74827E+4	3.24516E+6
6.85000E+1	2.96866E+4	8.74686E+4	4.22297E+6	1.12046E+6	7.77805E+4	3.32489E+6
6.86000E+1	2.97089E+4	8.70247E+4	3.96110E+6	1.13126E+6	7.76086E+4	3.27132E+6
6.87000E+1	2.97360E+4	8.74800E+4	4.14900E+6	1.12576E+6	7.75679E+4	3.27023E+6
6.88000E+1	2.96498E+4	8.75003E+4	4.24354E+6	1.13282E+6	7.76492E+4	3.20562E+6
6.89000E+1	2.97023E+4	8.71657E+4	3.95738E+6	1.11255E+6	7.75314E+4	3.25565E+6
6.90000E+1	2.98293E+4	8.76783E+4	4.30268E+6	1.13996E+6	7.76533E+4	3.30535E+6
6.91000E+1	2.95551E+4	8.77374E+4	4.19902E+6	1.14339E+6	7.73731E+4	3.12391E+6
6.92000E+1	2.97419E+4	8.75819E+4	4.17769E+6	1.12543E+6	7.75933E+4	3.30797E+6
6.93000E+1	2.97897E+4	8.74890E+4	3.94311E+6	1.10802E+6	7.74786E+4	3.21551E+6
6.94000E+1	2.99674E+4	8.76466E+4	4.44316E+6	1.12325E+6	7.76096E+4	3.21020E+6
6.95000E+1	2.98239E+4	8.79340E+4	4.11667E+6	1.12451E+6	7.75344E+4	3.17700E+6
6.96000E+1	2.99326E+4	8.74437E+4	4.18478E+6	1.12224E+6	7.74898E+4	3.22118E+6
6.97000E+1	2.98749E+4	8.78896E+4	4.29209E+6	1.12688E+6	7.74715E+4	3.28862E+6
6.98000E+1	3.00022E+4	8.79716E+4	4.03247E+6	1.14324E+6	7.74157E+4	3.34925E+6
6.99000E+1	2.99119E+4	8.76193E+4	4.15307E+6	1.15136E+6	7.76574E+4	3.24661E+6
7.00000E+1	3.00338E+4	8.78464E+4	4.15716E+6	1.12863E+6	7.75730E+4	3.27389E+6
7.01000E+1	2.99734E+4	8.74641E+4	4.07808E+6	1.13243E+6	7.77072E+4	3.19824E+6
7.02000E+1	2.98592E+4	8.75185E+4	4.13682E+6	1.14314E+6	7.77174E+4	3.23797E+6
7.03000E+1	3.01559E+4	8.74788E+4	3.93470E+6	1.12814E+6	7.73022E+4	3.20915E+6
7.04000E+1	2.99728E+4	8.80308E+4	4.04959E+6	1.13749E+6	7.72688E+4	3.26548E+6
7.05000E+1	2.98771E+4	8.77294E+4	4.06295E+6	1.12345E+6	7.74816E+4	3.26365E+6
7.06000E+1	2.99043E+4	8.75309E+4	4.12069E+6	1.13322E+6	7.74269E+4	3.38409E+6
7.07000E+1	2.99021E+4	8.80832E+4	4.03467E+6	1.15348E+6	7.74299E+4	3.35078E+6
7.08000E+1	2.99870E+4	8.79841E+4	4.20917E+6	1.14494E+6	7.74096E+4	3.11389E+6
7.09000E+1	2.99565E+4	8.79124E+4	3.95632E+6	1.13957E+6	7.76228E+4	3.28862E+6
7.10000E+1	2.98288E+4	8.77555E+4	4.10126E+6	1.14664E+6	7.75304E+4	3.28345E+6
7.11000E+1	2.99434E+4	8.76999E+4	4.03798E+6	1.11435E+6	7.74634E+4	3.20703E+6
7.12000E+1	3.02318E+4	8.77419E+4	4.08146E+6	1.14834E+6	7.77550E+4	3.29344E+6
7.13000E+1	3.00779E+4	8.78032E+4	4.22116E+6	1.12882E+6	7.74603E+4	3.24444E+6
7.14000E+1	2.98505E+4	8.77805E+4	4.06966E+6	1.13734E+6	7.73620E+4	3.22617E+6
7.15000E+1	2.99391E+4	8.77226E+4	4.27846E+6	1.12916E+6	7.76045E+4	3.27572E+6
7.16000E+1	2.99881E+4	8.79989E+4	4.02752E+6	1.13592E+6	7.72941E+4	3.14616E+6
7.17000E+1	2.99445E+4	8.80137E+4	4.06072E+6	1.10981E+6	7.75141E+4	3.37629E+6
7.18000E+1	3.00038E+4	8.82200E+4	4.41672E+6	1.12834E+6	7.73792E+4	3.29752E+6
7.19000E+1	3.00638E+4	8.81573E+4	4.08992E+6	1.14071E+6	7.76279E+4	3.27279E+6
7.20000E+1	3.00071E+4	8.82851E+4	4.00949E+6	1.13317E+6	7.75019E+4	3.42444E+6
7.21000E+1	2.98141E+4	8.78419E+4	4.15832E+6	1.12171E+6	7.75294E+4	3.17320E+6
7.22000E+1	2.98065E+4	8.78021E+4	4.16593E+6	1.13508E+6	7.73964E+4	3.06668E+6
7.23000E+1	2.99652E+4	8.80547E+4	4.29271E+6	1.12989E+6	7.73650E+4	3.24697E+6
7.24000E+1	2.98228E+4	8.81276E+4	4.19902E+6	1.13111E+6	7.74116E+4	3.51769E+6
7.25000E+1	2.99092E+4	8.78624E+4	4.15133E+6	1.14165E+6	7.74532E+4	3.14956E+6
7.26000E+1	2.99179E+4	8.78749E+4	4.28774E+6	1.12950E+6	7.75639E+4	3.36542E+6
7.27000E+1	2.99625E+4	8.81425E+4	4.22237E+6	1.12190E+6	7.73843E+4	3.18081E+6
7.28000E+1	2.97148E+4	8.80274E+4	3.93104E+6	1.15273E+6	7.74522E+4	3.15467E+6
7.29000E+1	2.99532E+4	8.82965E+4	4.06742E+6	1.15283E+6	7.75080E+4	3.38175E+6
7.30000E+1	2.99151E+4	8.83183E+4	4.17298E+6	1.12017E+6	7.73022E+4	3.30498E+6
7.31000E+1	2.98521E+4	8.81516E+4	4.15191E+6	1.11711E+6	7.72799E+4	3.26001E+6
7.32000E+1	3.00616E+4	8.85619E+4	4.16417E+6	1.14245E+6	7.78905E+4	3.22724E+6
7.33000E+1	2.97799E+4	8.80684E+4	4.14784E+6	1.12239E+6	7.76248E+4	3.25747E+6
7.34000E+1	2.98027E+4	8.79306E+4	4.05682E+6	1.13199E+6	7.74228E+4	3.34236E+6
7.35000E+1	3.02149E+4	8.84658E+4	4.41015E+6	1.13557E+6	7.74969E+4	3.33019E+6
7.36000E+1	2.99598E+4	8.82349E+4	3.96748E+6	1.12422E+6	7.78345E+4	3.17943E+6
7.37000E+1	2.98863E+4	8.81470E+4	4.28031E+6	1.14220E+6	7.74005E+4	3.24913E+6
7.38000E+1	2.97582E+4	8.83217E+4	4.07022E+6	1.11835E+6	7.76981E+4	3.24553E+6
7.39000E+1	2.98114E+4	8.80217E+4	4.15657E+6	1.14624E+6	7.73488E+4	3.14718E+6
7.40000E+1	2.97598E+4	8.83754E+4	4.24658E+6	1.12046E+6	7.73012E+4	3.32187E+6
7.41000E+1	2.97788E+4	8.83628E+4	4.10582E+6	1.12902E+6	7.75639E+4	3.25928E+6
7.42000E+1	2.99005E+4	8.81676E+4	4.09786E+6	1.12017E+6	7.73113E+4	3.28014E+6
7.43000E+1	2.97132E+4	8.83331E+4	4.13393E+6	1.12741E+6	7.74735E+4	3.28714E+6
7.44000E+1	2.99799E+4	8.82417E+4	4.10354E+6	1.11611E+6	7.74127E+4	3.24733E+6
7.45000E+1	2.97967E+4	8.85528E+4	4.20677E+6	1.12868E+6	7.71979E+4	3.20281E+6
7.46000E+1	2.97593E+4	8.83663E+4	4.17239E+6	1.11473E+6	7.75365E+4	3.31547E+6
7.47000E+1	2.97560E+4	8.81288E+4	4.20737E+6	1.11864E+6	7.72354E+4	3.17700E+6
7.48000E+1	2.98396E+4	8.84989E+4	4.17122E+6	1.12388E+6	7.72708E+4	3.29641E+6
7.49000E+1	2.98689E+4	8.84383E+4	4.18892E+6	1.10896E+6	7.71241E+4	3.24805E+6
7.50000E+1	2.96092E+4	8.84944E+4	4.13798E+6	1.11826E+6	7.73883E+4	3.32413E+6
7.51000E+1	2.97045E+4	8.82760E+4	4.16711E+6	1.12345E+6	7.71838E+4	3.12157E+6
7.52000E+1	2.98874E+4	8.83274E+4	4.17180E+6	1.12838E+6	7.73579E+4	3.30722E+6
7.53000E+1	2.97262E+4	8.82200E+4	4.16887E+6	1.10760E+6	7.72890E+4	3.14650E+6
7.54000E+1	2.98896E+4	8.83228E+4	4.04516E+6	1.09961E+6	7.70867E+4	3.18568E+6
7.55000E+1	2.99625E+4	8.80684E+4	4.53405E+6	1.11664E+6	7.77510E+4	3.32036E+6
7.56000E+1	2.98820E+4	8.80274E+4	4.22598E+6	1.11236E+6	7.71625E+4	3.19335E+6
7.57000E+1	2.98201E+4	8.84017E+4	4.14725E+6	1.13794E+6	7.72374E+4	3.10560E+6
7.58000E+1	2.99119E+4	8.85333E+4	4.08484E+6	1.13258E+6	7.72010E+4	3.33931E+6
7.59000E+1	3.00659E+4	8.83503E+4	4.31835E+6	1.13646E+6	7.72091E+4	3.36736E+6
7.60000E+1	3.00234E+4	8.85997E+4	4.10867E+6	1.11587E+6	7.70595E+4	3.20210E+6
7.61000E+1	2.98467E+4	8.83263E+4	4.04350E+6	1.12094E+6	7.71888E+4	3.28050E+6
7.62000E+1	3.01565E+4	8.77964E+4	4.44649E+6	1.13356E+6	7.70433E+4	3.26694E+6
7.63000E+1	2.99385E+4	8.84406E+4	4.19426E+6	1.12543E+6	7.70403E+4	3.18220E+6
7.64000E+1	2.99402E+4	8.82098E+4	3.86715E+6	1.12635E+6	7.70645E+4	3.21586E+6
7.65000E+1	3.00741E+4	8.84680E+4	4.31583E+6	1.13410E+6	7.71514E+4	3.27132E+6
7.66000E+1	2.98027E+4	8.85528E+4	4.28341E+6	1.11697E+6	7.70665E+4	3.16425E+6
7.67000E+1	3.02942E+4	8.83434E+4	4.54237E+6	1.13082E+6	7.70665E+4	3.17424E+6
7.68000E+1	3.01647E+4	8.80091E+4	4.25817E+6	1.13533E+6	7.71332E+4	3.11389E+6
7.69000E+1	3.01821E+4	8.85447E+4	4.46253E+6	1.12751E+6	7.71514E+4	3.34389E+6
7.70000E+1	3.01265E+4	8.87603E+4	4.22658E+6	1.12916E+6	7.72982E+4	3.10957E+6
7.71000E+1	3.00888E+4	8.79829E+4	4.15424E+6	1.12417E+6	7.68456E+4	3.20492E+6
7.72000E+1	3.01412E+4	8.81265E+4	4.19723E+6	1.12436E+6	7.68889E+4	3.11523E+6
7.73000E+1	3.01636E+4	8.81984E+4	4.21636E+6	1.12751E+6	7.71818E+4	3.22581E+6
7.74000E+1	3.03155E+4	8.83297E+4	4.38863E+6	1.11955E+6	7.71029E+4	3.42165E+6
7.75000E+1	3.00049E+4	8.81733E+4	4.41672E+6	1.12533E+6	7.67761E+4	3.32074E+6
7.76000E+1	3.04299E+4	8.82840E+4	4.45449E+6	1.13725E+6	7.69747E+4	3.29344E+6
7.77000E+1	3.03106E+4	8.80946E+4	4.43188E+6	1.14624E+6	7.70302E+4	3.17770E+6
7.78000E+1	3.03522E+4	8.85573E+4	4.15191E+6	1.14414E+6	7.66343E+4	3.18394E+6
7.79000E+1	3.03242E+4	8.85321E+4	4.56960E+6	1.15887E+6	7.70393E+4	3.43851E+6
7.80000E+1	3.04875E+4	8.83114E+4	4.12184E+6	1.12819E+6	7.70706E+4	3.29715E+6
7.81000E+1	3.03089E+4	8.84200E+4	4.22357E+6	1.14245E+6	7.67037E+4	3.20492E+6
7.82000E+1	3.02991E+4	8.83091E+4	4.17004E+6	1.13537E+6	7.69333E+4	3.17804E+6
7.83000E+1	3.04612E+4	8.82052E+4	4.12126E+6	1.13533E+6	7.66162E+4	3.19160E+6
7.84000E+1	3.06001E+4	8.82806E+4	4.30268E+6	1.12834E+6	7.68748E+4	3.23224E+6
7.85000E+1	3.06314E+4	8.84738E+4	4.36989E+6	1.12664E+6	7.66423E+4	3.35385E+6
7.86000E+1	3.09002E+4	8.81584E+4	4.26860E+6	1.13375E+6	7.67479E+4	3.20915E+6
7.87000E+1	3.08925E+4	8.83297E+4	4.46320E+6	1.13651E+6	7.69626E+4	3.30909E+6
7.88000E+1	3.08009E+4	8.87970E+4	4.28031E+6	1.13897E+6	7.67016E+4	3.14752E+6
7.89000E+1	3.09577E+4	8.80672E+4	4.35066E+6	1.15990E+6	7.67318E+4	3.16425E+6
7.90000E+1	3.08809E+4	8.81185E+4	4.33857E+6	1.16313E+6	7.68013E+4	3.15740E+6
7.91000E+1	3.10832E+4	8.84532E+4	4.68330E+6	1.16010E+6	7.66725E+4	3.19930E+6
7.92000E+1	3.09433E+4	8.83640E+4	4.50381E+6	1.16030E+6	7.65790E+4	3.24336E+6
7.93000E+1	3.11574E+4	8.82691E+4	4.63586E+6	1.15908E+6	7.63563E+4	3.30162E+6
7.94000E+1	3.11569E+4	8.83194E+4	4.41409E+6	1.14774E+6	7.63122E+4	3.28751E+6
7.95000E+1	3.11685E+4	8.83503E+4	4.81431E+6	1.17805E+6	7.65609E+4	3.29604E+6
7.96000E+1	3.14101E+4	8.87293E+4	4.27106E+6	1.16359E+6	7.67137E+4	3.48220E+6
7.97000E+1	3.16905E+4	8.83205E+4	4.60785E+6	1.16369E+6	7.65178E+4	3.29084E+6
7.98000E+1	3.14824E+4	8.79852E+4	4.58158E+6	1.18127E+6	7.64154E+4	3.15809E+6
7.99000E+1	3.17280E+4	8.83777E+4	4.50312E+6	1.17271E+6	7.68718E+4	3.24013E+6
8.00000E+1	3.16319E+4	8.82292E+4	4.83855E+6	1.18434E+6	7.65378E+4	3.19125E+6
8.01000E+1	3.15950E+4	8.85791E+4	4.70700E+6	1.17831E+6	7.67932E+4	3.13871E+6
8.02000E+1	3.16944E+4	8.85516E+4	4.37633E+6	1.17218E+6	7.62241E+4	3.20246E+6
8.03000E+1	3.15671E+4	8.86892E+4	4.45717E+6	1.19027E+6	7.63713E+4	3.24986E+6
8.04000E+1	3.20086E+4	8.87580E+4	4.80810E+6	1.16865E+6	7.63533E+4	3.35193E+6
8.05000E+1	3.19918E+4	8.88809E+4	4.43122E+6	1.18122E+6	7.66453E+4	3.27977E+6
8.06000E+1	3.19693E+4	8.83171E+4	4.62289E+6	1.16730E+6	7.67419E+4	3.31660E+6
8.07000E+1	3.19183E+4	8.87454E+4	4.33349E+6	1.15862E+6	7.65238E+4	3.32300E+6
8.08000E+1	3.19890E+4	8.86765E+4	4.73320E+6	1.17837E+6	7.67006E+4	3.23474E+6
8.09000E+1	3.22257E+4	8.88131E+4	4.64237E+6	1.16405E+6	7.63332E+4	3.18185E+6
8.10000E+1	3.22832E+4	8.83811E+4	4.44782E+6	1.15622E+6	7.63292E+4	3.34007E+6
8.11000E+1	3.22984E+4	8.84726E+4	4.92571E+6	1.17653E+6	7.63483E+4	3.21551E+6
8.12000E+1	3.23983E+4	8.90984E+4	4.79957E+6	1.17805E+6	7.62832E+4	3.23761E+6
8.13000E+1	3.24457E+4	8.87821E+4	4.53059E+6	1.15561E+6	7.62962E+4	3.17839E+6
8.14000E+1	3.24022E+4	8.85321E+4	5.00926E+6	1.17711E+6	7.65198E+4	3.29678E+6
8.15000E+1	3.22308E+4	8.87603E+4	4.38539E+6	1.16834E+6	7.65027E+4	3.22118E+6
8.16000E+1	3.24005E+4	8.88464E+4	4.72419E+6	1.17130E+6	7.62141E+4	3.16322E+6
8.17000E+1	3.25249E+4	8.88959E+4	4.77725E+6	1.18690E+6	7.61721E+4	3.35232E+6
8.18000E+1	3.25091E+4	8.84006E+4	4.60285E+6	1.16385E+6	7.63483E+4	3.22118E+6
8.19000E+1	3.26495E+4	8.88913E+4	4.66202E+6	1.17668E+6	7.62391E+4	3.18012E+6
8.20000E+1	3.25062E+4	8.87052E+4	4.97833E+6	1.18397E+6	7.62121E+4	3.17458E+6
8.21000E+1	3.25572E+4	8.88418E+4	4.82523E+6	1.18042E+6	7.60662E+4	3.11456E+6
8.22000E+1	3.27539E+4	8.93083E+4	4.71446E+6	1.17187E+6	7.62231E+4	3.27609E+6
8.23000E+1	3.26478E+4	8.89039E+4	4.66348E+6	1.20547E+6	7.60752E+4	3.27940E+6
8.24000E+1	3.28380E+4	8.86697E+4	4.85511E+6	1.19886E+6	7.62792E+4	3.29196E+6
8.25000E+1	3.28527E+4	8.86456E+4	4.76273E+6	1.18877E+6	7.63583E+4	3.25420E+6
8.26000E+1	3.25328E+4	8.89556E+4	4.83934E+6	1.19447E+6	7.59394E+4	3.31097E+6
8.27000E+1	3.27153E+4	8.88384E+4	5.29241E+6	1.20398E+6	7.60223E+4	3.28308E+6
8.28000E+1	3.27034E+4	8.88706E+4	4.95847E+6	1.20761E+6	7.60402E+4	3.27903E+6
8.29000E+1	3.26625E+4	8.87867E+4	4.83934E+6	1.20888E+6	7.61351E+4	3.27023E+6
8.30000E+1	3.27397E+4	8.90523E+4	4.67300E+6	1.17553E+6	7.59793E+4	3.32943E+6
8.31000E+1	3.29000E+4	8.88533E+4	5.08003E+6	1.16844E+6	7.60153E+4	3.35193E+6
8.32000E+1	3.26132E+4	8.88269E+4	4.94367E+6	1.18759E+6	7.61031E+4	3.28677E+6
8.33000E+1	3.28573E+4	8.92010E+4	5.05252E+6	1.20481E+6	7.60782E+4	3.16769E+6
8.34000E+1	3.29546E+4	8.90189E+4	4.82758E+6	1.18536E+6	7.61671E+4	3.17010E+6
8.35000E+1	3.25068E+4	8.89672E+4	4.82445E+6	1.20355E+6	7.61241E+4	3.30125E+6
8.36000E+1	3.26761E+4	8.88855E+4	4.58936E+6	1.20519E+6	7.57611E+4	3.19860E+6
8.37000E+1	3.27709E+4	8.86548E+4	4.67080E+6	1.19544E+6	7.58896E+4	3.25130E+6
8.38000E+1	3.25906E+4	8.90189E+4	5.11747E+6	1.19129E+6	7.64485E+4	3.35078E+6
8.39000E+1	3.25515E+4	8.90661E+4	4.64527E+6	1.17391E+6	7.61271E+4	3.17389E+6
8.40000E+1	3.27153E+4	8.91295E+4	4.77036E+6	1.18344E+6	7.59225E+4	3.25638E+6
8.41000E+1	3.26903E+4	8.91502E+4	5.19129E+6	1.19734E+6	7.59474E+4	3.40534E+6
8.42000E+1	3.25487E+4	8.92252E+4	4.56399E+6	1.17448E+6	7.57860E+4	3.25565E+6
8.43000E+1	3.25991E+4	8.93164E+4	4.88135E+6	1.18920E+6	7.58547E+4	3.23905E+6
8.44000E+1	3.26008E+4	8.94782E+4	5.16437E+6	1.17953E+6	7.60722E+4	3.10295E+6
8.45000E+1	3.26331E+4	8.94076E+4	4.68699E+6	1.18328E+6	7.61161E+4	3.16460E+6
8.46000E+1	3.25923E+4	8.91710E+4	5.09912E+6	1.17365E+6	7.58856E+4	3.27462E+6
8.47000E+1	3.24655E+4	8.92771E+4	4.63586E+6	1.18381E+6	7.58497E+4	3.27279E+6
8.48000E+1	3.24610E+4	8.86834E+4	4.54445E+6	1.17506E+6	7.59584E+4	3.12491E+6
8.49000E+1	3.25379E+4	8.89867E+4	4.91758E+6	1.17900E+6	7.61851E+4	3.31134E+6
8.50000E+1	3.24452E+4	8.89096E+4	4.77189E+6	1.18090E+6	7.61871E+4	3.30348E+6
8.51000E+1	3.23926E+4	8.90397E+4	4.64092E+6	1.17406E+6	7.59474E+4	3.24228E+6
8.52000E+1	3.24644E+4	8.89154E+4	4.91434E+6	1.20344E+6	7.59714E+4	3.42045E+6
8.53000E+1	3.25334E+4	8.94631E+4	4.86780E+6	1.18238E+6	7.59085E+4	3.29604E+6
8.54000E+1	3.24519E+4	8.91652E+4	4.56609E+6	1.16565E+6	7.56318E+4	3.20633E+6
8.55000E+1	3.25215E+4	8.93533E+4	4.75740E+6	1.21309E+6	7.56885E+4	3.37046E+6
8.56000E+1	3.26506E+4	8.92402E+4	5.08609E+6	1.19723E+6	7.59434E+4	3.36001E+6
8.57000E+1	3.23881E+4	8.90385E+4	4.54793E+6	1.18164E+6	7.59494E+4	3.29307E+6
8.58000E+1	3.23994E+4	8.91168E+4	5.03377E+6	1.18738E+6	7.60043E+4	3.48220E+6
8.59000E+1	3.23887E+4	8.91768E+4	4.51407E+6	1.17516E+6	7.57124E+4	3.39902E+6
8.60000E+1	3.22736E+4	8.90719E+4	4.67300E+6	1.19967E+6	7.57631E+4	3.24769E+6
8.61000E+1	3.21964E+4	8.94724E+4	4.92652E+6	1.20921E+6	7.57084E+4	3.23618E+6
8.62000E+1	3.21953E+4	8.94805E+4	4.85907E+6	1.18042E+6	7.57970E+4	3.23905E+6
8.63000E+1	3.21846E+4	8.91237E+4	4.72044E+6	1.18116E+6	7.60572E+4	3.22047E+6
8.64000E+1	3.24491E+4	8.90132E+4	4.68477E+6	1.22520E+6	7.57930E+4	3.17320E+6
8.65000E+1	3.22336E+4	8.92079E+4	4.80887E+6	1.17647E+6	7.58049E+4	3.28456E+6
8.66000E+1	3.20075E+4	8.90212E+4	4.63153E+6	1.16467E+6	7.57532E+4	3.35616E+6
8.67000E+1	3.21863E+4	8.91295E+4	4.51064E+6	1.15995E+6	7.57293E+4	3.32640E+6
8.68000E+1	3.23153E+4	8.94435E+4	4.35449E+6	1.17532E+6	7.59375E+4	3.35001E+6
8.69000E+1	3.22240E+4	8.90961E+4	4.76121E+6	1.17879E+6	7.59305E+4	3.44416E+6
8.70000E+1	3.21908E+4	8.91756E+4	4.72719E+6	1.15308E+6	7.58079E+4	3.25529E+6
8.71000E+1	3.22229E+4	8.88694E+4	4.55071E+6	1.17679E+6	7.60402E+4	3.20246E+6
8.72000E+1	3.23424E+4	8.91168E+4	4.60785E+6	1.17281E+6	7.60033E+4	3.22296E+6
8.73000E+1	3.19985E+4	8.90489E+4	4.53751E+6	1.17679E+6	7.56875E+4	3.14243E+6
8.74000E+1	3.20749E+4	8.91283E+4	4.66787E+6	1.21364E+6	7.57611E+4	3.26037E+6
8.75000E+1	3.21339E+4	8.91964E+4	4.73546E+6	1.19188E+6	7.59634E+4	3.21409E+6
8.76000E+1	3.20356E+4	8.96263E+4	4.97999E+6	1.17057E+6	7.59803E+4	3.38762E+6
8.77000E+1	3.20513E+4	8.90097E+4	4.56609E+6	1.17260E+6	7.55673E+4	3.16872E+6
