0.00000E+0	9.51503E+4	5.83861E+4	8.17286E+6	1.87845E+6	6.79458E+4	4.36944E+6
1.00000E-1	8.73231E+4	5.35540E+4	6.91464E+6	1.78098E+6	6.22671E+4	4.03759E+6
2.00000E-1	8.69171E+4	5.34500E+4	7.00618E+6	1.76617E+6	6.23112E+4	3.77421E+6
3.00000E-1	8.73141E+4	5.33719E+4	7.02085E+6	1.80138E+6	6.24556E+4	3.89590E+6
4.00000E-1	8.74532E+4	5.34447E+4	7.16587E+6	1.81428E+6	6.24829E+4	4.09066E+6
5.00000E-1	8.69902E+4	5.34303E+4	7.42662E+6	1.84926E+6	6.27188E+4	4.09179E+6
6.00000E-1	8.75359E+4	5.31842E+4	7.21380E+6	1.79084E+6	6.25271E+4	3.95436E+6
7.00000E-1	8.70984E+4	5.32183E+4	7.27462E+6	1.79107E+6	6.23681E+4	3.95383E+6
8.00000E-1	8.77321E+4	5.32803E+4	6.94969E+6	1.80992E+6	6.25135E+4	4.02056E+6
9.00000E-1	8.78298E+4	5.33485E+4	8.11593E+6	1.84413E+6	6.22917E+4	4.04256E+6
1.00000E+0	8.75303E+4	5.32826E+4	6.70996E+6	1.78888E+6	6.23758E+4	3.94485E+6
1.10000E+0	8.76300E+4	5.32962E+4	7.52274E+6	1.79986E+6	6.25833E+4	4.00639E+6
1.20000E+0	8.78128E+4	5.34774E+4	7.47807E+6	1.84048E+6	6.26250E+4	4.09746E+6
1.30000E+0	8.75552E+4	5.32606E+4	6.50280E+6	1.82663E+6	6.24089E+4	3.89333E+6
1.40000E+0	8.72327E+4	5.35047E+4	6.73696E+6	1.80698E+6	6.25084E+4	3.94538E+6
1.50000E+0	8.72136E+4	5.35989E+4	7.46699E+6	1.86220E+6	6.28768E+4	4.03814E+6
1.60000E+0	8.67158E+4	5.34538E+4	6.93690E+6	1.77394E+6	6.23715E+4	3.89848E+6
1.70000E+0	8.64231E+4	5.34440E+4	7.17268E+6	1.80640E+6	6.23944E+4	3.95013E+6
1.80000E+0	8.62061E+4	5.33879E+4	7.44125E+6	1.81286E+6	6.23902E+4	4.05921E+6
1.90000E+0	8.61615E+4	5.34455E+4	7.01269E+6	1.81062E+6	6.19758E+4	3.97940E+6
2.00000E+0	8.62710E+4	5.36407E+4	6.76569E+6	1.77507E+6	6.21112E+4	4.09066E+6
2.10000E+0	8.67798E+4	5.35070E+4	7.99593E+6	1.81711E+6	6.20731E+4	4.05643E+6
2.20000E+0	8.65217E+4	5.35145E+4	7.36149E+6	1.84571E+6	6.20079E+4	4.00259E+6
2.30000E+0	8.66518E+4	5.35784E+4	6.59394E+6	1.77168E+6	6.13435E+4	4.12546E+6
2.40000E+0	8.68585E+4	5.36643E+4	6.77329E+6	1.75424E+6	6.15997E+4	3.95648E+6
2.50000E+0	8.66843E+4	5.34326E+4	7.11855E+6	1.77666E+6	6.15846E+4	3.86477E+6
2.60000E+0	8.72090E+4	5.35981E+4	7.67355E+6	1.79360E+6	6.16687E+4	4.10030E+6
2.70000E+0	8.70038E+4	5.36567E+4	6.74751E+6	1.80278E+6	6.17589E+4	4.01564E+6
2.80000E+0	8.72463E+4	5.34887E+4	7.57931E+6	1.80980E+6	6.19800E+4	3.90674E+6
2.90000E+0	8.70455E+4	5.35601E+4	6.72343E+6	1.77791E+6	6.22739E+4	3.99285E+6
3.00000E+0	8.74566E+4	5.34660E+4	7.04051E+6	1.79835E+6	6.18238E+4	4.07881E+6
3.10000E+0	8.76039E+4	5.36445E+4	7.34538E+6	1.82424E+6	6.16367E+4	3.94591E+6
3.20000E+0	8.77321E+4	5.35502E+4	7.37586E+6	1.80219E+6	6.18896E+4	3.96818E+6
3.30000E+0	8.74589E+4	5.35768E+4	6.97379E+6	1.81251E+6	6.16612E+4	4.11799E+6
3.40000E+0	8.71458E+4	5.36917E+4	7.17950E+6	1.80149E+6	6.17041E+4	3.96978E+6
3.50000E+0	8.76391E+4	5.37823E+4	7.75618E+6	1.81652E+6	6.16367E+4	3.88513E+6
3.60000E+0	8.77060E+4	5.35578E+4	7.11352E+6	1.78578E+6	6.16957E+4	3.80001E+6
3.70000E+0	8.76073E+4	5.37153E+4	7.60218E+6	1.79835E+6	6.17252E+4	4.12546E+6
3.80000E+0	8.81281E+4	5.38402E+4	7.06854E+6	1.78498E+6	6.16999E+4	4.05754E+6
3.90000E+0	8.80734E+4	5.38532E+4	7.85688E+6	1.84316E+6	6.18643E+4	4.05587E+6
4.00000E+0	8.78094E+4	5.37769E+4	6.60695E+6	1.78923E+6	6.19175E+4	3.87391E+6
4.10000E+0	8.81201E+4	5.40272E+4	6.65806E+6	1.80558E+6	6.18010E+4	3.90105E+6
4.20000E+0	8.80438E+4	5.40165E+4	7.23628E+6	1.78212E+6	6.20435E+4	3.96605E+6
4.30000E+0	8.82685E+4	5.40876E+4	7.44492E+6	1.83564E+6	6.19851E+4	4.11914E+6
4.40000E+0	8.81737E+4	5.41764E+4	7.23975E+6	1.79257E+6	6.19353E+4	4.03483E+6
4.50000E+0	8.78151E+4	5.41695E+4	6.93053E+6	1.80980E+6	6.20130E+4	3.85820E+6
4.60000E+0	8.79709E+4	5.40502E+4	6.89252E+6	1.81759E+6	6.19437E+4	3.96285E+6
4.70000E+0	8.79447E+4	5.39990E+4	6.42645E+6	1.83468E+6	6.20638E+4	4.07769E+6
4.80000E+0	8.84079E+4	5.42630E+4	7.13538E+6	1.80581E+6	6.19986E+4	4.02769E+6
4.90000E+0	8.83496E+4	5.40792E+4	6.75205E+6	1.80886E+6	6.19133E+4	3.89077E+6
5.00000E+0	8.81771E+4	5.42622E+4	7.00618E+6	1.79975E+6	6.19657E+4	4.01947E+6
5.10000E+0	8.80255E+4	5.42155E+4	6.98024E+6	1.82855E+6	6.20655E+4	3.95595E+6
5.20000E+0	8.79914E+4	5.43489E+4	6.71744E+6	1.82855E+6	6.21273E+4	3.99663E+6
5.30000E+0	8.83770E+4	5.42193E+4	6.90989E+6	1.80757E+6	6.19936E+4	3.91815E+6
5.40000E+0	8.82570E+4	5.40616E+4	7.95600E+6	1.83746E+6	6.19006E+4	3.85921E+6
5.50000E+0	8.81429E+4	5.41190E+4	7.26762E+6	1.87556E+6	6.20528E+4	4.13468E+6
5.60000E+0	8.82536E+4	5.42270E+4	7.40660E+6	1.78030E+6	6.17884E+4	4.07656E+6
5.70000E+0	8.82091E+4	5.41098E+4	7.04544E+6	1.78877E+6	6.18533E+4	3.80393E+6
5.80000E+0	8.81794E+4	5.41366E+4	6.95770E+6	1.83275E+6	6.17968E+4	3.78877E+6
5.90000E+0	8.77617E+4	5.42277E+4	7.19661E+6	1.84632E+6	6.18939E+4	3.91191E+6
6.00000E+0	8.75790E+4	5.40700E+4	6.87053E+6	1.81098E+6	6.19192E+4	3.83961E+6
6.10000E+0	8.78037E+4	5.41029E+4	7.06027E+6	1.80757E+6	6.17403E+4	3.88615E+6
6.20000E+0	8.78901E+4	5.41634E+4	7.19318E+6	1.80663E+6	6.18128E+4	4.00693E+6
6.30000E+0	8.78981E+4	5.41213E+4	7.48733E+6	1.81168E+6	6.16342E+4	3.85921E+6
6.40000E+0	8.81327E+4	5.40624E+4	6.85491E+6	1.83191E+6	6.18196E+4	4.05087E+6
6.50000E+0	8.82274E+4	5.39730E+4	6.83937E+6	1.82115E+6	6.17682E+4	3.89179E+6
6.60000E+0	8.83004E+4	5.42162E+4	6.95931E+6	1.81581E+6	6.16266E+4	3.92023E+6
6.70000E+0	8.84834E+4	5.42546E+4	7.08680E+6	1.83963E+6	6.16797E+4	3.92440E+6
6.80000E+0	8.83381E+4	5.43627E+4	7.24669E+6	1.81475E+6	6.16452E+4	3.98209E+6
6.90000E+0	8.83393E+4	5.41213E+4	6.96574E+6	1.82496E+6	6.13410E+4	4.09122E+6
7.00000E+0	8.83027E+4	5.40494E+4	7.43393E+6	1.85490E+6	6.16292E+4	4.05810E+6
7.10000E+0	8.86334E+4	5.40853E+4	6.60840E+6	1.81652E+6	6.16873E+4	4.11685E+6
7.20000E+0	8.84456E+4	5.41764E+4	7.61175E+6	1.77836E+6	6.15526E+4	4.00693E+6
7.30000E+0	8.82787E+4	5.42484E+4	7.72450E+6	1.78658E+6	6.17058E+4	3.97138E+6
7.40000E+0	8.82799E+4	5.40616E+4	6.89882E+6	1.83179E+6	6.14425E+4	3.97138E+6
7.50000E+0	8.82947E+4	5.40823E+4	6.97540E+6	1.77893E+6	6.15930E+4	3.88974E+6
7.60000E+0	8.86862E+4	5.44027E+4	7.51339E+6	1.83095E+6	6.16628E+4	3.94380E+6
7.70000E+0	8.83861E+4	5.42845E+4	7.27637E+6	1.79314E+6	6.15703E+4	3.94274E+6
7.80000E+0	8.86300E+4	5.39386E+4	6.77329E+6	1.79789E+6	6.16889E+4	4.15325E+6
7.90000E+0	8.85269E+4	5.41389E+4	6.90672E+6	1.81380E+6	6.18086E+4	3.78731E+6
8.00000E+0	8.88032E+4	5.42254E+4	7.32401E+6	1.83444E+6	6.22281E+4	3.83362E+6
8.10000E+0	8.83987E+4	5.40570E+4	6.58673E+6	1.76774E+6	6.08394E+4	3.87086E+6
8.20000E+0	8.84891E+4	5.44380E+4	6.73244E+6	1.78281E+6	6.11818E+4	4.00748E+6
8.30000E+0	8.90505E+4	5.42990E+4	7.59645E+6	1.81498E+6	6.09987E+4	3.93644E+6
8.40000E+0	8.82228E+4	5.42002E+4	7.05038E+6	1.82079E+6	6.09887E+4	4.02878E+6
8.50000E+0	8.86804E+4	5.41887E+4	6.32380E+6	1.78064E+6	6.14711E+4	4.03208E+6
8.60000E+0	8.89964E+4	5.40991E+4	6.99643E+6	1.77134E+6	6.14711E+4	3.83212E+6
8.70000E+0	8.88595E+4	5.42300E+4	6.80233E+6	1.78406E+6	6.16485E+4	3.99123E+6
8.80000E+0	8.85028E+4	5.41282E+4	6.40048E+6	1.80266E+6	6.15383E+4	3.87543E+6
8.90000E+0	8.92060E+4	5.42676E+4	6.53243E+6	1.81039E+6	6.13813E+4	4.13122E+6
9.00000E+0	8.95446E+4	5.43597E+4	7.09013E+6	1.81830E+6	6.11860E+4	3.93696E+6
9.10000E+0	8.92164E+4	5.42822E+4	7.19833E+6	1.81913E+6	6.15879E+4	3.91867E+6
9.20000E+0	8.92787E+4	5.43044E+4	7.41023E+6	1.82915E+6	6.14560E+4	3.92283E+6
9.30000E+0	8.94058E+4	5.42684E+4	6.71594E+6	1.81463E+6	6.13947E+4	3.95966E+6
9.40000E+0	8.97473E+4	5.42653E+4	6.57666E+6	1.78670E+6	6.14190E+4	3.94960E+6
9.50000E+0	8.96256E+4	5.41588E+4	6.79467E+6	1.78326E+6	6.11668E+4	3.92283E+6
9.60000E+0	9.01728E+4	5.42799E+4	7.12191E+6	1.80429E+6	6.13913E+4	3.96392E+6
9.70000E+0	9.01880E+4	5.41175E+4	7.28515E+6	1.77848E+6	6.14736E+4	3.84763E+6
9.80000E+0	8.98994E+4	5.42086E+4	6.83007E+6	1.81617E+6	6.13829E+4	3.86680E+6
9.90000E+0	9.01123E+4	5.44027E+4	7.15907E+6	1.80114E+6	6.15829E+4	4.06479E+6
1.00000E+1	9.04938E+4	5.45372E+4	6.94489E+6	1.82353E+6	6.08252E+4	3.78926E+6
1.01000E+1	9.05722E+4	5.45703E+4	7.24843E+6	1.79928E+6	6.08602E+4	3.82417E+6
1.02000E+1	9.05441E+4	5.43581E+4	7.34716E+6	1.81109E+6	6.13469E+4	3.94960E+6
1.03000E+1	9.08616E+4	5.43198E+4	6.54521E+6	1.80383E+6	6.13729E+4	3.87035E+6
1.04000E+1	9.09814E+4	5.43359E+4	7.32223E+6	1.82939E+6	6.11935E+4	3.82914E+6
1.05000E+1	9.08381E+4	5.42845E+4	6.81771E+6	1.84510E+6	6.12773E+4	3.89745E+6
1.06000E+1	9.06892E+4	5.45010E+4	7.36508E+6	1.84510E+6	6.12094E+4	3.98209E+6
1.07000E+1	9.05932E+4	5.42776E+4	7.30276E+6	1.83167E+6	6.13049E+4	3.92544E+6
1.08000E+1	9.11037E+4	5.45126E+4	6.80387E+6	1.78304E+6	6.11040E+4	3.85215E+6
1.09000E+1	9.08968E+4	5.44234E+4	7.26762E+6	1.82699E+6	6.12790E+4	3.82864E+6
1.10000E+1	9.08381E+4	5.44572E+4	7.38127E+6	1.84364E+6	6.08527E+4	3.83162E+6
1.11000E+1	9.11401E+4	5.44096E+4	6.55947E+6	1.79176E+6	6.07053E+4	3.82764E+6
1.12000E+1	9.11590E+4	5.45010E+4	7.11017E+6	1.77893E+6	6.11107E+4	3.79903E+6
1.13000E+1	9.10554E+4	5.44541E+4	7.50593E+6	1.84608E+6	6.09286E+4	3.98101E+6
1.14000E+1	9.12556E+4	5.45903E+4	7.79816E+6	1.81215E+6	6.11107E+4	4.01292E+6
1.15000E+1	9.08592E+4	5.46511E+4	7.63481E+6	1.79893E+6	6.01060E+4	3.92283E+6
1.16000E+1	9.06564E+4	5.44518E+4	6.78396E+6	1.79303E+6	6.02788E+4	3.80246E+6
1.17000E+1	9.08722E+4	5.45241E+4	7.00618E+6	1.80289E+6	6.08527E+4	3.80787E+6
1.18000E+1	9.11413E+4	5.47321E+4	7.45962E+6	1.84401E+6	6.07386E+4	4.20935E+6
1.19000E+1	9.06307E+4	5.46357E+4	7.02903E+6	1.84462E+6	6.09662E+4	3.86680E+6
1.20000E+1	9.09109E+4	5.44142E+4	6.81617E+6	1.83095E+6	6.10012E+4	3.81477E+6
1.21000E+1	9.04143E+4	5.47005E+4	7.19661E+6	1.83143E+6	6.08486E+4	3.96871E+6
1.22000E+1	9.08346E+4	5.46118E+4	7.45042E+6	1.83830E+6	6.16098E+4	3.90570E+6
1.23000E+1	9.10637E+4	5.46958E+4	7.67355E+6	1.83071E+6	6.19538E+4	4.00802E+6
1.24000E+1	9.09426E+4	5.47892E+4	7.21553E+6	1.83359E+6	6.18947E+4	3.82665E+6
1.25000E+1	9.05172E+4	5.46920E+4	7.04215E+6	1.80476E+6	6.16839E+4	3.72033E+6
1.26000E+1	9.06705E+4	5.48239E+4	7.17950E+6	1.81251E+6	6.17488E+4	3.97405E+6
1.27000E+1	9.08100E+4	5.47537E+4	7.07683E+6	1.88161E+6	6.19885E+4	4.05865E+6
1.28000E+1	9.04576E+4	5.48656E+4	7.37406E+6	1.81628E+6	6.21611E+4	3.90105E+6
1.29000E+1	9.05172E+4	5.48085E+4	6.93531E+6	1.80710E+6	6.22069E+4	3.79854E+6
1.30000E+1	9.03851E+4	5.49112E+4	7.09346E+6	1.81830E+6	6.22374E+4	3.90622E+6
1.31000E+1	9.07244E+4	5.48046E+4	7.59073E+6	1.87443E+6	6.22730E+4	3.90932E+6
1.32000E+1	9.05885E+4	5.51846E+4	7.32046E+6	1.83770E+6	6.23919E+4	4.08332E+6
1.33000E+1	9.04541E+4	5.45941E+4	6.98024E+6	1.85306E+6	6.20240E+4	3.81872E+6
1.34000E+1	9.01460E+4	5.48718E+4	7.18804E+6	1.82222E+6	6.23274E+4	4.20516E+6
1.35000E+1	9.02264E+4	5.51032E+4	6.75508E+6	1.80231E+6	6.21493E+4	3.96711E+6
1.36000E+1	9.02008E+4	5.47707E+4	7.25191E+6	1.82103E+6	6.22926E+4	3.70814E+6
1.37000E+1	9.02614E+4	5.48656E+4	7.62518E+6	1.87669E+6	6.23775E+4	4.10428E+6
1.38000E+1	9.02428E+4	5.51055E+4	6.55233E+6	1.82867E+6	6.23630E+4	3.94854E+6
1.39000E+1	9.00867E+4	5.51536E+4	6.97218E+6	1.81121E+6	6.21891E+4	3.81971E+6
1.40000E+1	9.00890E+4	5.50459E+4	7.43210E+6	1.80161E+6	6.23384E+4	3.83312E+6
1.41000E+1	8.99157E+4	5.48811E+4	6.50000E+6	1.81865E+6	6.24242E+4	3.79854E+6
1.42000E+1	9.00459E+4	5.50629E+4	6.69803E+6	1.80886E+6	6.25433E+4	4.01401E+6
1.43000E+1	8.98251E+4	5.49909E+4	7.04544E+6	1.80616E+6	6.22222E+4	3.81131E+6
1.44000E+1	8.99296E+4	5.53462E+4	7.19490E+6	1.82067E+6	6.18677E+4	3.86173E+6
1.45000E+1	9.01763E+4	5.52522E+4	6.83937E+6	1.85503E+6	6.21942E+4	4.05365E+6
1.46000E+1	8.99773E+4	5.52312E+4	7.12528E+6	1.76695E+6	6.21840E+4	3.99069E+6
1.47000E+1	8.99947E+4	5.52304E+4	7.42115E+6	1.79107E+6	6.10280E+4	3.85064E+6
1.48000E+1	8.93861E+4	5.52910E+4	6.82234E+6	1.82520E+6	6.15635E+4	3.84161E+6
1.49000E+1	8.96871E+4	5.53897E+4	6.66543E+6	1.73495E+6	6.10447E+4	4.19325E+6
1.50000E+1	9.00331E+4	5.53975E+4	7.09179E+6	1.76393E+6	6.10605E+4	3.85719E+6
1.51000E+1	8.98797E+4	5.54380E+4	7.60027E+6	1.80593E+6	6.13771E+4	3.75305E+6
1.52000E+1	8.97694E+4	5.56180E+4	6.97379E+6	1.83239E+6	6.14308E+4	3.90881E+6
1.53000E+1	9.00308E+4	5.57304E+4	7.38127E+6	1.84645E+6	6.13477E+4	3.98692E+6
1.54000E+1	8.98878E+4	5.53820E+4	7.52836E+6	1.82568E+6	6.14417E+4	3.78342E+6
1.55000E+1	8.95920E+4	5.54715E+4	6.86271E+6	1.80161E+6	6.14711E+4	3.88820E+6
1.56000E+1	8.95805E+4	5.54567E+4	7.33468E+6	1.82293E+6	6.15223E+4	3.90725E+6
1.57000E+1	8.96303E+4	5.55728E+4	6.93053E+6	1.79314E+6	6.15450E+4	4.15500E+6
1.58000E+1	8.96662E+4	5.56133E+4	6.95931E+6	1.78877E+6	6.15190E+4	3.97887E+6
1.59000E+1	8.92187E+4	5.56711E+4	6.69207E+6	1.76002E+6	6.15930E+4	3.84963E+6
1.60000E+1	8.96523E+4	5.57304E+4	6.91940E+6	1.77417E+6	6.15425E+4	3.83861E+6
1.61000E+1	8.97578E+4	5.56586E+4	7.58692E+6	1.80511E+6	6.15022E+4	3.96232E+6
1.62000E+1	8.93596E+4	5.56352E+4	6.78091E+6	1.78693E+6	6.17994E+4	4.03704E+6
1.63000E+1	8.98588E+4	5.59150E+4	6.91306E+6	1.77259E+6	6.15072E+4	3.93801E+6
1.64000E+1	8.90885E+4	5.57617E+4	6.61566E+6	1.77326E+6	6.13595E+4	3.89539E+6
1.65000E+1	8.94347E+4	5.59887E+4	7.50779E+6	1.75158E+6	6.14115E+4	3.97833E+6
1.66000E+1	8.97160E+4	5.58062E+4	7.23975E+6	1.80992E+6	6.15266E+4	3.88769E+6
1.67000E+1	8.95782E+4	5.57375E+4	7.35074E+6	1.81274E+6	6.20282E+4	4.10599E+6
1.68000E+1	8.97822E+4	5.58571E+4	7.35432E+6	1.77202E+6	6.15804E+4	4.01838E+6
1.69000E+1	8.95295E+4	5.58798E+4	7.14044E+6	1.76393E+6	6.15938E+4	3.90002E+6
1.70000E+1	8.93665E+4	5.58829E+4	6.72493E+6	1.75835E+6	6.10480E+4	3.86984E+6
1.71000E+1	8.93781E+4	5.58211E+4	6.68169E+6	1.78946E+6	6.13603E+4	3.75114E+6
1.72000E+1	8.92372E+4	5.57695E+4	6.78549E+6	1.80103E+6	6.16999E+4	3.84111E+6
1.73000E+1	8.91749E+4	5.57617E+4	6.74299E+6	1.80336E+6	6.16536E+4	3.92858E+6
1.74000E+1	8.95538E+4	5.58039E+4	6.73395E+6	1.75679E+6	6.17395E+4	3.80934E+6
1.75000E+1	8.96511E+4	5.58336E+4	7.38668E+6	1.80499E+6	6.16123E+4	3.86325E+6
1.76000E+1	8.98355E+4	5.60412E+4	7.05038E+6	1.82341E+6	6.16755E+4	3.98692E+6
1.77000E+1	8.93030E+4	5.57718E+4	6.83626E+6	1.79349E+6	6.08919E+4	4.06815E+6
1.78000E+1	8.97508E+4	5.58594E+4	7.01758E+6	1.78739E+6	6.09762E+4	4.17492E+6
1.79000E+1	8.99587E+4	5.61401E+4	7.16417E+6	1.80616E+6	6.15089E+4	3.88667E+6
1.80000E+1	8.95608E+4	5.59479E+4	7.11855E+6	1.83335E+6	6.21019E+4	3.84612E+6
1.81000E+1	8.96025E+4	5.60993E+4	7.31337E+6	1.79754E+6	6.18019E+4	3.93749E+6
1.82000E+1	8.95145E+4	5.60091E+4	7.48548E+6	1.79661E+6	6.08619E+4	3.88002E+6
1.83000E+1	8.95353E+4	5.60404E+4	7.01432E+6	1.81640E+6	6.11776E+4	3.83861E+6
1.84000E+1	8.94058E+4	5.58884E+4	6.88465E+6	1.83071E+6	6.13569E+4	3.85618E+6
1.85000E+1	8.98832E+4	5.60601E+4	6.95770E+6	1.83227E+6	6.15467E+4	3.92388E+6
1.86000E+1	8.96453E+4	5.60491E+4	6.91464E+6	1.84376E+6	6.15333E+4	3.83162E+6
1.87000E+1	8.97334E+4	5.59824E+4	6.95450E+6	1.81557E+6	6.14913E+4	3.88820E+6
1.88000E+1	8.98588E+4	5.61205E+4	7.53023E+6	1.81487E+6	6.14400E+4	3.85668E+6
1.89000E+1	8.96059E+4	5.61550E+4	7.10515E+6	1.81192E+6	6.13418E+4	4.02988E+6
1.90000E+1	8.96175E+4	5.62997E+4	7.19147E+6	1.82831E+6	6.16519E+4	4.04976E+6
1.91000E+1	8.96314E+4	5.60499E+4	7.17779E+6	1.78464E+6	6.15778E+4	3.90467E+6
1.92000E+1	8.97033E+4	5.61692E+4	6.80080E+6	1.80336E+6	6.16477E+4	3.98531E+6
1.93000E+1	8.98564E+4	5.62038E+4	7.36149E+6	1.82365E+6	6.16098E+4	3.90777E+6
1.94000E+1	8.98750E+4	5.62187E+4	6.67133E+6	1.82855E+6	6.16107E+4	4.07994E+6
1.95000E+1	8.97381E+4	5.64573E+4	6.89094E+6	1.79015E+6	6.17639E+4	4.02220E+6
1.96000E+1	9.00261E+4	5.61645E+4	7.03886E+6	1.79789E+6	6.13066E+4	4.01619E+6
1.97000E+1	9.01134E+4	5.62769E+4	6.94969E+6	1.77473E+6	6.12120E+4	3.81328E+6
1.98000E+1	9.02008E+4	5.63793E+4	7.18804E+6	1.79418E+6	6.12966E+4	3.88462E+6
1.99000E+1	8.95793E+4	5.62714E+4	6.59827E+6	1.82615E+6	6.13611E+4	3.96445E+6
2.00000E+1	8.99192E+4	5.63304E+4	6.64192E+6	1.82927E+6	6.15249E+4	4.01783E+6
2.01000E+1	8.98274E+4	5.64258E+4	7.39391E+6	1.81168E+6	6.09094E+4	3.78196E+6
2.02000E+1	8.99389E+4	5.63611E+4	7.99171E+6	1.84364E+6	6.13603E+4	3.93906E+6
2.03000E+1	8.95099E+4	5.63422E+4	7.08513E+6	1.86605E+6	6.17673E+4	3.96498E+6
2.04000E+1	8.91795E+4	5.64124E+4	6.90356E+6	1.81984E+6	6.13066E+4	3.88104E+6
2.05000E+1	8.93746E+4	5.61386E+4	6.96252E+6	1.81522E+6	6.13024E+4	3.97780E+6
2.06000E+1	9.00424E+4	5.63257E+4	6.91940E+6	1.81428E+6	6.11709E+4	3.87340E+6
2.07000E+1	8.91000E+4	5.62777E+4	6.84092E+6	1.83794E+6	6.09228E+4	3.77276E+6
2.08000E+1	8.97636E+4	5.63785E+4	7.07683E+6	1.82460E+6	6.11023E+4	3.69743E+6
2.09000E+1	8.98576E+4	5.65015E+4	7.05202E+6	1.84291E+6	6.14770E+4	3.86426E+6
2.10000E+1	8.98611E+4	5.65070E+4	6.58385E+6	1.81664E+6	6.09971E+4	3.77035E+6
2.11000E+1	8.96778E+4	5.64368E+4	7.10515E+6	1.80114E+6	6.06895E+4	4.13526E+6
2.12000E+1	9.00064E+4	5.63493E+4	7.44308E+6	1.77905E+6	6.16149E+4	4.05031E+6
2.13000E+1	8.97578E+4	5.64975E+4	7.30629E+6	1.81889E+6	6.21315E+4	3.80639E+6
2.14000E+1	8.96743E+4	5.63793E+4	7.78012E+6	1.85688E+6	6.15593E+4	3.88513E+6
2.15000E+1	8.95399E+4	5.61653E+4	6.98509E+6	1.83613E+6	6.14803E+4	3.99880E+6
2.16000E+1	8.95538E+4	5.62392E+4	6.80848E+6	1.78315E+6	6.09662E+4	3.93067E+6
2.17000E+1	8.96894E+4	5.62069E+4	7.03394E+6	1.80992E+6	6.17538E+4	3.85668E+6
2.18000E+1	8.93781E+4	5.62738E+4	6.79160E+6	1.80453E+6	6.16645E+4	4.05643E+6
2.19000E+1	8.94567E+4	5.60797E+4	6.54095E+6	1.78406E+6	6.09603E+4	3.90622E+6
2.20000E+1	8.93492E+4	5.64636E+4	6.84247E+6	1.76516E+6	6.10697E+4	3.84562E+6
2.21000E+1	8.89573E+4	5.63627E+4	7.22416E+6	1.78189E+6	6.19784E+4	3.72080E+6
2.22000E+1	8.96268E+4	5.65559E+4	7.18976E+6	1.86046E+6	6.17892E+4	3.89333E+6
2.23000E+1	8.93330E+4	5.64778E+4	6.92416E+6	1.76549E+6	6.10865E+4	3.84863E+6
2.24000E+1	8.90585E+4	5.64676E+4	7.13032E+6	1.77179E+6	6.18171E+4	3.81082E+6
2.25000E+1	8.89688E+4	5.64534E+4	7.49662E+6	1.77281E+6	6.09536E+4	3.81033E+6
2.26000E+1	8.93018E+4	5.64502E+4	6.69803E+6	1.79476E+6	6.17808E+4	3.85114E+6
2.27000E+1	8.90551E+4	5.65575E+4	7.50220E+6	1.86182E+6	6.21137E+4	3.78439E+6
2.28000E+1	8.88883E+4	5.64478E+4	7.29042E+6	1.85972E+6	6.22595E+4	3.74208E+6
2.29000E+1	8.87172E+4	5.64833E+4	7.33824E+6	1.83915E+6	6.24624E+4	3.77857E+6
2.30000E+1	8.86999E+4	5.63265E+4	6.84402E+6	1.86443E+6	6.23978E+4	3.79756E+6
2.31000E+1	8.93399E+4	5.63415E+4	6.94489E+6	1.85429E+6	6.17994E+4	3.83113E+6
2.32000E+1	8.91645E+4	5.63903E+4	6.62730E+6	1.81439E+6	6.13167E+4	4.00367E+6
2.33000E+1	8.91565E+4	5.67370E+4	7.64059E+6	1.84218E+6	6.15812E+4	3.70814E+6
2.34000E+1	8.88377E+4	5.65765E+4	6.96574E+6	1.81747E+6	6.14341E+4	3.79854E+6
2.35000E+1	8.79618E+4	5.69978E+4	6.67577E+6	1.79766E+6	6.17269E+4	3.78342E+6
2.36000E+1	8.72915E+4	5.70351E+4	7.15059E+6	1.82603E+6	6.21552E+4	3.82963E+6
2.37000E+1	8.68754E+4	5.70796E+4	6.56948E+6	1.77259E+6	6.09236E+4	4.06088E+6
2.38000E+1	8.50119E+4	5.72451E+4	6.71295E+6	1.79511E+6	6.17218E+4	4.04643E+6
2.39000E+1	7.95621E+4	5.71480E+4	6.09557E+6	1.77485E+6	6.09236E+4	3.87798E+6
2.40000E+1	7.43643E+4	5.72531E+4	6.10920E+6	1.80161E+6	6.13662E+4	4.11398E+6
2.41000E+1	6.97204E+4	5.72898E+4	5.77541E+6	1.81156E+6	6.18128E+4	4.06033E+6
2.42000E+1	6.61536E+4	5.72053E+4	5.52927E+6	1.81735E+6	6.27137E+4	3.96338E+6
2.43000E+1	6.37164E+4	5.73998E+4	5.02123E+6	1.75103E+6	6.28041E+4	3.75114E+6
2.44000E+1	6.10542E+4	5.76220E+4	5.10627E+6	1.72567E+6	6.28255E+4	3.84462E+6
2.45000E+1	5.89389E+4	5.74062E+4	4.81291E+6	1.72331E+6	6.23868E+4	3.80246E+6
2.46000E+1	5.73086E+4	5.72276E+4	4.54181E+6	1.68268E+6	6.23613E+4	3.99016E+6
2.47000E+1	5.57629E+4	5.72746E+4	4.24366E+6	1.68227E+6	6.25220E+4	4.03043E+6
2.48000E+1	5.51750E+4	5.73855E+4	4.25585E+6	1.64118E+6	6.17682E+4	3.91919E+6
2.49000E+1	5.46246E+4	5.76212E+4	4.32414E+6	1.64519E+6	6.16115E+4	3.94116E+6
2.50000E+1	5.43018E+4	5.74981E+4	4.28229E+6	1.65864E+6	6.22001E+4	4.07544E+6
2.51000E+1	5.38658E+4	5.74773E+4	4.26013E+6	1.64323E+6	6.23613E+4	3.99123E+6
2.52000E+1	5.34862E+4	5.74749E+4	4.16898E+6	1.61634E+6	6.17901E+4	3.80295E+6
2.53000E+1	5.32679E+4	5.75436E+4	4.00199E+6	1.56291E+6	6.17850E+4	3.75401E+6
2.54000E+1	5.27287E+4	5.74581E+4	4.10935E+6	1.59729E+6	6.20942E+4	3.93959E+6
2.55000E+1	5.17068E+4	5.76412E+4	3.99658E+6	1.61938E+6	6.24131E+4	3.84211E+6
2.56000E+1	5.05954E+4	5.76645E+4	4.13520E+6	1.58165E+6	6.18500E+4	3.77083E+6
2.57000E+1	5.00856E+4	5.76284E+4	4.11450E+6	1.59441E+6	6.24004E+4	3.98209E+6
2.58000E+1	4.97815E+4	5.77574E+4	4.04085E+6	1.63031E+6	6.28195E+4	3.77421E+6
2.59000E+1	4.92736E+4	5.77887E+4	3.84958E+6	1.58558E+6	6.21654E+4	3.70161E+6
2.60000E+1	4.93649E+4	5.78047E+4	3.97935E+6	1.59035E+6	6.32399E+4	3.74637E+6
2.61000E+1	4.90550E+4	5.76949E+4	3.82114E+6	1.56087E+6	6.25016E+4	3.81773E+6
2.62000E+1	4.89470E+4	5.76581E+4	3.87538E+6	1.53730E+6	6.27572E+4	3.63978E+6
2.63000E+1	4.88199E+4	5.77222E+4	3.93638E+6	1.56042E+6	6.27162E+4	3.72080E+6
2.64000E+1	4.79643E+4	5.80176E+4	4.22490E+6	1.58011E+6	6.28375E+4	3.62273E+6
2.65000E+1	4.74239E+4	5.78617E+4	3.91498E+6	1.56702E+6	6.26455E+4	3.85215E+6
2.66000E+1	4.67805E+4	5.80233E+4	3.87233E+6	1.54782E+6	6.29922E+4	3.67021E+6
2.67000E+1	4.64543E+4	5.81287E+4	3.71934E+6	1.54598E+6	6.27009E+4	3.46333E+6
2.68000E+1	4.64239E+4	5.79155E+4	3.85815E+6	1.55936E+6	6.29452E+4	3.46742E+6
2.69000E+1	4.62121E+4	5.77470E+4	3.82610E+6	1.54094E+6	6.31361E+4	3.61427E+6
2.70000E+1	4.60731E+4	5.77318E+4	3.75252E+6	1.53111E+6	6.29152E+4	3.65380E+6
2.71000E+1	4.55389E+4	5.79887E+4	3.81669E+6	1.53231E+6	6.35660E+4	3.44947E+6
2.72000E+1	4.55464E+4	5.77879E+4	3.78970E+6	1.55608E+6	6.37662E+4	3.57252E+6
2.73000E+1	4.52583E+4	5.78858E+4	3.76355E+6	1.51886E+6	6.30847E+4	3.47399E+6
2.74000E+1	4.46868E+4	5.78698E+4	3.80388E+6	1.56657E+6	6.30051E+4	3.61116E+6
2.75000E+1	4.43853E+4	5.79171E+4	3.64650E+6	1.54677E+6	6.43645E+4	3.51352E+6
2.76000E+1	4.42002E+4	5.76164E+4	3.78532E+6	1.52233E+6	6.37791E+4	3.45516E+6
2.77000E+1	4.39441E+4	5.76581E+4	3.63523E+6	1.51540E+6	6.34979E+4	3.46660E+6
2.78000E+1	4.33385E+4	5.74573E+4	3.66331E+6	1.53730E+6	6.35763E+4	3.32455E+6
2.79000E+1	4.28661E+4	5.77638E+4	3.65557E+6	1.51810E+6	6.29623E+4	3.42328E+6
2.80000E+1	4.25440E+4	5.77462E+4	3.65784E+6	1.53868E+6	6.34600E+4	3.62229E+6
2.81000E+1	4.23910E+4	5.77959E+4	3.61511E+6	1.54311E+6	6.35927E+4	3.29236E+6
2.82000E+1	4.17582E+4	5.77061E+4	3.61156E+6	1.54059E+6	6.35901E+4	3.29607E+6
2.83000E+1	4.14037E+4	5.77686E+4	3.44255E+6	1.47204E+6	6.32975E+4	3.31551E+6
2.84000E+1	4.10183E+4	5.76549E+4	3.58075E+6	1.46168E+6	6.35427E+4	3.30054E+6
2.85000E+1	4.08282E+4	5.76869E+4	3.34274E+6	1.45956E+6	6.36876E+4	3.27796E+6
2.86000E+1	4.06311E+4	5.77294E+4	3.57639E+6	1.46973E+6	6.37783E+4	3.22193E+6
2.87000E+1	4.04313E+4	5.78794E+4	3.53081E+6	1.47459E+6	6.37809E+4	3.21802E+6
2.88000E+1	3.99299E+4	5.78063E+4	3.41845E+6	1.48594E+6	6.43262E+4	3.21731E+6
2.89000E+1	3.98530E+4	5.77590E+4	3.43006E+6	1.48634E+6	6.46697E+4	3.21625E+6
2.90000E+1	3.96994E+4	5.78368E+4	3.30013E+6	1.48335E+6	6.49454E+4	3.19443E+6
2.91000E+1	3.96165E+4	5.76036E+4	3.36387E+6	1.47236E+6	6.48175E+4	3.12394E+6
2.92000E+1	3.95907E+4	5.76973E+4	3.49923E+6	1.46878E+6	6.47195E+4	3.15436E+6
2.93000E+1	3.94145E+4	5.77662E+4	3.49049E+6	1.48845E+6	6.43898E+4	3.14687E+6
2.94000E+1	3.96837E+4	5.73926E+4	3.40732E+6	1.51054E+6	6.49752E+4	3.14925E+6
2.95000E+1	3.99192E+4	5.75652E+4	3.40653E+6	1.48391E+6	6.48026E+4	3.16223E+6
2.96000E+1	4.01485E+4	5.74390E+4	3.41407E+6	1.45456E+6	6.44673E+4	3.10034E+6
2.97000E+1	4.04917E+4	5.73623E+4	3.46288E+6	1.42883E+6	6.41386E+4	3.13503E+6
2.98000E+1	4.07439E+4	5.76845E+4	3.46861E+6	1.46997E+6	6.44908E+4	3.11326E+6
2.99000E+1	4.05203E+4	5.74445E+4	3.51390E+6	1.45068E+6	6.47204E+4	3.17669E+6
3.00000E+1	4.02879E+4	5.74645E+4	3.57596E+6	1.47085E+6	6.47292E+4	3.04235E+6
3.01000E+1	4.00410E+4	5.75748E+4	3.46492E+6	1.46034E+6	6.43811E+4	3.05448E+6
3.02000E+1	3.98750E+4	5.74917E+4	3.42324E+6	1.45308E+6	6.47965E+4	2.94793E+6
3.03000E+1	3.95995E+4	5.73655E+4	3.48758E+6	1.42179E+6	6.44359E+4	2.95362E+6
3.04000E+1	3.94202E+4	5.76420E+4	3.41447E+6	1.44220E+6	6.44420E+4	3.05769E+6
3.05000E+1	3.93376E+4	5.75540E+4	3.58381E+6	1.44282E+6	6.52774E+4	2.98642E+6
3.06000E+1	3.90648E+4	5.74238E+4	3.56511E+6	1.48691E+6	6.58709E+4	3.05224E+6
3.07000E+1	3.85836E+4	5.75412E+4	3.46083E+6	1.48935E+6	6.53822E+4	3.03663E+6
3.08000E+1	3.84105E+4	5.73121E+4	3.41367E+6	1.46950E+6	6.59675E+4	2.91888E+6
3.09000E+1	3.82201E+4	5.73240E+4	3.30087E+6	1.49196E+6	6.62075E+4	2.91712E+6
3.10000E+1	3.82004E+4	5.73671E+4	3.38958E+6	1.47483E+6	6.64080E+4	2.93600E+6
3.11000E+1	3.83908E+4	5.74318E+4	3.34618E+6	1.45635E+6	6.63411E+4	2.90863E+6
3.12000E+1	3.88619E+4	5.72547E+4	3.46574E+6	1.46467E+6	6.62912E+4	2.98826E+6
3.13000E+1	3.90604E+4	5.71313E+4	3.38918E+6	1.46696E+6	6.63233E+4	2.91976E+6
3.14000E+1	3.95713E+4	5.74541E+4	3.48344E+6	1.47045E+6	6.62022E+4	2.93630E+6
3.15000E+1	4.00461E+4	5.74469E+4	3.56857E+6	1.47300E+6	6.63473E+4	2.91331E+6
3.16000E+1	4.03684E+4	5.73887E+4	3.60094E+6	1.46270E+6	6.62164E+4	2.84666E+6
3.17000E+1	4.08480E+4	5.73240E+4	3.80929E+6	1.48861E+6	6.61710E+4	2.92801E+6
3.18000E+1	4.16160E+4	5.73759E+4	3.73397E+6	1.52233E+6	6.65303E+4	2.81757E+6
3.19000E+1	4.21302E+4	5.72428E+4	3.84056E+6	1.49967E+6	6.55356E+4	2.67490E+6
3.20000E+1	4.24550E+4	5.71894E+4	3.76307E+6	1.52666E+6	6.62796E+4	2.80719E+6
3.21000E+1	4.24576E+4	5.70637E+4	3.94480E+6	1.53894E+6	6.66215E+4	2.75741E+6
3.22000E+1	4.21445E+4	5.73400E+4	3.89174E+6	1.50355E+6	6.65062E+4	2.80501E+6
3.23000E+1	4.18736E+4	5.71393E+4	3.80585E+6	1.52641E+6	6.65723E+4	2.72080E+6
3.24000E+1	4.12769E+4	5.72547E+4	3.73823E+6	1.53463E+6	6.68911E+4	2.78369E+6
3.25000E+1	4.07867E+4	5.73544E+4	3.74775E+6	1.54424E+6	6.67298E+4	2.79715E+6
3.26000E+1	4.03475E+4	5.73073E+4	3.88918E+6	1.54668E+6	6.65428E+4	2.81347E+6
3.27000E+1	3.99305E+4	5.71862E+4	3.78143E+6	1.55344E+6	6.67907E+4	2.75820E+6
3.28000E+1	3.94277E+4	5.71242E+4	3.84707E+6	1.55141E+6	6.66761E+4	2.79769E+6
3.29000E+1	3.91945E+4	5.71186E+4	3.73491E+6	1.54852E+6	6.67540E+4	2.77941E+6
3.30000E+1	3.90878E+4	5.70701E+4	3.60536E+6	1.53377E+6	6.68499E+4	2.75478E+6
3.31000E+1	3.89260E+4	5.71409E+4	3.63433E+6	1.51742E+6	6.68553E+4	2.76824E+6
3.32000E+1	3.89969E+4	5.70971E+4	3.51516E+6	1.51046E+6	6.68705E+4	2.77648E+6
3.33000E+1	3.88197E+4	5.70526E+4	3.72971E+6	1.51911E+6	6.68140E+4	2.81101E+6
3.34000E+1	3.87781E+4	5.71075E+4	3.63478E+6	1.53351E+6	6.68292E+4	2.81128E+6
3.35000E+1	3.89396E+4	5.70645E+4	3.66605E+6	1.52999E+6	6.67450E+4	2.70829E+6
3.36000E+1	3.88346E+4	5.70892E+4	3.58119E+6	1.55238E+6	6.69450E+4	2.68937E+6
3.37000E+1	3.89813E+4	5.70598E+4	3.58863E+6	1.51021E+6	6.68077E+4	2.68311E+6
3.38000E+1	3.91708E+4	5.68859E+4	3.56684E+6	1.47021E+6	6.66242E+4	2.67119E+6
3.39000E+1	3.89739E+4	5.71106E+4	3.70203E+6	1.54450E+6	6.71815E+4	2.71211E+6
3.40000E+1	3.90841E+4	5.70963E+4	3.66605E+6	1.53609E+6	6.70187E+4	2.71440E+6
3.41000E+1	3.91065E+4	5.72531E+4	3.80536E+6	1.54791E+6	6.70411E+4	2.70804E+6
3.42000E+1	3.89720E+4	5.69740E+4	3.65375E+6	1.53068E+6	6.71050E+4	2.76585E+6
3.43000E+1	3.87850E+4	5.71138E+4	3.56554E+6	1.51936E+6	6.69890E+4	2.73575E+6
3.44000E+1	3.84618E+4	5.69629E+4	3.48966E+6	1.53188E+6	6.71896E+4	2.69918E+6
3.45000E+1	3.89627E+4	5.69438E+4	3.63344E+6	1.52547E+6	6.67773E+4	2.67143E+6
3.46000E+1	3.92994E+4	5.70169E+4	3.67154E+6	1.50854E+6	6.69297E+4	2.74224E+6
3.47000E+1	3.96743E+4	5.71775E+4	3.87233E+6	1.51936E+6	6.69261E+4	2.66575E+6
3.48000E+1	4.01143E+4	5.71257E+4	3.83357E+6	1.52581E+6	6.72806E+4	2.80665E+6
3.49000E+1	4.04847E+4	5.69525E+4	3.81570E+6	1.52266E+6	6.69414E+4	2.66674E+6
3.50000E+1	4.09721E+4	5.70788E+4	3.80388E+6	1.54172E+6	6.71977E+4	2.73834E+6
3.51000E+1	4.08436E+4	5.70590E+4	3.92539E+6	1.56532E+6	6.69971E+4	2.74719E+6
3.52000E+1	4.09005E+4	5.69930E+4	3.79996E+6	1.53981E+6	6.69279E+4	2.71670E+6
3.53000E+1	4.05916E+4	5.68066E+4	3.76259E+6	1.56747E+6	6.70214E+4	2.73808E+6
3.54000E+1	4.07433E+4	5.69605E+4	3.80339E+6	1.55750E+6	6.71266E+4	2.66133E+6
3.55000E+1	4.09792E+4	5.69430E+4	4.05748E+6	1.52956E+6	6.69010E+4	2.63457E+6
3.56000E+1	4.13580E+4	5.69946E+4	3.78434E+6	1.56801E+6	6.69800E+4	2.62448E+6
3.57000E+1	4.16728E+4	5.68756E+4	4.01996E+6	1.53549E+6	6.70402E+4	2.62688E+6
3.58000E+1	4.20248E+4	5.67940E+4	3.89791E+6	1.54773E+6	6.69908E+4	2.65520E+6
3.59000E+1	4.19008E+4	5.68336E+4	3.86877E+6	1.57431E+6	6.70573E+4	2.68586E+6
3.60000E+1	4.15921E+4	5.68819E+4	3.97186E+6	1.53644E+6	6.69908E+4	2.69213E+6
3.61000E+1	4.12679E+4	5.68978E+4	4.10935E+6	1.52623E+6	6.68041E+4	2.67069E+6
3.62000E+1	4.10875E+4	5.68035E+4	3.98472E+6	1.55124E+6	6.70187E+4	2.68962E+6
3.63000E+1	4.06375E+4	5.67148E+4	3.95166E+6	1.55829E+6	6.68508E+4	2.68811E+6
3.64000E+1	4.05897E+4	5.67948E+4	4.14389E+6	1.57557E+6	6.70456E+4	2.59001E+6
3.65000E+1	4.01745E+4	5.69835E+4	4.01941E+6	1.57784E+6	6.68203E+4	2.60572E+6
3.66000E+1	3.99406E+4	5.68740E+4	3.94902E+6	1.54494E+6	6.69145E+4	2.63024E+6
3.67000E+1	3.92401E+4	5.67354E+4	3.99010E+6	1.55441E+6	6.70052E+4	2.66206E+6
3.68000E+1	3.92675E+4	5.67330E+4	3.65739E+6	1.53368E+6	6.69423E+4	2.65765E+6
3.69000E+1	3.90156E+4	5.66508E+4	3.82015E+6	1.55018E+6	6.68983E+4	2.67490E+6
3.70000E+1	3.85378E+4	5.66112E+4	3.89431E+6	1.53583E+6	6.69082E+4	2.64934E+6
3.71000E+1	3.84241E+4	5.65891E+4	3.88457E+6	1.54502E+6	6.69701E+4	2.67143E+6
3.72000E+1	3.80867E+4	5.64731E+4	3.78434E+6	1.52190E+6	6.68266E+4	2.65471E+6
3.73000E+1	3.80910E+4	5.65417E+4	3.84758E+6	1.54694E+6	6.66465E+4	2.73860E+6
3.74000E+1	3.80781E+4	5.66341E+4	3.72971E+6	1.55352E+6	6.68875E+4	2.62688E+6
3.75000E+1	3.78561E+4	5.65078E+4	3.72075E+6	1.52939E+6	6.69908E+4	2.61424E+6
3.76000E+1	3.78518E+4	5.66049E+4	3.76837E+6	1.54102E+6	6.79422E+4	2.69062E+6
3.77000E+1	3.77521E+4	5.66602E+4	3.71043E+6	1.51708E+6	6.73816E+4	2.73083E+6
3.78000E+1	3.75652E+4	5.63147E+4	3.60271E+6	1.52080E+6	6.69225E+4	2.70626E+6
3.79000E+1	3.72999E+4	5.64021E+4	3.55690E+6	1.53558E+6	6.74069E+4	2.64205E+6
3.80000E+1	3.74806E+4	5.65931E+4	3.60890E+6	1.52555E+6	6.72265E+4	2.74276E+6
3.81000E+1	3.75409E+4	5.64746E+4	3.69692E+6	1.51987E+6	6.73997E+4	2.75269E+6
3.82000E+1	3.75933E+4	5.65551E+4	3.67935E+6	1.55608E+6	6.75958E+4	2.72105E+6
3.83000E+1	3.77814E+4	5.66413E+4	3.77078E+6	1.53454E+6	6.74981E+4	2.65422E+6
3.84000E+1	3.82650E+4	5.64975E+4	3.62805E+6	1.52351E+6	6.74322E+4	2.58885E+6
3.85000E+1	3.86418E+4	5.66262E+4	3.78240E+6	1.53179E+6	6.74141E+4	2.66378E+6
3.86000E+1	3.91402E+4	5.65686E+4	3.67705E+6	1.53946E+6	6.75325E+4	2.72080E+6
3.87000E+1	3.98637E+4	5.64778E+4	3.68904E+6	1.52173E+6	6.74782E+4	2.75295E+6
3.88000E+1	4.06024E+4	5.64171E+4	3.97721E+6	1.58604E+6	6.78341E+4	2.71952E+6
3.89000E+1	4.12126E+4	5.64005E+4	3.89482E+6	1.55785E+6	6.67531E+4	2.70931E+6
3.90000E+1	4.15010E+4	5.64683E+4	4.04749E+6	1.48496E+6	6.64169E+4	2.77621E+6
3.91000E+1	4.18619E+4	5.62423E+4	4.01996E+6	1.54111E+6	6.64008E+4	2.61662E+6
3.92000E+1	4.21185E+4	5.65062E+4	4.13983E+6	1.52581E+6	6.61141E+4	2.59960E+6
3.93000E+1	4.25879E+4	5.64746E+4	4.21828E+6	1.60559E+6	6.69710E+4	2.65936E+6
3.94000E+1	4.29359E+4	5.62745E+4	4.02928E+6	1.55308E+6	6.66403E+4	2.66600E+6
3.95000E+1	4.31442E+4	5.64313E+4	4.10878E+6	1.54337E+6	6.60137E+4	2.62952E+6
3.96000E+1	4.32300E+4	5.64810E+4	4.05081E+6	1.59091E+6	6.64633E+4	2.54373E+6
3.97000E+1	4.30723E+4	5.63233E+4	4.20570E+6	1.58384E+6	6.60688E+4	2.62976E+6
3.98000E+1	4.34650E+4	5.64463E+4	4.42673E+6	1.59441E+6	6.66421E+4	2.66797E+6
3.99000E+1	4.36144E+4	5.62801E+4	4.35718E+6	1.58001E+6	6.68140E+4	2.56553E+6
4.00000E+1	4.39421E+4	5.61480E+4	4.30156E+6	1.60963E+6	6.63901E+4	2.63120E+6
4.01000E+1	4.39641E+4	5.61276E+4	4.24244E+6	1.54476E+6	6.57885E+4	2.68761E+6
4.02000E+1	4.37294E+4	5.61448E+4	4.25585E+6	1.55821E+6	6.56964E+4	2.62329E+6
4.03000E+1	4.40784E+4	5.64723E+4	4.42871E+6	1.57548E+6	6.55083E+4	2.60974E+6
4.04000E+1	4.42203E+4	5.61849E+4	4.47005E+6	1.58092E+6	6.57150E+4	2.61662E+6
4.05000E+1	4.47057E+4	5.62997E+4	4.41882E+6	1.63767E+6	6.63429E+4	2.58443E+6
4.06000E+1	4.50981E+4	5.63714E+4	4.51764E+6	1.60793E+6	6.68929E+4	2.68836E+6
4.07000E+1	4.52277E+4	5.61613E+4	4.64252E+6	1.64264E+6	6.73491E+4	2.62544E+6
4.08000E+1	4.52033E+4	5.61613E+4	4.46065E+6	1.59358E+6	6.62013E+4	2.67664E+6
4.09000E+1	4.52440E+4	5.62887E+4	4.49849E+6	1.56381E+6	6.60013E+4	2.70170E+6
4.10000E+1	4.52835E+4	5.61409E+4	4.34887E+6	1.57584E+6	6.58124E+4	2.69012E+6
4.11000E+1	4.49253E+4	5.62643E+4	4.52383E+6	1.58741E+6	6.59046E+4	2.65569E+6
4.12000E+1	4.42719E+4	5.62116E+4	4.60942E+6	1.58778E+6	6.62716E+4	2.63192E+6
4.13000E+1	4.36988E+4	5.61951E+4	4.56203E+6	1.59589E+6	6.57044E+4	2.63770E+6
4.14000E+1	4.29615E+4	5.59652E+4	4.32919E+6	1.65844E+6	6.68203E+4	2.64958E+6
4.15000E+1	4.25008E+4	5.58962E+4	4.15611E+6	1.61104E+6	6.55524E+4	2.70982E+6
4.16000E+1	4.15675E+4	5.61645E+4	4.05359E+6	1.58897E+6	6.55798E+4	2.64084E+6
4.17000E+1	4.12004E+4	5.60169E+4	4.04693E+6	1.56729E+6	6.54950E+4	2.64983E+6
4.18000E+1	4.05063E+4	5.61755E+4	3.90927E+6	1.56783E+6	6.54412E+4	2.77302E+6
4.19000E+1	4.02435E+4	5.60726E+4	3.95113E+6	1.56872E+6	6.58248E+4	2.60172E+6
4.20000E+1	4.00777E+4	5.59597E+4	3.92852E+6	1.57983E+6	6.64446E+4	2.63505E+6
4.21000E+1	3.98769E+4	5.59989E+4	4.18904E+6	1.58640E+6	6.59525E+4	2.65985E+6
4.22000E+1	3.96165E+4	5.58900E+4	3.87946E+6	1.53609E+6	6.51481E+4	2.69590E+6
4.23000E+1	3.94346E+4	5.60710E+4	3.88150E+6	1.57756E+6	6.55206E+4	2.63457E+6
4.24000E+1	3.90810E+4	5.60420E+4	3.86827E+6	1.55785E+6	6.55533E+4	2.57610E+6
4.25000E+1	3.89483E+4	5.58821E+4	3.74251E+6	1.55705E+6	6.54104E+4	2.63120E+6
4.26000E+1	3.87632E+4	5.58665E+4	3.87538E+6	1.57901E+6	6.58239E+4	2.61305E+6
4.27000E+1	3.87229E+4	5.58587E+4	3.86472E+6	1.57250E+6	6.63661E+4	2.71491E+6
4.28000E+1	3.89782E+4	5.59612E+4	3.91809E+6	1.56167E+6	6.71185E+4	2.61971E+6
4.29000E+1	3.94646E+4	5.58532E+4	3.86877E+6	1.55379E+6	6.68526E+4	2.64181E+6
4.30000E+1	3.94791E+4	5.59213E+4	3.95590E+6	1.54616E+6	6.53452E+4	2.67863E+6
4.31000E+1	3.92650E+4	5.58258E+4	3.90668E+6	1.57458E+6	6.61959E+4	2.69414E+6
4.32000E+1	3.90853E+4	5.59793E+4	3.86573E+6	1.55089E+6	6.59702E+4	2.61947E+6
4.33000E+1	3.89403E+4	5.56367E+4	3.82859E+6	1.53042E+6	6.55603E+4	2.70956E+6
4.34000E+1	3.85594E+4	5.56235E+4	3.66788E+6	1.51079E+6	6.56319E+4	2.65202E+6
4.35000E+1	3.83137E+4	5.59229E+4	3.63973E+6	1.55812E+6	6.63286E+4	2.69363E+6
4.36000E+1	3.83267E+4	5.58727E+4	3.85361E+6	1.56025E+6	6.67056E+4	2.69590E+6
4.37000E+1	3.79369E+4	5.57922E+4	3.70856E+6	1.55652E+6	6.74204E+4	2.64060E+6
4.38000E+1	3.77062E+4	5.57750E+4	3.67429E+6	1.58778E+6	6.74349E+4	2.67416E+6
4.39000E+1	3.77032E+4	5.58102E+4	3.70576E+6	1.57956E+6	6.74150E+4	2.73135E+6
4.40000E+1	3.74063E+4	5.57765E+4	3.78921E+6	1.58247E+6	6.73275E+4	2.75899E+6
4.41000E+1	3.75726E+4	5.57515E+4	3.64605E+6	1.54163E+6	6.70061E+4	2.74510E+6
4.42000E+1	3.76580E+4	5.56906E+4	3.63164E+6	1.54415E+6	6.63857E+4	2.64424E+6
4.43000E+1	3.77735E+4	5.57703E+4	3.73586E+6	1.50929E+6	6.56964E+4	2.67888E+6
4.44000E+1	3.79173E+4	5.57687E+4	3.65693E+6	1.52709E+6	6.56319E+4	2.62090E+6
4.45000E+1	3.81819E+4	5.55868E+4	3.61556E+6	1.49851E+6	6.54421E+4	2.69489E+6
4.46000E+1	3.83020E+4	5.59291E+4	3.77610E+6	1.49392E+6	6.55136E+4	2.61971E+6
4.47000E+1	3.83254E+4	5.57836E+4	3.80536E+6	1.53635E+6	6.54227E+4	2.62688E+6
4.48000E+1	3.80971E+4	5.55049E+4	3.70250E+6	1.52598E+6	6.60110E+4	2.72722E+6
4.49000E+1	3.81561E+4	5.57726E+4	3.95643E+6	1.54206E+6	6.55453E+4	2.69640E+6
4.50000E+1	3.83754E+4	5.58720E+4	4.08664E+6	1.54869E+6	6.56867E+4	2.68261E+6
4.51000E+1	3.88831E+4	5.57320E+4	3.99766E+6	1.53756E+6	6.55524E+4	2.67391E+6
4.52000E+1	3.93426E+4	5.58000E+4	3.77416E+6	1.50596E+6	6.54800E+4	2.71185E+6
4.53000E+1	4.00221E+4	5.55634E+4	3.91602E+6	1.51700E+6	6.56125E+4	2.59258E+6
4.54000E+1	4.06712E+4	5.57945E+4	4.08382E+6	1.55476E+6	6.56894E+4	2.69615E+6
4.55000E+1	4.08212E+4	5.58133E+4	4.03258E+6	1.55714E+6	6.61337E+4	2.64618E+6
4.56000E+1	4.09209E+4	5.58853E+4	4.05415E+6	1.60241E+6	6.69082E+4	2.65007E+6
4.57000E+1	4.08787E+4	5.58915E+4	4.00742E+6	1.59330E+6	6.62022E+4	2.65032E+6
4.58000E+1	4.06024E+4	5.58634E+4	4.19735E+6	1.61170E+6	6.71410E+4	2.65007E+6
4.59000E+1	4.05986E+4	5.58814E+4	4.05637E+6	1.62473E+6	6.74819E+4	2.65593E+6
4.60000E+1	4.05082E+4	5.59660E+4	4.04749E+6	1.62838E+6	6.75659E+4	2.62952E+6
4.61000E+1	4.05839E+4	5.60349E+4	3.99226E+6	1.58732E+6	6.74394E+4	2.70931E+6
4.62000E+1	4.06362E+4	5.59432E+4	4.18371E+6	1.63640E+6	6.75714E+4	2.55754E+6
4.63000E+1	4.04122E+4	5.59707E+4	4.14737E+6	1.62301E+6	6.73158E+4	2.60950E+6
4.64000E+1	4.03291E+4	5.58962E+4	4.23819E+6	1.62934E+6	6.76184E+4	2.66625E+6
4.65000E+1	4.04186E+4	5.58845E+4	3.89534E+6	1.61501E+6	6.69944E+4	2.74510E+6
4.66000E+1	4.09165E+4	5.59597E+4	4.10821E+6	1.60315E+6	6.69656E+4	2.66378E+6
4.67000E+1	4.12782E+4	5.58970E+4	4.00091E+6	1.56523E+6	6.61088E+4	2.63625E+6
4.68000E+1	4.15436E+4	5.58962E+4	4.24975E+6	1.58567E+6	6.67190E+4	2.61947E+6
4.69000E+1	4.15256E+4	5.59738E+4	4.24975E+6	1.60278E+6	6.74204E+4	2.63216E+6
4.70000E+1	4.11805E+4	5.60287E+4	4.20391E+6	1.59645E+6	6.70312E+4	2.71338E+6
4.71000E+1	4.08794E+4	5.60499E+4	3.99334E+6	1.59045E+6	6.64187E+4	2.74667E+6
4.72000E+1	4.05464E+4	5.59667E+4	4.13520E+6	1.61274E+6	6.72058E+4	2.65202E+6
4.73000E+1	4.04860E+4	5.59244E+4	4.12885E+6	1.58357E+6	6.65866E+4	2.65740E+6
4.74000E+1	4.02745E+4	5.60138E+4	4.08947E+6	1.59905E+6	6.69854E+4	2.67863E+6
4.75000E+1	3.99867E+4	5.56726E+4	4.00145E+6	1.58815E+6	6.64392E+4	2.57287E+6
4.76000E+1	4.00353E+4	5.58821E+4	3.95008E+6	1.59210E+6	6.64481E+4	2.71236E+6
4.77000E+1	4.02492E+4	5.59174E+4	4.04306E+6	1.61681E+6	6.73176E+4	2.73938E+6
4.78000E+1	4.07554E+4	5.58524E+4	4.11622E+6	1.56416E+6	6.65026E+4	2.67267E+6
4.79000E+1	4.05699E+4	5.60099E+4	4.13289E+6	1.57575E+6	6.67146E+4	2.60478E+6
4.80000E+1	4.09811E+4	5.56734E+4	4.14621E+6	1.57974E+6	6.67405E+4	2.68087E+6
4.81000E+1	4.13007E+4	5.58774E+4	4.03038E+6	1.56122E+6	6.64642E+4	2.71517E+6
4.82000E+1	4.15023E+4	5.57070E+4	4.16020E+6	1.54782E+6	6.57469E+4	2.66403E+6
4.83000E+1	4.16121E+4	5.58430E+4	4.37130E+6	1.55106E+6	6.56788E+4	2.78933E+6
4.84000E+1	4.15262E+4	5.60287E+4	4.34250E+6	1.56693E+6	6.57540E+4	2.70855E+6
4.85000E+1	4.20086E+4	5.59699E+4	4.18430E+6	1.52999E+6	6.55127E+4	2.64642E+6
4.86000E+1	4.22611E+4	5.56508E+4	4.05526E+6	1.57467E+6	6.54906E+4	2.69363E+6
4.87000E+1	4.26167E+4	5.58094E+4	4.17016E+6	1.56541E+6	6.55833E+4	2.70906E+6
4.88000E+1	4.23557E+4	5.58720E+4	4.36937E+6	1.57793E+6	6.55418E+4	2.63000E+6
4.89000E+1	4.19787E+4	5.58955E+4	4.24670E+6	1.59543E+6	6.56849E+4	2.81538E+6
4.90000E+1	4.18405E+4	5.59197E+4	4.29782E+6	1.57187E+6	6.55833E+4	2.69439E+6
4.91000E+1	4.16147E+4	5.59848E+4	4.44662E+6	1.54756E+6	6.57062E+4	2.68987E+6
4.92000E+1	4.13258E+4	5.59260E+4	4.31596E+6	1.57892E+6	6.58345E+4	2.65300E+6
4.93000E+1	4.14501E+4	5.57789E+4	4.09173E+6	1.58357E+6	6.62173E+4	2.67863E+6
4.94000E+1	4.14804E+4	5.58681E+4	4.23941E+6	1.55176E+6	6.57318E+4	2.72131E+6
4.95000E+1	4.19002E+4	5.58649E+4	4.30593E+6	1.56595E+6	6.54853E+4	2.69288E+6
4.96000E+1	4.23361E+4	5.59848E+4	4.49304E+6	1.57476E+6	6.57407E+4	2.75846E+6
4.97000E+1	4.29846E+4	5.60891E+4	4.15961E+6	1.57557E+6	6.58266E+4	2.69037E+6
4.98000E+1	4.38840E+4	5.61456E+4	4.35334E+6	1.57250E+6	6.57672E+4	2.70019E+6
4.99000E+1	4.49158E+4	5.62848E+4	4.32856E+6	1.57901E+6	6.58700E+4	2.67515E+6
5.00000E+1	4.58871E+4	5.62989E+4	4.71760E+6	1.58074E+6	6.60315E+4	2.64910E+6
5.01000E+1	4.69612E+4	5.64384E+4	4.89916E+6	1.61170E+6	6.60821E+4	2.64545E+6
5.02000E+1	4.82385E+4	5.64329E+4	4.66948E+6	1.60953E+6	6.60013E+4	2.66625E+6
5.03000E+1	4.93074E+4	5.64171E+4	4.78354E+6	1.63456E+6	6.59693E+4	2.77568E+6
5.04000E+1	5.07248E+4	5.66515E+4	4.86637E+6	1.60634E+6	6.59693E+4	2.64715E+6
5.05000E+1	5.20635E+4	5.65236E+4	5.25169E+6	1.66916E+6	6.61168E+4	2.72877E+6
5.06000E+1	5.31605E+4	5.66998E+4	5.51603E+6	1.66353E+6	6.64196E+4	2.66231E+6
5.07000E+1	5.45815E+4	5.67204E+4	5.77430E+6	1.71192E+6	6.69710E+4	2.70525E+6
5.08000E+1	5.56864E+4	5.65938E+4	6.01140E+6	1.74104E+6	6.74764E+4	2.74588E+6
5.09000E+1	5.70332E+4	5.66286E+4	5.85202E+6	1.76069E+6	6.77625E+4	2.71389E+6
5.10000E+1	5.82275E+4	5.67908E+4	5.83268E+6	1.72706E+6	6.76184E+4	2.67441E+6
5.11000E+1	5.93812E+4	5.68447E+4	6.06725E+6	1.77022E+6	6.70924E+4	2.75978E+6
5.12000E+1	6.02708E+4	5.66942E+4	6.01501E+6	1.76102E+6	6.68822E+4	2.78182E+6
5.13000E+1	6.13044E+4	5.66476E+4	6.35050E+6	1.77916E+6	6.67647E+4	2.75768E+6
5.14000E+1	6.25606E+4	5.66349E+4	6.12289E+6	1.76606E+6	6.69486E+4	2.74458E+6
5.15000E+1	6.35586E+4	5.69351E+4	6.99319E+6	1.77609E+6	6.66322E+4	2.74224E+6
5.16000E+1	6.45069E+4	5.68566E+4	6.68169E+6	1.77451E+6	6.61915E+4	2.80366E+6
5.17000E+1	6.55192E+4	5.69351E+4	6.59827E+6	1.82879E+6	6.67316E+4	2.85254E+6
5.18000E+1	6.64914E+4	5.68098E+4	6.44296E+6	1.82412E+6	6.63063E+4	2.77036E+6
5.19000E+1	6.73134E+4	5.67615E+4	6.60985E+6	1.81321E+6	6.63679E+4	2.79607E+6
5.20000E+1	6.81846E+4	5.69724E+4	6.73094E+6	1.84036E+6	6.71248E+4	2.82059E+6
5.21000E+1	6.87699E+4	5.68827E+4	7.16247E+6	1.83927E+6	6.63491E+4	2.80338E+6
5.22000E+1	6.98113E+4	5.68003E+4	7.13876E+6	1.89781E+6	6.67916E+4	2.86099E+6
5.23000E+1	7.04810E+4	5.69168E+4	6.83162E+6	1.90789E+6	6.71977E+4	2.80610E+6
5.24000E+1	7.15495E+4	5.70399E+4	7.46514E+6	1.81913E+6	6.66009E+4	2.83135E+6
5.25000E+1	7.16310E+4	5.70923E+4	7.51152E+6	1.84791E+6	6.58407E+4	2.81347E+6
5.26000E+1	7.26285E+4	5.71234E+4	7.42297E+6	1.84571E+6	6.55886E+4	2.86892E+6
5.27000E+1	7.28323E+4	5.70566E+4	7.23454E+6	1.82879E+6	6.53082E+4	2.84163E+6
5.28000E+1	7.37281E+4	5.69454E+4	7.07020E+6	1.78441E+6	6.49822E+4	2.91682E+6
5.29000E+1	7.40466E+4	5.70828E+4	7.05532E+6	1.79789E+6	6.50357E+4	2.82776E+6
5.30000E+1	7.45889E+4	5.72866E+4	7.62134E+6	1.81534E+6	6.47501E+4	2.90834E+6
5.31000E+1	7.54356E+4	5.71536E+4	7.47807E+6	1.85626E+6	6.48718E+4	2.87176E+6
5.32000E+1	7.55229E+4	5.71655E+4	7.26063E+6	1.84158E+6	6.57079E+4	2.95182E+6
5.33000E+1	7.63516E+4	5.72674E+4	7.28515E+6	1.83035E+6	6.55701E+4	2.91624E+6
5.34000E+1	7.66748E+4	5.74421E+4	7.77212E+6	1.84816E+6	6.48070E+4	2.90863E+6
5.35000E+1	7.69195E+4	5.71504E+4	7.74625E+6	1.87770E+6	6.49208E+4	2.93333E+6
5.36000E+1	7.71356E+4	5.71814E+4	7.59645E+6	1.85564E+6	6.51217E+4	3.00930E+6
5.37000E+1	7.73228E+4	5.70590E+4	7.88348E+6	1.90763E+6	6.54165E+4	3.08556E+6
5.38000E+1	7.78378E+4	5.70621E+4	7.29395E+6	1.87682E+6	6.54192E+4	3.06930E+6
5.39000E+1	7.86351E+4	5.72834E+4	7.75022E+6	1.88898E+6	6.56867E+4	2.99133E+6
5.40000E+1	7.89142E+4	5.73847E+4	7.50034E+6	1.87230E+6	6.56407E+4	3.01992E+6
5.41000E+1	7.94375E+4	5.72993E+4	8.10507E+6	1.82389E+6	6.50726E+4	2.98090E+6
5.42000E+1	7.94489E+4	5.74014E+4	7.51899E+6	1.85343E+6	6.51938E+4	2.96539E+6
5.43000E+1	7.96826E+4	5.72930E+4	8.54859E+6	1.91284E+6	6.52554E+4	3.02936E+6
5.44000E+1	8.03393E+4	5.75173E+4	7.39572E+6	1.87230E+6	6.55224E+4	3.02023E+6
5.45000E+1	8.04221E+4	5.74629E+4	7.67160E+6	1.88402E+6	6.52087E+4	2.96660E+6
5.46000E+1	8.03760E+4	5.72826E+4	8.13555E+6	1.90129E+6	6.52492E+4	2.96417E+6
5.47000E+1	8.07762E+4	5.75756E+4	7.88759E+6	1.94305E+6	6.51332E+4	2.99936E+6
5.48000E+1	8.12364E+4	5.73328E+4	7.96438E+6	1.92717E+6	6.52123E+4	3.04872E+6
5.49000E+1	8.11285E+4	5.72388E+4	8.36001E+6	1.93875E+6	6.44725E+4	3.05096E+6
5.50000E+1	8.19482E+4	5.73049E+4	8.12900E+6	1.86468E+6	6.39669E+4	3.13604E+6
5.51000E+1	8.21757E+4	5.75077E+4	7.97907E+6	1.88174E+6	6.39894E+4	3.04744E+6
5.52000E+1	8.21062E+4	5.75188E+4	7.89788E+6	1.85675E+6	6.36479E+4	3.00556E+6
5.53000E+1	8.24519E+4	5.75173E+4	8.19941E+6	1.85700E+6	6.36513E+4	3.13099E+6
5.54000E+1	8.24863E+4	5.74477E+4	8.30503E+6	1.86954E+6	6.36048E+4	3.08982E+6
5.55000E+1	8.28022E+4	5.72428E+4	7.72647E+6	1.86792E+6	6.36401E+4	3.16394E+6
5.56000E+1	8.26979E+4	5.73934E+4	7.35790E+6	1.89434E+6	6.38016E+4	3.23549E+6
5.57000E+1	8.33768E+4	5.73783E+4	7.10850E+6	1.86269E+6	6.34996E+4	3.19513E+6
5.58000E+1	8.36632E+4	5.75964E+4	7.45042E+6	1.87367E+6	6.36263E+4	3.18571E+6
5.59000E+1	8.36947E+4	5.73232E+4	7.42480E+6	1.88796E+6	6.34815E+4	3.09080E+6
5.60000E+1	8.38656E+4	5.74278E+4	7.73042E+6	1.85073E+6	6.33490E+4	3.18850E+6
5.61000E+1	8.40215E+4	5.75069E+4	7.73437E+6	1.81168E+6	6.32631E+4	3.10133E+6
5.62000E+1	8.44918E+4	5.75756E+4	8.04051E+6	1.87317E+6	6.32855E+4	3.18328E+6
5.63000E+1	8.45850E+4	5.74573E+4	7.57172E+6	1.91232E+6	6.34988E+4	3.21661E+6
5.64000E+1	8.47949E+4	5.78304E+4	7.94139E+6	1.86867E+6	6.35117E+4	3.14416E+6
5.65000E+1	8.49094E+4	5.76621E+4	8.06192E+6	1.89961E+6	6.37973E+4	3.25533E+6
5.66000E+1	8.54042E+4	5.77518E+4	7.49848E+6	1.87594E+6	6.34445E+4	3.31663E+6
5.67000E+1	8.53323E+4	5.76941E+4	7.41205E+6	1.84133E+6	6.30710E+4	3.15846E+6
5.68000E+1	8.53068E+4	5.76861E+4	7.45962E+6	1.88402E+6	6.32185E+4	3.19163E+6
5.69000E+1	8.53422E+4	5.76108E+4	7.10515E+6	1.86854E+6	6.31601E+4	3.31363E+6
5.70000E+1	8.59184E+4	5.76917E+4	7.44492E+6	1.82580E+6	6.31576E+4	3.19828E+6
5.71000E+1	8.59206E+4	5.77855E+4	7.91854E+6	1.93062E+6	6.31104E+4	3.24160E+6
5.72000E+1	8.60064E+4	5.77021E+4	8.30731E+6	1.89383E+6	6.33001E+4	3.37945E+6
5.73000E+1	8.65329E+4	5.77711E+4	7.53586E+6	1.91232E+6	6.30924E+4	3.32417E+6
5.74000E+1	8.61916E+4	5.77390E+4	8.01922E+6	1.88681E+6	6.28093E+4	3.23801E+6
5.75000E+1	8.61135E+4	5.80096E+4	7.83653E+6	1.92532E+6	6.32571E+4	3.41292E+6
5.76000E+1	8.63884E+4	5.79003E+4	6.97863E+6	1.84559E+6	6.28477E+4	3.43693E+6
5.77000E+1	8.63727E+4	5.77558E+4	8.07267E+6	1.90569E+6	6.29460E+4	3.29088E+6
5.78000E+1	8.65463E+4	5.79284E+4	7.44308E+6	1.85725E+6	6.31481E+4	3.37166E+6
5.79000E+1	8.66058E+4	5.79099E+4	8.28913E+6	1.91912E+6	6.28349E+4	3.29348E+6
5.80000E+1	8.66439E+4	5.77654E+4	7.17438E+6	1.89409E+6	6.30385E+4	3.40895E+6
5.81000E+1	8.68507E+4	5.79155E+4	7.43942E+6	1.89665E+6	6.28614E+4	3.50345E+6
5.82000E+1	8.69959E+4	5.81577E+4	7.64059E+6	1.85947E+6	6.26344E+4	3.27944E+6
5.83000E+1	8.68192E+4	5.82158E+4	7.68525E+6	1.92690E+6	6.27572E+4	3.19583E+6
5.84000E+1	8.70342E+4	5.80353E+4	8.19054E+6	1.88491E+6	6.28725E+4	3.40736E+6
5.85000E+1	8.72215E+4	5.79911E+4	6.94969E+6	1.87997E+6	6.29991E+4	3.48100E+6
5.86000E+1	8.70353E+4	5.80611E+4	7.78813E+6	1.87079E+6	6.27470E+4	3.49095E+6
5.87000E+1	8.73446E+4	5.81344E+4	7.95182E+6	1.85786E+6	6.26608E+4	3.51226E+6
5.88000E+1	8.71526E+4	5.81755E+4	7.44859E+6	1.92532E+6	6.26762E+4	3.36314E+6
5.89000E+1	8.77412E+4	5.79348E+4	7.37406E+6	1.87669E+6	6.27973E+4	3.57339E+6
5.90000E+1	8.77435E+4	5.82400E+4	7.77612E+6	1.92399E+6	6.26139E+4	3.45476E+6
5.91000E+1	8.76708E+4	5.84031E+4	7.51339E+6	1.86257E+6	6.26872E+4	3.48100E+6
5.92000E+1	8.76935E+4	5.80659E+4	7.62134E+6	1.88974E+6	6.25961E+4	3.41929E+6
5.93000E+1	8.76697E+4	5.82948E+4	7.21725E+6	1.86195E+6	6.24837E+4	3.49012E+6
5.94000E+1	8.83004E+4	5.81747E+4	7.39391E+6	1.84255E+6	6.24692E+4	3.40657E+6
5.95000E+1	8.81156E+4	5.81787E+4	7.29218E+6	1.88656E+6	6.25492E+4	3.46578E+6
5.96000E+1	8.86243E+4	5.82811E+4	7.78612E+6	1.89537E+6	6.32365E+4	3.62452E+6
5.97000E+1	8.86873E+4	5.82787E+4	7.71072E+6	1.86642E+6	6.26267E+4	3.57035E+6
5.98000E+1	8.83153E+4	5.84314E+4	7.63866E+6	1.90867E+6	6.23800E+4	3.47317E+6
5.99000E+1	8.87022E+4	5.83570E+4	7.42115E+6	1.89000E+6	6.25620E+4	3.44016E+6
6.00000E+1	8.86438E+4	5.83869E+4	7.59073E+6	1.85490E+6	6.22493E+4	3.66016E+6
6.01000E+1	8.87619E+4	5.86208E+4	7.66577E+6	1.88326E+6	6.22264E+4	3.55694E+6
6.02000E+1	8.89538E+4	5.82843E+4	7.67160E+6	1.87029E+6	6.23562E+4	3.42288E+6
6.03000E+1	8.85509E+4	5.82496E+4	7.32223E+6	1.84060E+6	6.24556E+4	3.53723E+6
6.04000E+1	8.89193E+4	5.84548E+4	8.10941E+6	1.91939E+6	6.24012E+4	3.52322E+6
6.05000E+1	8.91346E+4	5.85066E+4	7.60983E+6	1.89961E+6	6.22764E+4	3.65789E+6
6.06000E+1	8.92614E+4	5.86395E+4	7.80621E+6	1.88618E+6	6.22909E+4	3.50053E+6
6.07000E+1	8.88400E+4	5.84459E+4	7.26063E+6	1.86369E+6	6.22705E+4	3.56039E+6
6.08000E+1	8.91911E+4	5.85706E+4	8.13773E+6	1.86879E+6	6.24029E+4	3.40182E+6
6.09000E+1	8.95863E+4	5.84961E+4	7.70482E+6	1.90323E+6	6.24846E+4	3.71376E+6
6.10000E+1	8.92776E+4	5.87312E+4	7.85892E+6	1.90413E+6	6.22154E+4	3.46496E+6
6.11000E+1	8.93573E+4	5.86760E+4	8.01498E+6	1.88351E+6	6.21899E+4	3.66975E+6
6.12000E+1	8.95168E+4	5.86314E+4	7.65026E+6	1.84755E+6	6.22272E+4	3.51563E+6
6.13000E+1	8.91599E+4	5.84993E+4	7.08181E+6	1.87317E+6	6.21688E+4	3.49802E+6
6.14000E+1	8.95955E+4	5.88424E+4	7.64059E+6	1.84926E+6	6.21069E+4	3.65516E+6
6.15000E+1	9.00203E+4	5.88335E+4	8.28686E+6	1.93528E+6	6.21993E+4	3.57470E+6
6.16000E+1	8.99517E+4	5.88709E+4	8.00650E+6	1.91271E+6	6.21281E+4	3.53894E+6
6.17000E+1	9.00273E+4	5.86881E+4	7.13369E+6	1.87468E+6	6.22315E+4	3.63888E+6
6.18000E+1	9.03139E+4	5.89441E+4	7.00130E+6	1.85159E+6	6.22926E+4	3.64339E+6
6.19000E+1	9.03559E+4	5.88408E+4	7.30806E+6	1.87556E+6	6.20079E+4	3.59086E+6
6.20000E+1	9.04062E+4	5.89653E+4	7.27462E+6	1.89102E+6	6.19936E+4	3.62139E+6
6.21000E+1	9.06061E+4	5.88750E+4	7.55658E+6	1.87192E+6	6.19733E+4	3.54449E+6
6.22000E+1	8.99564E+4	5.89889E+4	7.86709E+6	1.89217E+6	6.21857E+4	3.61560E+6
6.23000E+1	9.05616E+4	5.88067E+4	7.58311E+6	1.87443E+6	6.20020E+4	3.61383E+6
6.24000E+1	9.07138E+4	5.89417E+4	7.54338E+6	1.87518E+6	6.19158E+4	3.65652E+6
6.25000E+1	9.06740E+4	5.90842E+4	8.16185E+6	1.87770E+6	6.18702E+4	3.62050E+6
6.26000E+1	9.05593E+4	5.89457E+4	7.41569E+6	1.85651E+6	6.18584E+4	3.59042E+6
6.27000E+1	9.03419E+4	5.89962E+4	6.96252E+6	1.87480E+6	6.20232E+4	3.60629E+6
6.28000E+1	9.06178E+4	5.89921E+4	7.04215E+6	1.93902E+6	6.20172E+4	3.67939E+6
6.29000E+1	9.03303E+4	5.91944E+4	7.25714E+6	1.85343E+6	6.18280E+4	3.53766E+6
6.30000E+1	9.06330E+4	5.91226E+4	7.37406E+6	1.89653E+6	6.19970E+4	3.62452E+6
6.31000E+1	9.03571E+4	5.91576E+4	7.46146E+6	1.88605E+6	6.19674E+4	3.66747E+6
6.32000E+1	9.06424E+4	5.92417E+4	7.59073E+6	1.89858E+6	6.20316E+4	3.71892E+6
6.33000E+1	9.06260E+4	5.91087E+4	7.69698E+6	1.90271E+6	6.19032E+4	3.66792E+6
6.34000E+1	9.05768E+4	5.92099E+4	7.47992E+6	1.88212E+6	6.19784E+4	3.66564E+6
6.35000E+1	9.07244E+4	5.91780E+4	7.37226E+6	1.91834E+6	6.21510E+4	3.85014E+6
6.36000E+1	9.10566E+4	5.92025E+4	7.36149E+6	1.86530E+6	6.18652E+4	3.80934E+6
6.37000E+1	9.12874E+4	5.92891E+4	7.56414E+6	1.89025E+6	6.17875E+4	3.77179E+6
6.38000E+1	9.13499E+4	5.93227E+4	8.23730E+6	1.87418E+6	6.18449E+4	3.70441E+6
6.39000E+1	9.11543E+4	5.93701E+4	7.85280E+6	1.91506E+6	6.20198E+4	3.64926E+6
6.40000E+1	9.14408E+4	5.92409E+4	8.05334E+6	1.87468E+6	6.19733E+4	3.77324E+6
6.41000E+1	9.14904E+4	5.93799E+4	7.49290E+6	1.87204E+6	6.17665E+4	3.75305E+6
6.42000E+1	9.13003E+4	5.93611E+4	7.92684E+6	1.87732E+6	6.17387E+4	3.73449E+6
6.43000E+1	9.11119E+4	5.93006E+4	7.82235E+6	1.86406E+6	6.18061E+4	3.58298E+6
6.44000E+1	9.14006E+4	5.96710E+4	7.49848E+6	1.84145E+6	6.17252E+4	3.65425E+6
6.45000E+1	9.12249E+4	5.95569E+4	7.66966E+6	1.88719E+6	6.18812E+4	3.55781E+6
6.46000E+1	9.14065E+4	5.94315E+4	7.04544E+6	1.85984E+6	6.17614E+4	3.73780E+6
6.47000E+1	9.19747E+4	5.98535E+4	7.63481E+6	1.90026E+6	6.17960E+4	3.76456E+6
6.48000E+1	9.18846E+4	5.95692E+4	7.20348E+6	1.88605E+6	6.19167E+4	3.81724E+6
6.49000E+1	9.19819E+4	5.96743E+4	7.35432E+6	1.84889E+6	6.16107E+4	3.73070E+6
6.50000E+1	9.16334E+4	5.95626E+4	7.64832E+6	1.85281E+6	6.17108E+4	3.73638E+6
6.51000E+1	9.25081E+4	5.97548E+4	7.19147E+6	1.85429E+6	6.17437E+4	3.81328E+6
6.52000E+1	9.18846E+4	5.98461E+4	7.49662E+6	1.87067E+6	6.18188E+4	3.72221E+6
6.53000E+1	9.16204E+4	5.98469E+4	7.51899E+6	1.94857E+6	6.20460E+4	3.73259E+6
6.54000E+1	9.25129E+4	5.96767E+4	7.64446E+6	1.89204E+6	6.19099E+4	3.71329E+6
6.55000E+1	9.26455E+4	5.99046E+4	8.20829E+6	1.87342E+6	6.17075E+4	3.88104E+6
6.56000E+1	9.23650E+4	6.00216E+4	8.06836E+6	1.89781E+6	6.17361E+4	3.69093E+6
6.57000E+1	9.23471E+4	5.98651E+4	7.07020E+6	1.91140E+6	6.16873E+4	3.64429E+6
6.58000E+1	9.24914E+4	5.99639E+4	7.56604E+6	1.82448E+6	6.16696E+4	3.76408E+6
6.59000E+1	9.27221E+4	5.99466E+4	7.92062E+6	1.90530E+6	6.19040E+4	3.74494E+6
6.60000E+1	9.26563E+4	5.99071E+4	7.35969E+6	1.89166E+6	6.17302E+4	3.78293E+6
6.61000E+1	9.28994E+4	6.00827E+4	7.50406E+6	1.83673E+6	6.17218E+4	3.87289E+6
6.62000E+1	9.30817E+4	6.00464E+4	7.35253E+6	1.91467E+6	6.15888E+4	3.88411E+6
6.63000E+1	9.32970E+4	6.00695E+4	7.43576E+6	1.87004E+6	6.17715E+4	3.79121E+6
6.64000E+1	9.34705E+4	6.01124E+4	6.93850E+6	1.84097E+6	6.17505E+4	3.96126E+6
6.65000E+1	9.31022E+4	6.02348E+4	7.43027E+6	1.88085E+6	6.16308E+4	3.77421E+6
6.66000E+1	9.32284E+4	6.01224E+4	7.37406E+6	1.86854E+6	6.16123E+4	3.60584E+6
6.67000E+1	9.30445E+4	6.02563E+4	7.85892E+6	1.88872E+6	6.22103E+4	3.79414E+6
6.68000E+1	9.34898E+4	6.02116E+4	7.99593E+6	1.90750E+6	6.27324E+4	3.92910E+6
6.69000E+1	9.34898E+4	6.01777E+4	7.78412E+6	1.90013E+6	6.21764E+4	3.82070E+6
6.70000E+1	9.31586E+4	6.02770E+4	7.67550E+6	1.93621E+6	6.27973E+4	3.87187E+6
6.71000E+1	9.32922E+4	6.03366E+4	7.74031E+6	1.93541E+6	6.30761E+4	3.79023E+6
6.72000E+1	9.32164E+4	6.03283E+4	7.96019E+6	1.92254E+6	6.25228E+4	3.77518E+6
6.73000E+1	9.36576E+4	6.05298E+4	8.30959E+6	1.94278E+6	6.25611E+4	3.74875E+6
6.74000E+1	9.38983E+4	6.03374E+4	7.87118E+6	1.89948E+6	6.23520E+4	3.78731E+6
6.75000E+1	9.37470E+4	6.03192E+4	7.35432E+6	1.87581E+6	6.19141E+4	3.79121E+6
6.76000E+1	9.36600E+4	6.04228E+4	7.46883E+6	1.86854E+6	6.16586E+4	3.80246E+6
6.77000E+1	9.29269E+4	6.01637E+4	7.45778E+6	1.91781E+6	6.20003E+4	3.66290E+6
6.78000E+1	9.36588E+4	6.03921E+4	7.51152E+6	1.87418E+6	6.29640E+4	3.90054E+6
6.79000E+1	9.34234E+4	6.06311E+4	7.78813E+6	1.88987E+6	6.29229E+4	3.76168E+6
6.80000E+1	9.37083E+4	6.05613E+4	8.52456E+6	1.89268E+6	6.27111E+4	3.68216E+6
6.81000E+1	9.40620E+4	6.06494E+4	7.74625E+6	1.93581E+6	6.30410E+4	3.70208E+6
6.82000E+1	9.33740E+4	6.05755E+4	7.57362E+6	1.94884E+6	6.29999E+4	3.99880E+6
6.83000E+1	9.37639E+4	6.05256E+4	7.63481E+6	1.93755E+6	6.30770E+4	3.97298E+6
6.84000E+1	9.35634E+4	6.06810E+4	7.67160E+6	1.86518E+6	6.20265E+4	3.90209E+6
6.85000E+1	9.38692E+4	6.05688E+4	7.71465E+6	1.87568E+6	6.18863E+4	3.77566E+6
6.86000E+1	9.46571E+4	6.06852E+4	8.42273E+6	1.95631E+6	6.27145E+4	3.97405E+6
6.87000E+1	9.43767E+4	6.06261E+4	7.67355E+6	1.90958E+6	6.27529E+4	3.95330E+6
6.88000E+1	9.45302E+4	6.04783E+4	7.04215E+6	1.93301E+6	6.27171E+4	3.87492E+6
6.89000E+1	9.43609E+4	6.06128E+4	7.99804E+6	1.89858E+6	6.28656E+4	4.04311E+6
6.90000E+1	9.46619E+4	6.06361E+4	8.50782E+6	1.90841E+6	6.18947E+4	3.93801E+6
6.91000E+1	9.44084E+4	6.11264E+4	6.85647E+6	1.93128E+6	6.15316E+4	3.96711E+6
6.92000E+1	9.45399E+4	6.07110E+4	7.06854E+6	1.88199E+6	6.17412E+4	3.78196E+6
6.93000E+1	9.50179E+4	6.07842E+4	7.89788E+6	1.91663E+6	6.15408E+4	3.91140E+6
6.94000E+1	9.45546E+4	6.08359E+4	7.72450E+6	1.87129E+6	6.16409E+4	3.93801E+6
6.95000E+1	9.49921E+4	6.06486E+4	7.98538E+6	1.89665E+6	6.20333E+4	3.76456E+6
6.96000E+1	9.48012E+4	6.06777E+4	7.10850E+6	1.92334E+6	6.25203E+4	3.91347E+6
6.97000E+1	9.51981E+4	6.08792E+4	7.60792E+6	1.84791E+6	6.17682E+4	4.04588E+6
6.98000E+1	9.54046E+4	6.11047E+4	8.33931E+6	1.92110E+6	6.16292E+4	3.86426E+6
6.99000E+1	9.48856E+4	6.09326E+4	8.12246E+6	1.88669E+6	6.14283E+4	3.94222E+6
7.00000E+1	9.53369E+4	6.10679E+4	7.65026E+6	1.86344E+6	6.12873E+4	3.97619E+6
7.01000E+1	9.52681E+4	6.09234E+4	8.13992E+6	1.89306E+6	6.16165E+4	3.95383E+6
7.02000E+1	9.56928E+4	6.09986E+4	7.49848E+6	1.86257E+6	6.13083E+4	3.83362E+6
7.03000E+1	9.52743E+4	6.10470E+4	7.62134E+6	1.88465E+6	6.13335E+4	3.79756E+6
7.04000E+1	9.54587E+4	6.12310E+4	7.46514E+6	1.87896E+6	6.14493E+4	3.81822E+6
7.05000E+1	9.57632E+4	6.10704E+4	7.59264E+6	1.86145E+6	6.14014E+4	3.87594E+6
7.06000E+1	9.58064E+4	6.10637E+4	7.78212E+6	1.87117E+6	6.18044E+4	3.86477E+6
7.07000E+1	9.55351E+4	6.13660E+4	8.19276E+6	1.92281E+6	6.25467E+4	3.79560E+6
7.08000E+1	9.57965E+4	6.12704E+4	7.61942E+6	1.94763E+6	6.23579E+4	3.79952E+6
7.09000E+1	9.61169E+4	6.11867E+4	7.32934E+6	1.89871E+6	6.26821E+4	3.92388E+6
7.10000E+1	9.62360E+4	6.13065E+4	7.53962E+6	1.93421E+6	6.26012E+4	3.89436E+6
7.11000E+1	9.59053E+4	6.14012E+4	7.93099E+6	1.93234E+6	6.26097E+4	3.92231E+6
7.12000E+1	9.57867E+4	6.13324E+4	7.94139E+6	1.93208E+6	6.25322E+4	3.82318E+6
7.13000E+1	9.61826E+4	6.14256E+4	8.18833E+6	1.92651E+6	6.23944E+4	4.07656E+6
7.14000E+1	9.61504E+4	6.15331E+4	7.74031E+6	1.90594E+6	6.14627E+4	3.80393E+6
7.15000E+1	9.63005E+4	6.16197E+4	8.00650E+6	1.88377E+6	6.11935E+4	3.85517E+6
7.16000E+1	9.59090E+4	6.13383E+4	7.55658E+6	1.89640E+6	6.13821E+4	4.03538E+6
7.17000E+1	9.54612E+4	6.14642E+4	7.27287E+6	1.86306E+6	6.19437E+4	4.01237E+6
7.18000E+1	9.58954E+4	6.15583E+4	7.63095E+6	1.91023E+6	6.17623E+4	3.76264E+6
7.19000E+1	9.54759E+4	6.15071E+4	7.29218E+6	1.91834E+6	6.13603E+4	3.85921E+6
7.20000E+1	9.58830E+4	6.15155E+4	7.46330E+6	1.85097E+6	6.13418E+4	3.99069E+6
7.21000E+1	9.57286E+4	6.18076E+4	7.41569E+6	1.92281E+6	6.21527E+4	4.32862E+6
7.22000E+1	9.55523E+4	6.17073E+4	7.98749E+6	1.99801E+6	6.25467E+4	3.92962E+6
7.23000E+1	9.60253E+4	6.18085E+4	7.99593E+6	1.99348E+6	6.31421E+4	3.97940E+6
7.24000E+1	9.57003E+4	6.16038E+4	7.31691E+6	1.93554E+6	6.24352E+4	3.93434E+6
7.25000E+1	9.56657E+4	6.14541E+4	7.47622E+6	1.89140E+6	6.14467E+4	3.97084E+6
7.26000E+1	9.56830E+4	6.16256E+4	7.54903E+6	1.87280E+6	6.12706E+4	4.13526E+6
7.27000E+1	9.57904E+4	6.15970E+4	6.96252E+6	1.94143E+6	6.21993E+4	3.96764E+6
7.28000E+1	9.59139E+4	6.18591E+4	7.63674E+6	1.94979E+6	6.23758E+4	3.99123E+6
7.29000E+1	9.54821E+4	6.17191E+4	7.61558E+6	1.95006E+6	6.22798E+4	3.89025E+6
7.30000E+1	9.59795E+4	6.17587E+4	8.60681E+6	1.96906E+6	6.28913E+4	4.03208E+6
7.31000E+1	9.58756E+4	6.19368E+4	7.30806E+6	1.93661E+6	6.27060E+4	4.11284E+6
7.32000E+1	9.62968E+4	6.20441E+4	8.34390E+6	1.92982E+6	6.26080E+4	4.12488E+6
7.33000E+1	9.58534E+4	6.19275E+4	7.82235E+6	1.88643E+6	6.24242E+4	3.99285E+6
7.34000E+1	9.58299E+4	6.17697E+4	7.84466E+6	1.92386E+6	6.14358E+4	3.91919E+6
7.35000E+1	9.57299E+4	6.19731E+4	7.11855E+6	1.88554E+6	6.20875E+4	3.91659E+6
7.36000E+1	9.58348E+4	6.19528E+4	7.58692E+6	1.89807E+6	6.23291E+4	3.95489E+6
7.37000E+1	9.56608E+4	6.19799E+4	7.49290E+6	1.97431E+6	6.27640E+4	4.12661E+6
7.38000E+1	9.56645E+4	6.20078E+4	7.83045E+6	1.91362E+6	6.22730E+4	3.89951E+6
7.39000E+1	9.56719E+4	6.21279E+4	7.55281E+6	1.96301E+6	6.26540E+4	3.91036E+6
7.40000E+1	9.59919E+4	6.20611E+4	7.63095E+6	1.91480E+6	6.15627E+4	4.03153E+6
7.41000E+1	9.57472E+4	6.21127E+4	8.06836E+6	1.88098E+6	6.11559E+4	3.87543E+6
7.42000E+1	9.55437E+4	6.23637E+4	7.87323E+6	1.91768E+6	6.13947E+4	3.80737E+6
7.43000E+1	9.62707E+4	6.21991E+4	7.45778E+6	1.91023E+6	6.12622E+4	3.89488E+6
7.44000E+1	9.60092E+4	6.22848E+4	7.36328E+6	1.87342E+6	6.11960E+4	3.98477E+6
7.45000E+1	9.62099E+4	6.21279E+4	7.74824E+6	1.87581E+6	6.12748E+4	3.98585E+6
7.46000E+1	9.60439E+4	6.20797E+4	8.28686E+6	1.89025E+6	6.12379E+4	3.99339E+6
7.47000E+1	9.61132E+4	6.24138E+4	8.26201E+6	1.93862E+6	6.11634E+4	3.96498E+6
7.48000E+1	9.60290E+4	6.22322E+4	7.41023E+6	1.92386E+6	6.11316E+4	3.94011E+6
7.49000E+1	9.64173E+4	6.22135E+4	7.29571E+6	1.86742E+6	6.11233E+4	4.04311E+6
7.50000E+1	9.65653E+4	6.24886E+4	7.20864E+6	1.90013E+6	6.11801E+4	3.89693E+6
7.51000E+1	9.64409E+4	6.25201E+4	8.01710E+6	1.91781E+6	6.12195E+4	4.13122E+6
7.52000E+1	9.66413E+4	6.23773E+4	7.71268E+6	1.92505E+6	6.10413E+4	4.06256E+6
7.53000E+1	9.64595E+4	6.23476E+4	7.76016E+6	1.92730E+6	6.10397E+4	3.89539E+6
7.54000E+1	9.67622E+4	6.27664E+4	7.96438E+6	1.93915E+6	6.12170E+4	4.03538E+6
7.55000E+1	9.71583E+4	6.24954E+4	7.91233E+6	1.90776E+6	6.11433E+4	4.20695E+6
7.56000E+1	9.69919E+4	6.26683E+4	7.59264E+6	1.94116E+6	6.11383E+4	3.91451E+6
7.57000E+1	9.67123E+4	6.25942E+4	8.33472E+6	1.89768E+6	6.10706E+4	3.83661E+6
7.58000E+1	9.66624E+4	6.24912E+4	8.18390E+6	1.90906E+6	6.10589E+4	3.93591E+6
7.59000E+1	9.74317E+4	6.25712E+4	8.04479E+6	1.91153E+6	6.13393E+4	3.92544E+6
7.60000E+1	9.72987E+4	6.26871E+4	8.30959E+6	1.91702E+6	6.12053E+4	3.82417E+6
7.61000E+1	9.69232E+4	6.26538E+4	7.69698E+6	1.88961E+6	6.11082E+4	3.95807E+6
7.62000E+1	9.73614E+4	6.28398E+4	8.29140E+6	1.92505E+6	6.11559E+4	3.84111E+6
7.63000E+1	9.70945E+4	6.28108E+4	7.78612E+6	1.88275E+6	6.11868E+4	3.94907E+6
7.64000E+1	9.73702E+4	6.27604E+4	8.37618E+6	1.87443E+6	6.13075E+4	3.97352E+6
7.65000E+1	9.76241E+4	6.29236E+4	8.07051E+6	1.91323E+6	6.10706E+4	3.84512E+6
7.66000E+1	9.77109E+4	6.31445E+4	7.47253E+6	1.88237E+6	6.10998E+4	3.86578E+6
7.67000E+1	9.75964E+4	6.29441E+4	7.56414E+6	1.90258E+6	6.09854E+4	3.85265E+6
7.68000E+1	9.80313E+4	6.31257E+4	7.45042E+6	1.85663E+6	6.10113E+4	4.03649E+6
7.69000E+1	9.79707E+4	6.29921E+4	7.58121E+6	1.86879E+6	6.10271E+4	4.14685E+6
7.70000E+1	9.77285E+4	6.28732E+4	7.70286E+6	1.86767E+6	6.10480E+4	4.19266E+6
7.71000E+1	9.81008E+4	6.29766E+4	7.13201E+6	1.84718E+6	6.11768E+4	3.91451E+6
