0.00000E+0	4.24221E+4	4.46506E+4	4.58723E+6	1.31181E+6	8.58946E+4	2.92423E+6
1.00000E-1	3.86669E+4	4.05440E+4	4.76731E+6	1.31956E+6	8.19926E+4	3.16230E+6
2.00000E-1	3.83560E+4	4.07115E+4	5.12362E+6	1.34655E+6	8.19403E+4	3.10569E+6
3.00000E-1	3.82340E+4	4.09179E+4	5.17690E+6	1.38510E+6	8.23058E+4	3.26230E+6
4.00000E-1	3.82260E+4	4.04740E+4	4.55420E+6	1.30465E+6	8.16093E+4	2.89794E+6
5.00000E-1	3.79888E+4	4.03394E+4	4.12931E+6	1.27516E+6	8.15763E+4	2.90753E+6
6.00000E-1	3.81307E+4	4.05911E+4	4.43255E+6	1.27534E+6	8.13196E+4	2.79720E+6
7.00000E-1	3.80232E+4	4.07122E+4	4.67227E+6	1.31117E+6	8.18561E+4	3.08955E+6
8.00000E-1	3.81122E+4	4.07990E+4	4.54862E+6	1.31072E+6	8.19702E+4	3.09481E+6
9.00000E-1	3.81620E+4	4.09614E+4	4.94367E+6	1.33498E+6	8.21026E+4	3.25250E+6
1.00000E+0	3.80410E+4	4.06554E+4	4.61643E+6	1.29858E+6	8.15795E+4	3.00562E+6
1.10000E+0	3.80901E+4	4.06599E+4	4.45249E+6	1.27449E+6	8.15699E+4	2.96363E+6
1.20000E+0	3.81952E+4	4.10267E+4	5.35687E+6	1.31587E+6	8.18859E+4	3.08792E+6
1.30000E+0	3.79018E+4	4.10376E+4	4.96921E+6	1.36616E+6	8.22159E+4	3.19520E+6
1.40000E+0	3.77060E+4	4.10267E+4	4.71745E+6	1.33984E+6	8.18486E+4	3.08171E+6
1.50000E+0	3.78815E+4	4.08648E+4	4.57382E+6	1.30861E+6	8.17145E+4	3.04623E+6
1.60000E+0	3.77463E+4	4.05904E+4	4.29831E+6	1.27467E+6	8.17113E+4	2.83002E+6
1.70000E+0	3.80913E+4	4.07319E+4	4.43718E+6	1.26105E+6	8.15243E+4	2.94350E+6
1.80000E+0	3.81473E+4	4.11133E+4	5.19220E+6	1.29249E+6	8.20620E+4	3.09711E+6
1.90000E+0	3.80969E+4	4.13968E+4	4.97501E+6	1.33042E+6	8.20438E+4	3.24347E+6
2.00000E+0	3.82728E+4	4.11974E+4	5.10173E+6	1.34124E+6	8.23036E+4	3.32085E+6
2.10000E+0	3.82359E+4	4.11781E+4	5.30650E+6	1.33525E+6	8.26071E+4	3.13712E+6
2.20000E+0	3.80170E+4	4.10972E+4	4.94695E+6	1.32641E+6	8.21827E+4	3.11200E+6
2.30000E+0	3.77775E+4	4.08603E+4	4.46723E+6	1.27224E+6	8.16486E+4	2.94799E+6
2.40000E+0	3.79661E+4	4.12674E+4	4.87098E+6	1.33697E+6	8.17816E+4	3.16333E+6
2.50000E+0	3.79637E+4	4.12308E+4	4.66056E+6	1.30485E+6	8.14797E+4	3.17572E+6
2.60000E+0	3.80919E+4	4.11845E+4	4.76731E+6	1.29952E+6	8.19286E+4	3.03353E+6
2.70000E+0	3.78069E+4	4.12012E+4	4.75740E+6	1.30663E+6	8.17326E+4	3.12568E+6
2.80000E+0	3.78075E+4	4.11595E+4	4.50859E+6	1.28882E+6	8.16518E+4	2.88525E+6
2.90000E+0	3.78797E+4	4.11190E+4	4.30331E+6	1.27968E+6	8.14161E+4	2.87667E+6
3.00000E+0	3.76059E+4	4.13549E+4	4.22719E+6	1.25162E+6	8.15848E+4	2.92393E+6
3.10000E+0	3.77457E+4	4.12410E+4	4.44915E+6	1.26170E+6	8.16337E+4	2.87724E+6
3.20000E+0	3.75016E+4	4.10729E+4	4.50039E+6	1.27066E+6	8.14405E+4	2.89736E+6
3.30000E+0	3.79152E+4	4.14103E+4	4.85037E+6	1.28460E+6	8.18423E+4	2.99201E+6
3.40000E+0	3.79257E+4	4.17500E+4	5.33204E+6	1.32713E+6	8.21261E+4	3.34745E+6
3.50000E+0	3.80815E+4	4.16258E+4	4.90383E+6	1.34959E+6	8.22341E+4	3.15000E+6
3.60000E+0	3.80299E+4	4.14857E+4	4.91030E+6	1.32621E+6	8.20022E+4	3.22200E+6
3.70000E+0	3.78075E+4	4.13324E+4	4.58582E+6	1.30548E+6	8.17017E+4	2.98648E+6
3.80000E+0	3.77989E+4	4.14651E+4	4.24232E+6	1.25392E+6	8.14224E+4	2.79288E+6
3.90000E+0	3.78130E+4	4.15199E+4	4.29458E+6	1.25831E+6	8.14161E+4	2.95248E+6
4.00000E+0	3.75309E+4	4.13858E+4	4.40623E+6	1.26879E+6	8.16752E+4	2.90345E+6
4.10000E+0	3.76321E+4	4.16801E+4	4.79031E+6	1.31768E+6	8.20492E+4	3.14728E+6
4.20000E+0	3.79581E+4	4.20100E+4	5.04483E+6	1.33240E+6	8.21143E+4	3.25576E+6
4.30000E+0	3.80391E+4	4.19626E+4	5.19220E+6	1.31982E+6	8.24172E+4	3.26486E+6
4.40000E+0	3.80397E+4	4.19964E+4	5.19671E+6	1.31155E+6	8.18582E+4	3.18717E+6
4.50000E+0	3.80901E+4	4.19983E+4	5.23770E+6	1.34608E+6	8.19350E+4	3.32387E+6
4.60000E+0	3.79588E+4	4.20438E+4	5.02191E+6	1.31690E+6	8.19233E+4	3.11966E+6
4.70000E+0	3.78546E+4	4.18659E+4	4.91758E+6	1.31393E+6	8.19435E+4	3.09087E+6
4.80000E+0	3.77561E+4	4.19678E+4	5.13595E+6	1.31342E+6	8.18934E+4	3.17745E+6
4.90000E+0	3.76248E+4	4.18523E+4	4.39643E+6	1.30644E+6	8.19574E+4	3.06355E+6
5.00000E+0	3.76583E+4	4.17687E+4	4.38280E+6	1.26602E+6	8.13578E+4	2.96969E+6
5.10000E+0	3.77598E+4	4.19113E+4	4.34938E+6	1.24763E+6	8.16071E+4	2.83501E+6
5.20000E+0	3.73878E+4	4.18439E+4	4.15949E+6	1.22604E+6	8.14903E+4	2.93339E+6
5.30000E+0	3.79489E+4	4.22606E+4	4.55071E+6	1.31496E+6	8.14850E+4	2.87924E+6
5.40000E+0	3.78515E+4	4.23258E+4	5.07312E+6	1.35061E+6	8.21400E+4	3.21526E+6
5.50000E+0	3.75437E+4	4.18607E+4	4.65618E+6	1.30676E+6	8.12371E+4	2.93725E+6
5.60000E+0	3.74328E+4	4.19555E+4	4.41081E+6	1.26494E+6	8.12805E+4	2.80262E+6
5.70000E+0	3.74614E+4	4.21049E+4	4.34620E+6	1.24717E+6	8.15445E+4	3.02155E+6
5.80000E+0	3.74170E+4	4.21062E+4	4.52025E+6	1.27778E+6	8.12995E+4	3.01497E+6
5.90000E+0	3.74420E+4	4.19600E+4	4.74830E+6	1.30427E+6	8.17847E+4	3.00873E+6
6.00000E+0	3.71753E+4	4.21961E+4	4.75437E+6	1.30465E+6	8.16688E+4	3.02942E+6
6.10000E+0	3.70911E+4	4.20172E+4	4.26676E+6	1.26332E+6	8.14182E+4	2.87467E+6
6.20000E+0	3.71644E+4	4.21752E+4	4.63514E+6	1.30880E+6	8.17145E+4	3.02910E+6
6.30000E+0	3.75254E+4	4.24493E+4	5.19581E+6	1.30142E+6	8.20118E+4	3.06355E+6
6.40000E+0	3.69635E+4	4.23291E+4	4.47800E+6	1.30091E+6	8.13970E+4	3.05070E+6
6.50000E+0	3.71741E+4	4.20497E+4	4.21636E+6	1.27668E+6	8.14055E+4	2.86699E+6
6.60000E+0	3.72760E+4	4.21883E+4	4.16711E+6	1.25641E+6	8.13970E+4	2.87667E+6
6.70000E+0	3.71081E+4	4.23121E+4	4.50722E+6	1.27224E+6	8.12868E+4	2.89968E+6
6.80000E+0	3.73337E+4	4.26037E+4	4.81821E+6	1.31200E+6	8.20940E+4	3.19031E+6
6.90000E+0	3.71577E+4	4.25887E+4	5.10697E+6	1.31522E+6	8.18934E+4	3.10603E+6
7.00000E+0	3.70257E+4	4.24676E+4	4.96425E+6	1.33531E+6	8.17220E+4	2.98740E+6
7.10000E+0	3.71602E+4	4.23284E+4	4.27846E+6	1.25057E+6	8.14002E+4	2.92777E+6
7.20000E+0	3.69429E+4	4.23480E+4	4.35194E+6	1.25754E+6	8.11831E+4	2.89678E+6
7.30000E+0	3.67884E+4	4.23017E+4	4.39058E+6	1.28596E+6	8.12254E+4	2.92335E+6
7.40000E+0	3.71644E+4	4.24957E+4	4.55769E+6	1.29387E+6	8.13376E+4	2.94918E+6
7.50000E+0	3.71383E+4	4.26962E+4	4.85432E+6	1.32242E+6	8.16932E+4	3.20467E+6
7.60000E+0	3.73538E+4	4.26988E+4	5.47147E+6	1.34352E+6	8.16741E+4	3.13274E+6
7.70000E+0	3.74310E+4	4.28571E+4	5.05508E+6	1.30567E+6	8.18433E+4	3.27253E+6
7.80000E+0	3.72912E+4	4.29558E+4	4.83620E+6	1.33817E+6	8.17230E+4	3.26960E+6
7.90000E+0	3.77408E+4	4.27736E+4	4.63081E+6	1.30893E+6	8.15455E+4	3.12535E+6
8.00000E+0	3.75254E+4	4.26621E+4	4.88936E+6	1.33055E+6	8.15530E+4	3.07747E+6
8.10000E+0	3.72997E+4	4.25369E+4	4.20319E+6	1.28183E+6	8.11133E+4	2.96152E+6
8.20000E+0	3.73410E+4	4.26214E+4	4.24171E+6	1.26909E+6	8.08991E+4	2.90869E+6
8.30000E+0	3.72833E+4	4.27913E+4	4.47396E+6	1.31181E+6	8.09296E+4	2.79369E+6
8.40000E+0	3.74961E+4	4.26660E+4	4.40035E+6	1.28048E+6	8.09539E+4	3.03131E+6
8.50000E+0	3.78969E+4	4.30902E+4	4.69068E+6	1.31800E+6	8.12053E+4	3.06678E+6
8.60000E+0	3.75443E+4	4.27500E+4	4.74679E+6	1.28857E+6	8.16741E+4	3.13005E+6
8.70000E+0	3.77463E+4	4.27927E+4	4.54028E+6	1.29081E+6	8.10816E+4	2.96969E+6
8.80000E+0	3.76370E+4	4.26909E+4	4.42066E+6	1.26476E+6	8.09128E+4	2.84559E+6
8.90000E+0	3.76535E+4	4.26004E+4	4.15891E+6	1.26182E+6	8.08927E+4	2.76591E+6
9.00000E+0	3.78173E+4	4.27467E+4	4.40100E+6	1.29694E+6	8.10827E+4	2.95699E+6
9.10000E+0	3.78920E+4	4.29834E+4	4.63514E+6	1.31852E+6	8.10922E+4	3.18717E+6
9.20000E+0	3.82857E+4	4.31582E+4	5.09477E+6	1.33604E+6	8.13949E+4	3.29058E+6
9.30000E+0	3.83992E+4	4.33340E+4	5.07312E+6	1.33904E+6	8.15434E+4	3.07812E+6
9.40000E+0	3.83677E+4	4.31892E+4	5.19671E+6	1.34507E+6	8.16199E+4	3.14084E+6
9.50000E+0	3.82845E+4	4.31938E+4	5.04995E+6	1.34864E+6	8.11746E+4	3.00500E+6
9.60000E+0	3.81682E+4	4.29195E+4	4.53405E+6	1.29437E+6	8.08527E+4	2.90724E+6
9.70000E+0	3.79992E+4	4.28636E+4	4.16183E+6	1.27358E+6	8.10045E+4	2.84951E+6
9.80000E+0	3.83011E+4	4.32837E+4	5.27095E+6	1.34319E+6	8.11916E+4	3.13206E+6
9.90000E+0	3.88642E+4	4.34320E+4	5.16437E+6	1.36092E+6	8.11969E+4	3.12535E+6
1.00000E+1	3.88170E+4	4.32341E+4	5.14214E+6	1.33518E+6	8.11165E+4	3.05551E+6
1.01000E+1	3.84714E+4	4.31615E+4	4.86462E+6	1.34722E+6	8.09497E+4	3.02753E+6
1.02000E+1	3.87897E+4	4.34128E+4	5.02529E+6	1.35879E+6	8.13853E+4	3.09152E+6
1.03000E+1	3.90496E+4	4.35800E+4	5.28212E+6	1.36415E+6	8.11842E+4	3.27988E+6
1.04000E+1	3.88778E+4	4.34778E+4	5.84951E+6	1.38738E+6	8.11725E+4	3.39009E+6
1.05000E+1	3.88306E+4	4.37156E+4	5.37516E+6	1.34144E+6	8.12466E+4	3.30958E+6
1.06000E+1	3.89307E+4	4.36311E+4	5.22671E+6	1.35824E+6	8.13578E+4	3.21880E+6
1.07000E+1	3.90714E+4	4.35720E+4	5.32540E+6	1.31794E+6	8.09339E+4	3.04273E+6
1.08000E+1	3.86161E+4	4.32917E+4	4.16183E+6	1.26512E+6	8.02865E+4	2.88554E+6
1.09000E+1	3.90658E+4	4.33400E+4	4.41869E+6	1.27254E+6	8.07358E+4	2.87211E+6
1.10000E+1	3.88778E+4	4.33022E+4	4.10411E+6	1.28665E+6	8.04657E+4	2.89678E+6
1.11000E+1	3.89270E+4	4.33499E+4	4.72344E+6	1.30618E+6	8.06863E+4	2.86105E+6
1.12000E+1	3.91131E+4	4.36398E+4	5.12626E+6	1.35680E+6	8.10595E+4	3.04496E+6
1.13000E+1	3.93248E+4	4.35913E+4	5.01179E+6	1.34017E+6	8.04301E+4	3.13240E+6
1.14000E+1	3.92011E+4	4.35787E+4	5.06452E+6	1.32209E+6	8.06537E+4	3.09579E+6
1.15000E+1	3.92785E+4	4.38435E+4	5.46149E+6	1.37979E+6	8.12540E+4	3.23557E+6
1.16000E+1	3.95440E+4	4.40043E+4	5.09999E+6	1.35742E+6	8.11059E+4	3.14016E+6
1.17000E+1	3.92935E+4	4.36810E+4	4.55699E+6	1.31149E+6	8.05886E+4	3.01529E+6
1.18000E+1	3.92304E+4	4.36770E+4	4.34365E+6	1.32471E+6	8.07158E+4	2.91337E+6
1.19000E+1	3.95559E+4	4.38988E+4	4.95271E+6	1.33551E+6	8.08158E+4	3.04432E+6
1.20000E+1	3.92798E+4	4.39482E+4	4.75361E+6	1.33134E+6	8.06464E+4	2.95128E+6
1.21000E+1	3.94851E+4	4.39349E+4	4.38733E+6	1.31284E+6	8.04626E+4	2.87838E+6
1.22000E+1	3.89400E+4	4.36757E+4	4.46924E+6	1.31258E+6	8.02478E+4	2.95068E+6
1.23000E+1	3.92173E+4	4.37136E+4	4.53267E+6	1.32131E+6	8.05014E+4	2.96182E+6
1.24000E+1	3.91137E+4	4.37302E+4	4.29956E+6	1.31342E+6	8.06590E+4	3.07066E+6
1.25000E+1	3.93386E+4	4.42023E+4	5.31404E+6	1.37711E+6	8.09655E+4	3.34057E+6
1.26000E+1	3.90994E+4	4.38355E+4	4.38086E+6	1.30944E+6	8.04175E+4	2.97182E+6
1.27000E+1	3.90066E+4	4.38928E+4	4.50312E+6	1.32549E+6	8.08032E+4	2.89216E+6
1.28000E+1	3.90944E+4	4.40130E+4	4.51957E+6	1.33531E+6	8.07758E+4	2.96182E+6
1.29000E+1	3.92835E+4	4.40571E+4	4.89578E+6	1.34299E+6	8.03850E+4	3.03195E+6
1.30000E+1	3.92298E+4	4.43317E+4	4.96425E+6	1.40221E+6	8.09771E+4	3.20010E+6
1.31000E+1	3.96288E+4	4.43794E+4	5.37999E+6	1.37333E+6	8.08179E+4	3.15648E+6
1.32000E+1	3.92179E+4	4.43291E+4	4.62361E+6	1.33022E+6	8.06033E+4	3.05198E+6
1.33000E+1	3.91262E+4	4.42841E+4	4.36474E+6	1.30682E+6	8.05497E+4	2.96484E+6
1.34000E+1	3.92573E+4	4.43666E+4	5.44956E+6	1.37075E+6	8.06990E+4	3.24239E+6
1.35000E+1	3.93961E+4	4.44849E+4	5.40820E+6	1.35612E+6	8.09887E+4	3.28172E+6
1.36000E+1	3.92535E+4	4.46856E+4	4.84012E+6	1.34325E+6	8.06758E+4	3.11732E+6
1.37000E+1	3.90751E+4	4.42895E+4	4.54862E+6	1.29707E+6	8.04269E+4	2.96333E+6
1.38000E+1	3.90029E+4	4.43197E+4	4.47059E+6	1.32956E+6	8.04080E+4	2.95940E+6
1.39000E+1	3.94732E+4	4.46276E+4	4.89257E+6	1.38652E+6	8.07505E+4	3.16676E+6
1.40000E+1	3.91031E+4	4.43915E+4	4.20976E+6	1.31335E+6	8.02938E+4	2.91571E+6
1.41000E+1	3.90047E+4	4.43042E+4	4.80965E+6	1.35462E+6	8.04762E+4	2.98402E+6
1.42000E+1	3.93943E+4	4.47774E+4	5.27188E+6	1.38610E+6	8.09307E+4	3.36554E+6
1.43000E+1	3.92973E+4	4.45704E+4	4.54306E+6	1.33598E+6	8.04427E+4	3.04464E+6
1.44000E+1	3.91624E+4	4.42888E+4	4.94367E+6	1.34493E+6	8.06348E+4	3.12568E+6
1.45000E+1	3.92117E+4	4.47639E+4	5.01684E+6	1.37473E+6	8.11239E+4	3.32198E+6
1.46000E+1	3.94920E+4	4.48179E+4	5.30179E+6	1.36140E+6	8.06643E+4	3.18335E+6
1.47000E+1	3.93968E+4	4.46593E+4	4.35513E+6	1.33864E+6	8.05109E+4	3.04591E+6
1.48000E+1	3.88909E+4	4.45515E+4	4.81120E+6	1.32307E+6	8.04857E+4	2.97608E+6
1.49000E+1	3.91150E+4	4.49166E+4	5.30744E+6	1.37438E+6	8.11038E+4	3.18961E+6
1.50000E+1	3.85852E+4	4.45589E+4	4.60999E+6	1.29776E+6	8.04752E+4	2.91805E+6
1.51000E+1	3.89711E+4	4.47167E+4	4.98415E+6	1.33771E+6	8.09001E+4	3.08824E+6
1.52000E+1	3.91343E+4	4.49207E+4	4.74830E+6	1.33147E+6	8.09370E+4	2.96001E+6
1.53000E+1	3.86725E+4	4.47200E+4	4.46790E+6	1.30370E+6	8.01547E+4	3.04623E+6
1.54000E+1	3.83357E+4	4.48024E+4	4.51819E+6	1.29770E+6	8.01818E+4	3.04815E+6
1.55000E+1	3.81823E+4	4.48585E+4	4.53543E+6	1.30707E+6	8.03022E+4	3.01497E+6
1.56000E+1	3.81399E+4	4.46694E+4	4.50859E+6	1.30976E+6	8.04028E+4	3.01591E+6
1.57000E+1	3.83363E+4	4.49721E+4	5.13331E+6	1.34500E+6	8.04836E+4	3.05134E+6
1.58000E+1	3.82309E+4	4.52279E+4	5.13949E+6	1.36229E+6	8.08211E+4	3.13712E+6
1.59000E+1	3.83295E+4	4.51817E+4	4.77189E+6	1.32307E+6	8.06737E+4	3.03638E+6
1.60000E+1	3.78742E+4	4.50433E+4	4.41081E+6	1.31265E+6	8.11757E+4	2.95669E+6
1.61000E+1	3.80686E+4	4.53482E+4	4.90706E+6	1.34939E+6	8.07747E+4	3.17745E+6
1.62000E+1	3.74121E+4	4.53564E+4	4.54932E+6	1.29669E+6	8.02666E+4	2.85316E+6
1.63000E+1	3.77806E+4	4.54150E+4	5.08349E+6	1.35271E+6	8.08506E+4	3.34898E+6
1.64000E+1	3.77647E+4	4.50257E+4	4.47733E+6	1.29287E+6	8.05245E+4	2.97760E+6
1.65000E+1	3.74109E+4	4.49748E+4	4.63297E+6	1.29745E+6	8.06359E+4	2.95850E+6
1.66000E+1	3.76077E+4	4.52822E+4	5.04910E+6	1.33677E+6	8.08148E+4	3.16504E+6
1.67000E+1	3.80078E+4	4.55370E+4	5.28492E+6	1.34514E+6	8.10447E+4	3.28393E+6
1.68000E+1	3.79005E+4	4.53782E+4	4.95271E+6	1.31872E+6	8.08443E+4	3.06194E+6
1.69000E+1	3.77903E+4	4.51403E+4	4.40623E+6	1.30142E+6	8.02855E+4	3.00625E+6
1.70000E+1	3.79201E+4	4.55527E+4	5.23953E+6	1.31884E+6	8.08242E+4	3.10239E+6
1.71000E+1	3.78038E+4	4.52578E+4	4.75892E+6	1.30893E+6	8.06821E+4	2.94739E+6
1.72000E+1	3.79778E+4	4.53230E+4	4.47530E+6	1.27644E+6	8.03944E+4	2.96635E+6
1.73000E+1	3.80183E+4	4.53972E+4	5.12450E+6	1.30054E+6	8.06243E+4	3.15716E+6
1.74000E+1	3.75815E+4	4.52884E+4	4.67741E+6	1.33029E+6	8.07895E+4	3.10404E+6
1.75000E+1	3.79391E+4	4.54007E+4	4.73320E+6	1.33558E+6	8.06990E+4	3.14423E+6
1.76000E+1	3.80582E+4	4.55732E+4	4.88775E+6	1.35968E+6	8.09149E+4	3.12770E+6
1.77000E+1	3.80551E+4	4.56135E+4	5.20939E+6	1.35790E+6	8.09001E+4	3.30546E+6
1.78000E+1	3.84017E+4	4.56934E+4	5.11221E+6	1.32759E+6	8.06927E+4	3.00625E+6
1.79000E+1	3.81596E+4	4.58166E+4	4.84406E+6	1.32458E+6	8.08580E+4	3.13072E+6
1.80000E+1	3.80876E+4	4.54790E+4	4.55280E+6	1.31091E+6	8.03766E+4	3.08628E+6
1.81000E+1	3.83005E+4	4.56907E+4	4.60571E+6	1.34918E+6	8.02771E+4	3.13442E+6
1.82000E+1	3.84529E+4	4.54211E+4	4.56820E+6	1.28590E+6	8.04500E+4	2.95008E+6
1.83000E+1	3.80760E+4	4.56647E+4	4.66933E+6	1.31645E+6	8.06716E+4	3.05134E+6
1.84000E+1	3.84696E+4	4.59641E+4	5.21485E+6	1.37340E+6	8.07347E+4	3.23772E+6
1.85000E+1	3.85716E+4	4.58420E+4	5.37709E+6	1.33644E+6	8.06800E+4	3.13780E+6
1.86000E+1	3.81682E+4	4.57358E+4	4.27291E+6	1.29212E+6	8.02771E+4	2.96152E+6
1.87000E+1	3.82186E+4	4.59263E+4	5.07054E+6	1.36602E+6	8.08116E+4	3.21278E+6
1.88000E+1	3.84060E+4	4.59373E+4	4.78416E+6	1.30880E+6	8.04678E+4	3.16986E+6
1.89000E+1	3.82937E+4	4.57235E+4	4.38668E+6	1.30440E+6	7.99625E+4	2.92629E+6
1.90000E+1	3.83801E+4	4.61338E+4	5.52804E+6	1.37648E+6	8.07337E+4	3.33752E+6
1.91000E+1	3.87400E+4	4.58708E+4	4.64600E+6	1.31066E+6	8.01369E+4	2.98249E+6
1.92000E+1	3.82913E+4	4.55302E+4	4.20439E+6	1.28615E+6	8.00178E+4	2.76274E+6
1.93000E+1	3.82981E+4	4.57406E+4	4.26124E+6	1.28386E+6	8.02771E+4	2.97852E+6
1.94000E+1	3.84665E+4	4.58043E+4	5.25889E+6	1.33299E+6	8.05529E+4	3.16161E+6
1.95000E+1	3.86855E+4	4.59421E+4	5.20576E+6	1.35339E+6	8.05770E+4	3.09415E+6
1.96000E+1	3.83733E+4	4.58934E+4	4.36025E+6	1.25944E+6	7.98301E+4	2.88842E+6
1.97000E+1	3.79704E+4	4.55882E+4	4.29520E+6	1.28938E+6	7.99260E+4	2.80452E+6
1.98000E+1	3.84313E+4	4.59009E+4	4.28155E+6	1.30110E+6	8.02300E+4	2.80670E+6
1.99000E+1	3.85066E+4	4.57502E+4	4.49835E+6	1.31200E+6	7.98676E+4	2.89881E+6
2.00000E+1	3.83375E+4	4.58989E+4	4.69068E+6	1.33604E+6	8.01463E+4	2.94380E+6
2.01000E+1	3.83585E+4	4.57577E+4	4.33920E+6	1.27194E+6	8.00888E+4	2.87324E+6
2.02000E+1	3.81528E+4	4.60630E+4	4.29396E+6	1.31406E+6	7.99426E+4	2.92659E+6
2.03000E+1	3.80011E+4	4.57153E+4	4.39253E+6	1.30193E+6	7.99781E+4	2.74385E+6
2.04000E+1	3.81233E+4	4.62391E+4	4.37569E+6	1.31213E+6	7.99301E+4	2.89939E+6
2.05000E+1	3.80735E+4	4.58461E+4	4.40884E+6	1.30989E+6	7.99322E+4	2.85457E+6
2.06000E+1	3.81479E+4	4.59503E+4	4.48003E+6	1.32556E+6	8.03169E+4	3.00314E+6
2.07000E+1	3.85295E+4	4.64344E+4	4.86780E+6	1.37207E+6	8.01442E+4	3.16573E+6
2.08000E+1	3.82759E+4	4.63964E+4	5.23678E+6	1.35721E+6	8.04542E+4	3.19660E+6
2.09000E+1	3.81473E+4	4.62384E+4	4.66421E+6	1.34966E+6	8.03200E+4	3.12434E+6
2.10000E+1	3.80183E+4	4.60039E+4	4.79108E+6	1.31213E+6	7.98571E+4	2.90724E+6
2.11000E+1	3.81405E+4	4.62515E+4	5.03207E+6	1.36105E+6	8.00032E+4	3.13510E+6
2.12000E+1	3.84121E+4	4.64641E+4	5.03802E+6	1.34011E+6	8.03064E+4	3.17988E+6
2.13000E+1	3.82475E+4	4.62233E+4	4.40100E+6	1.31130E+6	7.98373E+4	2.97821E+6
2.14000E+1	3.78583E+4	4.61125E+4	4.45316E+6	1.28963E+6	8.00230E+4	2.77307E+6
2.15000E+1	3.82235E+4	4.64434E+4	5.06624E+6	1.39389E+6	8.03012E+4	3.16333E+6
2.16000E+1	3.84628E+4	4.64910E+4	4.78877E+6	1.34952E+6	7.99020E+4	3.19940E+6
2.17000E+1	3.80975E+4	4.61586E+4	4.25695E+6	1.31509E+6	7.97530E+4	2.91747E+6
2.18000E+1	3.83055E+4	4.67827E+4	5.17511E+6	1.36057E+6	8.02718E+4	3.25395E+6
2.19000E+1	3.86304E+4	4.65533E+4	4.70106E+6	1.31632E+6	8.00512E+4	3.03258E+6
2.20000E+1	3.80858E+4	4.62894E+4	4.23081E+6	1.31322E+6	7.97030E+4	2.91629E+6
2.21000E+1	3.84788E+4	4.66773E+4	5.13595E+6	1.35061E+6	8.00522E+4	3.10338E+6
2.22000E+1	3.85283E+4	4.65478E+4	4.98999E+6	1.35687E+6	8.04794E+4	3.32463E+6
2.23000E+1	3.87698E+4	4.68542E+4	5.03717E+6	1.34932E+6	8.01118E+4	3.11466E+6
2.24000E+1	3.85277E+4	4.66385E+4	4.84091E+6	1.33432E+6	7.99510E+4	2.95459E+6
2.25000E+1	3.88275E+4	4.67036E+4	4.73847E+6	1.35721E+6	8.00167E+4	3.04847E+6
2.26000E+1	3.88741E+4	4.70588E+4	5.08263E+6	1.34824E+6	8.00804E+4	3.17745E+6
2.27000E+1	3.91505E+4	4.67390E+4	5.06710E+6	1.37012E+6	8.00470E+4	3.18231E+6
2.28000E+1	3.93317E+4	4.66523E+4	5.54544E+6	1.41726E+6	8.00596E+4	3.21137E+6
2.29000E+1	3.90246E+4	4.71117E+4	5.68863E+6	1.38205E+6	8.01369E+4	3.14660E+6
2.30000E+1	3.88772E+4	4.66059E+4	4.52301E+6	1.35034E+6	7.96989E+4	2.99386E+6
2.31000E+1	3.90739E+4	4.65761E+4	4.73471E+6	1.34534E+6	7.98874E+4	2.99942E+6
2.32000E+1	3.91580E+4	4.66953E+4	4.51957E+6	1.35537E+6	7.99531E+4	3.02658E+6
2.33000E+1	3.92042E+4	4.66239E+4	4.63369E+6	1.33977E+6	7.96053E+4	2.93280E+6
2.34000E+1	3.95735E+4	4.68674E+4	5.02614E+6	1.35482E+6	8.01829E+4	3.11799E+6
2.35000E+1	3.89332E+4	4.67959E+4	4.72494E+6	1.34165E+6	7.98363E+4	2.90200E+6
2.36000E+1	3.96030E+4	4.67695E+4	4.57101E+6	1.35550E+6	7.93780E+4	3.04432E+6
2.37000E+1	3.95528E+4	4.71327E+4	5.13595E+6	1.36277E+6	7.98936E+4	3.21632E+6
2.38000E+1	3.91306E+4	4.70309E+4	4.48274E+6	1.34594E+6	7.96864E+4	3.03638E+6
2.39000E+1	3.92842E+4	4.68813E+4	4.36474E+6	1.30123E+6	7.95513E+4	2.89245E+6
2.40000E+1	3.92879E+4	4.70191E+4	4.89417E+6	1.31245E+6	8.00742E+4	3.07487E+6
2.41000E+1	3.93561E+4	4.72513E+4	4.72494E+6	1.34104E+6	7.98144E+4	3.11899E+6
2.42000E+1	3.91480E+4	4.69752E+4	4.41278E+6	1.31580E+6	7.96594E+4	2.93161E+6
2.43000E+1	3.68723E+4	4.67633E+4	4.15657E+6	1.30402E+6	7.96386E+4	2.86784E+6
2.44000E+1	3.28376E+4	4.69133E+4	3.70940E+6	1.31181E+6	8.00188E+4	2.83751E+6
2.45000E+1	2.65395E+4	4.68862E+4	2.76340E+6	1.26536E+6	8.01777E+4	2.79154E+6
2.46000E+1	1.74818E+4	4.70393E+4	1.56664E+6	1.23753E+6	8.11852E+4	2.72779E+6
2.47000E+1	1.07068E+4	4.73093E+4	9.40688E+5	1.07150E+6	8.42253E+4	2.45394E+6
2.48000E+1	6.94073E+3	4.69425E+4	6.28955E+5	8.80478E+5	8.65739E+4	1.96221E+6
2.49000E+1	5.05749E+3	4.65540E+4	4.64892E+5	6.61324E+5	9.02796E+4	1.58789E+6
2.50000E+1	3.88140E+3	4.57790E+4	3.61619E+5	4.96875E+5	9.33796E+4	1.23340E+6
2.51000E+1	3.29303E+3	4.52224E+4	3.12833E+5	3.81896E+5	9.75581E+4	1.04030E+6
2.52000E+1	2.81778E+3	4.39863E+4	2.72966E+5	2.98069E+5	1.01274E+5	8.55785E+5
2.53000E+1	2.58874E+3	4.25402E+4	2.43546E+5	2.48782E+5	1.04099E+5	7.08418E+5
2.54000E+1	2.35532E+3	4.12983E+4	2.25023E+5	2.15930E+5	1.08171E+5	6.25403E+5
2.55000E+1	2.22655E+3	3.96838E+4	2.05958E+5	1.91183E+5	1.10425E+5	5.44585E+5
2.56000E+1	2.12128E+3	3.80235E+4	1.94967E+5	1.74908E+5	1.13555E+5	4.81381E+5
2.57000E+1	2.06453E+3	3.61068E+4	1.84234E+5	1.61701E+5	1.15840E+5	4.32966E+5
2.58000E+1	1.95758E+3	3.42588E+4	1.76750E+5	1.50465E+5	1.18255E+5	3.92111E+5
2.59000E+1	1.91841E+3	3.25028E+4	1.73406E+5	1.42850E+5	1.20642E+5	3.68421E+5
2.60000E+1	1.89298E+3	3.06192E+4	1.69911E+5	1.34919E+5	1.22227E+5	3.38374E+5
2.61000E+1	1.91306E+3	2.88195E+4	1.70157E+5	1.29405E+5	1.23837E+5	3.22726E+5
2.62000E+1	1.90703E+3	2.74757E+4	1.72735E+5	1.26914E+5	1.25928E+5	3.09773E+5
2.63000E+1	1.94820E+3	2.57009E+4	1.72699E+5	1.22814E+5	1.25890E+5	2.94558E+5
2.64000E+1	1.85453E+3	2.45589E+4	1.74831E+5	1.22246E+5	1.27671E+5	2.90125E+5
2.65000E+1	1.87426E+3	2.30602E+4	1.74566E+5	1.21234E+5	1.28282E+5	2.79461E+5
2.66000E+1	1.88362E+3	2.19295E+4	1.73977E+5	1.20231E+5	1.29160E+5	2.73340E+5
2.67000E+1	1.86055E+3	2.08584E+4	1.73393E+5	1.19692E+5	1.30077E+5	2.66897E+5
2.68000E+1	1.78439E+3	1.98481E+4	1.70099E+5	1.18277E+5	1.31367E+5	2.62087E+5
2.69000E+1	1.83014E+3	1.88710E+4	1.66527E+5	1.17498E+5	1.31714E+5	2.54236E+5
2.70000E+1	1.77205E+3	1.81408E+4	1.63907E+5	1.16333E+5	1.33663E+5	2.51834E+5
2.71000E+1	1.77839E+3	1.72106E+4	1.58729E+5	1.13539E+5	1.33772E+5	2.44627E+5
2.72000E+1	1.69136E+3	1.64053E+4	1.56467E+5	1.12129E+5	1.34840E+5	2.42000E+5
2.73000E+1	1.71402E+3	1.57451E+4	1.52907E+5	1.09736E+5	1.35210E+5	2.34698E+5
2.74000E+1	1.72235E+3	1.50612E+4	1.51464E+5	1.08591E+5	1.37216E+5	2.34222E+5
2.75000E+1	1.69702E+3	1.44372E+4	1.48831E+5	1.06071E+5	1.37741E+5	2.28576E+5
2.76000E+1	1.63575E+3	1.37728E+4	1.48042E+5	1.05015E+5	1.38780E+5	2.24719E+5
2.77000E+1	1.65140E+3	1.31795E+4	1.45176E+5	1.02761E+5	1.38547E+5	2.20783E+5
2.78000E+1	1.67870E+3	1.27032E+4	1.45003E+5	1.01787E+5	1.39782E+5	2.17664E+5
2.79000E+1	1.66272E+3	1.21798E+4	1.43327E+5	1.00684E+5	1.40166E+5	2.16288E+5
2.80000E+1	1.61013E+3	1.17855E+4	1.42627E+5	9.92107E+4	1.40129E+5	2.11893E+5
2.81000E+1	1.60315E+3	1.12196E+4	1.41370E+5	9.90000E+4	1.41348E+5	2.11264E+5
2.82000E+1	1.64174E+3	1.08557E+4	1.40842E+5	9.77147E+4	1.42014E+5	2.08480E+5
2.83000E+1	1.63442E+3	1.04208E+4	1.39369E+5	9.71546E+4	1.41677E+5	2.05881E+5
2.84000E+1	1.62510E+3	1.01039E+4	1.39676E+5	9.63725E+4	1.42948E+5	2.04991E+5
2.85000E+1	1.58552E+3	9.84827E+3	1.37164E+5	9.54181E+4	1.42583E+5	2.02106E+5
2.86000E+1	1.60647E+3	9.43928E+3	1.38472E+5	9.59201E+4	1.44056E+5	2.02247E+5
2.87000E+1	1.59151E+3	9.12264E+3	1.37816E+5	9.36032E+4	1.43697E+5	1.98883E+5
2.88000E+1	1.60082E+3	8.83224E+3	1.39141E+5	9.43584E+4	1.44263E+5	1.98647E+5
2.89000E+1	1.62144E+3	8.54718E+3	1.39107E+5	9.30085E+4	1.44841E+5	1.97069E+5
2.90000E+1	1.58386E+3	8.30969E+3	1.40855E+5	9.35622E+4	1.45036E+5	1.97499E+5
2.91000E+1	1.56724E+3	8.05218E+3	1.38540E+5	9.21732E+4	1.44909E+5	1.94756E+5
2.92000E+1	1.62211E+3	7.89781E+3	1.38285E+5	9.25547E+4	1.44955E+5	1.94521E+5
2.93000E+1	1.58120E+3	7.61127E+3	1.38037E+5	9.33138E+4	1.45350E+5	1.95084E+5
2.94000E+1	1.59550E+3	7.40238E+3	1.37465E+5	9.19961E+4	1.45772E+5	1.92236E+5
2.95000E+1	1.53502E+3	7.21355E+3	1.36078E+5	9.17779E+4	1.45779E+5	1.91816E+5
2.96000E+1	1.55462E+3	6.98371E+3	1.35068E+5	9.17897E+4	1.46568E+5	1.89432E+5
2.97000E+1	1.60481E+3	6.82428E+3	1.35091E+5	9.09696E+4	1.47161E+5	1.89962E+5
2.98000E+1	1.57289E+3	6.69393E+3	1.35649E+5	9.05651E+4	1.47069E+5	1.89440E+5
2.99000E+1	1.55229E+3	6.53793E+3	1.35542E+5	9.07068E+4	1.46784E+5	1.87154E+5
3.00000E+1	1.51708E+3	6.39696E+3	1.35123E+5	8.98681E+4	1.47931E+5	1.87225E+5
3.01000E+1	1.53302E+3	6.19639E+3	1.33622E+5	8.94960E+4	1.47039E+5	1.84655E+5
3.02000E+1	1.55362E+3	6.13140E+3	1.35142E+5	9.02964E+4	1.47989E+5	1.86248E+5
3.03000E+1	1.51542E+3	5.95605E+3	1.32965E+5	8.88745E+4	1.48467E+5	1.83770E+5
3.04000E+1	1.53900E+3	5.84080E+3	1.34611E+5	8.98785E+4	1.48461E+5	1.85062E+5
3.05000E+1	1.52871E+3	5.78417E+3	1.35456E+5	8.94439E+4	1.48815E+5	1.85230E+5
3.06000E+1	1.57921E+3	5.70851E+3	1.33805E+5	8.85406E+4	1.48640E+5	1.82999E+5
3.07000E+1	1.52107E+3	5.55358E+3	1.32966E+5	8.97114E+4	1.49532E+5	1.82795E+5
3.08000E+1	1.56226E+3	5.43813E+3	1.33955E+5	8.96569E+4	1.49558E+5	1.84879E+5
3.09000E+1	1.53169E+3	5.32900E+3	1.32837E+5	8.84799E+4	1.49841E+5	1.83887E+5
3.10000E+1	1.48257E+3	5.26006E+3	1.30315E+5	8.82685E+4	1.49103E+5	1.82132E+5
3.11000E+1	1.52007E+3	5.16912E+3	1.29621E+5	8.77208E+4	1.49634E+5	1.80772E+5
3.12000E+1	1.52372E+3	5.07264E+3	1.29513E+5	8.79333E+4	1.50145E+5	1.80222E+5
3.13000E+1	1.51874E+3	4.99516E+3	1.29436E+5	8.78332E+4	1.51413E+5	1.82058E+5
3.14000E+1	1.51310E+3	4.89546E+3	1.27893E+5	8.68462E+4	1.50854E+5	1.79772E+5
3.15000E+1	1.48024E+3	4.85719E+3	1.27658E+5	8.70218E+4	1.52101E+5	1.80242E+5
3.16000E+1	1.49584E+3	4.75598E+3	1.24626E+5	8.52184E+4	1.51885E+5	1.78762E+5
3.17000E+1	1.47394E+3	4.69026E+3	1.23056E+5	8.52747E+4	1.51803E+5	1.77856E+5
3.18000E+1	1.45238E+3	4.61722E+3	1.22777E+5	8.47190E+4	1.52522E+5	1.78537E+5
3.19000E+1	1.47394E+3	4.57598E+3	1.21907E+5	8.37774E+4	1.52405E+5	1.74993E+5
3.20000E+1	1.42884E+3	4.51823E+3	1.22397E+5	8.38090E+4	1.53686E+5	1.76497E+5
3.21000E+1	1.42984E+3	4.45844E+3	1.21657E+5	8.24208E+4	1.53152E+5	1.74308E+5
3.22000E+1	1.48622E+3	4.39590E+3	1.22208E+5	8.28830E+4	1.53605E+5	1.74774E+5
3.23000E+1	1.46100E+3	4.39730E+3	1.22454E+5	8.22270E+4	1.54303E+5	1.74580E+5
3.24000E+1	1.45404E+3	4.26265E+3	1.21893E+5	8.22505E+4	1.53974E+5	1.73330E+5
3.25000E+1	1.50978E+3	4.29698E+3	1.23086E+5	8.23640E+4	1.54501E+5	1.74959E+5
3.26000E+1	1.51874E+3	4.12973E+3	1.23014E+5	8.15874E+4	1.53889E+5	1.72430E+5
3.27000E+1	1.49650E+3	4.14860E+3	1.25849E+5	8.32025E+4	1.54316E+5	1.73884E+5
3.28000E+1	1.54000E+3	4.09935E+3	1.26938E+5	8.25227E+4	1.54911E+5	1.74422E+5
3.29000E+1	1.50214E+3	4.04422E+3	1.29103E+5	8.31571E+4	1.53661E+5	1.73665E+5
3.30000E+1	1.51542E+3	4.02190E+3	1.32379E+5	8.43997E+4	1.54691E+5	1.76606E+5
3.31000E+1	1.55528E+3	3.96546E+3	1.33883E+5	8.45269E+4	1.53402E+5	1.75071E+5
3.32000E+1	1.57223E+3	3.92369E+3	1.36757E+5	8.53013E+4	1.54249E+5	1.74928E+5
3.33000E+1	1.59716E+3	3.89343E+3	1.41477E+5	8.66608E+4	1.54677E+5	1.76931E+5
3.34000E+1	1.61279E+3	3.86770E+3	1.46308E+5	8.82171E+4	1.54601E+5	1.78732E+5
3.35000E+1	1.65406E+3	3.85484E+3	1.49445E+5	8.87516E+4	1.53690E+5	1.79807E+5
3.36000E+1	1.66371E+3	3.83573E+3	1.51842E+5	8.96673E+4	1.51609E+5	1.79352E+5
3.37000E+1	1.69069E+3	3.77741E+3	1.55211E+5	9.18336E+4	1.52003E+5	1.80313E+5
3.38000E+1	1.65306E+3	3.76076E+3	1.59103E+5	9.40207E+4	1.53082E+5	1.83552E+5
3.39000E+1	1.74102E+3	3.74793E+3	1.59636E+5	9.48587E+4	1.52286E+5	1.84313E+5
3.40000E+1	1.80376E+3	3.75036E+3	1.60777E+5	9.63551E+4	1.51921E+5	1.84295E+5
3.41000E+1	1.72569E+3	3.70460E+3	1.63845E+5	9.79833E+4	1.52110E+5	1.87582E+5
3.42000E+1	1.72069E+3	3.74862E+3	1.63377E+5	9.82881E+4	1.52112E+5	1.87630E+5
3.43000E+1	1.71769E+3	3.68208E+3	1.61912E+5	9.88942E+4	1.50982E+5	1.87220E+5
3.44000E+1	1.70502E+3	3.61113E+3	1.60992E+5	9.99422E+4	1.51145E+5	1.87045E+5
3.45000E+1	1.72402E+3	3.63881E+3	1.59838E+5	1.00595E+5	1.51752E+5	1.88877E+5
3.46000E+1	1.70669E+3	3.61113E+3	1.56472E+5	9.99074E+4	1.50486E+5	1.88606E+5
3.47000E+1	1.65406E+3	3.60111E+3	1.55116E+5	1.00262E+5	1.52194E+5	1.89163E+5
3.48000E+1	1.65239E+3	3.57829E+3	1.51001E+5	9.86053E+4	1.51165E+5	1.87100E+5
3.49000E+1	1.62477E+3	3.56066E+3	1.49035E+5	9.83096E+4	1.51889E+5	1.89171E+5
3.50000E+1	1.63076E+3	3.58728E+3	1.46011E+5	9.75272E+4	1.51576E+5	1.86480E+5
3.51000E+1	1.61180E+3	3.53165E+3	1.45222E+5	9.61702E+4	1.52666E+5	1.87467E+5
3.52000E+1	1.61512E+3	3.54615E+3	1.42579E+5	9.51638E+4	1.52128E+5	1.84738E+5
3.53000E+1	1.63642E+3	3.51335E+3	1.41720E+5	9.55769E+4	1.53559E+5	1.86689E+5
3.54000E+1	1.59450E+3	3.46539E+3	1.39832E+5	9.34018E+4	1.53148E+5	1.84482E+5
3.55000E+1	1.60581E+3	3.47850E+3	1.39084E+5	9.34018E+4	1.53133E+5	1.82983E+5
3.56000E+1	1.59217E+3	3.45815E+3	1.38494E+5	9.36491E+4	1.54030E+5	1.85000E+5
3.57000E+1	1.61180E+3	3.42299E+3	1.36369E+5	9.24365E+4	1.53810E+5	1.82720E+5
3.58000E+1	1.57954E+3	3.43470E+3	1.35676E+5	9.22601E+4	1.55234E+5	1.84715E+5
3.59000E+1	1.58752E+3	3.41575E+3	1.32466E+5	9.14620E+4	1.54689E+5	1.81865E+5
3.60000E+1	1.58187E+3	3.37580E+3	1.30724E+5	9.11943E+4	1.55013E+5	1.81242E+5
3.61000E+1	1.59051E+3	3.40369E+3	1.28188E+5	8.95643E+4	1.55770E+5	1.80470E+5
3.62000E+1	1.52339E+3	3.36168E+3	1.26645E+5	8.89228E+4	1.55559E+5	1.78267E+5
3.63000E+1	1.51808E+3	3.34379E+3	1.26033E+5	8.87654E+4	1.56722E+5	1.79050E+5
3.64000E+1	1.51011E+3	3.34310E+3	1.25094E+5	8.74057E+4	1.55730E+5	1.77117E+5
3.65000E+1	1.48821E+3	3.27330E+3	1.24112E+5	8.71560E+4	1.56175E+5	1.76268E+5
3.66000E+1	1.52937E+3	3.28155E+3	1.23799E+5	8.70026E+4	1.56643E+5	1.75584E+5
3.67000E+1	1.51210E+3	3.27811E+3	1.23275E+5	8.69137E+4	1.57717E+5	1.76625E+5
3.68000E+1	1.49883E+3	3.28499E+3	1.21336E+5	8.55993E+4	1.57906E+5	1.75819E+5
3.69000E+1	1.50746E+3	3.25132E+3	1.18815E+5	8.49855E+4	1.56739E+5	1.72686E+5
3.70000E+1	1.48489E+3	3.19536E+3	1.18651E+5	8.50329E+4	1.58135E+5	1.73759E+5
3.71000E+1	1.48057E+3	3.20874E+3	1.18331E+5	8.51565E+4	1.58611E+5	1.73525E+5
3.72000E+1	1.50049E+3	3.24891E+3	1.19357E+5	8.40684E+4	1.58781E+5	1.72976E+5
3.73000E+1	1.49451E+3	3.18953E+3	1.18562E+5	8.32826E+4	1.58105E+5	1.71301E+5
3.74000E+1	1.49086E+3	3.14084E+3	1.19234E+5	8.39092E+4	1.58729E+5	1.70672E+5
3.75000E+1	1.46598E+3	3.13330E+3	1.20007E+5	8.37187E+4	1.59740E+5	1.71910E+5
3.76000E+1	1.50679E+3	3.11754E+3	1.19654E+5	8.33952E+4	1.58863E+5	1.70542E+5
3.77000E+1	1.52538E+3	3.15181E+3	1.19953E+5	8.32512E+4	1.60062E+5	1.71415E+5
3.78000E+1	1.46134E+3	3.12097E+3	1.18719E+5	8.27678E+4	1.58867E+5	1.70053E+5
3.79000E+1	1.48754E+3	3.10213E+3	1.20223E+5	8.35145E+4	1.59464E+5	1.71413E+5
3.80000E+1	1.50380E+3	3.12474E+3	1.20071E+5	8.26280E+4	1.59157E+5	1.69492E+5
3.81000E+1	1.48257E+3	3.06858E+3	1.20818E+5	8.26860E+4	1.59799E+5	1.69682E+5
3.82000E+1	1.47659E+3	3.08946E+3	1.21363E+5	8.27796E+4	1.59490E+5	1.70248E+5
3.83000E+1	1.53203E+3	3.04497E+3	1.21798E+5	8.36904E+4	1.59547E+5	1.69387E+5
3.84000E+1	1.49750E+3	3.04668E+3	1.24004E+5	8.40029E+4	1.60158E+5	1.70882E+5
3.85000E+1	1.50712E+3	3.05934E+3	1.24781E+5	8.45433E+4	1.60084E+5	1.70927E+5
3.86000E+1	1.47759E+3	3.06139E+3	1.25951E+5	8.44523E+4	1.60446E+5	1.72048E+5
3.87000E+1	1.50978E+3	3.02205E+3	1.25250E+5	8.44940E+4	1.60875E+5	1.71893E+5
3.88000E+1	1.51874E+3	3.02205E+3	1.26043E+5	8.46224E+4	1.60978E+5	1.71211E+5
3.89000E+1	1.52107E+3	3.01453E+3	1.25557E+5	8.42159E+4	1.59490E+5	1.70873E+5
3.90000E+1	1.53767E+3	2.96362E+3	1.24803E+5	8.42016E+4	1.59159E+5	1.69469E+5
3.91000E+1	1.54897E+3	2.97352E+3	1.27489E+5	8.46410E+4	1.59753E+5	1.70771E+5
3.92000E+1	1.54398E+3	2.99573E+3	1.29157E+5	8.50263E+4	1.60935E+5	1.72492E+5
3.93000E+1	1.55162E+3	2.95269E+3	1.30310E+5	8.50847E+4	1.60661E+5	1.72447E+5
3.94000E+1	1.53800E+3	3.01624E+3	1.29353E+5	8.51388E+4	1.59701E+5	1.71696E+5
3.95000E+1	1.51974E+3	2.91548E+3	1.29401E+5	8.57082E+4	1.59090E+5	1.70062E+5
3.96000E+1	1.52871E+3	2.92777E+3	1.30578E+5	8.65564E+4	1.58999E+5	1.70804E+5
3.97000E+1	1.52704E+3	2.92435E+3	1.31540E+5	8.70815E+4	1.59740E+5	1.72729E+5
3.98000E+1	1.57389E+3	2.92913E+3	1.32420E+5	8.75495E+4	1.60080E+5	1.72315E+5
3.99000E+1	1.57289E+3	2.90593E+3	1.31614E+5	8.77174E+4	1.59540E+5	1.72480E+5
4.00000E+1	1.51742E+3	2.91377E+3	1.29931E+5	8.73921E+4	1.59285E+5	1.72134E+5
4.01000E+1	1.54066E+3	2.91548E+3	1.29810E+5	8.68383E+4	1.58893E+5	1.71389E+5
4.02000E+1	1.55362E+3	2.89876E+3	1.29815E+5	8.69576E+4	1.58895E+5	1.71822E+5
4.03000E+1	1.52173E+3	2.88989E+3	1.30871E+5	8.72271E+4	1.60746E+5	1.73202E+5
4.04000E+1	1.52505E+3	2.87660E+3	1.28676E+5	8.58561E+4	1.59919E+5	1.71774E+5
4.05000E+1	1.51775E+3	2.86603E+3	1.27188E+5	8.64063E+4	1.60006E+5	1.71536E+5
4.06000E+1	1.52472E+3	2.86603E+3	1.27329E+5	8.60176E+4	1.60418E+5	1.72708E+5
4.07000E+1	1.54863E+3	2.92469E+3	1.26457E+5	8.49832E+4	1.60350E+5	1.70582E+5
4.08000E+1	1.55893E+3	2.86500E+3	1.26680E+5	8.46443E+4	1.60593E+5	1.71140E+5
4.09000E+1	1.53037E+3	2.86432E+3	1.27141E+5	8.50240E+4	1.60267E+5	1.71199E+5
4.10000E+1	1.54000E+3	2.84319E+3	1.27384E+5	8.48004E+4	1.60197E+5	1.70027E+5
4.11000E+1	1.54498E+3	2.86500E+3	1.29282E+5	8.57448E+4	1.60981E+5	1.72852E+5
4.12000E+1	1.55794E+3	2.81117E+3	1.29689E+5	8.54363E+4	1.60825E+5	1.71316E+5
4.13000E+1	1.53900E+3	2.80845E+3	1.31088E+5	8.60020E+4	1.60047E+5	1.71505E+5
4.14000E+1	1.59317E+3	2.85103E+3	1.32339E+5	8.62218E+4	1.60731E+5	1.72693E+5
4.15000E+1	1.54465E+3	2.80232E+3	1.31737E+5	8.54718E+4	1.59825E+5	1.70953E+5
4.16000E+1	1.55694E+3	2.83058E+3	1.32542E+5	8.69441E+4	1.60346E+5	1.72428E+5
4.17000E+1	1.58852E+3	2.81321E+3	1.33962E+5	8.74431E+4	1.60602E+5	1.73282E+5
4.18000E+1	1.56060E+3	2.80436E+3	1.31964E+5	8.67989E+4	1.59560E+5	1.71703E+5
4.19000E+1	1.54996E+3	2.82684E+3	1.31842E+5	8.71898E+4	1.60845E+5	1.73060E+5
4.20000E+1	1.55794E+3	2.79449E+3	1.29411E+5	8.71266E+4	1.60350E+5	1.72038E+5
4.21000E+1	1.54731E+3	2.80027E+3	1.28770E+5	8.70207E+4	1.61025E+5	1.72739E+5
4.22000E+1	1.53136E+3	2.80470E+3	1.26957E+5	8.62698E+4	1.59395E+5	1.71010E+5
4.23000E+1	1.53070E+3	2.77509E+3	1.27569E+5	8.62967E+4	1.60165E+5	1.71988E+5
4.24000E+1	1.55794E+3	2.80708E+3	1.27381E+5	8.63537E+4	1.61484E+5	1.72765E+5
4.25000E+1	1.53269E+3	2.77168E+3	1.25734E+5	8.59641E+4	1.60448E+5	1.71121E+5
4.26000E+1	1.51874E+3	2.74685E+3	1.24703E+5	8.62777E+4	1.61194E+5	1.70911E+5
4.27000E+1	1.53402E+3	2.77134E+3	1.26010E+5	8.61816E+4	1.62005E+5	1.71938E+5
4.28000E+1	1.52572E+3	2.78768E+3	1.24983E+5	8.54685E+4	1.61561E+5	1.70582E+5
4.29000E+1	1.52671E+3	2.76488E+3	1.25466E+5	8.56715E+4	1.61022E+5	1.70276E+5
4.30000E+1	1.52638E+3	2.76726E+3	1.26925E+5	8.61202E+4	1.61905E+5	1.71389E+5
4.31000E+1	1.47892E+3	2.74311E+3	1.27113E+5	8.52593E+4	1.62461E+5	1.71667E+5
4.32000E+1	1.55395E+3	2.70775E+3	1.25882E+5	8.50925E+4	1.60948E+5	1.70958E+5
4.33000E+1	1.56159E+3	2.75195E+3	1.26333E+5	8.59652E+4	1.61363E+5	1.71060E+5
4.34000E+1	1.50181E+3	2.73427E+3	1.28146E+5	8.66900E+4	1.62171E+5	1.71406E+5
4.35000E+1	1.56525E+3	2.73903E+3	1.28529E+5	8.70883E+4	1.62260E+5	1.71290E+5
4.36000E+1	1.51542E+3	2.76454E+3	1.28753E+5	8.68664E+4	1.62100E+5	1.71812E+5
4.37000E+1	1.55196E+3	2.73563E+3	1.26351E+5	8.58127E+4	1.61057E+5	1.70290E+5
4.38000E+1	1.49883E+3	2.70537E+3	1.25519E+5	8.60532E+4	1.60983E+5	1.69509E+5
4.39000E+1	1.54398E+3	2.69450E+3	1.26465E+5	8.63873E+4	1.61722E+5	1.70441E+5
4.40000E+1	1.54897E+3	2.72135E+3	1.28002E+5	8.67461E+4	1.62910E+5	1.71354E+5
4.41000E+1	1.55761E+3	2.73801E+3	1.25959E+5	8.65452E+4	1.61786E+5	1.69661E+5
4.42000E+1	1.57721E+3	2.71251E+3	1.26884E+5	8.63862E+4	1.62579E+5	1.70481E+5
4.43000E+1	1.54465E+3	2.68023E+3	1.26145E+5	8.55017E+4	1.62100E+5	1.70623E+5
4.44000E+1	1.55860E+3	2.69280E+3	1.25776E+5	8.55894E+4	1.61806E+5	1.69037E+5
4.45000E+1	1.54033E+3	2.69144E+3	1.27833E+5	8.65329E+4	1.63211E+5	1.70585E+5
4.46000E+1	1.52372E+3	2.70062E+3	1.28161E+5	8.62743E+4	1.62428E+5	1.69539E+5
4.47000E+1	1.53601E+3	2.66020E+3	1.29859E+5	8.62006E+4	1.62979E+5	1.71529E+5
4.48000E+1	1.61579E+3	2.70231E+3	1.30911E+5	8.61916E+4	1.62127E+5	1.70053E+5
4.49000E+1	1.55030E+3	2.69756E+3	1.32316E+5	8.75869E+4	1.63937E+5	1.72110E+5
4.50000E+1	1.58652E+3	2.71489E+3	1.32497E+5	8.66361E+4	1.62237E+5	1.70297E+5
4.51000E+1	1.62311E+3	2.70537E+3	1.35728E+5	8.77685E+4	1.63006E+5	1.72799E+5
4.52000E+1	1.60681E+3	2.68567E+3	1.35456E+5	8.79789E+4	1.62142E+5	1.71696E+5
4.53000E+1	1.58985E+3	2.70231E+3	1.36603E+5	8.87378E+4	1.62735E+5	1.72320E+5
4.54000E+1	1.60980E+3	2.66461E+3	1.36814E+5	8.96639E+4	1.62178E+5	1.71869E+5
4.55000E+1	1.63742E+3	2.67378E+3	1.38265E+5	8.97694E+4	1.62448E+5	1.75052E+5
4.56000E+1	1.62610E+3	2.65646E+3	1.36333E+5	8.94520E+4	1.61777E+5	1.73795E+5
4.57000E+1	1.63608E+3	2.69178E+3	1.35682E+5	8.98541E+4	1.61431E+5	1.72861E+5
4.58000E+1	1.60714E+3	2.65952E+3	1.35911E+5	9.10307E+4	1.61425E+5	1.73445E+5
4.59000E+1	1.65273E+3	2.68567E+3	1.36596E+5	9.13829E+4	1.62577E+5	1.74381E+5
4.60000E+1	1.61978E+3	2.62965E+3	1.36977E+5	9.09943E+4	1.62677E+5	1.75147E+5
4.61000E+1	1.60315E+3	2.68329E+3	1.36773E+5	9.11566E+4	1.61486E+5	1.74250E+5
4.62000E+1	1.61113E+3	2.68091E+3	1.38210E+5	9.16346E+4	1.62979E+5	1.74519E+5
4.63000E+1	1.60282E+3	2.62456E+3	1.38874E+5	9.10884E+4	1.62902E+5	1.75687E+5
4.64000E+1	1.62910E+3	2.63677E+3	1.38258E+5	9.04097E+4	1.61427E+5	1.74015E+5
4.65000E+1	1.65872E+3	2.66699E+3	1.39163E+5	9.11919E+4	1.61304E+5	1.74628E+5
4.66000E+1	1.64973E+3	2.63474E+3	1.40741E+5	9.21399E+4	1.62122E+5	1.75577E+5
4.67000E+1	1.63509E+3	2.65103E+3	1.42765E+5	9.23924E+4	1.62919E+5	1.76579E+5
4.68000E+1	1.67037E+3	2.65986E+3	1.41805E+5	9.20650E+4	1.61599E+5	1.74884E+5
4.69000E+1	1.64907E+3	2.67038E+3	1.42581E+5	9.24377E+4	1.61486E+5	1.74674E+5
4.70000E+1	1.64474E+3	2.65986E+3	1.43292E+5	9.31959E+4	1.61645E+5	1.76658E+5
4.71000E+1	1.64707E+3	2.64797E+3	1.42184E+5	9.30073E+4	1.61038E+5	1.75486E+5
4.72000E+1	1.63242E+3	2.66902E+3	1.44280E+5	9.40498E+4	1.62014E+5	1.77176E+5
4.73000E+1	1.69103E+3	2.61506E+3	1.43799E+5	9.29629E+4	1.61451E+5	1.77431E+5
4.74000E+1	1.65439E+3	2.63202E+3	1.42415E+5	9.35718E+4	1.60676E+5	1.76766E+5
4.75000E+1	1.66671E+3	2.66902E+3	1.43281E+5	9.38995E+4	1.61656E+5	1.77752E+5
4.76000E+1	1.64873E+3	2.63915E+3	1.41631E+5	9.27688E+4	1.61592E+5	1.75819E+5
4.77000E+1	1.63708E+3	2.60251E+3	1.40642E+5	9.30673E+4	1.60661E+5	1.76190E+5
4.78000E+1	1.66272E+3	2.65374E+3	1.40160E+5	9.30661E+4	1.62149E+5	1.77181E+5
4.79000E+1	1.63908E+3	2.66189E+3	1.37668E+5	9.18312E+4	1.60946E+5	1.75689E+5
4.80000E+1	1.60315E+3	2.64899E+3	1.36787E+5	9.26551E+4	1.61797E+5	1.76480E+5
4.81000E+1	1.64640E+3	2.66223E+3	1.35558E+5	9.13605E+4	1.62373E+5	1.75900E+5
4.82000E+1	1.62976E+3	2.61913E+3	1.33807E+5	9.10860E+4	1.61108E+5	1.74682E+5
4.83000E+1	1.60049E+3	2.62659E+3	1.33881E+5	9.13640E+4	1.61577E+5	1.76038E+5
4.84000E+1	1.57190E+3	2.65103E+3	1.33782E+5	9.06775E+4	1.62322E+5	1.75966E+5
4.85000E+1	1.61146E+3	2.59572E+3	1.32656E+5	8.99006E+4	1.61919E+5	1.73909E+5
4.86000E+1	1.60082E+3	2.62557E+3	1.31693E+5	8.97671E+4	1.62001E+5	1.72729E+5
4.87000E+1	1.57954E+3	2.59776E+3	1.32825E+5	9.06506E+4	1.62744E+5	1.73706E+5
4.88000E+1	1.61412E+3	2.60827E+3	1.32676E+5	8.88630E+4	1.62262E+5	1.73628E+5
4.89000E+1	1.62178E+3	2.64526E+3	1.33176E+5	8.90079E+4	1.61383E+5	1.72981E+5
4.90000E+1	1.55893E+3	2.65578E+3	1.33446E+5	8.93134E+4	1.63468E+5	1.73836E+5
4.91000E+1	1.57123E+3	2.60725E+3	1.32490E+5	8.86346E+4	1.61500E+5	1.72480E+5
4.92000E+1	1.58386E+3	2.61811E+3	1.33476E+5	8.94173E+4	1.62441E+5	1.72948E+5
4.93000E+1	1.57821E+3	2.62252E+3	1.33670E+5	8.90240E+4	1.63294E+5	1.74090E+5
4.94000E+1	1.61279E+3	2.61845E+3	1.31581E+5	8.80654E+4	1.62881E+5	1.72165E+5
4.95000E+1	1.54930E+3	2.59742E+3	1.31264E+5	8.84616E+4	1.63091E+5	1.71548E+5
4.96000E+1	1.54598E+3	2.61031E+3	1.29803E+5	8.76005E+4	1.62295E+5	1.71946E+5
4.97000E+1	1.61778E+3	2.60488E+3	1.30205E+5	8.78469E+4	1.63011E+5	1.71356E+5
4.98000E+1	1.54564E+3	2.60217E+3	1.28427E+5	8.70782E+4	1.62142E+5	1.71145E+5
4.99000E+1	1.54930E+3	2.61302E+3	1.29160E+5	8.79333E+4	1.63782E+5	1.71486E+5
5.00000E+1	1.60282E+3	2.59064E+3	1.28020E+5	8.65217E+4	1.62808E+5	1.69415E+5
5.01000E+1	1.54531E+3	2.57301E+3	1.28947E+5	8.72565E+4	1.64310E+5	1.70755E+5
5.02000E+1	1.51708E+3	2.60624E+3	1.29162E+5	8.63481E+4	1.64589E+5	1.71349E+5
5.03000E+1	1.58453E+3	2.61879E+3	1.29353E+5	8.59039E+4	1.64253E+5	1.70474E+5
5.04000E+1	1.52040E+3	2.57708E+3	1.28228E+5	8.56615E+4	1.63386E+5	1.68585E+5
5.05000E+1	1.55262E+3	2.60386E+3	1.29772E+5	8.64197E+4	1.64247E+5	1.70053E+5
5.06000E+1	1.56724E+3	2.58250E+3	1.28672E+5	8.53256E+4	1.63261E+5	1.67992E+5
5.07000E+1	1.60348E+3	2.58182E+3	1.30674E+5	8.66428E+4	1.63970E+5	1.69497E+5
5.08000E+1	1.56990E+3	2.58013E+3	1.30551E+5	8.59429E+4	1.63475E+5	1.68567E+5
5.09000E+1	1.59084E+3	2.58284E+3	1.32088E+5	8.66675E+4	1.63634E+5	1.68362E+5
5.10000E+1	1.58353E+3	2.57369E+3	1.33327E+5	8.63235E+4	1.63522E+5	1.70314E+5
5.11000E+1	1.57389E+3	2.57436E+3	1.33327E+5	8.63168E+4	1.63535E+5	1.68960E+5
5.12000E+1	1.60947E+3	2.57369E+3	1.35190E+5	8.78082E+4	1.63055E+5	1.69591E+5
5.13000E+1	1.61113E+3	2.56589E+3	1.36708E+5	8.84113E+4	1.63780E+5	1.70795E+5
5.14000E+1	1.62377E+3	2.55674E+3	1.35226E+5	8.81064E+4	1.62384E+5	1.69411E+5
5.15000E+1	1.60016E+3	2.54861E+3	1.35932E+5	8.91784E+4	1.62993E+5	1.69893E+5
5.16000E+1	1.60747E+3	2.52727E+3	1.35555E+5	8.89515E+4	1.63078E+5	1.70873E+5
5.17000E+1	1.62211E+3	2.54217E+3	1.35993E+5	8.99831E+4	1.62788E+5	1.70041E+5
5.18000E+1	1.61379E+3	2.58996E+3	1.38119E+5	8.96488E+4	1.63759E+5	1.71408E+5
5.19000E+1	1.60647E+3	2.56386E+3	1.36758E+5	8.97427E+4	1.61879E+5	1.69649E+5
5.20000E+1	1.59716E+3	2.56589E+3	1.37975E+5	9.08369E+4	1.64206E+5	1.71327E+5
5.21000E+1	1.65373E+3	2.59301E+3	1.41201E+5	9.00168E+4	1.63354E+5	1.71727E+5
5.22000E+1	1.66105E+3	2.55708E+3	1.45048E+5	9.13216E+4	1.62832E+5	1.72258E+5
5.23000E+1	1.73569E+3	2.57403E+3	1.53297E+5	9.21792E+4	1.64535E+5	1.74487E+5
5.24000E+1	1.75170E+3	2.59064E+3	1.60084E+5	9.28490E+4	1.63426E+5	1.75920E+5
5.25000E+1	1.85086E+3	2.60149E+3	1.68164E+5	9.53296E+4	1.62313E+5	1.76286E+5
5.26000E+1	1.93247E+3	2.55877E+3	1.79788E+5	9.84808E+4	1.61998E+5	1.80358E+5
5.27000E+1	2.03769E+3	2.59165E+3	1.91754E+5	1.00811E+5	1.60985E+5	1.82700E+5
5.28000E+1	2.10750E+3	2.57403E+3	2.04837E+5	1.03918E+5	1.60051E+5	1.84992E+5
5.29000E+1	2.22318E+3	2.59132E+3	2.22497E+5	1.08380E+5	1.59241E+5	1.89413E+5
5.30000E+1	2.27303E+3	2.65340E+3	2.38448E+5	1.12082E+5	1.57944E+5	1.93335E+5
5.31000E+1	2.34823E+3	2.59267E+3	2.55597E+5	1.17727E+5	1.56152E+5	1.95790E+5
5.32000E+1	2.47122E+3	2.61879E+3	2.75080E+5	1.22898E+5	1.55983E+5	2.00137E+5
5.33000E+1	2.60705E+3	2.62082E+3	2.89794E+5	1.27782E+5	1.53985E+5	2.01396E+5
5.34000E+1	2.67425E+3	2.63745E+3	3.14504E+5	1.34312E+5	1.53047E+5	2.07332E+5
5.35000E+1	2.80586E+3	2.66834E+3	3.39084E+5	1.40582E+5	1.53564E+5	2.13309E+5
5.36000E+1	3.05434E+3	2.73903E+3	3.61928E+5	1.46121E+5	1.51377E+5	2.17940E+5
5.37000E+1	3.05229E+3	2.70945E+3	3.81811E+5	1.53130E+5	1.49670E+5	2.20982E+5
5.38000E+1	3.21094E+3	2.67446E+3	4.10916E+5	1.62876E+5	1.48752E+5	2.27992E+5
5.39000E+1	3.32466E+3	2.67480E+3	4.36063E+5	1.69797E+5	1.48064E+5	2.32992E+5
5.40000E+1	3.53662E+3	2.71897E+3	4.66097E+5	1.77973E+5	1.47403E+5	2.38645E+5
5.41000E+1	3.65833E+3	2.72815E+3	4.88999E+5	1.86899E+5	1.45238E+5	2.41909E+5
5.42000E+1	3.79976E+3	2.73903E+3	5.27203E+5	1.97302E+5	1.45201E+5	2.50314E+5
5.43000E+1	4.01019E+3	2.77781E+3	5.50767E+5	2.04121E+5	1.42710E+5	2.54961E+5
5.44000E+1	4.13232E+3	2.77849E+3	5.87585E+5	2.16930E+5	1.42452E+5	2.59774E+5
5.45000E+1	4.36305E+3	2.81492E+3	6.11918E+5	2.24685E+5	1.40238E+5	2.65851E+5
5.46000E+1	4.45401E+3	2.86841E+3	6.59602E+5	2.38442E+5	1.40260E+5	2.75649E+5
5.47000E+1	4.66322E+3	2.86091E+3	6.75622E+5	2.45856E+5	1.38292E+5	2.76661E+5
5.48000E+1	4.77769E+3	2.83399E+3	7.31938E+5	2.60045E+5	1.39104E+5	2.88888E+5
5.49000E+1	4.99956E+3	2.87932E+3	7.42209E+5	2.67749E+5	1.36283E+5	2.90916E+5
5.50000E+1	5.29163E+3	2.89399E+3	7.98267E+5	2.81935E+5	1.36851E+5	3.00530E+5
5.51000E+1	5.40390E+3	2.91616E+3	8.04049E+5	2.91680E+5	1.34375E+5	3.05591E+5
5.52000E+1	5.76737E+3	2.96601E+3	8.74433E+5	3.05835E+5	1.34606E+5	3.17315E+5
5.53000E+1	5.82398E+3	2.95200E+3	8.69351E+5	3.14844E+5	1.32858E+5	3.20344E+5
5.54000E+1	6.03474E+3	2.97865E+3	9.37696E+5	3.30822E+5	1.31706E+5	3.28284E+5
5.55000E+1	6.40112E+3	2.97933E+3	1.00379E+6	3.46463E+5	1.31735E+5	3.41460E+5
5.56000E+1	6.50627E+3	2.99607E+3	1.02004E+6	3.56610E+5	1.30451E+5	3.49092E+5
5.57000E+1	6.73333E+3	3.00769E+3	1.03569E+6	3.70444E+5	1.28996E+5	3.50370E+5
5.58000E+1	7.00894E+3	3.07405E+3	1.09328E+6	3.85446E+5	1.28489E+5	3.65485E+5
5.59000E+1	7.25779E+3	3.09117E+3	1.11982E+6	3.97825E+5	1.27940E+5	3.72406E+5
5.60000E+1	7.44752E+3	3.03505E+3	1.13109E+6	4.11846E+5	1.26524E+5	3.77883E+5
5.61000E+1	7.75525E+3	3.09151E+3	1.20243E+6	4.29284E+5	1.25939E+5	3.94723E+5
5.62000E+1	7.98730E+3	3.12645E+3	1.23423E+6	4.39037E+5	1.24590E+5	3.97132E+5
5.63000E+1	8.27433E+3	3.15627E+3	1.27197E+6	4.53168E+5	1.24926E+5	4.10030E+5
5.64000E+1	8.49535E+3	3.17547E+3	1.27016E+6	4.64916E+5	1.23291E+5	4.16626E+5
5.65000E+1	8.81217E+3	3.21527E+3	1.32842E+6	4.75250E+5	1.22284E+5	4.23474E+5
5.66000E+1	9.00094E+3	3.22282E+3	1.36371E+6	4.95387E+5	1.22168E+5	4.37758E+5
5.67000E+1	9.37234E+3	3.18027E+3	1.37969E+6	5.04089E+5	1.21056E+5	4.46017E+5
5.68000E+1	9.68152E+3	3.26368E+3	1.40320E+6	5.17390E+5	1.20512E+5	4.55098E+5
5.69000E+1	9.92273E+3	3.27846E+3	1.44418E+6	5.31933E+5	1.20143E+5	4.73370E+5
5.70000E+1	1.01533E+4	3.27811E+3	1.47186E+6	5.44356E+5	1.19161E+5	4.77498E+5
5.71000E+1	1.05322E+4	3.32246E+3	1.47066E+6	5.53486E+5	1.17852E+5	4.84865E+5
5.72000E+1	1.07756E+4	3.27674E+3	1.56405E+6	5.73902E+5	1.17942E+5	5.04349E+5
5.73000E+1	1.10494E+4	3.37786E+3	1.55447E+6	5.78735E+5	1.16878E+5	5.06237E+5
5.74000E+1	1.12724E+4	3.34689E+3	1.59772E+6	5.96587E+5	1.16415E+5	5.25037E+5
5.75000E+1	1.16880E+4	3.41472E+3	1.62441E+6	6.02181E+5	1.15630E+5	5.31240E+5
5.76000E+1	1.20719E+4	3.45987E+3	1.66571E+6	6.25622E+5	1.14866E+5	5.47327E+5
5.77000E+1	1.22664E+4	3.45263E+3	1.70336E+6	6.31263E+5	1.14055E+5	5.51416E+5
5.78000E+1	1.26380E+4	3.43574E+3	1.74835E+6	6.39892E+5	1.13900E+5	5.67771E+5
5.79000E+1	1.28210E+4	3.45539E+3	1.77459E+6	6.53013E+5	1.12877E+5	5.84680E+5
5.80000E+1	1.33699E+4	3.50679E+3	1.79890E+6	6.61100E+5	1.12418E+5	5.92981E+5
5.81000E+1	1.35262E+4	3.54028E+3	1.84568E+6	6.82296E+5	1.11699E+5	6.04734E+5
5.82000E+1	1.38409E+4	3.52578E+3	1.81212E+6	6.86498E+5	1.11127E+5	6.16743E+5
5.83000E+1	1.40702E+4	3.57380E+3	1.83585E+6	7.00287E+5	1.10595E+5	6.22768E+5
5.84000E+1	1.44547E+4	3.57794E+3	1.90086E+6	7.15403E+5	1.10205E+5	6.41307E+5
5.85000E+1	1.48668E+4	3.57449E+3	1.91150E+6	7.27511E+5	1.09847E+5	6.59017E+5
5.86000E+1	1.50281E+4	3.67897E+3	1.95368E+6	7.25816E+5	1.08854E+5	6.69155E+5
5.87000E+1	1.52468E+4	3.72435E+3	1.92951E+6	7.35598E+5	1.08189E+5	6.73294E+5
5.88000E+1	1.56629E+4	3.69906E+3	1.98780E+6	7.53402E+5	1.07960E+5	6.97965E+5
5.89000E+1	1.58896E+4	3.69040E+3	1.98879E+6	7.54742E+5	1.07158E+5	6.98848E+5
5.90000E+1	1.62925E+4	3.81698E+3	2.09282E+6	7.73184E+5	1.07027E+5	7.21404E+5
5.91000E+1	1.65546E+4	3.83330E+3	1.99896E+6	7.89652E+5	1.06303E+5	7.29482E+5
5.92000E+1	1.68160E+4	3.79685E+3	2.07835E+6	7.96461E+5	1.05924E+5	7.42015E+5
5.93000E+1	1.71626E+4	3.89308E+3	2.05821E+6	7.96642E+5	1.05155E+5	7.63567E+5
5.94000E+1	1.74045E+4	3.76700E+3	2.05806E+6	8.15390E+5	1.05079E+5	7.73506E+5
5.95000E+1	1.76591E+4	3.84998E+3	2.05536E+6	8.12564E+5	1.04284E+5	7.78749E+5
5.96000E+1	1.79672E+4	3.85206E+3	2.21274E+6	8.33421E+5	1.04096E+5	8.03746E+5
5.97000E+1	1.83184E+4	3.90699E+3	2.28966E+6	8.44900E+5	1.04062E+5	8.29844E+5
5.98000E+1	1.83960E+4	3.92299E+3	2.15823E+6	8.36886E+5	1.02943E+5	8.25547E+5
5.99000E+1	1.88543E+4	4.04910E+3	2.23098E+6	8.47612E+5	1.02919E+5	8.49935E+5
6.00000E+1	1.89368E+4	3.99576E+3	2.20536E+6	8.72827E+5	1.02587E+5	8.70670E+5
6.01000E+1	1.92704E+4	4.00587E+3	2.22156E+6	8.62987E+5	1.01616E+5	8.74479E+5
6.02000E+1	1.95828E+4	4.07666E+3	2.35118E+6	8.98841E+5	1.01934E+5	9.01681E+5
6.03000E+1	1.97577E+4	4.10424E+3	2.15184E+6	8.61347E+5	1.01264E+5	8.89199E+5
6.04000E+1	2.00941E+4	4.09097E+3	2.30615E+6	8.97685E+5	1.01152E+5	9.29830E+5
6.05000E+1	2.03852E+4	4.11891E+3	2.32855E+6	8.98648E+5	1.00505E+5	9.42138E+5
6.06000E+1	2.05732E+4	4.17656E+3	2.37700E+6	9.14677E+5	9.99507E+4	9.52671E+5
6.07000E+1	2.08977E+4	4.17097E+3	2.30895E+6	9.02648E+5	9.99532E+4	9.67918E+5
6.08000E+1	2.13069E+4	4.23744E+3	2.52200E+6	9.21119E+5	9.93766E+4	9.92885E+5
6.09000E+1	2.12031E+4	4.19125E+3	2.41290E+6	9.08840E+5	9.87587E+4	9.80633E+5
6.10000E+1	2.16153E+4	4.34992E+3	2.53335E+6	9.32429E+5	9.92358E+4	1.01768E+6
6.11000E+1	2.18737E+4	4.32011E+3	2.37424E+6	9.28836E+5	9.85972E+4	1.01965E+6
6.12000E+1	2.20851E+4	4.35203E+3	2.43838E+6	9.46315E+5	9.81572E+4	1.02611E+6
6.13000E+1	2.23618E+4	4.35729E+3	2.50900E+6	9.59856E+5	9.79134E+4	1.07310E+6
6.14000E+1	2.26218E+4	4.47742E+3	2.57418E+6	9.68282E+5	9.75908E+4	1.07961E+6
6.15000E+1	2.26679E+4	4.44648E+3	2.47587E+6	9.66483E+5	9.72029E+4	1.07790E+6
6.16000E+1	2.29083E+4	4.46617E+3	2.46735E+6	9.70160E+5	9.66619E+4	1.10110E+6
6.17000E+1	2.33901E+4	4.52703E+3	2.73334E+6	9.91037E+5	9.68665E+4	1.14375E+6
6.18000E+1	2.32911E+4	4.50838E+3	2.53514E+6	9.88054E+5	9.64466E+4	1.11664E+6
6.19000E+1	2.36939E+4	4.57528E+3	2.54299E+6	9.93073E+5	9.62330E+4	1.14744E+6
6.20000E+1	2.38949E+4	4.61475E+3	2.72431E+6	1.00660E+6	9.63447E+4	1.17795E+6
6.21000E+1	2.39795E+4	4.61017E+3	2.59414E+6	9.89735E+5	9.51412E+4	1.15511E+6
6.22000E+1	2.43550E+4	4.70121E+3	2.68354E+6	1.04729E+6	9.55506E+4	1.19973E+6
6.23000E+1	2.43994E+4	4.69626E+3	2.53178E+6	1.01683E+6	9.50002E+4	1.21548E+6
6.24000E+1	2.46777E+4	4.74997E+3	2.64053E+6	1.01888E+6	9.47250E+4	1.22934E+6
6.25000E+1	2.48010E+4	4.78144E+3	2.60943E+6	1.03500E+6	9.45760E+4	1.22843E+6
6.26000E+1	2.50111E+4	4.70474E+3	2.73852E+6	1.02901E+6	9.46761E+4	1.27043E+6
6.27000E+1	2.50046E+4	4.82779E+3	2.62441E+6	1.04683E+6	9.42692E+4	1.25974E+6
6.28000E+1	2.54233E+4	4.84833E+3	2.86430E+6	1.05545E+6	9.39669E+4	1.32275E+6
6.29000E+1	2.53650E+4	4.91708E+3	2.82878E+6	1.02643E+6	9.38046E+4	1.30472E+6
6.30000E+1	2.56025E+4	4.93269E+3	2.63787E+6	1.05348E+6	9.36160E+4	1.34152E+6
6.31000E+1	2.58234E+4	4.98167E+3	2.79545E+6	1.03821E+6	9.36353E+4	1.34159E+6
6.32000E+1	2.57836E+4	5.02927E+3	2.86232E+6	1.05493E+6	9.29744E+4	1.37026E+6
6.33000E+1	2.61128E+4	5.01541E+3	2.81256E+6	1.05640E+6	9.28761E+4	1.36679E+6
6.34000E+1	2.60242E+4	5.09826E+3	2.87253E+6	1.07727E+6	9.29013E+4	1.38539E+6
6.35000E+1	2.62733E+4	5.15095E+3	2.84517E+6	1.05536E+6	9.22156E+4	1.40047E+6
6.36000E+1	2.63664E+4	5.14952E+3	2.77933E+6	1.08108E+6	9.24217E+4	1.42802E+6
6.37000E+1	2.65560E+4	5.19193E+3	2.77880E+6	1.08131E+6	9.21513E+4	1.43870E+6
6.38000E+1	2.64637E+4	5.23366E+3	2.79518E+6	1.07554E+6	9.24158E+4	1.45279E+6
6.39000E+1	2.67762E+4	5.32078E+3	2.85246E+6	1.08194E+6	9.21026E+4	1.43104E+6
6.40000E+1	2.69104E+4	5.31185E+3	3.00361E+6	1.08333E+6	9.19375E+4	1.50349E+6
6.41000E+1	2.69328E+4	5.34366E+3	2.88741E+6	1.07951E+6	9.12044E+4	1.45536E+6
6.42000E+1	2.72919E+4	5.41771E+3	3.00205E+6	1.10764E+6	9.16282E+4	1.53585E+6
6.43000E+1	2.70923E+4	5.43490E+3	2.96318E+6	1.08059E+6	9.08670E+4	1.50964E+6
6.44000E+1	2.72684E+4	5.41664E+3	2.94634E+6	1.11440E+6	9.10844E+4	1.54967E+6
6.45000E+1	2.74372E+4	5.46858E+3	2.94544E+6	1.10329E+6	9.11915E+4	1.57967E+6
6.46000E+1	2.76248E+4	5.55035E+3	2.99834E+6	1.08686E+6	9.04559E+4	1.51778E+6
6.47000E+1	2.78256E+4	5.55609E+3	3.06468E+6	1.11730E+6	9.09128E+4	1.59972E+6
6.48000E+1	2.78524E+4	5.55537E+3	2.92880E+6	1.11473E+6	9.06197E+4	1.59907E+6
6.49000E+1	2.80523E+4	5.67001E+3	2.97075E+6	1.12142E+6	9.03345E+4	1.57867E+6
6.50000E+1	2.78767E+4	5.63440E+3	2.84769E+6	1.10259E+6	9.01502E+4	1.62792E+6
6.51000E+1	2.81798E+4	5.73048E+3	3.03622E+6	1.13238E+6	9.02621E+4	1.62475E+6
6.52000E+1	2.83834E+4	5.77263E+3	2.99927E+6	1.12872E+6	9.04337E+4	1.63042E+6
6.53000E+1	2.83520E+4	5.75785E+3	2.99371E+6	1.12761E+6	8.96935E+4	1.64590E+6
6.54000E+1	2.85556E+4	5.78272E+3	3.19188E+6	1.14269E+6	8.99373E+4	1.66165E+6
6.55000E+1	2.86798E+4	5.79787E+3	3.09958E+6	1.12118E+6	8.96124E+4	1.67729E+6
6.56000E+1	2.87412E+4	5.95316E+3	3.06178E+6	1.14424E+6	8.94793E+4	1.69051E+6
6.57000E+1	2.90018E+4	5.94448E+3	3.37816E+6	1.14839E+6	8.98107E+4	1.73334E+6
6.58000E+1	2.88438E+4	5.96003E+3	2.99618E+6	1.13371E+6	8.94319E+4	1.74314E+6
6.59000E+1	2.90329E+4	6.08497E+3	3.12284E+6	1.15379E+6	8.91249E+4	1.72301E+6
6.60000E+1	2.90355E+4	6.08605E+3	3.12150E+6	1.16179E+6	8.92298E+4	1.76821E+6
6.61000E+1	2.91477E+4	6.16043E+3	3.23073E+6	1.17036E+6	8.90938E+4	1.73877E+6
6.62000E+1	2.92209E+4	6.18549E+3	3.18979E+6	1.14419E+6	8.86720E+4	1.74292E+6
6.63000E+1	2.93318E+4	6.17096E+3	3.12351E+6	1.13720E+6	8.84635E+4	1.75216E+6
6.64000E+1	2.96115E+4	6.27129E+3	3.15358E+6	1.16756E+6	8.87787E+4	1.80397E+6
6.65000E+1	2.93393E+4	6.22874E+3	3.11250E+6	1.14734E+6	8.81653E+4	1.74830E+6
6.66000E+1	2.97459E+4	6.34338E+3	3.13999E+6	1.16834E+6	8.86605E+4	1.81312E+6
6.67000E+1	2.98664E+4	6.40499E+3	3.09005E+6	1.18637E+6	8.84795E+4	1.84867E+6
6.68000E+1	3.01026E+4	6.45243E+3	3.11216E+6	1.17109E+6	8.83240E+4	1.81065E+6
6.69000E+1	2.99191E+4	6.48164E+3	3.16521E+6	1.17281E+6	8.79738E+4	1.81241E+6
6.70000E+1	3.02254E+4	6.53720E+3	3.32519E+6	1.19896E+6	8.84349E+4	1.85419E+6
6.71000E+1	3.01659E+4	6.50466E+3	3.05920E+6	1.14624E+6	8.75967E+4	1.79629E+6
6.72000E+1	3.02637E+4	6.62759E+3	3.33505E+6	1.17396E+6	8.79272E+4	1.90248E+6
6.73000E+1	3.03972E+4	6.65287E+3	3.21473E+6	1.14454E+6	8.73962E+4	1.82678E+6
6.74000E+1	3.04515E+4	6.70713E+3	3.40724E+6	1.20514E+6	8.74766E+4	1.94482E+6
6.75000E+1	3.04734E+4	6.78606E+3	3.13089E+6	1.17522E+6	8.71036E+4	1.94550E+6
6.76000E+1	3.08734E+4	6.87430E+3	3.31089E+6	1.17674E+6	8.72379E+4	1.92125E+6
6.77000E+1	3.07477E+4	6.85481E+3	3.32860E+6	1.19771E+6	8.74754E+4	1.93397E+6
6.78000E+1	3.09816E+4	6.87946E+3	3.19328E+6	1.18658E+6	8.68986E+4	1.91300E+6
6.79000E+1	3.10513E+4	6.88608E+3	3.49124E+6	1.20921E+6	8.72097E+4	1.94294E+6
6.80000E+1	3.10623E+4	6.85002E+3	3.18317E+6	1.18392E+6	8.70574E+4	1.97906E+6
6.81000E+1	3.10004E+4	7.05972E+3	3.34305E+6	1.18355E+6	8.71307E+4	1.91600E+6
6.82000E+1	3.12397E+4	7.07560E+3	3.30266E+6	1.18834E+6	8.65616E+4	1.99069E+6
6.83000E+1	3.16549E+4	7.17654E+3	3.26869E+6	1.23569E+6	8.69256E+4	1.97628E+6
6.84000E+1	3.17270E+4	7.14694E+3	3.45504E+6	1.21126E+6	8.69189E+4	2.03851E+6
6.85000E+1	3.16080E+4	7.15988E+3	3.32898E+6	1.18685E+6	8.67052E+4	2.01361E+6
6.86000E+1	3.18215E+4	7.33033E+3	3.50333E+6	1.21364E+6	8.69144E+4	2.04057E+6
6.87000E+1	3.17701E+4	7.27432E+3	3.47428E+6	1.21626E+6	8.67142E+4	2.05394E+6
6.88000E+1	3.18938E+4	7.40387E+3	3.30304E+6	1.20147E+6	8.65526E+4	2.03146E+6
6.89000E+1	3.21009E+4	7.39383E+3	3.27345E+6	1.21253E+6	8.63398E+4	2.02387E+6
6.90000E+1	3.20908E+4	7.48644E+3	3.62617E+6	1.22866E+6	8.63880E+4	2.04664E+6
6.91000E+1	3.20981E+4	7.55161E+3	3.42516E+6	1.24454E+6	8.60394E+4	2.02228E+6
6.92000E+1	3.21904E+4	7.55049E+3	3.32557E+6	1.22621E+6	8.57499E+4	1.99322E+6
6.93000E+1	3.24013E+4	7.60120E+3	3.87172E+6	1.23316E+6	8.60662E+4	2.07203E+6
6.94000E+1	3.24623E+4	7.67809E+3	3.17279E+6	1.19081E+6	8.55390E+4	2.02155E+6
6.95000E+1	3.24917E+4	7.74388E+3	3.53200E+6	1.22469E+6	8.56766E+4	2.12146E+6
6.96000E+1	3.27399E+4	7.84832E+3	3.78230E+6	1.24019E+6	8.60662E+4	2.08965E+6
6.97000E+1	3.26752E+4	7.76894E+3	3.47428E+6	1.22797E+6	8.56300E+4	2.04486E+6
6.98000E+1	3.26627E+4	7.90606E+3	3.87477E+6	1.24524E+6	8.57122E+4	2.17786E+6
6.99000E+1	3.29172E+4	8.02849E+3	3.50919E+6	1.21749E+6	8.54980E+4	2.11464E+6
7.00000E+1	3.29588E+4	7.99917E+3	3.58503E+6	1.24291E+6	8.58701E+4	2.18980E+6
7.01000E+1	3.30175E+4	8.02999E+3	3.57500E+6	1.23978E+6	8.54193E+4	2.11243E+6
7.02000E+1	3.31813E+4	8.13311E+3	3.52691E+6	1.22446E+6	8.50611E+4	2.21231E+6
7.03000E+1	3.32035E+4	8.12633E+3	3.47593E+6	1.27303E+6	8.54747E+4	2.15765E+6
7.04000E+1	3.32636E+4	8.15459E+3	3.40131E+6	1.27145E+6	8.55811E+4	2.15716E+6
7.05000E+1	3.35940E+4	8.29307E+3	3.79741E+6	1.27194E+6	8.53340E+4	2.16970E+6
7.06000E+1	3.34584E+4	8.34107E+3	3.41439E+6	1.24881E+6	8.48594E+4	2.13586E+6
7.07000E+1	3.35520E+4	8.40085E+3	3.70101E+6	1.27766E+6	8.54149E+4	2.26247E+6
7.08000E+1	3.33655E+4	8.45464E+3	3.53412E+6	1.23213E+6	8.50512E+4	2.09553E+6
7.09000E+1	3.35733E+4	8.54870E+3	3.84697E+6	1.27042E+6	8.52301E+4	2.24853E+6
7.10000E+1	3.35015E+4	8.53276E+3	3.57543E+6	1.24839E+6	8.49916E+4	2.26211E+6
7.11000E+1	3.34481E+4	8.63151E+3	3.42396E+6	1.21782E+6	8.47186E+4	2.08518E+6
7.12000E+1	3.35790E+4	8.63303E+3	3.67008E+6	1.25021E+6	8.49057E+4	2.26860E+6
7.13000E+1	3.35566E+4	8.67069E+3	3.46935E+6	1.24489E+6	8.46790E+4	2.15667E+6
7.14000E+1	3.37039E+4	8.69390E+3	4.20200E+6	1.31072E+6	8.47802E+4	2.31617E+6
7.15000E+1	3.37379E+4	8.80249E+3	3.46853E+6	1.22356E+6	8.44343E+4	2.28755E+6
7.16000E+1	3.37016E+4	8.89906E+3	3.58285E+6	1.25730E+6	8.45659E+4	2.23194E+6
7.17000E+1	3.39589E+4	8.92237E+3	3.59953E+6	1.24693E+6	8.46219E+4	2.23862E+6
7.18000E+1	3.38988E+4	9.02835E+3	3.76153E+6	1.27212E+6	8.47967E+4	2.34568E+6
7.19000E+1	3.40116E+4	9.06014E+3	3.37894E+6	1.23339E+6	8.46538E+4	2.20049E+6
7.20000E+1	3.41430E+4	9.19097E+3	3.70101E+6	1.27145E+6	8.46164E+4	2.27240E+6
7.21000E+1	3.39653E+4	9.17561E+3	3.61725E+6	1.29550E+6	8.44563E+4	2.24675E+6
7.22000E+1	3.42295E+4	9.22824E+3	3.39933E+6	1.26332E+6	8.44738E+4	2.25102E+6
7.23000E+1	3.42393E+4	9.36833E+3	4.00894E+6	1.29431E+6	8.44289E+4	2.31937E+6
7.24000E+1	3.41210E+4	9.34907E+3	3.55811E+6	1.30091E+6	8.43325E+4	2.23317E+6
7.25000E+1	3.45063E+4	9.41421E+3	3.91072E+6	1.27895E+6	8.44190E+4	2.35982E+6
7.26000E+1	3.43549E+4	9.51110E+3	3.54308E+6	1.24146E+6	8.40810E+4	2.24126E+6
7.27000E+1	3.46773E+4	9.56444E+3	4.05181E+6	1.30644E+6	8.46626E+4	2.36902E+6
7.28000E+1	3.44038E+4	9.56058E+3	3.56545E+6	1.25210E+6	8.40636E+4	2.26175E+6
7.29000E+1	3.46452E+4	9.69183E+3	3.85704E+6	1.30676E+6	8.44672E+4	2.43289E+6
7.30000E+1	3.45816E+4	9.71277E+3	3.66733E+6	1.26188E+6	8.40865E+4	2.31711E+6
7.31000E+1	3.45092E+4	9.80863E+3	3.82750E+6	1.28621E+6	8.40931E+4	2.31937E+6
7.32000E+1	3.47130E+4	9.83622E+3	3.87630E+6	1.29456E+6	8.45374E+4	2.46428E+6
7.33000E+1	3.47194E+4	9.86421E+3	3.51466E+6	1.23431E+6	8.37693E+4	2.24285E+6
7.34000E+1	3.48874E+4	9.94983E+3	3.99809E+6	1.31175E+6	8.42362E+4	2.34876E+6
7.35000E+1	3.49232E+4	1.00520E+4	3.77891E+6	1.29544E+6	8.36780E+4	2.33761E+6
7.36000E+1	3.49877E+4	1.00243E+4	3.93313E+6	1.29927E+6	8.41116E+4	2.40387E+6
7.37000E+1	3.50847E+4	1.01019E+4	3.67834E+6	1.28857E+6	8.38924E+4	2.29621E+6
7.38000E+1	3.47352E+4	1.02075E+4	3.66048E+6	1.29025E+6	8.39512E+4	2.35632E+6
7.39000E+1	3.50911E+4	1.02404E+4	3.84747E+6	1.30294E+6	8.38455E+4	2.40893E+6
7.40000E+1	3.51335E+4	1.04420E+4	4.20498E+6	1.28776E+6	8.39741E+4	2.43599E+6
7.41000E+1	3.51147E+4	1.04266E+4	3.78960E+6	1.30142E+6	8.37422E+4	2.40934E+6
7.42000E+1	3.52448E+4	1.05261E+4	3.86715E+6	1.26434E+6	8.40996E+4	2.41035E+6
7.43000E+1	3.52907E+4	1.04003E+4	4.10070E+6	1.30625E+6	8.35563E+4	2.40954E+6
7.44000E+1	3.56176E+4	1.06376E+4	4.04682E+6	1.28894E+6	8.40374E+4	2.40691E+6
7.45000E+1	3.53167E+4	1.07402E+4	3.54608E+6	1.27236E+6	8.31999E+4	2.30419E+6
7.46000E+1	3.58729E+4	1.07940E+4	3.88191E+6	1.31923E+6	8.36150E+4	2.42506E+6
7.47000E+1	3.54035E+4	1.07758E+4	3.91228E+6	1.29475E+6	8.34143E+4	2.51218E+6
7.48000E+1	3.58039E+4	1.08494E+4	4.37311E+6	1.32647E+6	8.36519E+4	2.48005E+6
7.49000E+1	3.56123E+4	1.08807E+4	3.66231E+6	1.27188E+6	8.32248E+4	2.38642E+6
7.50000E+1	3.59646E+4	1.09750E+4	4.27353E+6	1.33213E+6	8.39589E+4	2.53771E+6
7.51000E+1	3.57944E+4	1.09485E+4	3.82006E+6	1.27565E+6	8.31459E+4	2.43641E+6
7.52000E+1	3.60504E+4	1.12040E+4	4.01766E+6	1.30098E+6	8.36802E+4	2.50015E+6
7.53000E+1	3.60671E+4	1.11240E+4	3.75865E+6	1.27607E+6	8.31740E+4	2.41564E+6
7.54000E+1	3.60462E+4	1.12654E+4	4.18123E+6	1.33737E+6	8.35759E+4	2.62525E+6
7.55000E+1	3.58444E+4	1.13381E+4	3.85401E+6	1.28696E+6	8.29483E+4	2.38126E+6
7.56000E+1	3.60194E+4	1.13696E+4	3.90710E+6	1.28152E+6	8.31880E+4	2.45415E+6
7.57000E+1	3.63977E+4	1.15281E+4	4.00894E+6	1.31995E+6	8.34262E+4	2.56855E+6
7.58000E+1	3.59473E+4	1.14488E+4	3.79644E+6	1.29625E+6	8.28653E+4	2.38304E+6
7.59000E+1	3.62373E+4	1.14564E+4	4.06351E+6	1.31329E+6	8.33189E+4	2.54130E+6
7.60000E+1	3.62056E+4	1.15569E+4	3.98032E+6	1.28795E+6	8.31978E+4	2.38245E+6
7.61000E+1	3.62074E+4	1.17912E+4	4.23747E+6	1.34118E+6	8.35390E+4	2.48995E+6
7.62000E+1	3.63109E+4	1.18472E+4	4.04959E+6	1.29019E+6	8.29624E+4	2.45625E+6
7.63000E+1	3.62797E+4	1.18113E+4	4.04239E+6	1.30567E+6	8.33969E+4	2.50823E+6
7.64000E+1	3.63917E+4	1.19000E+4	3.81314E+6	1.31651E+6	8.33482E+4	2.52389E+6
7.65000E+1	3.64631E+4	1.20511E+4	4.34174E+6	1.34084E+6	8.30983E+4	2.54626E+6
7.66000E+1	3.62576E+4	1.21203E+4	3.67926E+6	1.26927E+6	8.27534E+4	2.39061E+6
7.67000E+1	3.62134E+4	1.20304E+4	3.98032E+6	1.35954E+6	8.30238E+4	2.58843E+6
7.68000E+1	3.62953E+4	1.21547E+4	4.02862E+6	1.31303E+6	8.26706E+4	2.42075E+6
7.69000E+1	3.62074E+4	1.23138E+4	3.64958E+6	1.26386E+6	8.24815E+4	2.38265E+6
7.70000E+1	3.63690E+4	1.22841E+4	4.19545E+6	1.29206E+6	8.29192E+4	2.54220E+6
7.71000E+1	3.65441E+4	1.24021E+4	4.12126E+6	1.30231E+6	8.29009E+4	2.58331E+6
7.72000E+1	3.63935E+4	1.24578E+4	3.81610E+6	1.27473E+6	8.24451E+4	2.44410E+6
7.73000E+1	3.66457E+4	1.24815E+4	4.29831E+6	1.34594E+6	8.32724E+4	2.64477E+6
7.74000E+1	3.66048E+4	1.26063E+4	4.11954E+6	1.32242E+6	8.26222E+4	2.49580E+6
7.75000E+1	3.66289E+4	1.26889E+4	4.15599E+6	1.30072E+6	8.27007E+4	2.61050E+6
7.76000E+1	3.65021E+4	1.26820E+4	4.02587E+6	1.32151E+6	8.26953E+4	2.55304E+6
7.77000E+1	3.64973E+4	1.27294E+4	3.92424E+6	1.30174E+6	8.27975E+4	2.43289E+6
7.78000E+1	3.68843E+4	1.28787E+4	4.32907E+6	1.32825E+6	8.28330E+4	2.61571E+6
7.79000E+1	3.66716E+4	1.30135E+4	4.50312E+6	1.30790E+6	8.26265E+4	2.63197E+6
7.80000E+1	3.65081E+4	1.29218E+4	3.94733E+6	1.31220E+6	8.24011E+4	2.49819E+6
7.81000E+1	3.66355E+4	1.30312E+4	4.25389E+6	1.35503E+6	8.28244E+4	2.77201E+6
7.82000E+1	3.68439E+4	1.31581E+4	4.45851E+6	1.39167E+6	8.25932E+4	2.69620E+6
7.83000E+1	3.68246E+4	1.33167E+4	4.35002E+6	1.32060E+6	8.26620E+4	2.58959E+6
7.84000E+1	3.65333E+4	1.31655E+4	3.73387E+6	1.30765E+6	8.19680E+4	2.54784E+6
7.85000E+1	3.65976E+4	1.32923E+4	4.26860E+6	1.34051E+6	8.27222E+4	2.67942E+6
7.86000E+1	3.68451E+4	1.34683E+4	4.12586E+6	1.35578E+6	8.28610E+4	2.67446E+6
7.87000E+1	3.63947E+4	1.33713E+4	3.76683E+6	1.29149E+6	8.20417E+4	2.44077E+6
7.88000E+1	3.64493E+4	1.36195E+4	4.42594E+6	1.32386E+6	8.25373E+4	2.64647E+6
7.89000E+1	3.65706E+4	1.36116E+4	4.16711E+6	1.34709E+6	8.26018E+4	2.78509E+6
7.90000E+1	3.69695E+4	1.37407E+4	4.41606E+6	1.34763E+6	8.25556E+4	2.72034E+6
7.91000E+1	3.66385E+4	1.38809E+4	4.08936E+6	1.31503E+6	8.25824E+4	2.64574E+6
7.92000E+1	3.65093E+4	1.39181E+4	4.00840E+6	1.28528E+6	8.20887E+4	2.53793E+6
7.93000E+1	3.63228E+4	1.38855E+4	3.75769E+6	1.30022E+6	8.20716E+4	2.51637E+6
7.94000E+1	3.66090E+4	1.40051E+4	3.96695E+6	1.27772E+6	8.21218E+4	2.43890E+6
7.95000E+1	3.64343E+4	1.39436E+4	3.94048E+6	1.34272E+6	8.21859E+4	2.54310E+6
7.96000E+1	3.69435E+4	1.41955E+4	4.33413E+6	1.36554E+6	8.26319E+4	2.70175E+6
7.97000E+1	3.67107E+4	1.42544E+4	3.86462E+6	1.31884E+6	8.20278E+4	2.47919E+6
7.98000E+1	3.66433E+4	1.42754E+4	3.95791E+6	1.28795E+6	8.16986E+4	2.63293E+6
7.99000E+1	3.69212E+4	1.43326E+4	4.51133E+6	1.34232E+6	8.24000E+4	2.71292E+6
8.00000E+1	3.70227E+4	1.45508E+4	4.23747E+6	1.31872E+6	8.24558E+4	2.69923E+6
8.01000E+1	3.69677E+4	1.45635E+4	4.00623E+6	1.30758E+6	8.23358E+4	2.61619E+6
8.02000E+1	3.68198E+4	1.45622E+4	3.89987E+6	1.31748E+6	8.16401E+4	2.46873E+6
8.03000E+1	3.68385E+4	1.46244E+4	4.06295E+6	1.31865E+6	8.24483E+4	2.66285E+6
8.04000E+1	3.68777E+4	1.46913E+4	4.27784E+6	1.32877E+6	8.21881E+4	2.64550E+6
8.05000E+1	3.68342E+4	1.47706E+4	4.18892E+6	1.35489E+6	8.21421E+4	2.61263E+6
8.06000E+1	3.68053E+4	1.49811E+4	4.14609E+6	1.30561E+6	8.21838E+4	2.66531E+6
8.07000E+1	3.66180E+4	1.49768E+4	3.77213E+6	1.30465E+6	8.17624E+4	2.49471E+6
8.08000E+1	3.67740E+4	1.49892E+4	3.89524E+6	1.30516E+6	8.18348E+4	2.55123E+6
8.09000E+1	3.68668E+4	1.51231E+4	4.29333E+6	1.32196E+6	8.23518E+4	2.65598E+6
8.10000E+1	3.70832E+4	1.52346E+4	4.49563E+6	1.32825E+6	8.21923E+4	2.70987E+6
8.11000E+1	3.67993E+4	1.52111E+4	3.78376E+6	1.30148E+6	8.18561E+4	2.47448E+6
8.12000E+1	3.70040E+4	1.54536E+4	4.33096E+6	1.32405E+6	8.24504E+4	2.71599E+6
8.13000E+1	3.74280E+4	1.55220E+4	4.22357E+6	1.38781E+6	8.21592E+4	2.67000E+6
8.14000E+1	3.69925E+4	1.54816E+4	4.19604E+6	1.30358E+6	8.18508E+4	2.58750E+6
8.15000E+1	3.71426E+4	1.56347E+4	4.54237E+6	1.34352E+6	8.20396E+4	2.73917E+6
8.16000E+1	3.72214E+4	1.58099E+4	4.34874E+6	1.35954E+6	8.21549E+4	2.71829E+6
8.17000E+1	3.71717E+4	1.57943E+4	3.99053E+6	1.30091E+6	8.17400E+4	2.48607E+6
8.18000E+1	3.69369E+4	1.58185E+4	4.00623E+6	1.35632E+6	8.16783E+4	2.62023E+6
8.19000E+1	3.73671E+4	1.59167E+4	4.60214E+6	1.38816E+6	8.24826E+4	2.85119E+6
8.20000E+1	3.74584E+4	1.59436E+4	4.51613E+6	1.34925E+6	8.18082E+4	2.69092E+6
8.21000E+1	3.74377E+4	1.61170E+4	3.94311E+6	1.31697E+6	8.22405E+4	2.57660E+6
8.22000E+1	3.72457E+4	1.60220E+4	4.11210E+6	1.33511E+6	8.18199E+4	2.67247E+6
8.23000E+1	3.74846E+4	1.62157E+4	4.29396E+6	1.34527E+6	8.18124E+4	2.69469E+6
8.24000E+1	3.75620E+4	1.62540E+4	3.68756E+6	1.30854E+6	8.16411E+4	2.68666E+6
8.25000E+1	3.78411E+4	1.63207E+4	4.28341E+6	1.38945E+6	8.20086E+4	2.84029E+6
8.26000E+1	3.75175E+4	1.63543E+4	4.00243E+6	1.30199E+6	8.16039E+4	2.59613E+6
8.27000E+1	3.75656E+4	1.64162E+4	4.21096E+6	1.33498E+6	8.16720E+4	2.70784E+6
8.28000E+1	3.78473E+4	1.66240E+4	4.47463E+6	1.39519E+6	8.21090E+4	2.84280E+6
8.29000E+1	3.77879E+4	1.65566E+4	4.03908E+6	1.31085E+6	8.16773E+4	2.60388E+6
8.30000E+1	3.76742E+4	1.67451E+4	4.18359E+6	1.32897E+6	8.16975E+4	2.72908E+6
8.31000E+1	3.78901E+4	1.68396E+4	4.52094E+6	1.36195E+6	8.19009E+4	2.76564E+6
8.32000E+1	3.74651E+4	1.67749E+4	4.05292E+6	1.30803E+6	8.13981E+4	2.58587E+6
8.33000E+1	3.76467E+4	1.68105E+4	4.11954E+6	1.31697E+6	8.11176E+4	2.54423E+6
8.34000E+1	3.79201E+4	1.70104E+4	4.51750E+6	1.34024E+6	8.16677E+4	2.77413E+6
8.35000E+1	3.78191E+4	1.71191E+4	4.19664E+6	1.34359E+6	8.15551E+4	2.73891E+6
8.36000E+1	3.78607E+4	1.71199E+4	4.03963E+6	1.33771E+6	8.15816E+4	2.60341E+6
8.37000E+1	3.79244E+4	1.72310E+4	4.93631E+6	1.37894E+6	8.18614E+4	2.90520E+6
8.38000E+1	3.82759E+4	1.73932E+4	4.70700E+6	1.35591E+6	8.17379E+4	2.82975E+6
8.39000E+1	3.80054E+4	1.74030E+4	4.04405E+6	1.31252E+6	8.12095E+4	2.61310E+6
8.40000E+1	3.80201E+4	1.73977E+4	4.15657E+6	1.33844E+6	8.13800E+4	2.62765E+6
8.41000E+1	3.79514E+4	1.75666E+4	4.52163E+6	1.38113E+6	8.14861E+4	2.76168E+6
8.42000E+1	3.82211E+4	1.75582E+4	3.93470E+6	1.32183E+6	8.14320E+4	2.63100E+6
8.43000E+1	3.79814E+4	1.75742E+4	4.20319E+6	1.31774E+6	8.14235E+4	2.59777E+6
8.44000E+1	3.82008E+4	1.77567E+4	4.40557E+6	1.33664E+6	8.17081E+4	2.96878E+6
8.45000E+1	3.85110E+4	1.78958E+4	4.91840E+6	1.39152E+6	8.17667E+4	2.99695E+6
8.46000E+1	3.82488E+4	1.79858E+4	4.49359E+6	1.33591E+6	8.15031E+4	2.71701E+6
8.47000E+1	3.81079E+4	1.79056E+4	3.99485E+6	1.34252E+6	8.11725E+4	2.56260E+6
8.48000E+1	3.83227E+4	1.81237E+4	4.69216E+6	1.35332E+6	8.17337E+4	2.80181E+6
8.49000E+1	3.81159E+4	1.80612E+4	4.41015E+6	1.33538E+6	8.15349E+4	2.74385E+6
8.50000E+1	3.80846E+4	1.81961E+4	3.98999E+6	1.29487E+6	8.11842E+4	2.61690E+6
8.51000E+1	3.79925E+4	1.83349E+4	3.89113E+6	1.32490E+6	8.09381E+4	2.64138E+6
8.52000E+1	3.85487E+4	1.82893E+4	4.24111E+6	1.30110E+6	8.15615E+4	2.67000E+6
8.53000E+1	3.85221E+4	1.85152E+4	4.30831E+6	1.32346E+6	8.12752E+4	2.73192E+6
8.54000E+1	3.82937E+4	1.86243E+4	4.34429E+6	1.34858E+6	8.13504E+4	2.78348E+6
8.55000E+1	3.82580E+4	1.86774E+4	3.98892E+6	1.30542E+6	8.09676E+4	2.61453E+6
8.56000E+1	3.82814E+4	1.86869E+4	4.36025E+6	1.38099E+6	8.15721E+4	2.68816E+6
8.57000E+1	3.83535E+4	1.88537E+4	4.66567E+6	1.38318E+6	8.15466E+4	2.79315E+6
8.58000E+1	3.82278E+4	1.88196E+4	4.14145E+6	1.32897E+6	8.11746E+4	2.66408E+6
8.59000E+1	3.85604E+4	1.89434E+4	4.66421E+6	1.38000E+6	8.16231E+4	3.03479E+6
8.60000E+1	3.82414E+4	1.89662E+4	4.18892E+6	1.30256E+6	8.13069E+4	2.67371E+6
8.61000E+1	3.83943E+4	1.91160E+4	4.82914E+6	1.35061E+6	8.14808E+4	2.81052E+6
8.62000E+1	3.81122E+4	1.91219E+4	4.18064E+6	1.32838E+6	8.09655E+4	2.68942E+6
8.63000E+1	3.85227E+4	1.92464E+4	4.43586E+6	1.37733E+6	8.16241E+4	2.91747E+6
8.64000E+1	3.81632E+4	1.92372E+4	4.15191E+6	1.31839E+6	8.08421E+4	2.60177E+6
8.65000E+1	3.85215E+4	1.94129E+4	4.58299E+6	1.38560E+6	8.13027E+4	2.94321E+6
8.66000E+1	3.84677E+4	1.94552E+4	4.66056E+6	1.38716E+6	8.14479E+4	2.86444E+6
8.67000E+1	3.83018E+4	1.95094E+4	4.41409E+6	1.33651E+6	8.10183E+4	2.68917E+6
8.68000E+1	3.86099E+4	1.96094E+4	4.29396E+6	1.36991E+6	8.11715E+4	2.81571E+6
8.69000E+1	3.84263E+4	1.97437E+4	4.47800E+6	1.31638E+6	8.12011E+4	2.81434E+6
8.70000E+1	3.82962E+4	1.96629E+4	4.38928E+6	1.35537E+6	8.14596E+4	2.79342E+6
8.71000E+1	3.85233E+4	1.99148E+4	4.39774E+6	1.31316E+6	8.08811E+4	2.69696E+6
8.72000E+1	3.81700E+4	1.99194E+4	4.22658E+6	1.29143E+6	8.15254E+4	2.66162E+6
8.73000E+1	3.87419E+4	2.00665E+4	4.39383E+6	1.33180E+6	8.14797E+4	2.93695E+6
8.74000E+1	3.82913E+4	1.99575E+4	4.11725E+6	1.30784E+6	8.10404E+4	2.55645E+6
8.75000E+1	3.85122E+4	2.01404E+4	4.73245E+6	1.34399E+6	8.14638E+4	2.78616E+6
8.76000E+1	3.85839E+4	2.02773E+4	4.67814E+6	1.33644E+6	8.15062E+4	2.90403E+6
8.77000E+1	3.86570E+4	2.00465E+4	4.03027E+6	1.28368E+6	8.10214E+4	2.66285E+6
8.78000E+1	3.87853E+4	2.03346E+4	4.62433E+6	1.31574E+6	8.14193E+4	2.80670E+6
8.79000E+1	3.87766E+4	2.03990E+4	4.21036E+6	1.29431E+6	8.10151E+4	2.67297E+6
8.80000E+1	3.87754E+4	2.05983E+4	4.53474E+6	1.33266E+6	8.10795E+4	2.84559E+6
8.81000E+1	3.88474E+4	2.06039E+4	4.27353E+6	1.31078E+6	8.09792E+4	2.80235E+6
8.82000E+1	3.86774E+4	2.05365E+4	4.19129E+6	1.31220E+6	8.12011E+4	2.73243E+6
8.83000E+1	3.90726E+4	2.07870E+4	4.71297E+6	1.31956E+6	8.12233E+4	2.94142E+6
8.84000E+1	3.89363E+4	2.08170E+4	4.50039E+6	1.33498E+6	8.11207E+4	2.76300E+6
8.85000E+1	3.89301E+4	2.09974E+4	4.35321E+6	1.32405E+6	8.13419E+4	2.84503E+6
8.86000E+1	3.87376E+4	2.08773E+4	4.17651E+6	1.31464E+6	8.06611E+4	2.68366E+6
8.87000E+1	3.89549E+4	2.12086E+4	4.86621E+6	1.38681E+6	8.13313E+4	2.99633E+6
8.88000E+1	3.91574E+4	2.12389E+4	4.53405E+6	1.39822E+6	8.10468E+4	2.97425E+6
8.89000E+1	3.90016E+4	2.13218E+4	4.14377E+6	1.32838E+6	8.06906E+4	2.64017E+6
8.90000E+1	3.87847E+4	2.11348E+4	3.86664E+6	1.32543E+6	8.05823E+4	2.65110E+6
8.91000E+1	3.86756E+4	2.13275E+4	4.30331E+6	1.32209E+6	8.06800E+4	2.74542E+6
8.92000E+1	3.88959E+4	2.14999E+4	4.74149E+6	1.36119E+6	8.07979E+4	2.91893E+6
8.93000E+1	3.87264E+4	2.15061E+4	4.08766E+6	1.30199E+6	8.02687E+4	2.67371E+6
8.94000E+1	3.88623E+4	2.15737E+4	4.37311E+6	1.31149E+6	8.09138E+4	2.76750E+6
8.95000E+1	3.88275E+4	2.17898E+4	4.48003E+6	1.34466E+6	8.07326E+4	2.86444E+6
8.96000E+1	3.84393E+4	2.16757E+4	4.29023E+6	1.29131E+6	8.04133E+4	2.64842E+6
8.97000E+1	3.89064E+4	2.19386E+4	4.60642E+6	1.37075E+6	8.07347E+4	2.94888E+6
8.98000E+1	3.88810E+4	2.19601E+4	4.50791E+6	1.35982E+6	8.10214E+4	2.94530E+6
8.99000E+1	3.86316E+4	2.18553E+4	4.41081E+6	1.28312E+6	8.06464E+4	2.74776E+6
9.00000E+1	3.86081E+4	2.20369E+4	4.33349E+6	1.31943E+6	8.09033E+4	2.89245E+6
9.01000E+1	3.85073E+4	2.20445E+4	4.34429E+6	1.30237E+6	8.05896E+4	2.78187E+6
9.02000E+1	3.87214E+4	2.21800E+4	4.49019E+6	1.34285E+6	8.09697E+4	2.79829E+6
9.03000E+1	3.84757E+4	2.22474E+4	4.47800E+6	1.33811E+6	8.07105E+4	2.80452E+6
9.04000E+1	3.84770E+4	2.22392E+4	4.35194E+6	1.30199E+6	8.05791E+4	2.82616E+6
9.05000E+1	3.85295E+4	2.23105E+4	4.74225E+6	1.36734E+6	8.09444E+4	2.82809E+6
9.06000E+1	3.84776E+4	2.24475E+4	4.84327E+6	1.33764E+6	8.07716E+4	2.93428E+6
9.07000E+1	3.83992E+4	2.23920E+4	4.35577E+6	1.34803E+6	8.05938E+4	2.75090E+6
9.08000E+1	3.86675E+4	2.27118E+4	4.48477E+6	1.33220E+6	8.09602E+4	2.87610E+6
9.09000E+1	3.84017E+4	2.26895E+4	4.55769E+6	1.34514E+6	8.07158E+4	2.91747E+6
9.10000E+1	3.82753E+4	2.27332E+4	4.22056E+6	1.30218E+6	8.03567E+4	2.73373E+6
9.11000E+1	3.86632E+4	2.29885E+4	4.35513E+6	1.35373E+6	8.10151E+4	2.85513E+6
9.12000E+1	3.85796E+4	2.27997E+4	4.49427E+6	1.39504E+6	8.06001E+4	2.86557E+6
9.13000E+1	3.84535E+4	2.29851E+4	4.37569E+6	1.30307E+6	8.05875E+4	2.82975E+6
9.14000E+1	3.87791E+4	2.31950E+4	4.74074E+6	1.38389E+6	8.07947E+4	2.98894E+6
9.15000E+1	3.84233E+4	2.30894E+4	4.33603E+6	1.33419E+6	8.02499E+4	2.78401E+6
9.16000E+1	3.88946E+4	2.33452E+4	5.01768E+6	1.34668E+6	8.05760E+4	3.02974E+6
9.17000E+1	3.85425E+4	2.32869E+4	4.21456E+6	1.26530E+6	8.03399E+4	2.69444E+6
9.18000E+1	3.83887E+4	2.33198E+4	4.36538E+6	1.32464E+6	8.06243E+4	2.88067E+6
9.19000E+1	3.87512E+4	2.35052E+4	4.63153E+6	1.34171E+6	8.06800E+4	2.88698E+6
9.20000E+1	3.83844E+4	2.34453E+4	4.36282E+6	1.32471E+6	8.03378E+4	2.67421E+6
9.21000E+1	3.88275E+4	2.36095E+4	4.51201E+6	1.35625E+6	8.03661E+4	2.82285E+6
9.22000E+1	3.86496E+4	2.36469E+4	4.19011E+6	1.34891E+6	8.04972E+4	2.80398E+6
9.23000E+1	3.88474E+4	2.39160E+4	4.76273E+6	1.39382E+6	8.06937E+4	2.98311E+6
9.24000E+1	3.88480E+4	2.36543E+4	4.30956E+6	1.37515E+6	8.03190E+4	2.81407E+6
9.25000E+1	3.87059E+4	2.37071E+4	4.46119E+6	1.34084E+6	8.02509E+4	2.86557E+6
9.26000E+1	3.87810E+4	2.39709E+4	4.60428E+6	1.40162E+6	8.04469E+4	2.98219E+6
9.27000E+1	3.91156E+4	2.41206E+4	4.51888E+6	1.37137E+6	8.06506E+4	3.02030E+6
9.28000E+1	3.85060E+4	2.41817E+4	4.24536E+6	1.33452E+6	8.02404E+4	2.76485E+6
9.29000E+1	3.88747E+4	2.41663E+4	4.49291E+6	1.36949E+6	8.04710E+4	2.84448E+6
9.30000E+1	3.85332E+4	2.41097E+4	4.29271E+6	1.31884E+6	8.01745E+4	2.80181E+6
9.31000E+1	3.86824E+4	2.44705E+4	4.60001E+6	1.34864E+6	8.06317E+4	3.00097E+6
9.32000E+1	3.87493E+4	2.43204E+4	4.66714E+6	1.33797E+6	8.06885E+4	2.80371E+6
9.33000E+1	3.89151E+4	2.45684E+4	4.98832E+6	1.35285E+6	8.03850E+4	2.86416E+6
9.34000E+1	3.84356E+4	2.45479E+4	4.13162E+6	1.29927E+6	8.03598E+4	2.76962E+6
9.35000E+1	3.86359E+4	2.45944E+4	4.79803E+6	1.32027E+6	8.10352E+4	2.97455E+6
9.36000E+1	3.85178E+4	2.48149E+4	4.71595E+6	1.31768E+6	8.08695E+4	2.86813E+6
9.37000E+1	3.85580E+4	2.47557E+4	4.69438E+6	1.35054E+6	8.06170E+4	2.77280E+6
9.38000E+1	3.86217E+4	2.48540E+4	4.30581E+6	1.34749E+6	8.04395E+4	2.71624E+6
9.39000E+1	3.84504E+4	2.51187E+4	4.59858E+6	1.31723E+6	8.02593E+4	2.79585E+6
9.40000E+1	3.88226E+4	2.51344E+4	5.02953E+6	1.37859E+6	8.09455E+4	3.02847E+6
9.41000E+1	3.85023E+4	2.50885E+4	4.41737E+6	1.29701E+6	8.05182E+4	2.79748E+6
9.42000E+1	3.85505E+4	2.51041E+4	4.86065E+6	1.38859E+6	8.05361E+4	2.89072E+6
9.43000E+1	3.85345E+4	2.52793E+4	4.40296E+6	1.32634E+6	8.01839E+4	2.95278E+6
9.44000E+1	3.85468E+4	2.52030E+4	4.79957E+6	1.33194E+6	8.04962E+4	2.76644E+6
9.45000E+1	3.85184E+4	2.54550E+4	5.04057E+6	1.37775E+6	8.07832E+4	2.95188E+6
9.46000E+1	3.84745E+4	2.55255E+4	4.17122E+6	1.30676E+6	8.01442E+4	2.74255E+6
9.47000E+1	3.83943E+4	2.54322E+4	4.56119E+6	1.32047E+6	8.04416E+4	2.88497E+6
9.48000E+1	3.85406E+4	2.55819E+4	4.48951E+6	1.35612E+6	8.06222E+4	2.90549E+6
9.49000E+1	3.84424E+4	2.56989E+4	5.06280E+6	1.37620E+6	8.08053E+4	2.93250E+6
9.50000E+1	3.84832E+4	2.58263E+4	4.20618E+6	1.32014E+6	8.01212E+4	2.67396E+6
9.51000E+1	3.85710E+4	2.56317E+4	4.48003E+6	1.31748E+6	8.03221E+4	2.83445E+6
9.52000E+1	3.87450E+4	2.60516E+4	5.04227E+6	1.34111E+6	8.07716E+4	3.00593E+6
9.53000E+1	3.86316E+4	2.60332E+4	4.57946E+6	1.31813E+6	8.03577E+4	2.89563E+6
9.54000E+1	3.84745E+4	2.58702E+4	4.30018E+6	1.32431E+6	8.03577E+4	2.89447E+6
9.55000E+1	3.87097E+4	2.62280E+4	4.48138E+6	1.38297E+6	8.04448E+4	3.07422E+6
9.56000E+1	3.85790E+4	2.59918E+4	4.09842E+6	1.30790E+6	8.02415E+4	2.74724E+6
9.57000E+1	3.84782E+4	2.61792E+4	4.62145E+6	1.32950E+6	8.04941E+4	2.89332E+6
9.58000E+1	3.88580E+4	2.63035E+4	4.93713E+6	1.33951E+6	8.03902E+4	2.83529E+6
9.59000E+1	3.85097E+4	2.63112E+4	4.21276E+6	1.28907E+6	8.02415E+4	2.71140E+6
9.60000E+1	3.85821E+4	2.64377E+4	4.68625E+6	1.32523E+6	8.03535E+4	2.89881E+6
9.61000E+1	3.87984E+4	2.66808E+4	4.44715E+6	1.36526E+6	8.06800E+4	2.92600E+6
9.62000E+1	3.84727E+4	2.64702E+4	3.97817E+6	1.30351E+6	8.01494E+4	2.75904E+6
9.63000E+1	3.85512E+4	2.65862E+4	4.76654E+6	1.35394E+6	8.02059E+4	2.86586E+6
9.64000E+1	3.88188E+4	2.67553E+4	4.51270E+6	1.34507E+6	8.02195E+4	2.87495E+6
9.65000E+1	3.90963E+4	2.68827E+4	4.71745E+6	1.35653E+6	8.03787E+4	2.88067E+6
9.66000E+1	3.87543E+4	2.67620E+4	4.29396E+6	1.31155E+6	7.99948E+4	2.70049E+6
9.67000E+1	3.90919E+4	2.70141E+4	4.93386E+6	1.39699E+6	8.08590E+4	3.10371E+6
9.68000E+1	3.89238E+4	2.69523E+4	4.12643E+6	1.31606E+6	8.01798E+4	2.85344E+6
9.69000E+1	3.89923E+4	2.71192E+4	4.73170E+6	1.35034E+6	8.04301E+4	2.91776E+6
9.70000E+1	3.87326E+4	2.71478E+4	4.31772E+6	1.30912E+6	8.02855E+4	2.77147E+6
9.71000E+1	3.91013E+4	2.72463E+4	4.58511E+6	1.34232E+6	8.06369E+4	2.92984E+6
9.72000E+1	3.88605E+4	2.72317E+4	4.51682E+6	1.34858E+6	8.03682E+4	2.80344E+6
9.73000E+1	3.89842E+4	2.74182E+4	4.62289E+6	1.34507E+6	8.03693E+4	3.01060E+6
9.74000E+1	3.90159E+4	2.75014E+4	4.61214E+6	1.32792E+6	8.00460E+4	2.84867E+6
9.75000E+1	3.94469E+4	2.75585E+4	5.12626E+6	1.39167E+6	8.06758E+4	3.02124E+6
9.76000E+1	3.88834E+4	2.74941E+4	4.22357E+6	1.32353E+6	7.98759E+4	2.76010E+6
9.77000E+1	3.89413E+4	2.76776E+4	4.51133E+6	1.34695E+6	8.01045E+4	2.85485E+6
9.78000E+1	3.90496E+4	2.75905E+4	4.37182E+6	1.35810E+6	8.01934E+4	2.98311E+6
9.79000E+1	3.88897E+4	2.77375E+4	4.73546E+6	1.34993E+6	8.04227E+4	2.92070E+6
9.80000E+1	3.92061E+4	2.78480E+4	4.65254E+6	1.39627E+6	8.06033E+4	3.02690E+6
9.81000E+1	3.88139E+4	2.79576E+4	4.26799E+6	1.33937E+6	7.99479E+4	2.80697E+6
9.82000E+1	3.88095E+4	2.79524E+4	4.43321E+6	1.34051E+6	8.01672E+4	2.81352E+6
9.83000E+1	3.88443E+4	2.81140E+4	4.66714E+6	1.34925E+6	8.05214E+4	2.84839E+6
9.84000E+1	3.86638E+4	2.81013E+4	4.37117E+6	1.36533E+6	8.03493E+4	2.89418E+6
9.85000E+1	3.92173E+4	2.82473E+4	5.50973E+6	1.37068E+6	8.06159E+4	2.96908E+6
9.86000E+1	3.86793E+4	2.83890E+4	4.79339E+6	1.35421E+6	8.01463E+4	2.90782E+6
9.87000E+1	3.84140E+4	2.83545E+4	4.51201E+6	1.33518E+6	7.98061E+4	2.76564E+6
9.88000E+1	3.87444E+4	2.84108E+4	4.75664E+6	1.33624E+6	8.03839E+4	3.03860E+6
9.89000E+1	3.83683E+4	2.84076E+4	4.32465E+6	1.32438E+6	8.01934E+4	2.84029E+6
9.90000E+1	3.88841E+4	2.84490E+4	4.97667E+6	1.39555E+6	8.03651E+4	3.01497E+6
9.91000E+1	3.84665E+4	2.86513E+4	4.23383E+6	1.32897E+6	7.99385E+4	2.83779E+6
9.92000E+1	3.81091E+4	2.86887E+4	4.39123E+6	1.33485E+6	8.02090E+4	2.95790E+6
9.93000E+1	3.84041E+4	2.87928E+4	4.84721E+6	1.38538E+6	8.05298E+4	2.97212E+6
9.94000E+1	3.79900E+4	2.87506E+4	3.99863E+6	1.32523E+6	7.99207E+4	2.78562E+6
9.95000E+1	3.81725E+4	2.88741E+4	4.47598E+6	1.35047E+6	8.03630E+4	3.09546E+6
9.96000E+1	3.79839E+4	2.90471E+4	4.32087E+6	1.34959E+6	8.00366E+4	2.92305E+6
9.97000E+1	3.76449E+4	2.88907E+4	4.43984E+6	1.29143E+6	7.98968E+4	2.83584E+6
9.98000E+1	3.77274E+4	2.90782E+4	4.43387E+6	1.33432E+6	8.02708E+4	2.95669E+6
9.99000E+1	3.74675E+4	2.89758E+4	4.38668E+6	1.33022E+6	7.99562E+4	2.71701E+6
1.00000E+2	3.78319E+4	2.90949E+4	4.51957E+6	1.35095E+6	8.02959E+4	3.00967E+6
1.00100E+2	3.77836E+4	2.93623E+4	4.77418E+6	1.36222E+6	8.05959E+4	3.00531E+6
1.00200E+2	3.79122E+4	2.92077E+4	4.32843E+6	1.34567E+6	7.97624E+4	2.77573E+6
1.00300E+2	3.79220E+4	2.93903E+4	4.62505E+6	1.34480E+6	7.99406E+4	2.92866E+6
1.00400E+2	3.81688E+4	2.93510E+4	4.28465E+6	1.31001E+6	7.99166E+4	2.77867E+6
1.00500E+2	3.80668E+4	2.94076E+4	4.14087E+6	1.32196E+6	8.00731E+4	2.94470E+6
1.00600E+2	3.83461E+4	2.96389E+4	4.68477E+6	1.34581E+6	8.02645E+4	2.96152E+6
1.00700E+2	3.81485E+4	2.95464E+4	4.29333E+6	1.32151E+6	7.99228E+4	2.86841E+6
1.00800E+2	3.84733E+4	2.98412E+4	4.37246E+6	1.33804E+6	7.97530E+4	2.85316E+6
1.00900E+2	3.84023E+4	2.95637E+4	4.13393E+6	1.31413E+6	7.96167E+4	2.89332E+6
1.01000E+2	3.88337E+4	2.98939E+4	4.83306E+6	1.36561E+6	8.00878E+4	3.04751E+6
1.01100E+2	3.85165E+4	2.98928E+4	4.28899E+6	1.31995E+6	7.97374E+4	2.80942E+6
1.01200E+2	3.86384E+4	2.99651E+4	4.44516E+6	1.38995E+6	8.00115E+4	3.09942E+6
1.01300E+2	3.87624E+4	2.99271E+4	4.60143E+6	1.34918E+6	8.00167E+4	2.86331E+6
1.01400E+2	3.88046E+4	2.98504E+4	4.28836E+6	1.29387E+6	7.94838E+4	2.80127E+6
1.01500E+2	3.93504E+4	3.02017E+4	4.75133E+6	1.36043E+6	8.00648E+4	2.96635E+6
1.01600E+2	3.94625E+4	3.04162E+4	4.81587E+6	1.38602E+6	8.03116E+4	3.12334E+6
