0.00000E+0	3.58925E+4	4.19482E+4	4.05115E+6	1.16646E+6	8.82045E+4	2.77658E+6
1.00000E-1	3.04498E+4	3.61079E+4	3.97485E+6	1.13832E+6	8.23544E+4	2.67575E+6
2.00000E-1	3.03545E+4	3.61240E+4	3.87926E+6	1.11557E+6	8.23673E+4	2.65212E+6
3.00000E-1	3.05826E+4	3.61365E+4	4.07347E+6	1.09494E+6	8.24680E+4	2.70358E+6
4.00000E-1	3.06184E+4	3.60834E+4	4.33147E+6	1.12425E+6	8.23512E+4	2.62219E+6
5.00000E-1	3.05728E+4	3.63267E+4	3.87213E+6	1.10800E+6	8.25034E+4	2.65603E+6
6.00000E-1	3.07185E+4	3.61485E+4	4.04560E+6	1.13462E+6	8.22591E+4	2.63973E+6
7.00000E-1	3.07995E+4	3.64147E+4	3.95569E+6	1.12754E+6	8.22195E+4	2.61386E+6
8.00000E-1	3.05876E+4	3.63530E+4	4.15296E+6	1.11676E+6	8.22752E+4	2.61671E+6
9.00000E-1	3.07664E+4	3.63081E+4	4.11771E+6	1.12983E+6	8.25464E+4	2.57181E+6
1.00000E+0	3.07278E+4	3.64963E+4	3.94248E+6	1.11891E+6	8.24262E+4	2.60535E+6
1.10000E+0	3.07658E+4	3.64987E+4	3.87620E+6	1.12338E+6	8.24241E+4	2.62889E+6
1.20000E+0	3.06904E+4	3.64135E+4	3.80222E+6	1.10496E+6	8.23191E+4	2.61671E+6
1.30000E+0	3.09473E+4	3.65858E+4	4.13844E+6	1.13827E+6	8.23041E+4	2.65310E+6
1.40000E+0	3.09473E+4	3.65870E+4	4.02851E+6	1.12866E+6	8.21906E+4	2.71502E+6
1.50000E+0	3.09076E+4	3.66297E+4	3.97914E+6	1.13232E+6	8.20827E+4	2.72655E+6
1.60000E+0	3.09540E+4	3.67368E+4	4.34798E+6	1.13511E+6	8.20176E+4	2.73663E+6
1.70000E+0	3.10662E+4	3.67380E+4	3.59856E+6	1.11083E+6	8.19866E+4	2.63394E+6
1.80000E+0	3.11376E+4	3.68779E+4	4.16758E+6	1.14958E+6	8.24241E+4	2.65750E+6
1.90000E+0	3.10767E+4	3.67965E+4	3.89668E+6	1.13777E+6	8.19855E+4	2.67451E+6
2.00000E+0	3.10330E+4	3.68888E+4	4.08924E+6	1.12822E+6	8.20549E+4	2.62458E+6
2.10000E+0	3.11482E+4	3.70357E+4	4.01374E+6	1.14637E+6	8.21799E+4	2.65017E+6
2.20000E+0	3.10596E+4	3.69776E+4	3.88436E+6	1.15580E+6	8.21244E+4	2.79780E+6
2.30000E+0	3.10137E+4	3.70193E+4	4.21084E+6	1.13462E+6	8.22334E+4	2.67823E+6
2.40000E+0	3.11149E+4	3.70514E+4	4.10970E+6	1.12444E+6	8.21286E+4	2.70434E+6
2.50000E+0	3.10967E+4	3.69450E+4	4.00449E+6	1.12832E+6	8.19194E+4	2.65799E+6
2.60000E+0	3.11764E+4	3.69353E+4	4.09434E+6	1.13728E+6	8.21126E+4	2.75463E+6
2.70000E+0	3.09805E+4	3.71428E+4	4.04394E+6	1.13203E+6	8.21874E+4	2.65285E+6
2.80000E+0	3.10043E+4	3.73115E+4	4.06061E+6	1.12358E+6	8.20944E+4	2.61007E+6
2.90000E+0	3.10961E+4	3.70659E+4	4.11943E+6	1.13772E+6	8.23640E+4	2.69928E+6
3.00000E+0	3.10956E+4	3.71198E+4	3.89925E+6	1.15362E+6	8.22955E+4	2.68047E+6
3.10000E+0	3.09087E+4	3.71659E+4	4.02412E+6	1.13095E+6	8.20229E+4	2.66020E+6
3.20000E+0	3.11299E+4	3.74203E+4	3.97592E+6	1.11762E+6	8.20912E+4	2.72707E+6
3.30000E+0	3.09893E+4	3.73309E+4	4.18289E+6	1.13349E+6	8.20528E+4	2.64433E+6
3.40000E+0	3.09308E+4	3.73315E+4	4.05559E+6	1.13575E+6	8.23565E+4	2.59501E+6
3.50000E+0	3.12757E+4	3.73376E+4	3.91010E+6	1.11491E+6	8.22195E+4	2.72732E+6
3.60000E+0	3.09915E+4	3.75080E+4	3.89462E+6	1.13763E+6	8.19279E+4	2.63490E+6
3.70000E+0	3.10291E+4	3.75055E+4	4.02522E+6	1.14208E+6	8.19759E+4	2.55717E+6
3.80000E+0	3.10280E+4	3.75232E+4	4.22707E+6	1.13105E+6	8.22687E+4	2.83840E+6
3.90000E+0	3.09390E+4	3.73947E+4	3.87926E+6	1.11891E+6	8.19429E+4	2.72913E+6
4.00000E+0	3.08088E+4	3.76641E+4	4.16055E+6	1.11729E+6	8.20699E+4	2.63033E+6
4.10000E+0	3.09352E+4	3.75951E+4	3.93985E+6	1.12362E+6	8.18203E+4	2.65041E+6
4.20000E+0	3.10192E+4	3.75939E+4	3.98397E+6	1.12895E+6	8.16809E+4	2.66216E+6
4.30000E+0	3.09589E+4	3.76561E+4	3.88948E+6	1.12203E+6	8.19813E+4	2.66241E+6
4.40000E+0	3.09479E+4	3.77686E+4	4.04228E+6	1.11619E+6	8.22645E+4	2.66585E+6
4.50000E+0	3.08562E+4	3.78634E+4	3.77881E+6	1.11963E+6	8.19578E+4	2.71323E+6
4.60000E+0	3.08474E+4	3.79038E+4	4.03291E+6	1.11591E+6	8.18011E+4	2.60228E+6
4.70000E+0	3.08629E+4	3.78787E+4	3.96951E+6	1.16817E+6	8.23201E+4	2.71017E+6
4.80000E+0	3.06899E+4	3.78089E+4	4.19771E+6	1.13090E+6	8.19109E+4	2.73042E+6
4.90000E+0	3.08822E+4	3.78481E+4	3.89925E+6	1.10230E+6	8.19215E+4	2.64676E+6
5.00000E+0	3.07471E+4	3.79265E+4	4.00286E+6	1.13995E+6	8.19610E+4	2.74156E+6
5.10000E+0	3.06800E+4	3.79946E+4	3.91789E+6	1.13149E+6	8.20774E+4	2.72990E+6
5.20000E+0	3.08734E+4	3.79394E+4	3.93932E+6	1.14442E+6	8.17639E+4	2.67426E+6
5.30000E+0	3.06965E+4	3.80879E+4	4.23009E+6	1.11282E+6	8.21832E+4	2.65750E+6
5.40000E+0	3.07603E+4	3.82330E+4	4.16464E+6	1.11168E+6	8.21693E+4	2.56997E+6
5.50000E+0	3.06063E+4	3.81371E+4	4.11084E+6	1.11567E+6	8.19461E+4	2.65897E+6
5.60000E+0	3.09529E+4	3.81297E+4	4.14946E+6	1.12696E+6	8.24605E+4	2.76596E+6
5.70000E+0	3.10446E+4	3.81979E+4	3.95781E+6	1.12993E+6	8.20016E+4	2.68346E+6
5.80000E+0	3.09076E+4	3.82398E+4	3.89513E+6	1.11691E+6	8.21639E+4	2.61790E+6
5.90000E+0	3.08458E+4	3.81862E+4	4.11141E+6	1.11216E+6	8.18235E+4	2.67525E+6
6.00000E+0	3.08447E+4	3.82669E+4	4.09604E+6	1.11291E+6	8.18267E+4	2.60983E+6
6.10000E+0	3.09274E+4	3.83162E+4	4.07965E+6	1.14000E+6	8.20314E+4	2.67327E+6
6.20000E+0	3.08458E+4	3.82429E+4	4.10001E+6	1.13217E+6	8.16150E+4	2.60205E+6
6.30000E+0	3.08993E+4	3.84062E+4	4.11885E+6	1.13536E+6	8.19002E+4	2.60134E+6
6.40000E+0	3.10286E+4	3.84692E+4	3.94564E+6	1.13266E+6	8.19162E+4	2.76173E+6
6.50000E+0	3.08927E+4	3.84717E+4	3.93355E+6	1.11982E+6	8.17437E+4	2.60487E+6
6.60000E+0	3.09142E+4	3.85860E+4	3.96046E+6	1.15317E+6	8.16639E+4	2.67773E+6
6.70000E+0	3.08011E+4	3.85248E+4	4.18703E+6	1.12798E+6	8.19279E+4	2.67228E+6
6.80000E+0	3.10159E+4	3.84297E+4	3.89000E+6	1.13842E+6	8.20677E+4	2.64361E+6
6.90000E+0	3.08143E+4	3.85638E+4	3.98236E+6	1.13173E+6	8.18150E+4	2.70967E+6
7.00000E+0	3.07840E+4	3.87198E+4	4.22405E+6	1.12929E+6	8.18768E+4	2.61339E+6
7.10000E+0	3.07289E+4	3.85799E+4	4.06787E+6	1.13310E+6	8.17298E+4	2.76967E+6
7.20000E+0	3.08695E+4	3.86752E+4	4.25744E+6	1.13901E+6	8.18746E+4	2.67699E+6
7.30000E+0	3.08921E+4	3.87279E+4	3.87314E+6	1.14392E+6	8.18097E+4	2.59876E+6
7.40000E+0	3.08215E+4	3.85638E+4	4.07572E+6	1.12280E+6	8.20208E+4	2.60511E+6
7.50000E+0	3.08656E+4	3.88092E+4	3.93722E+6	1.12570E+6	8.15300E+4	2.55399E+6
7.60000E+0	3.11404E+4	3.87850E+4	4.08078E+6	1.12954E+6	8.17703E+4	2.68947E+6
7.70000E+0	3.10922E+4	3.88862E+4	4.00286E+6	1.12541E+6	8.17383E+4	2.63129E+6
7.80000E+0	3.08888E+4	3.88116E+4	4.06116E+6	1.12822E+6	8.19909E+4	2.65041E+6
7.90000E+0	3.10402E+4	3.89627E+4	4.23009E+6	1.13876E+6	8.18342E+4	2.69047E+6
8.00000E+0	3.10817E+4	3.89191E+4	3.88436E+6	1.12150E+6	8.18374E+4	2.60487E+6
8.10000E+0	3.10397E+4	3.90430E+4	3.93827E+6	1.15585E+6	8.19941E+4	2.67252E+6
8.20000E+0	3.09203E+4	3.91159E+4	4.23856E+6	1.14035E+6	8.18374E+4	2.69097E+6
8.30000E+0	3.09457E+4	3.90623E+4	4.08416E+6	1.12131E+6	8.16362E+4	2.63901E+6
8.40000E+0	3.11820E+4	3.89987E+4	4.14946E+6	1.14752E+6	8.16012E+4	2.72321E+6
8.50000E+0	3.09468E+4	3.89396E+4	4.05615E+6	1.13281E+6	8.16384E+4	2.68997E+6
8.60000E+0	3.09297E+4	3.93970E+4	4.10400E+6	1.15413E+6	8.19781E+4	2.82428E+6
8.70000E+0	3.09308E+4	3.93657E+4	3.98881E+6	1.14303E+6	8.16543E+4	2.70459E+6
8.80000E+0	3.10828E+4	3.93851E+4	3.90080E+6	1.12983E+6	8.15332E+4	2.61790E+6
8.90000E+0	3.10126E+4	3.94465E+4	3.98612E+6	1.11791E+6	8.20293E+4	2.85744E+6
9.00000E+0	3.10513E+4	3.93501E+4	4.04228E+6	1.15560E+6	8.16990E+4	2.65041E+6
9.10000E+0	3.08871E+4	3.94221E+4	3.96631E+6	1.14308E+6	8.16607E+4	2.66413E+6
9.20000E+0	3.10618E+4	3.93563E+4	4.23069E+6	1.13325E+6	8.18107E+4	2.65456E+6
9.30000E+0	3.08678E+4	3.93075E+4	4.00557E+6	1.11258E+6	8.16501E+4	2.70992E+6
9.40000E+0	3.08634E+4	3.94596E+4	3.95092E+6	1.15296E+6	8.18129E+4	2.73093E+6
9.50000E+0	3.08380E+4	3.94120E+4	3.98719E+6	1.15474E+6	8.13010E+4	2.70079E+6
9.60000E+0	3.09236E+4	3.96259E+4	3.93775E+6	1.14402E+6	8.16107E+4	2.64871E+6
9.70000E+0	3.09827E+4	3.95386E+4	4.08698E+6	1.13124E+6	8.18182E+4	2.73585E+6
9.80000E+0	3.09739E+4	3.96322E+4	3.81205E+6	1.12842E+6	8.16862E+4	2.64142E+6
9.90000E+0	3.08441E+4	3.96787E+4	4.01047E+6	1.14923E+6	8.20048E+4	2.64239E+6
1.00000E+1	3.10103E+4	3.96001E+4	4.09717E+6	1.13369E+6	8.17479E+4	2.62865E+6
1.01000E+1	3.11687E+4	3.97944E+4	3.97004E+6	1.14848E+6	8.17862E+4	2.63009E+6
1.02000E+1	3.10507E+4	3.95763E+4	4.08529E+6	1.13689E+6	8.16086E+4	2.69978E+6
1.03000E+1	3.10225E+4	3.97686E+4	3.97967E+6	1.14343E+6	8.15884E+4	2.66118E+6
1.04000E+1	3.08910E+4	3.96548E+4	3.99961E+6	1.12963E+6	8.17969E+4	2.72784E+6
1.05000E+1	3.10009E+4	3.96868E+4	3.97860E+6	1.12411E+6	8.18320E+4	2.55399E+6
1.06000E+1	3.09247E+4	3.98921E+4	4.04948E+6	1.12662E+6	8.12597E+4	2.66561E+6
1.07000E+1	3.09915E+4	3.99829E+4	3.93722E+6	1.14258E+6	8.15523E+4	2.68721E+6
1.08000E+1	3.11105E+4	3.99526E+4	4.07965E+6	1.14547E+6	8.14441E+4	2.71476E+6
1.09000E+1	3.09766E+4	3.99444E+4	4.19593E+6	1.12585E+6	8.17352E+4	2.71757E+6
1.10000E+1	3.10137E+4	3.99596E+4	4.16055E+6	1.12493E+6	8.12343E+4	2.61933E+6
1.11000E+1	3.12558E+4	4.00568E+4	4.02412E+6	1.13664E+6	8.18864E+4	2.59034E+6
1.12000E+1	3.09037E+4	3.99413E+4	4.17816E+6	1.14607E+6	8.15937E+4	2.65946E+6
1.13000E+1	3.10623E+4	4.01238E+4	3.86097E+6	1.14040E+6	8.17767E+4	2.78782E+6
1.14000E+1	3.11160E+4	4.02017E+4	4.40217E+6	1.14773E+6	8.16022E+4	2.81741E+6
1.15000E+1	3.10491E+4	4.02067E+4	4.10684E+6	1.13095E+6	8.13667E+4	2.70535E+6
1.16000E+1	3.12125E+4	4.03805E+4	4.08698E+6	1.14627E+6	8.15736E+4	2.70155E+6
1.17000E+1	3.10026E+4	4.02606E+4	3.65266E+6	1.11258E+6	8.15544E+4	2.64700E+6
1.18000E+1	3.11720E+4	4.01884E+4	4.08585E+6	1.13212E+6	8.19013E+4	2.68471E+6
1.19000E+1	3.14781E+4	4.04682E+4	4.28266E+6	1.14169E+6	8.15969E+4	2.72836E+6
1.20000E+1	3.11293E+4	4.04497E+4	3.93460E+6	1.14213E+6	8.15449E+4	2.64336E+6
1.21000E+1	3.13096E+4	4.03101E+4	3.90855E+6	1.13041E+6	8.14186E+4	2.65383E+6
1.22000E+1	3.13924E+4	4.02530E+4	4.09774E+6	1.14432E+6	8.16416E+4	2.71068E+6
1.23000E+1	3.14086E+4	4.04033E+4	4.18821E+6	1.14263E+6	8.16990E+4	2.70206E+6
1.24000E+1	3.14091E+4	4.03926E+4	4.12574E+6	1.16316E+6	8.15757E+4	2.65505E+6
1.25000E+1	3.13141E+4	4.04262E+4	3.99799E+6	1.13242E+6	8.16618E+4	2.72604E+6
1.26000E+1	3.13663E+4	4.04885E+4	4.13960E+6	1.14607E+6	8.16267E+4	2.64288E+6
1.27000E+1	3.12780E+4	4.04987E+4	4.13555E+6	1.13384E+6	8.15661E+4	2.64676E+6
1.28000E+1	3.13769E+4	4.04465E+4	4.01265E+6	1.14989E+6	8.14770E+4	2.69348E+6
1.29000E+1	3.13986E+4	4.05044E+4	4.06116E+6	1.12769E+6	8.18597E+4	2.73016E+6
1.30000E+1	3.16438E+4	4.05432E+4	4.19236E+6	1.14612E+6	8.15300E+4	2.71936E+6
1.31000E+1	3.13519E+4	4.06279E+4	4.33844E+6	1.13733E+6	8.15364E+4	2.71119E+6
1.32000E+1	3.15612E+4	4.05757E+4	3.95463E+6	1.14682E+6	8.14971E+4	2.75043E+6
1.33000E+1	3.17958E+4	4.06693E+4	4.00123E+6	1.14035E+6	8.15651E+4	2.62673E+6
1.34000E+1	3.16879E+4	4.07791E+4	4.09831E+6	1.13792E+6	8.15024E+4	2.67773E+6
1.35000E+1	3.15590E+4	4.07663E+4	3.86756E+6	1.14687E+6	8.14006E+4	2.60017E+6
1.36000E+1	3.16795E+4	4.06515E+4	3.85794E+6	1.14208E+6	8.16777E+4	2.64506E+6
1.37000E+1	3.19028E+4	4.06655E+4	4.03291E+6	1.15200E+6	8.15045E+4	2.62530E+6
1.38000E+1	3.18159E+4	4.08564E+4	4.07235E+6	1.14702E+6	8.13550E+4	2.63153E+6
1.39000E+1	3.14665E+4	4.08206E+4	4.18289E+6	1.12531E+6	8.12036E+4	2.70105E+6
1.40000E+1	3.17421E+4	4.08289E+4	4.10513E+6	1.15044E+6	8.16745E+4	2.72449E+6
1.41000E+1	3.16103E+4	4.09702E+4	4.14076E+6	1.13950E+6	8.14324E+4	2.69751E+6
1.42000E+1	3.18635E+4	4.08353E+4	4.01047E+6	1.14667E+6	8.14186E+4	2.65114E+6
1.43000E+1	3.15801E+4	4.09683E+4	3.86604E+6	1.12886E+6	8.12470E+4	2.59618E+6
1.44000E+1	3.17130E+4	4.09536E+4	4.15821E+6	1.13620E+6	8.14409E+4	2.73740E+6
1.45000E+1	3.17024E+4	4.10202E+4	3.95993E+6	1.15205E+6	8.14483E+4	2.68521E+6
1.46000E+1	3.16784E+4	4.12525E+4	4.24099E+6	1.14497E+6	8.11973E+4	2.75778E+6
1.47000E+1	3.16661E+4	4.10618E+4	3.77929E+6	1.14472E+6	8.16012E+4	2.70029E+6
1.48000E+1	3.16856E+4	4.13007E+4	3.96099E+6	1.14179E+6	8.13879E+4	2.68446E+6
1.49000E+1	3.17046E+4	4.12178E+4	4.17051E+6	1.15540E+6	8.11053E+4	2.63973E+6
1.50000E+1	3.15171E+4	4.12769E+4	4.11713E+6	1.15453E+6	8.14250E+4	2.73507E+6
1.51000E+1	3.16041E+4	4.13245E+4	4.32200E+6	1.12696E+6	8.16448E+4	2.63250E+6
1.52000E+1	3.14442E+4	4.12866E+4	3.90183E+6	1.13315E+6	8.15544E+4	2.59923E+6
1.53000E+1	3.15924E+4	4.12808E+4	3.94353E+6	1.13738E+6	8.11264E+4	2.62626E+6
1.54000E+1	3.15372E+4	4.12332E+4	4.04616E+6	1.13847E+6	8.11507E+4	2.73016E+6
1.55000E+1	3.16773E+4	4.16063E+4	4.23553E+6	1.15084E+6	8.13307E+4	2.64822E+6
1.56000E+1	3.14292E+4	4.13651E+4	4.00720E+6	1.13822E+6	8.14600E+4	2.69449E+6
1.57000E+1	3.17086E+4	4.15404E+4	3.82442E+6	1.13511E+6	8.16394E+4	2.76068E+6
1.58000E+1	3.14993E+4	4.13689E+4	4.07011E+6	1.11758E+6	8.13455E+4	2.72372E+6
1.59000E+1	3.14130E+4	4.16011E+4	4.14307E+6	1.16254E+6	8.17788E+4	2.78971E+6
1.60000E+1	3.16203E+4	4.15088E+4	4.31320E+6	1.14338E+6	8.11381E+4	2.71323E+6
1.61000E+1	3.12707E+4	4.15488E+4	4.31257E+6	1.13600E+6	8.13646E+4	2.67500E+6
1.62000E+1	3.12036E+4	4.16715E+4	4.04837E+6	1.14778E+6	8.14324E+4	2.66314E+6
1.63000E+1	3.15735E+4	4.17744E+4	4.06061E+6	1.13124E+6	8.13074E+4	2.67153E+6
1.64000E+1	3.15288E+4	4.16024E+4	4.17404E+6	1.14159E+6	8.14791E+4	2.59478E+6
1.65000E+1	3.12619E+4	4.16315E+4	4.26541E+6	1.15631E+6	8.17980E+4	2.66241E+6
1.66000E+1	3.14292E+4	4.18107E+4	3.87671E+6	1.15337E+6	8.13296E+4	2.64555E+6
1.67000E+1	3.14420E+4	4.17621E+4	4.14481E+6	1.15840E+6	8.13582E+4	2.79375E+6
1.68000E+1	3.14681E+4	4.17226E+4	4.15996E+6	1.14059E+6	8.13190E+4	2.76200E+6
1.69000E+1	3.12424E+4	4.19436E+4	3.86857E+6	1.14124E+6	8.12989E+4	2.67475E+6
1.70000E+1	3.11626E+4	4.18204E+4	4.35756E+6	1.13433E+6	8.15077E+4	2.73559E+6
1.71000E+1	3.12569E+4	4.19248E+4	4.08022E+6	1.14798E+6	8.11730E+4	2.61362E+6
1.72000E+1	3.10513E+4	4.19975E+4	3.94722E+6	1.13134E+6	8.14727E+4	2.71094E+6
1.73000E+1	3.11072E+4	4.19216E+4	4.03731E+6	1.14878E+6	8.16788E+4	2.70282E+6
1.74000E+1	3.14197E+4	4.19255E+4	4.14481E+6	1.12769E+6	8.17107E+4	2.70916E+6
1.75000E+1	3.11992E+4	4.19112E+4	4.20725E+6	1.12915E+6	8.14409E+4	2.68771E+6
1.76000E+1	3.11454E+4	4.20515E+4	4.01537E+6	1.12813E+6	8.13518E+4	2.66733E+6
1.77000E+1	3.12214E+4	4.19884E+4	4.02193E+6	1.14318E+6	8.13995E+4	2.77020E+6
1.78000E+1	3.13224E+4	4.21907E+4	4.06005E+6	1.15504E+6	8.13052E+4	2.72810E+6
1.79000E+1	3.14481E+4	4.20586E+4	4.14018E+6	1.14015E+6	8.14621E+4	2.67748E+6
1.80000E+1	3.12674E+4	4.19229E+4	4.02084E+6	1.13266E+6	8.14759E+4	2.69625E+6
1.81000E+1	3.15684E+4	4.21582E+4	4.20307E+6	1.14079E+6	8.12841E+4	2.66290E+6
1.82000E+1	3.14676E+4	4.22187E+4	4.05504E+6	1.13247E+6	8.13444E+4	2.68696E+6
1.83000E+1	3.13941E+4	4.22813E+4	3.86806E+6	1.12978E+6	8.12184E+4	2.79294E+6
1.84000E+1	3.13674E+4	4.22468E+4	4.10229E+6	1.14388E+6	8.13741E+4	2.68396E+6
1.85000E+1	3.14960E+4	4.23042E+4	3.91062E+6	1.13448E+6	8.15417E+4	2.62147E+6
1.86000E+1	3.13491E+4	4.23198E+4	4.27772E+6	1.12793E+6	8.13105E+4	2.59595E+6
1.87000E+1	3.14130E+4	4.23831E+4	4.05170E+6	1.15185E+6	8.13391E+4	2.61600E+6
1.88000E+1	3.12707E+4	4.22918E+4	4.01810E+6	1.12847E+6	8.11719E+4	2.64773E+6
1.89000E+1	3.12941E+4	4.24184E+4	3.96152E+6	1.12314E+6	8.11592E+4	2.60323E+6
1.90000E+1	3.15556E+4	4.25028E+4	4.02577E+6	1.14722E+6	8.14313E+4	2.70180E+6
1.91000E+1	3.14781E+4	4.24491E+4	4.30944E+6	1.14697E+6	8.13656E+4	2.71196E+6
1.92000E+1	3.16650E+4	4.24714E+4	3.87671E+6	1.14388E+6	8.11032E+4	2.59642E+6
1.93000E+1	3.13702E+4	4.23903E+4	4.17875E+6	1.11877E+6	8.11804E+4	2.49519E+6
1.94000E+1	3.15411E+4	4.26049E+4	4.14888E+6	1.13291E+6	8.12555E+4	2.64579E+6
1.95000E+1	3.16572E+4	4.26842E+4	4.07347E+6	1.15911E+6	8.13063E+4	2.70763E+6
1.96000E+1	3.15099E+4	4.27111E+4	3.95834E+6	1.13891E+6	8.12174E+4	2.75883E+6
1.97000E+1	3.15171E+4	4.26180E+4	4.06005E+6	1.14913E+6	8.12502E+4	2.67724E+6
1.98000E+1	3.15433E+4	4.26409E+4	3.98343E+6	1.12837E+6	8.15194E+4	2.66635E+6
1.99000E+1	3.16276E+4	4.25113E+4	4.07235E+6	1.13487E+6	8.13762E+4	2.61885E+6
2.00000E+1	3.15121E+4	4.26377E+4	4.05115E+6	1.12832E+6	8.14186E+4	2.70003E+6
2.01000E+1	3.16320E+4	4.26567E+4	4.39891E+6	1.13590E+6	8.09870E+4	2.69877E+6
2.02000E+1	3.16694E+4	4.27617E+4	4.13728E+6	1.13605E+6	8.13561E+4	2.62865E+6
2.03000E+1	3.16259E+4	4.29576E+4	4.06899E+6	1.12420E+6	8.10789E+4	2.70967E+6
2.04000E+1	3.17365E+4	4.27774E+4	4.20486E+6	1.13708E+6	8.13296E+4	2.64094E+6
2.05000E+1	3.16075E+4	4.29655E+4	4.11713E+6	1.13002E+6	8.10187E+4	2.70992E+6
2.06000E+1	3.16957E+4	4.29602E+4	4.32074E+6	1.16465E+6	8.13752E+4	2.63250E+6
2.07000E+1	3.16510E+4	4.27958E+4	3.94722E+6	1.13472E+6	8.14992E+4	2.65652E+6
2.08000E+1	3.16013E+4	4.29155E+4	4.13151E+6	1.13438E+6	8.10071E+4	2.69751E+6
2.09000E+1	3.17880E+4	4.29234E+4	4.09604E+6	1.14074E+6	8.10388E+4	2.70206E+6
2.10000E+1	3.17091E+4	4.29306E+4	4.02084E+6	1.14467E+6	8.12978E+4	2.77552E+6
2.11000E+1	3.17874E+4	4.29708E+4	4.08416E+6	1.15049E+6	8.15704E+4	2.73844E+6
2.12000E+1	3.18238E+4	4.29912E+4	3.92570E+6	1.13763E+6	8.10609E+4	2.65310E+6
2.13000E+1	3.17717E+4	4.31033E+4	4.49277E+6	1.12735E+6	8.12015E+4	2.63659E+6
2.14000E+1	3.19336E+4	4.30907E+4	4.16523E+6	1.14069E+6	8.10694E+4	2.61031E+6
2.15000E+1	3.18210E+4	4.30083E+4	4.35245E+6	1.14492E+6	8.11359E+4	2.74939E+6
2.16000E+1	3.16711E+4	4.32413E+4	4.06116E+6	1.14757E+6	8.10440E+4	2.71451E+6
2.17000E+1	3.18238E+4	4.32419E+4	4.24159E+6	1.14767E+6	8.10842E+4	2.73559E+6
2.18000E+1	3.17046E+4	4.32988E+4	4.03346E+6	1.15246E+6	8.12428E+4	2.69348E+6
2.19000E+1	3.16661E+4	4.31778E+4	4.13728E+6	1.15236E+6	8.12724E+4	2.66069E+6
2.20000E+1	3.17723E+4	4.32955E+4	3.95781E+6	1.14642E+6	8.07720E+4	2.73455E+6
2.21000E+1	3.18204E+4	4.33557E+4	4.32011E+6	1.15840E+6	8.11338E+4	2.69852E+6
2.22000E+1	3.17058E+4	4.32869E+4	4.05559E+6	1.13433E+6	8.11264E+4	2.67475E+6
2.23000E+1	3.19790E+4	4.35095E+4	4.11313E+6	1.14378E+6	8.11782E+4	2.69172E+6
2.24000E+1	3.19493E+4	4.35062E+4	4.02577E+6	1.13403E+6	8.12459E+4	2.61196E+6
2.25000E+1	3.18507E+4	4.35892E+4	4.01428E+6	1.13940E+6	8.09353E+4	2.69499E+6
2.26000E+1	3.17757E+4	4.35427E+4	4.14249E+6	1.14677E+6	8.10937E+4	2.68746E+6
2.27000E+1	3.19420E+4	4.35108E+4	4.14249E+6	1.15104E+6	8.10060E+4	2.76543E+6
2.28000E+1	3.19033E+4	4.34611E+4	4.25316E+6	1.14532E+6	8.10694E+4	2.66931E+6
2.29000E+1	3.17740E+4	4.37121E+4	4.30506E+6	1.14025E+6	8.10683E+4	2.70206E+6
2.30000E+1	3.18277E+4	4.36084E+4	3.99204E+6	1.13369E+6	8.11391E+4	2.64871E+6
2.31000E+1	3.18249E+4	4.36536E+4	4.19058E+6	1.13561E+6	8.10704E+4	2.78326E+6
2.32000E+1	3.18378E+4	4.37601E+4	3.97646E+6	1.15825E+6	8.11740E+4	2.72707E+6
2.33000E+1	3.20110E+4	4.37088E+4	4.11141E+6	1.14338E+6	8.10261E+4	2.67500E+6
2.34000E+1	3.17566E+4	4.34949E+4	3.94353E+6	1.14223E+6	8.09775E+4	2.64700E+6
2.35000E+1	3.19381E+4	4.38187E+4	4.24828E+6	1.14963E+6	8.10229E+4	2.78380E+6
2.36000E+1	3.19493E+4	4.39714E+4	4.03126E+6	1.15504E+6	8.08679E+4	2.74808E+6
2.37000E+1	3.19521E+4	4.38860E+4	4.26541E+6	1.15135E+6	8.12100E+4	2.80512E+6
2.38000E+1	3.18260E+4	4.39200E+4	4.21144E+6	1.14742E+6	8.13423E+4	2.68421E+6
2.39000E+1	3.19869E+4	4.40169E+4	3.91010E+6	1.14687E+6	8.11423E+4	2.71911E+6
2.40000E+1	3.20644E+4	4.38280E+4	4.16523E+6	1.14542E+6	8.08858E+4	2.71272E+6
2.41000E+1	3.20588E+4	4.39421E+4	4.06284E+6	1.15387E+6	8.12639E+4	2.68496E+6
2.42000E+1	3.21425E+4	4.40015E+4	4.41396E+6	1.15296E+6	8.12248E+4	2.65212E+6
2.43000E+1	3.20858E+4	4.41319E+4	4.15471E+6	1.16677E+6	8.09248E+4	2.74234E+6
2.44000E+1	3.22760E+4	4.38887E+4	4.21324E+6	1.15789E+6	8.07931E+4	2.74312E+6
2.45000E+1	3.20891E+4	4.43336E+4	4.02138E+6	1.14268E+6	8.11782E+4	2.65041E+6
2.46000E+1	3.22394E+4	4.43484E+4	3.81600E+6	1.16952E+6	8.11159E+4	2.76887E+6
2.47000E+1	3.17505E+4	4.43376E+4	4.08022E+6	1.15932E+6	8.12343E+4	2.71706E+6
2.48000E+1	3.02735E+4	4.44008E+4	3.91737E+6	1.14592E+6	8.13550E+4	2.70789E+6
2.49000E+1	2.80650E+4	4.44666E+4	3.66176E+6	1.17264E+6	8.16416E+4	2.58267E+6
2.50000E+1	2.47047E+4	4.44693E+4	3.12847E+6	1.12420E+6	8.19365E+4	2.63635E+6
2.51000E+1	1.69511E+4	4.45056E+4	2.00734E+6	1.10645E+6	8.28895E+4	2.46835E+6
2.52000E+1	1.05846E+4	4.45413E+4	1.16562E+6	1.01497E+6	8.46564E+4	2.24661E+6
2.53000E+1	7.34347E+3	4.44586E+4	8.12361E+5	8.22455E+5	8.71470E+4	1.96183E+6
2.54000E+1	5.58424E+3	4.42525E+4	5.99324E+5	6.25007E+5	8.99610E+4	1.65619E+6
2.55000E+1	4.46209E+3	4.38020E+4	4.71820E+5	4.78290E+5	9.34548E+4	1.40807E+6
2.56000E+1	3.73004E+3	4.32129E+4	3.69941E+5	3.80201E+5	9.64285E+4	1.18542E+6
2.57000E+1	3.13824E+3	4.26134E+4	3.01496E+5	3.05860E+5	9.96978E+4	9.79438E+5
2.58000E+1	2.71299E+3	4.16412E+4	2.58066E+5	2.55369E+5	1.03412E+5	8.30742E+5
2.59000E+1	2.45904E+3	4.03265E+4	2.25288E+5	2.15878E+5	1.06544E+5	7.12422E+5
2.60000E+1	2.30640E+3	3.90162E+4	1.99316E+5	1.87949E+5	1.09824E+5	6.08372E+5
2.61000E+1	2.10885E+3	3.74812E+4	1.77551E+5	1.66954E+5	1.13692E+5	5.29234E+5
2.62000E+1	1.96193E+3	3.57311E+4	1.59293E+5	1.50735E+5	1.16476E+5	4.64899E+5
2.63000E+1	1.88295E+3	3.38182E+4	1.43433E+5	1.37962E+5	1.19712E+5	4.12525E+5
2.64000E+1	1.73936E+3	3.18610E+4	1.31336E+5	1.25524E+5	1.22611E+5	3.70325E+5
2.65000E+1	1.66638E+3	2.98492E+4	1.21817E+5	1.16312E+5	1.25848E+5	3.36808E+5
2.66000E+1	1.61246E+3	2.80193E+4	1.13775E+5	1.07471E+5	1.29066E+5	3.05661E+5
2.67000E+1	1.53900E+3	2.60131E+4	1.07393E+5	1.00716E+5	1.31507E+5	2.83612E+5
2.68000E+1	1.51443E+3	2.41925E+4	1.03074E+5	9.47410E+4	1.33954E+5	2.65223E+5
2.69000E+1	1.49352E+3	2.24402E+4	9.93661E+4	8.94124E+4	1.36815E+5	2.47537E+5
2.70000E+1	1.44409E+3	2.08240E+4	9.69249E+4	8.53109E+4	1.38766E+5	2.35350E+5
2.71000E+1	1.42056E+3	1.93375E+4	9.55319E+4	8.23584E+4	1.40388E+5	2.24096E+5
2.72000E+1	1.40200E+3	1.80670E+4	9.40176E+4	7.96231E+4	1.42205E+5	2.16169E+5
2.73000E+1	1.41393E+3	1.67630E+4	9.33384E+4	7.71292E+4	1.43648E+5	2.08080E+5
2.74000E+1	1.36061E+3	1.57446E+4	9.29046E+4	7.60972E+4	1.45516E+5	2.02092E+5
2.75000E+1	1.39637E+3	1.47120E+4	9.25062E+4	7.47557E+4	1.46289E+5	1.97323E+5
2.76000E+1	1.41691E+3	1.38086E+4	9.33613E+4	7.38231E+4	1.47663E+5	1.92542E+5
2.77000E+1	1.41559E+3	1.29410E+4	9.48824E+4	7.25419E+4	1.48613E+5	1.90342E+5
2.78000E+1	1.48157E+3	1.22690E+4	9.60964E+4	7.20512E+4	1.49170E+5	1.87308E+5
2.79000E+1	1.42719E+3	1.15649E+4	9.68126E+4	7.18160E+4	1.49462E+5	1.83441E+5
2.80000E+1	1.47958E+3	1.09849E+4	9.86744E+4	7.18065E+4	1.51343E+5	1.82025E+5
2.81000E+1	1.43912E+3	1.04733E+4	9.95724E+4	7.16108E+4	1.51363E+5	1.80937E+5
2.82000E+1	1.46333E+3	9.96222E+3	1.00695E+5	7.21409E+4	1.51204E+5	1.79760E+5
2.83000E+1	1.44641E+3	9.54735E+3	1.00971E+5	7.23416E+4	1.52002E+5	1.78512E+5
2.84000E+1	1.46797E+3	9.09188E+3	1.02089E+5	7.24096E+4	1.52453E+5	1.77787E+5
2.85000E+1	1.48389E+3	8.72619E+3	1.02859E+5	7.27339E+4	1.52422E+5	1.76518E+5
2.86000E+1	1.47261E+3	8.32474E+3	1.03443E+5	7.29090E+4	1.52741E+5	1.76004E+5
2.87000E+1	1.47792E+3	8.07016E+3	1.02837E+5	7.31366E+4	1.53147E+5	1.74940E+5
2.88000E+1	1.46134E+3	7.75876E+3	1.02543E+5	7.32101E+4	1.53795E+5	1.75184E+5
2.89000E+1	1.49982E+3	7.51764E+3	1.02498E+5	7.33029E+4	1.54038E+5	1.74347E+5
2.90000E+1	1.44575E+3	7.26758E+3	1.01626E+5	7.33881E+4	1.54663E+5	1.72730E+5
2.91000E+1	1.43382E+3	6.96741E+3	1.01226E+5	7.36811E+4	1.55783E+5	1.72684E+5
2.92000E+1	1.33546E+3	6.78489E+3	1.01664E+5	7.30392E+4	1.56149E+5	1.71994E+5
2.93000E+1	1.44873E+3	6.56126E+3	1.02300E+5	7.29437E+4	1.56290E+5	1.70852E+5
2.94000E+1	1.44575E+3	6.39215E+3	1.04610E+5	7.28089E+4	1.57046E+5	1.69912E+5
2.95000E+1	1.47858E+3	6.16944E+3	1.07016E+5	7.28907E+4	1.57140E+5	1.70284E+5
2.96000E+1	1.48190E+3	6.02510E+3	1.08926E+5	7.30565E+4	1.57532E+5	1.71746E+5
2.97000E+1	1.49916E+3	5.85661E+3	1.11185E+5	7.41410E+4	1.56816E+5	1.71489E+5
2.98000E+1	1.51708E+3	5.71708E+3	1.13425E+5	7.45818E+4	1.57334E+5	1.72905E+5
2.99000E+1	1.53203E+3	5.58654E+3	1.15146E+5	7.48729E+4	1.57154E+5	1.72782E+5
3.00000E+1	1.52505E+3	5.52014E+3	1.17239E+5	7.55325E+4	1.57342E+5	1.72646E+5
3.01000E+1	1.52771E+3	5.39330E+3	1.18929E+5	7.66403E+4	1.57806E+5	1.73205E+5
3.02000E+1	1.55993E+3	5.27320E+3	1.20640E+5	7.71949E+4	1.57095E+5	1.73106E+5
3.03000E+1	1.57156E+3	5.16762E+3	1.22349E+5	7.80099E+4	1.57265E+5	1.75086E+5
3.04000E+1	1.61180E+3	5.10103E+3	1.22255E+5	7.86338E+4	1.57583E+5	1.74738E+5
3.05000E+1	1.57622E+3	4.99793E+3	1.22834E+5	7.91958E+4	1.57703E+5	1.75731E+5
3.06000E+1	1.56890E+3	4.92943E+3	1.21339E+5	7.99407E+4	1.58093E+5	1.75514E+5
3.07000E+1	1.55096E+3	4.86739E+3	1.19590E+5	8.01203E+4	1.57643E+5	1.76619E+5
3.08000E+1	1.56325E+3	4.78632E+3	1.17940E+5	8.05645E+4	1.57971E+5	1.76207E+5
3.09000E+1	1.57190E+3	4.68701E+3	1.15793E+5	8.03599E+4	1.58349E+5	1.75343E+5
3.10000E+1	1.51476E+3	4.59670E+3	1.13350E+5	8.01119E+4	1.58853E+5	1.75162E+5
3.11000E+1	1.54731E+3	4.58119E+3	1.10997E+5	7.95950E+4	1.59024E+5	1.75577E+5
3.12000E+1	1.54232E+3	4.52414E+3	1.07530E+5	7.91886E+4	1.59719E+5	1.75033E+5
3.13000E+1	1.49318E+3	4.40671E+3	1.05090E+5	7.77571E+4	1.60338E+5	1.73566E+5
3.14000E+1	1.45603E+3	4.40671E+3	1.03710E+5	7.68950E+4	1.61155E+5	1.73376E+5
3.15000E+1	1.48655E+3	4.31023E+3	1.01829E+5	7.58677E+4	1.62190E+5	1.72608E+5
3.16000E+1	1.48688E+3	4.26818E+3	1.00541E+5	7.49389E+4	1.61951E+5	1.71477E+5
3.17000E+1	1.46067E+3	4.19958E+3	9.99903E+4	7.43454E+4	1.62978E+5	1.70732E+5
3.18000E+1	1.49584E+3	4.13176E+3	9.85423E+4	7.36578E+4	1.63174E+5	1.70018E+5
3.19000E+1	1.45570E+3	4.10347E+3	9.75353E+4	7.27954E+4	1.63121E+5	1.69544E+5
3.20000E+1	1.46830E+3	4.06752E+3	9.65222E+4	7.22470E+4	1.63599E+5	1.68349E+5
3.21000E+1	1.41029E+3	3.97270E+3	9.54986E+4	7.17067E+4	1.64698E+5	1.67726E+5
3.22000E+1	1.39902E+3	3.93963E+3	9.51520E+4	7.08363E+4	1.64257E+5	1.67070E+5
3.23000E+1	1.40598E+3	3.88258E+3	9.58106E+4	7.06494E+4	1.65116E+5	1.66682E+5
3.24000E+1	1.43978E+3	3.86520E+3	9.59837E+4	7.00800E+4	1.65522E+5	1.65721E+5
3.25000E+1	1.45205E+3	3.84817E+3	9.73205E+4	6.99217E+4	1.65768E+5	1.66430E+5
3.26000E+1	1.45503E+3	3.76485E+3	9.79623E+4	6.96579E+4	1.65495E+5	1.65983E+5
3.27000E+1	1.44774E+3	3.75375E+3	9.93712E+4	7.01238E+4	1.65823E+5	1.65942E+5
3.28000E+1	1.41559E+3	3.72671E+3	1.01153E+5	7.00092E+4	1.65823E+5	1.66387E+5
3.29000E+1	1.46731E+3	3.63770E+3	1.02898E+5	7.03264E+4	1.66267E+5	1.66638E+5
3.30000E+1	1.45570E+3	3.66297E+3	1.05289E+5	7.09869E+4	1.65516E+5	1.66419E+5
3.31000E+1	1.49451E+3	3.64843E+3	1.07194E+5	7.14307E+4	1.65677E+5	1.66597E+5
3.32000E+1	1.51277E+3	3.58202E+3	1.10030E+5	7.19912E+4	1.65930E+5	1.67639E+5
3.33000E+1	1.51177E+3	3.58548E+3	1.11087E+5	7.30411E+4	1.65511E+5	1.68569E+5
3.34000E+1	1.52240E+3	3.55369E+3	1.11507E+5	7.36636E+4	1.65255E+5	1.69615E+5
3.35000E+1	1.53369E+3	3.53676E+3	1.11946E+5	7.43063E+4	1.65275E+5	1.69205E+5
3.36000E+1	1.49883E+3	3.51915E+3	1.12310E+5	7.51067E+4	1.65266E+5	1.70272E+5
3.37000E+1	1.52306E+3	3.49050E+3	1.11223E+5	7.53372E+4	1.65875E+5	1.70989E+5
3.38000E+1	1.50978E+3	3.40603E+3	1.11025E+5	7.54720E+4	1.65727E+5	1.70873E+5
3.39000E+1	1.52837E+3	3.41292E+3	1.10776E+5	7.58209E+4	1.65105E+5	1.71281E+5
3.40000E+1	1.53269E+3	3.40259E+3	1.10959E+5	7.58587E+4	1.65463E+5	1.70980E+5
3.41000E+1	1.54000E+3	3.37401E+3	1.12078E+5	7.62321E+4	1.65827E+5	1.71577E+5
3.42000E+1	1.55030E+3	3.39260E+3	1.13881E+5	7.62461E+4	1.65488E+5	1.71679E+5
3.43000E+1	1.58054E+3	3.33099E+3	1.16467E+5	7.61621E+4	1.65616E+5	1.71563E+5
3.44000E+1	1.56625E+3	3.32446E+3	1.19769E+5	7.68990E+4	1.65675E+5	1.72833E+5
3.45000E+1	1.59384E+3	3.32927E+3	1.19492E+5	7.75395E+4	1.65775E+5	1.73600E+5
3.46000E+1	1.50447E+3	3.29867E+3	1.17502E+5	7.80222E+4	1.65850E+5	1.74197E+5
3.47000E+1	1.56824E+3	3.24094E+3	1.15458E+5	7.87150E+4	1.66062E+5	1.74296E+5
3.48000E+1	1.56359E+3	3.25846E+3	1.13521E+5	7.88551E+4	1.66263E+5	1.74403E+5
3.49000E+1	1.52538E+3	3.24026E+3	1.12066E+5	7.85208E+4	1.66906E+5	1.74955E+5
3.50000E+1	1.53568E+3	3.24266E+3	1.11098E+5	7.77897E+4	1.66812E+5	1.73675E+5
3.51000E+1	1.56159E+3	3.25846E+3	1.09416E+5	7.76106E+4	1.67085E+5	1.73793E+5
3.52000E+1	1.53734E+3	3.21314E+3	1.08680E+5	7.67822E+4	1.67228E+5	1.73783E+5
3.53000E+1	1.50281E+3	3.21074E+3	1.07550E+5	7.62051E+4	1.67675E+5	1.73477E+5
3.54000E+1	1.53369E+3	3.19186E+3	1.07390E+5	7.56020E+4	1.67493E+5	1.73829E+5
3.55000E+1	1.51775E+3	3.15860E+3	1.06840E+5	7.55474E+4	1.68309E+5	1.73390E+5
3.56000E+1	1.50945E+3	3.17163E+3	1.06240E+5	7.53015E+4	1.68420E+5	1.72555E+5
3.57000E+1	1.53103E+3	3.16785E+3	1.04615E+5	7.51541E+4	1.68344E+5	1.72955E+5
3.58000E+1	1.46996E+3	3.14591E+3	1.03344E+5	7.48335E+4	1.69009E+5	1.72658E+5
3.59000E+1	1.51277E+3	3.12878E+3	1.02511E+5	7.41987E+4	1.69511E+5	1.72163E+5
3.60000E+1	1.45968E+3	3.12741E+3	1.01876E+5	7.35820E+4	1.68778E+5	1.71364E+5
3.61000E+1	1.48290E+3	3.14351E+3	1.02060E+5	7.31395E+4	1.69799E+5	1.70451E+5
3.62000E+1	1.47726E+3	3.07707E+3	1.02440E+5	7.24201E+4	1.69342E+5	1.70260E+5
3.63000E+1	1.46896E+3	3.07741E+3	1.02756E+5	7.22107E+4	1.69530E+5	1.70644E+5
3.64000E+1	1.48290E+3	3.06269E+3	1.03439E+5	7.19464E+4	1.69392E+5	1.69816E+5
3.65000E+1	1.51111E+3	3.02369E+3	1.03824E+5	7.22785E+4	1.69093E+5	1.69610E+5
3.66000E+1	1.47759E+3	3.05345E+3	1.03951E+5	7.20865E+4	1.69389E+5	1.68402E+5
3.67000E+1	1.47129E+3	3.04250E+3	1.04176E+5	7.22183E+4	1.69815E+5	1.69002E+5
3.68000E+1	1.47328E+3	2.99737E+3	1.04735E+5	7.22584E+4	1.69520E+5	1.69044E+5
3.69000E+1	1.45338E+3	3.01104E+3	1.06484E+5	7.22670E+4	1.69067E+5	1.68374E+5
3.70000E+1	1.54631E+3	2.99054E+3	1.07779E+5	7.24393E+4	1.68474E+5	1.69261E+5
3.71000E+1	1.51742E+3	2.96901E+3	1.10129E+5	7.27032E+4	1.69125E+5	1.69948E+5
3.72000E+1	1.51542E+3	2.96491E+3	1.13500E+5	7.34385E+4	1.68244E+5	1.69727E+5
3.73000E+1	1.55960E+3	2.99635E+3	1.16437E+5	7.40297E+4	1.69111E+5	1.70699E+5
3.74000E+1	1.55196E+3	2.95945E+3	1.18368E+5	7.46505E+4	1.68200E+5	1.70911E+5
3.75000E+1	1.60182E+3	2.96286E+3	1.18782E+5	7.53580E+4	1.68133E+5	1.71722E+5
3.76000E+1	1.57921E+3	2.87619E+3	1.18516E+5	7.65178E+4	1.67975E+5	1.72373E+5
3.77000E+1	1.53834E+3	2.98370E+3	1.17728E+5	7.69938E+4	1.68439E+5	1.72711E+5
3.78000E+1	1.58918E+3	2.90756E+3	1.17621E+5	7.72921E+4	1.68160E+5	1.73289E+5
3.79000E+1	1.58818E+3	2.91985E+3	1.17459E+5	7.76218E+4	1.68522E+5	1.73470E+5
3.80000E+1	1.58154E+3	2.90995E+3	1.17822E+5	7.78182E+4	1.68242E+5	1.74539E+5
3.81000E+1	1.55528E+3	2.92940E+3	1.16865E+5	7.79936E+4	1.68112E+5	1.73643E+5
3.82000E+1	1.59517E+3	2.89665E+3	1.15963E+5	7.76309E+4	1.68432E+5	1.74597E+5
3.83000E+1	1.57023E+3	2.94203E+3	1.15229E+5	7.78885E+4	1.68200E+5	1.74243E+5
3.84000E+1	1.58021E+3	2.89494E+3	1.14767E+5	7.80671E+4	1.68485E+5	1.74639E+5
3.85000E+1	1.55827E+3	2.93418E+3	1.13729E+5	7.80885E+4	1.69588E+5	1.74753E+5
3.86000E+1	1.55827E+3	2.82711E+3	1.13119E+5	7.79895E+4	1.68932E+5	1.75888E+5
3.87000E+1	1.61213E+3	2.86050E+3	1.14257E+5	7.78141E+4	1.69002E+5	1.74095E+5
3.88000E+1	1.55893E+3	2.87380E+3	1.16091E+5	7.74634E+4	1.69569E+5	1.74750E+5
3.89000E+1	1.59750E+3	2.84040E+3	1.17807E+5	7.74583E+4	1.69340E+5	1.75069E+5
3.90000E+1	1.60149E+3	2.84823E+3	1.20969E+5	7.79579E+4	1.69065E+5	1.75509E+5
3.91000E+1	1.63409E+3	2.85369E+3	1.23447E+5	7.86821E+4	1.68792E+5	1.76235E+5
3.92000E+1	1.62411E+3	2.84823E+3	1.24398E+5	7.92227E+4	1.69254E+5	1.76651E+5
3.93000E+1	1.64773E+3	2.84108E+3	1.24725E+5	7.96771E+4	1.67957E+5	1.77382E+5
3.94000E+1	1.64674E+3	2.82200E+3	1.24925E+5	8.09603E+4	1.67813E+5	1.77120E+5
3.95000E+1	1.58154E+3	2.88642E+3	1.23273E+5	8.07622E+4	1.67306E+5	1.77586E+5
3.96000E+1	1.64474E+3	2.81315E+3	1.22770E+5	8.09572E+4	1.67168E+5	1.78098E+5
3.97000E+1	1.60149E+3	2.79987E+3	1.21121E+5	8.16104E+4	1.67334E+5	1.77929E+5
3.98000E+1	1.56359E+3	2.85539E+3	1.19495E+5	8.13028E+4	1.67315E+5	1.77757E+5
3.99000E+1	1.59583E+3	2.84176E+3	1.18468E+5	8.09941E+4	1.67354E+5	1.77306E+5
4.00000E+1	1.52339E+3	2.83154E+3	1.17115E+5	8.08517E+4	1.67910E+5	1.77979E+5
4.01000E+1	1.60747E+3	2.84380E+3	1.14542E+5	8.03966E+4	1.67980E+5	1.76878E+5
4.02000E+1	1.57090E+3	2.76753E+3	1.12579E+5	8.00638E+4	1.67795E+5	1.76453E+5
4.03000E+1	1.54764E+3	2.80055E+3	1.11809E+5	7.91162E+4	1.68209E+5	1.75741E+5
4.04000E+1	1.50082E+3	2.81553E+3	1.11904E+5	7.84089E+4	1.68174E+5	1.75225E+5
4.05000E+1	1.52406E+3	2.78829E+3	1.12352E+5	7.83751E+4	1.68221E+5	1.75937E+5
4.06000E+1	1.56492E+3	2.78148E+3	1.12617E+5	7.80079E+4	1.68371E+5	1.74335E+5
4.07000E+1	1.55727E+3	2.77400E+3	1.12606E+5	7.78956E+4	1.68841E+5	1.74318E+5
4.08000E+1	1.56492E+3	2.77740E+3	1.12939E+5	7.74025E+4	1.68855E+5	1.74609E+5
4.09000E+1	1.54232E+3	2.76005E+3	1.14617E+5	7.74380E+4	1.67765E+5	1.73791E+5
4.10000E+1	1.59616E+3	2.77604E+3	1.14628E+5	7.78355E+4	1.68313E+5	1.74015E+5
4.11000E+1	1.56226E+3	2.76481E+3	1.15251E+5	7.81979E+4	1.67719E+5	1.74439E+5
4.12000E+1	1.56525E+3	2.76583E+3	1.15105E+5	7.80998E+4	1.67297E+5	1.73725E+5
4.13000E+1	1.58719E+3	2.77978E+3	1.14727E+5	7.79456E+4	1.67638E+5	1.74500E+5
4.14000E+1	1.54531E+3	2.69545E+3	1.13998E+5	7.81253E+4	1.67534E+5	1.74335E+5
4.15000E+1	1.53568E+3	2.73114E+3	1.13110E+5	7.81407E+4	1.67689E+5	1.74136E+5
4.16000E+1	1.54996E+3	2.73148E+3	1.12313E+5	7.83321E+4	1.67223E+5	1.73547E+5
4.17000E+1	1.56425E+3	2.68356E+3	1.11894E+5	7.79201E+4	1.67200E+5	1.73311E+5
4.18000E+1	1.53634E+3	2.73284E+3	1.11731E+5	7.79579E+4	1.67901E+5	1.72318E+5
4.19000E+1	1.54365E+3	2.73930E+3	1.11850E+5	7.74269E+4	1.67161E+5	1.73061E+5
4.20000E+1	1.53468E+3	2.68832E+3	1.12260E+5	7.74431E+4	1.67666E+5	1.71915E+5
4.21000E+1	1.53867E+3	2.69002E+3	1.12153E+5	7.71464E+4	1.67860E+5	1.71932E+5
4.22000E+1	1.52771E+3	2.70972E+3	1.11405E+5	7.73174E+4	1.67663E+5	1.71356E+5
4.23000E+1	1.52738E+3	2.71040E+3	1.10694E+5	7.69555E+4	1.67074E+5	1.71145E+5
4.24000E+1	1.50679E+3	2.68254E+3	1.10836E+5	7.67781E+4	1.67989E+5	1.71096E+5
4.25000E+1	1.52804E+3	2.68220E+3	1.10356E+5	7.70130E+4	1.67580E+5	1.71127E+5
4.26000E+1	1.53070E+3	2.63365E+3	1.08856E+5	7.67067E+4	1.67763E+5	1.70793E+5
4.27000E+1	1.50480E+3	2.67473E+3	1.08616E+5	7.64886E+4	1.67927E+5	1.70423E+5
4.28000E+1	1.47328E+3	2.65537E+3	1.09136E+5	7.68970E+4	1.68511E+5	1.69254E+5
4.29000E+1	1.50015E+3	2.65266E+3	1.09198E+5	7.59085E+4	1.67675E+5	1.69341E+5
4.30000E+1	1.50015E+3	2.63908E+3	1.09606E+5	7.55127E+4	1.67265E+5	1.68746E+5
4.31000E+1	1.49816E+3	2.67065E+3	1.11732E+5	7.55633E+4	1.67659E+5	1.68588E+5
4.32000E+1	1.53634E+3	2.64926E+3	1.12085E+5	7.57273E+4	1.68082E+5	1.68870E+5
4.33000E+1	1.52904E+3	2.68594E+3	1.12745E+5	7.62421E+4	1.67920E+5	1.69187E+5
4.34000E+1	1.50314E+3	2.67269E+3	1.13430E+5	7.60143E+4	1.67975E+5	1.69117E+5
4.35000E+1	1.50049E+3	2.62211E+3	1.13217E+5	7.64154E+4	1.68191E+5	1.69976E+5
4.36000E+1	1.51343E+3	2.62992E+3	1.13040E+5	7.65529E+4	1.67578E+5	1.69406E+5
4.37000E+1	1.50546E+3	2.64757E+3	1.11953E+5	7.68607E+4	1.67728E+5	1.68804E+5
4.38000E+1	1.49750E+3	2.66013E+3	1.10923E+5	7.66745E+4	1.67596E+5	1.68539E+5
4.39000E+1	1.50978E+3	2.61940E+3	1.09671E+5	7.67399E+4	1.67917E+5	1.68676E+5
4.40000E+1	1.51144E+3	2.64247E+3	1.08152E+5	7.59574E+4	1.68126E+5	1.68437E+5
4.41000E+1	1.46830E+3	2.63433E+3	1.07060E+5	7.58199E+4	1.68246E+5	1.67883E+5
4.42000E+1	1.47726E+3	2.62449E+3	1.06215E+5	7.54046E+4	1.68634E+5	1.67102E+5
4.43000E+1	1.49949E+3	2.65232E+3	1.03962E+5	7.54026E+4	1.68967E+5	1.67008E+5
4.44000E+1	1.46697E+3	2.60787E+3	1.02403E+5	7.43317E+4	1.69357E+5	1.66483E+5
4.45000E+1	1.50546E+3	2.61872E+3	1.01962E+5	7.40658E+4	1.69689E+5	1.65546E+5
4.46000E+1	1.45868E+3	2.57396E+3	1.01699E+5	7.34802E+4	1.70420E+5	1.64706E+5
4.47000E+1	1.47195E+3	2.61533E+3	1.01436E+5	7.30334E+4	1.70641E+5	1.64318E+5
4.48000E+1	1.42686E+3	2.58548E+3	1.00933E+5	7.26465E+4	1.69900E+5	1.64471E+5
4.49000E+1	1.44078E+3	2.57091E+3	1.00967E+5	7.23953E+4	1.71017E+5	1.63255E+5
4.50000E+1	1.45371E+3	2.61567E+3	1.01689E+5	7.25304E+4	1.71356E+5	1.63380E+5
4.51000E+1	1.46697E+3	2.55295E+3	1.02618E+5	7.19112E+4	1.70667E+5	1.63739E+5
4.52000E+1	1.49750E+3	2.58074E+3	1.05031E+5	7.16564E+4	1.70705E+5	1.63318E+5
4.53000E+1	1.49451E+3	2.56142E+3	1.07732E+5	7.19950E+4	1.71270E+5	1.63685E+5
4.54000E+1	1.50214E+3	2.57464E+3	1.10660E+5	7.23857E+4	1.70934E+5	1.63477E+5
4.55000E+1	1.52273E+3	2.57396E+3	1.14043E+5	7.30401E+4	1.70008E+5	1.64030E+5
4.56000E+1	1.56026E+3	2.50384E+3	1.17542E+5	7.39936E+4	1.69790E+5	1.65194E+5
4.57000E+1	1.58353E+3	2.56040E+3	1.21940E+5	7.45916E+4	1.69555E+5	1.66049E+5
4.58000E+1	1.57888E+3	2.52822E+3	1.26805E+5	7.54849E+4	1.68950E+5	1.66989E+5
4.59000E+1	1.62777E+3	2.56277E+3	1.32795E+5	7.68517E+4	1.68418E+5	1.68377E+5
4.60000E+1	1.69069E+3	2.55328E+3	1.40097E+5	7.85054E+4	1.67260E+5	1.70616E+5
4.61000E+1	1.68869E+3	2.56345E+3	1.46556E+5	8.02981E+4	1.66544E+5	1.71875E+5
4.62000E+1	1.75670E+3	2.62754E+3	1.54234E+5	8.17987E+4	1.66014E+5	1.74061E+5
4.63000E+1	1.76537E+3	2.54380E+3	1.60365E+5	8.42429E+4	1.65320E+5	1.75130E+5
4.64000E+1	1.80476E+3	2.56955E+3	1.66916E+5	8.64037E+4	1.64673E+5	1.77130E+5
4.65000E+1	1.85086E+3	2.58955E+3	1.70668E+5	8.90950E+4	1.64101E+5	1.80541E+5
4.66000E+1	1.86958E+3	2.56515E+3	1.72558E+5	9.11327E+4	1.62956E+5	1.81656E+5
4.67000E+1	1.86857E+3	2.59023E+3	1.73665E+5	9.37430E+4	1.62782E+5	1.84220E+5
4.68000E+1	1.92243E+3	2.58040E+3	1.76193E+5	9.50702E+4	1.63005E+5	1.85175E+5
4.69000E+1	1.91473E+3	2.60515E+3	1.78188E+5	9.72996E+4	1.62017E+5	1.86621E+5
4.70000E+1	1.91172E+3	2.61635E+3	1.79763E+5	9.81270E+4	1.61533E+5	1.88692E+5
4.71000E+1	1.93950E+3	2.60210E+3	1.80268E+5	9.95472E+4	1.61434E+5	1.89995E+5
4.72000E+1	1.92778E+3	2.58481E+3	1.78034E+5	1.00632E+5	1.60539E+5	1.90120E+5
4.73000E+1	1.94653E+3	2.61770E+3	1.75257E+5	1.01448E+5	1.60718E+5	1.92303E+5
4.74000E+1	1.90269E+3	2.60312E+3	1.70279E+5	1.02221E+5	1.60758E+5	1.92452E+5
4.75000E+1	1.86657E+3	2.64723E+3	1.65901E+5	1.03010E+5	1.60666E+5	1.93031E+5
4.76000E+1	1.85286E+3	2.61160E+3	1.59781E+5	1.02019E+5	1.61254E+5	1.92755E+5
4.77000E+1	1.81845E+3	2.62177E+3	1.53509E+5	1.01461E+5	1.61461E+5	1.93167E+5
4.78000E+1	1.79708E+3	2.62177E+3	1.47949E+5	1.00373E+5	1.61450E+5	1.92738E+5
4.79000E+1	1.76871E+3	2.62483E+3	1.42786E+5	9.93165E+4	1.62207E+5	1.91542E+5
4.80000E+1	1.73569E+3	2.67507E+3	1.37927E+5	9.73912E+4	1.62738E+5	1.91425E+5
4.81000E+1	1.70869E+3	2.63670E+3	1.30998E+5	9.62579E+4	1.63047E+5	1.90383E+5
4.82000E+1	1.67037E+3	2.63365E+3	1.25146E+5	9.41793E+4	1.63492E+5	1.88744E+5
4.83000E+1	1.66371E+3	2.70497E+3	1.19739E+5	9.19768E+4	1.65019E+5	1.88140E+5
4.84000E+1	1.60614E+3	2.64960E+3	1.14889E+5	8.93003E+4	1.65291E+5	1.85964E+5
4.85000E+1	1.59849E+3	2.64994E+3	1.11539E+5	8.72878E+4	1.66340E+5	1.83332E+5
4.86000E+1	1.57788E+3	2.59667E+3	1.08481E+5	8.53773E+4	1.67689E+5	1.82094E+5
4.87000E+1	1.55927E+3	2.60312E+3	1.06300E+5	8.35597E+4	1.67843E+5	1.79523E+5
4.88000E+1	1.49617E+3	2.62652E+3	1.03199E+5	8.16179E+4	1.68692E+5	1.78607E+5
4.89000E+1	1.49186E+3	2.60413E+3	1.01051E+5	8.02981E+4	1.69815E+5	1.76262E+5
4.90000E+1	1.48688E+3	2.57328E+3	9.91422E+4	7.91069E+4	1.69987E+5	1.75286E+5
4.91000E+1	1.47693E+3	2.58040E+3	9.78110E+4	7.74400E+4	1.70622E+5	1.73236E+5
4.92000E+1	1.44442E+3	2.63399E+3	9.55898E+4	7.60033E+4	1.71078E+5	1.72447E+5
4.93000E+1	1.44011E+3	2.61702E+3	9.42677E+4	7.49952E+4	1.71619E+5	1.69647E+5
4.94000E+1	1.39074E+3	2.55803E+3	9.34287E+4	7.39488E+4	1.72418E+5	1.69042E+5
4.95000E+1	1.43481E+3	2.57701E+3	9.30174E+4	7.31222E+4	1.73862E+5	1.67752E+5
4.96000E+1	1.41923E+3	2.59667E+3	9.31207E+4	7.21915E+4	1.73034E+5	1.66705E+5
4.97000E+1	1.43183E+3	2.60346E+3	9.32192E+4	7.14753E+4	1.74750E+5	1.66368E+5
4.98000E+1	1.44144E+3	2.55803E+3	9.32012E+4	7.07292E+4	1.74157E+5	1.65382E+5
4.99000E+1	1.45470E+3	2.58447E+3	9.35144E+4	7.04311E+4	1.73594E+5	1.65108E+5
5.00000E+1	1.43481E+3	2.57667E+3	9.41268E+4	7.05107E+4	1.73744E+5	1.64340E+5
5.01000E+1	1.43680E+3	2.52991E+3	9.42592E+4	6.99543E+4	1.74393E+5	1.64017E+5
5.02000E+1	1.41128E+3	2.51907E+3	9.44478E+4	6.98241E+4	1.75230E+5	1.63472E+5
5.03000E+1	1.43813E+3	2.54753E+3	9.45941E+4	6.95949E+4	1.75322E+5	1.63658E+5
5.04000E+1	1.45404E+3	2.53702E+3	9.50416E+4	6.96783E+4	1.75166E+5	1.62441E+5
5.05000E+1	1.40267E+3	2.49707E+3	9.49351E+4	6.93913E+4	1.74832E+5	1.62569E+5
5.06000E+1	1.41658E+3	2.50384E+3	9.52502E+4	6.90269E+4	1.75291E+5	1.62696E+5
5.07000E+1	1.40234E+3	2.48962E+3	9.72503E+4	6.89506E+4	1.75535E+5	1.61404E+5
5.08000E+1	1.46664E+3	2.53431E+3	9.90069E+4	6.89193E+4	1.75237E+5	1.62168E+5
5.09000E+1	1.45669E+3	2.54177E+3	1.00481E+5	6.95689E+4	1.75794E+5	1.62175E+5
5.10000E+1	1.44078E+3	2.49436E+3	1.01639E+5	6.99822E+4	1.75704E+5	1.62527E+5
5.11000E+1	1.47858E+3	2.52280E+3	1.03972E+5	7.01835E+4	1.75081E+5	1.62319E+5
5.12000E+1	1.48688E+3	2.53160E+3	1.05166E+5	7.07564E+4	1.74737E+5	1.62883E+5
5.13000E+1	1.45669E+3	2.53499E+3	1.07155E+5	7.11585E+4	1.74407E+5	1.64185E+5
5.14000E+1	1.51708E+3	2.47338E+3	1.11552E+5	7.16953E+4	1.74400E+5	1.64498E+5
5.15000E+1	1.52804E+3	2.47880E+3	1.18147E+5	7.22651E+4	1.74174E+5	1.64794E+5
5.16000E+1	1.58187E+3	2.52517E+3	1.26408E+5	7.34230E+4	1.73607E+5	1.66845E+5
5.17000E+1	1.60747E+3	2.48759E+3	1.33842E+5	7.51107E+4	1.72799E+5	1.68544E+5
5.18000E+1	1.66704E+3	2.53973E+3	1.42034E+5	7.68335E+4	1.72540E+5	1.69264E+5
5.19000E+1	1.73936E+3	2.46628E+3	1.51106E+5	7.95379E+4	1.71154E+5	1.72108E+5
5.20000E+1	1.82079E+3	2.47609E+3	1.61766E+5	7.95888E+4	1.70533E+5	1.73788E+5
5.21000E+1	1.89934E+3	2.51433E+3	1.73354E+5	8.22331E+4	1.69921E+5	1.76094E+5
5.22000E+1	1.94619E+3	2.52923E+3	1.85901E+5	8.83012E+4	1.68885E+5	1.79339E+5
5.23000E+1	2.03668E+3	2.55396E+3	1.96268E+5	9.24398E+4	1.66929E+5	1.83201E+5
5.24000E+1	2.07963E+3	2.54244E+3	2.10335E+5	9.71580E+4	1.65939E+5	1.86011E+5
5.25000E+1	2.19861E+3	2.57735E+3	2.26170E+5	1.01618E+5	1.64766E+5	1.89438E+5
5.26000E+1	2.26292E+3	2.55871E+3	2.42246E+5	1.06799E+5	1.63223E+5	1.91718E+5
5.27000E+1	2.36916E+3	2.54854E+3	2.59006E+5	1.12220E+5	1.61655E+5	1.96485E+5
5.28000E+1	2.49423E+3	2.52483E+3	2.80514E+5	1.18258E+5	1.60942E+5	2.00112E+5
5.29000E+1	2.50946E+3	2.55091E+3	2.99393E+5	1.24057E+5	1.59765E+5	2.03136E+5
5.30000E+1	2.69328E+3	2.57294E+3	3.22532E+5	1.31033E+5	1.58812E+5	2.09218E+5
5.31000E+1	2.80790E+3	2.59396E+3	3.41983E+5	1.37865E+5	1.57453E+5	2.11583E+5
5.32000E+1	2.91118E+3	2.57396E+3	3.64553E+5	1.44714E+5	1.56237E+5	2.16721E+5
5.33000E+1	3.00510E+3	2.59328E+3	3.88205E+5	1.53076E+5	1.55148E+5	2.21454E+5
5.34000E+1	3.10843E+3	2.60753E+3	4.14019E+5	1.60843E+5	1.53952E+5	2.26290E+5
5.35000E+1	3.21266E+3	2.64824E+3	4.38143E+5	1.69417E+5	1.52377E+5	2.30574E+5
5.36000E+1	3.36767E+3	2.65775E+3	4.72232E+5	1.78004E+5	1.51726E+5	2.35901E+5
5.37000E+1	3.52730E+3	2.61872E+3	4.90094E+5	1.86429E+5	1.50590E+5	2.40649E+5
5.38000E+1	3.54318E+3	2.64315E+3	5.22709E+5	1.96025E+5	1.49318E+5	2.46289E+5
5.39000E+1	3.77131E+3	2.63637E+3	5.50642E+5	2.05840E+5	1.47884E+5	2.51306E+5
5.40000E+1	3.90678E+3	2.66964E+3	5.81259E+5	2.16077E+5	1.46969E+5	2.57003E+5
5.41000E+1	4.07680E+3	2.69783E+3	6.09994E+5	2.27247E+5	1.46016E+5	2.62511E+5
5.42000E+1	4.18020E+3	2.73556E+3	6.46375E+5	2.39459E+5	1.44855E+5	2.68444E+5
5.43000E+1	4.30238E+3	2.73250E+3	6.71666E+5	2.49641E+5	1.43913E+5	2.75246E+5
5.44000E+1	4.47932E+3	2.78114E+3	7.03070E+5	2.60119E+5	1.42713E+5	2.80938E+5
5.45000E+1	4.62441E+3	2.74712E+3	7.35877E+5	2.71244E+5	1.41813E+5	2.85686E+5
5.46000E+1	4.77557E+3	2.77400E+3	7.89356E+5	2.82456E+5	1.40920E+5	2.91963E+5
5.47000E+1	5.01235E+3	2.82132E+3	8.05573E+5	2.95089E+5	1.40457E+5	2.98505E+5
5.48000E+1	5.17817E+3	2.78897E+3	8.29407E+5	3.09977E+5	1.39529E+5	3.06251E+5
5.49000E+1	5.32950E+3	2.84176E+3	8.69284E+5	3.21426E+5	1.38222E+5	3.12387E+5
5.50000E+1	5.52860E+3	2.87278E+3	9.01335E+5	3.31683E+5	1.37691E+5	3.20323E+5
5.51000E+1	5.58783E+3	2.86357E+3	9.55150E+5	3.46416E+5	1.37204E+5	3.24891E+5
5.52000E+1	5.88824E+3	2.91473E+3	9.83738E+5	3.56957E+5	1.36339E+5	3.31801E+5
5.53000E+1	6.05503E+3	2.88676E+3	1.00409E+6	3.69155E+5	1.35263E+5	3.41066E+5
5.54000E+1	6.26525E+3	2.87925E+3	1.03893E+6	3.85261E+5	1.34599E+5	3.47791E+5
5.55000E+1	6.44564E+3	2.96355E+3	1.08724E+6	4.00924E+5	1.33447E+5	3.55352E+5
5.56000E+1	6.69408E+3	2.98609E+3	1.10205E+6	4.10052E+5	1.32249E+5	3.63477E+5
5.57000E+1	6.90795E+3	2.92940E+3	1.16727E+6	4.23092E+5	1.31812E+5	3.72185E+5
5.58000E+1	7.18409E+3	2.93555E+3	1.17828E+6	4.31348E+5	1.30994E+5	3.81077E+5
5.59000E+1	7.36204E+3	2.99293E+3	1.20527E+6	4.41942E+5	1.30527E+5	3.83783E+5
5.60000E+1	7.69206E+3	3.02746E+3	1.23514E+6	4.58721E+5	1.29083E+5	3.99148E+5
5.61000E+1	7.84997E+3	3.03977E+3	1.25905E+6	4.71845E+5	1.27999E+5	4.06148E+5
5.62000E+1	8.11970E+3	3.03840E+3	1.33673E+6	4.84761E+5	1.27708E+5	4.15992E+5
5.63000E+1	8.36619E+3	3.02267E+3	1.32545E+6	4.96207E+5	1.26871E+5	4.25239E+5
5.64000E+1	8.54923E+3	3.07604E+3	1.34295E+6	5.05393E+5	1.26806E+5	4.34455E+5
5.65000E+1	8.84957E+3	3.11747E+3	1.42250E+6	5.19790E+5	1.25495E+5	4.44553E+5
5.66000E+1	9.09786E+3	3.16134E+3	1.44063E+6	5.32663E+5	1.25088E+5	4.51235E+5
5.67000E+1	9.38236E+3	3.11302E+3	1.46962E+6	5.46620E+5	1.24054E+5	4.58234E+5
5.68000E+1	9.62458E+3	3.22103E+3	1.48581E+6	5.57914E+5	1.23371E+5	4.69511E+5
5.69000E+1	9.96206E+3	3.17334E+3	1.52033E+6	5.70071E+5	1.23114E+5	4.83734E+5
5.70000E+1	1.01701E+4	3.26396E+3	1.54882E+6	5.79741E+5	1.22463E+5	4.88571E+5
5.71000E+1	1.04807E+4	3.24266E+3	1.59835E+6	5.93238E+5	1.21818E+5	5.07973E+5
5.72000E+1	1.07135E+4	3.25331E+3	1.58737E+6	5.96661E+5	1.21097E+5	5.14072E+5
5.73000E+1	1.10208E+4	3.27083E+3	1.65700E+6	6.16141E+5	1.20056E+5	5.19340E+5
5.74000E+1	1.13338E+4	3.25674E+3	1.64171E+6	6.19828E+5	1.19754E+5	5.29195E+5
5.75000E+1	1.15407E+4	3.32996E+3	1.71557E+6	6.37163E+5	1.19532E+5	5.44989E+5
5.76000E+1	1.18429E+4	3.36368E+3	1.73685E+6	6.51530E+5	1.18771E+5	5.56253E+5
5.77000E+1	1.21132E+4	3.35576E+3	1.74965E+6	6.52332E+5	1.17629E+5	5.63137E+5
5.78000E+1	1.24971E+4	3.34888E+3	1.78848E+6	6.62965E+5	1.17526E+5	5.77008E+5
5.79000E+1	1.26924E+4	3.41189E+3	1.81563E+6	6.73190E+5	1.16981E+5	5.87702E+5
5.80000E+1	1.30482E+4	3.42085E+3	1.78733E+6	6.81857E+5	1.16144E+5	6.00807E+5
5.81000E+1	1.32755E+4	3.44808E+3	1.85410E+6	6.88190E+5	1.15641E+5	6.13124E+5
5.82000E+1	1.36222E+4	3.47601E+3	1.85830E+6	6.98018E+5	1.15571E+5	6.18239E+5
5.83000E+1	1.36721E+4	3.44153E+3	1.84700E+6	7.08620E+5	1.14791E+5	6.33099E+5
5.84000E+1	1.41294E+4	3.50293E+3	1.91630E+6	7.19898E+5	1.14400E+5	6.56394E+5
5.85000E+1	1.44032E+4	3.57373E+3	1.91814E+6	7.22244E+5	1.13543E+5	6.58835E+5
5.86000E+1	1.46961E+4	3.53400E+3	1.90679E+6	7.31072E+5	1.12879E+5	6.63314E+5
5.87000E+1	1.49391E+4	3.59136E+3	1.99864E+6	7.42348E+5	1.12571E+5	6.80708E+5
5.88000E+1	1.52404E+4	3.53262E+3	2.00505E+6	7.48149E+5	1.11804E+5	6.97149E+5
5.89000E+1	1.55037E+4	3.62594E+3	2.00448E+6	7.51756E+5	1.10880E+5	7.06008E+5
5.90000E+1	1.57854E+4	3.63251E+3	2.01351E+6	7.68073E+5	1.11026E+5	7.22017E+5
5.91000E+1	1.60439E+4	3.68444E+3	2.06344E+6	7.81935E+5	1.10333E+5	7.41837E+5
5.92000E+1	1.63065E+4	3.68132E+3	2.14757E+6	7.78043E+5	1.09828E+5	7.35335E+5
5.93000E+1	1.66430E+4	3.72116E+3	2.12804E+6	7.84020E+5	1.09345E+5	7.55267E+5
5.94000E+1	1.69498E+4	3.75583E+3	2.22658E+6	7.99806E+5	1.08733E+5	7.75433E+5
5.95000E+1	1.70848E+4	3.79261E+3	2.13720E+6	8.11351E+5	1.08796E+5	7.90911E+5
5.96000E+1	1.74774E+4	3.88988E+3	2.13817E+6	8.05713E+5	1.07763E+5	7.99665E+5
5.97000E+1	1.77421E+4	3.82351E+3	2.22014E+6	8.10415E+5	1.07719E+5	8.09764E+5
5.98000E+1	1.79403E+4	3.89718E+3	2.15132E+6	8.26724E+5	1.07098E+5	8.25166E+5
5.99000E+1	1.82782E+4	3.85999E+3	2.18833E+6	8.33721E+5	1.06899E+5	8.40956E+5
6.00000E+1	1.85343E+4	3.88814E+3	2.19493E+6	8.44432E+5	1.06245E+5	8.58092E+5
6.01000E+1	1.88043E+4	3.92292E+3	2.32908E+6	8.45237E+5	1.05855E+5	8.77616E+5
6.02000E+1	1.90462E+4	3.94137E+3	2.23621E+6	8.53600E+5	1.05506E+5	8.85593E+5
6.03000E+1	1.92695E+4	4.00824E+3	2.31097E+6	8.54920E+5	1.05192E+5	8.97984E+5
6.04000E+1	1.95276E+4	4.04659E+3	2.29645E+6	8.54832E+5	1.04940E+5	9.17381E+5
6.05000E+1	1.96243E+4	4.06473E+3	2.38609E+6	8.71812E+5	1.04153E+5	9.30007E+5
6.06000E+1	1.98432E+4	4.11744E+3	2.34150E+6	8.82300E+5	1.03802E+5	9.33093E+5
6.07000E+1	2.01769E+4	4.14399E+3	2.50676E+6	8.85888E+5	1.03505E+5	9.51608E+5
6.08000E+1	2.02807E+4	4.11045E+3	2.32965E+6	8.82424E+5	1.03353E+5	9.64483E+5
6.09000E+1	2.05816E+4	4.16566E+3	2.36574E+6	9.01539E+5	1.02387E+5	9.82450E+5
6.10000E+1	2.07707E+4	4.23072E+3	2.42327E+6	8.95117E+5	1.02466E+5	9.96444E+5
6.11000E+1	2.10897E+4	4.18698E+3	2.43460E+6	9.02185E+5	1.02089E+5	1.00417E+6
6.12000E+1	2.12680E+4	4.21952E+3	2.45001E+6	9.06344E+5	1.01885E+5	1.01998E+6
6.13000E+1	2.14436E+4	4.29095E+3	2.42040E+6	9.16162E+5	1.01420E+5	1.02653E+6
6.14000E+1	2.15925E+4	4.28079E+3	2.56244E+6	9.18295E+5	1.01357E+5	1.05917E+6
6.15000E+1	2.17083E+4	4.25102E+3	2.40071E+6	9.22354E+5	1.00612E+5	1.06908E+6
6.16000E+1	2.19757E+4	4.33933E+3	2.50742E+6	9.21782E+5	1.00232E+5	1.08497E+6
6.17000E+1	2.20706E+4	4.37547E+3	2.54994E+6	9.29850E+5	1.00456E+5	1.10438E+6
6.18000E+1	2.23300E+4	4.42076E+3	2.58338E+6	9.41216E+5	9.93643E+4	1.10935E+6
6.19000E+1	2.23647E+4	4.46645E+3	2.52595E+6	9.45389E+5	9.94104E+4	1.13751E+6
6.20000E+1	2.26257E+4	4.43411E+3	2.55266E+6	9.48567E+5	9.89350E+4	1.16216E+6
6.21000E+1	2.27508E+4	4.51499E+3	2.54092E+6	9.49524E+5	9.91226E+4	1.14816E+6
6.22000E+1	2.29628E+4	4.51218E+3	2.61104E+6	9.46905E+5	9.89209E+4	1.16551E+6
6.23000E+1	2.31131E+4	4.55724E+3	2.68899E+6	9.58544E+5	9.81109E+4	1.17163E+6
6.24000E+1	2.32304E+4	4.63196E+3	2.62724E+6	9.73480E+5	9.80553E+4	1.18590E+6
6.25000E+1	2.31570E+4	4.63266E+3	2.66292E+6	9.65630E+5	9.75473E+4	1.20752E+6
6.26000E+1	2.34946E+4	4.66336E+3	2.63589E+6	9.57822E+5	9.72348E+4	1.20603E+6
6.27000E+1	2.37585E+4	4.67042E+3	2.62293E+6	9.68712E+5	9.71321E+4	1.24800E+6
6.28000E+1	2.37734E+4	4.71844E+3	2.69225E+6	9.68160E+5	9.68345E+4	1.26490E+6
6.29000E+1	2.39493E+4	4.78844E+3	2.65263E+6	9.80543E+5	9.64048E+4	1.26089E+6
6.30000E+1	2.41516E+4	4.79870E+3	2.69577E+6	9.81409E+5	9.64285E+4	1.28037E+6
6.31000E+1	2.42958E+4	4.87660E+3	2.77688E+6	9.91332E+5	9.59746E+4	1.30920E+6
6.32000E+1	2.43794E+4	4.88404E+3	2.62389E+6	9.87890E+5	9.57410E+4	1.30665E+6
6.33000E+1	2.45246E+4	4.83516E+3	2.81114E+6	9.90412E+5	9.57175E+4	1.35328E+6
6.34000E+1	2.46607E+4	4.92056E+3	2.74471E+6	9.87471E+5	9.52669E+4	1.33421E+6
6.35000E+1	2.47478E+4	4.94078E+3	2.74029E+6	9.93062E+5	9.50117E+4	1.34711E+6
6.36000E+1	2.48306E+4	4.99367E+3	2.76414E+6	1.00234E+6	9.49738E+4	1.39090E+6
6.37000E+1	2.50559E+4	5.01001E+3	2.74810E+6	1.00959E+6	9.44753E+4	1.37314E+6
6.38000E+1	2.50887E+4	5.03773E+3	2.81251E+6	1.00308E+6	9.42514E+4	1.39969E+6
6.39000E+1	2.51512E+4	5.02031E+3	2.80352E+6	1.01038E+6	9.42356E+4	1.43075E+6
6.40000E+1	2.52169E+4	5.09854E+3	2.77023E+6	1.00520E+6	9.39710E+4	1.40983E+6
6.41000E+1	2.53352E+4	5.13806E+3	2.77875E+6	1.01058E+6	9.38898E+4	1.44646E+6
6.42000E+1	2.55933E+4	5.27570E+3	2.90820E+6	1.00963E+6	9.36878E+4	1.44346E+6
6.43000E+1	2.55090E+4	5.22788E+3	2.82431E+6	1.03015E+6	9.34174E+4	1.43704E+6
6.44000E+1	2.58454E+4	5.25964E+3	3.07887E+6	1.01138E+6	9.32007E+4	1.46874E+6
6.45000E+1	2.58821E+4	5.28820E+3	2.81224E+6	1.02958E+6	9.31899E+4	1.49542E+6
6.46000E+1	2.59332E+4	5.39008E+3	2.76150E+6	1.02642E+6	9.29965E+4	1.49044E+6
6.47000E+1	2.60585E+4	5.37076E+3	2.97892E+6	1.02162E+6	9.27077E+4	1.50383E+6
6.48000E+1	2.63232E+4	5.36146E+3	2.96221E+6	1.01662E+6	9.27125E+4	1.50524E+6
6.49000E+1	2.63273E+4	5.48607E+3	2.91609E+6	1.03370E+6	9.22911E+4	1.54054E+6
6.50000E+1	2.64565E+4	5.49145E+3	2.88190E+6	1.02475E+6	9.20508E+4	1.54384E+6
6.51000E+1	2.66154E+4	5.54525E+3	2.87818E+6	1.03259E+6	9.19593E+4	1.52763E+6
6.52000E+1	2.65756E+4	5.56930E+3	2.80597E+6	1.02414E+6	9.17388E+4	1.54978E+6
6.53000E+1	2.66836E+4	5.61384E+3	2.96433E+6	1.04234E+6	9.15034E+4	1.60095E+6
6.54000E+1	2.68783E+4	5.64080E+3	2.85662E+6	1.02284E+6	9.12332E+4	1.56046E+6
6.55000E+1	2.70117E+4	5.67749E+3	2.99982E+6	1.03449E+6	9.08569E+4	1.55506E+6
6.56000E+1	2.69416E+4	5.69620E+3	3.04378E+6	1.04923E+6	9.10061E+4	1.65411E+6
6.57000E+1	2.71038E+4	5.65734E+3	3.02102E+6	1.05385E+6	9.09085E+4	1.61136E+6
6.58000E+1	2.70866E+4	5.81114E+3	3.04760E+6	1.04660E+6	9.07373E+4	1.62362E+6
6.59000E+1	2.73395E+4	5.81258E+3	2.92108E+6	1.06563E+6	9.04108E+4	1.64317E+6
6.60000E+1	2.72742E+4	5.89236E+3	2.95618E+6	1.06371E+6	9.04517E+4	1.66007E+6
6.61000E+1	2.72627E+4	5.92524E+3	3.16274E+6	1.06162E+6	9.03548E+4	1.61666E+6
6.62000E+1	2.73875E+4	5.98347E+3	2.98933E+6	1.06123E+6	9.03361E+4	1.65530E+6
6.63000E+1	2.75110E+4	5.97696E+3	2.99859E+6	1.06036E+6	9.01309E+4	1.68436E+6
6.64000E+1	2.75530E+4	6.01967E+3	3.07627E+6	1.06577E+6	9.00029E+4	1.72560E+6
6.65000E+1	2.76510E+4	6.04648E+3	3.01257E+6	1.06677E+6	8.96546E+4	1.68549E+6
6.66000E+1	2.78124E+4	6.17525E+3	3.07432E+6	1.06748E+6	8.98100E+4	1.71907E+6
6.67000E+1	2.77288E+4	6.07474E+3	3.00789E+6	1.09127E+6	8.97334E+4	1.70795E+6
6.68000E+1	2.79167E+4	6.22103E+3	3.18241E+6	1.06371E+6	8.92614E+4	1.71111E+6
6.69000E+1	2.76447E+4	6.20540E+3	3.05882E+6	1.06507E+6	8.92591E+4	1.72474E+6
6.70000E+1	2.80381E+4	6.23448E+3	3.20372E+6	1.07918E+6	8.92499E+4	1.74623E+6
6.71000E+1	2.80798E+4	6.36408E+3	3.06171E+6	1.06695E+6	8.90574E+4	1.77489E+6
6.72000E+1	2.80745E+4	6.36189E+3	3.33725E+6	1.07517E+6	8.87757E+4	1.81420E+6
6.73000E+1	2.82295E+4	6.33420E+3	3.09326E+6	1.06188E+6	8.87149E+4	1.80212E+6
6.74000E+1	2.83542E+4	6.47573E+3	3.02322E+6	1.07233E+6	8.84765E+4	1.80481E+6
6.75000E+1	2.83218E+4	6.43702E+3	3.11676E+6	1.09090E+6	8.83313E+4	1.82250E+6
6.76000E+1	2.82529E+4	6.52652E+3	3.08083E+6	1.06485E+6	8.82959E+4	1.80504E+6
6.77000E+1	2.83956E+4	6.60042E+3	3.10911E+6	1.09434E+6	8.83804E+4	1.84090E+6
6.78000E+1	2.84285E+4	6.61763E+3	3.11943E+6	1.08658E+6	8.80130E+4	1.80527E+6
6.79000E+1	2.84232E+4	6.75293E+3	3.18937E+6	1.10099E+6	8.81224E+4	1.87109E+6
6.80000E+1	2.83361E+4	6.73678E+3	3.03015E+6	1.07321E+6	8.78924E+4	1.78801E+6
6.81000E+1	2.84221E+4	6.76983E+3	3.07108E+6	1.07740E+6	8.79641E+4	1.83376E+6
6.82000E+1	2.86302E+4	6.77387E+3	3.15829E+6	1.07950E+6	8.78787E+4	1.83702E+6
6.83000E+1	2.86787E+4	6.83193E+3	3.18832E+6	1.09086E+6	8.81270E+4	1.86997E+6
6.84000E+1	2.84646E+4	6.88380E+3	3.15590E+6	1.10979E+6	8.76198E+4	1.86051E+6
6.85000E+1	2.85146E+4	7.06186E+3	3.19916E+6	1.09803E+6	8.75280E+4	1.89838E+6
6.86000E+1	2.88187E+4	6.99507E+3	3.21148E+6	1.10852E+6	8.74668E+4	1.86947E+6
6.87000E+1	2.88791E+4	7.03823E+3	3.13824E+6	1.08314E+6	8.73910E+4	1.87172E+6
6.88000E+1	2.88310E+4	7.09917E+3	3.14229E+6	1.11315E+6	8.71492E+4	1.90963E+6
6.89000E+1	2.89021E+4	7.04673E+3	3.22175E+6	1.08981E+6	8.72124E+4	1.89209E+6
6.90000E+1	2.89798E+4	7.11137E+3	3.30632E+6	1.09328E+6	8.69565E+4	1.91721E+6
6.91000E+1	2.90699E+4	7.21385E+3	3.23603E+6	1.11529E+6	8.71819E+4	1.98090E+6
6.92000E+1	2.90457E+4	7.20793E+3	3.30296E+6	1.08812E+6	8.69486E+4	1.95732E+6
6.93000E+1	2.92962E+4	7.26609E+3	3.52809E+6	1.12348E+6	8.69182E+4	1.94755E+6
6.94000E+1	2.92037E+4	7.37296E+3	3.33497E+6	1.10669E+6	8.64701E+4	2.00875E+6
6.95000E+1	2.92661E+4	7.40602E+3	3.37497E+6	1.10164E+6	8.66148E+4	1.97367E+6
6.96000E+1	2.93162E+4	7.46478E+3	3.23675E+6	1.10660E+6	8.66451E+4	2.00119E+6
6.97000E+1	2.93992E+4	7.53999E+3	3.35255E+6	1.10164E+6	8.67338E+4	1.93054E+6
6.98000E+1	2.94359E+4	7.54818E+3	3.52894E+6	1.10244E+6	8.65520E+4	2.01839E+6
6.99000E+1	2.95731E+4	7.50125E+3	3.30147E+6	1.11201E+6	8.63750E+4	1.97257E+6
7.00000E+1	2.93905E+4	7.64254E+3	3.33497E+6	1.11055E+6	8.61514E+4	1.98216E+6
7.01000E+1	2.98936E+4	7.69333E+3	3.40558E+6	1.11538E+6	8.61648E+4	1.99679E+6
7.02000E+1	2.95796E+4	7.74679E+3	3.31007E+6	1.11543E+6	8.61548E+4	2.01782E+6
7.03000E+1	2.95704E+4	7.80966E+3	3.29070E+6	1.11997E+6	8.62408E+4	1.98314E+6
7.04000E+1	2.95655E+4	7.82989E+3	3.53702E+6	1.11453E+6	8.61079E+4	2.00689E+6
7.05000E+1	2.98110E+4	7.91724E+3	3.57361E+6	1.13076E+6	8.61090E+4	2.04252E+6
7.06000E+1	2.97361E+4	8.01977E+3	3.30035E+6	1.09997E+6	8.58071E+4	2.02652E+6
7.07000E+1	2.97898E+4	8.00135E+3	3.39217E+6	1.12648E+6	8.58082E+4	2.08168E+6
7.08000E+1	2.98718E+4	7.98144E+3	3.49656E+6	1.11653E+6	8.61191E+4	2.07449E+6
7.09000E+1	2.99436E+4	8.15903E+3	3.35986E+6	1.11676E+6	8.55428E+4	2.03193E+6
7.10000E+1	2.99110E+4	8.22050E+3	3.33802E+6	1.11801E+6	8.56971E+4	2.07907E+6
7.11000E+1	3.01125E+4	8.26617E+3	3.40399E+6	1.11534E+6	8.57071E+4	2.03090E+6
7.12000E+1	3.01828E+4	8.22465E+3	3.58538E+6	1.12300E+6	8.57593E+4	2.10211E+6
7.13000E+1	3.01779E+4	8.39851E+3	3.36759E+6	1.12711E+6	8.53920E+4	2.07449E+6
7.14000E+1	3.01419E+4	8.32512E+3	3.41312E+6	1.13266E+6	8.54197E+4	2.09122E+6
7.15000E+1	3.02626E+4	8.42691E+3	3.51710E+6	1.12093E+6	8.53245E+4	2.06072E+6
7.16000E+1	3.01752E+4	8.48564E+3	3.56970E+6	1.15433E+6	8.53190E+4	2.06584E+6
7.17000E+1	3.03293E+4	8.65958E+3	3.43231E+6	1.12876E+6	8.53124E+4	2.08567E+6
7.18000E+1	3.04800E+4	8.57254E+3	3.35755E+6	1.14388E+6	8.51963E+4	2.09355E+6
7.19000E+1	3.03583E+4	8.70029E+3	3.53234E+6	1.12435E+6	8.49458E+4	2.12372E+6
7.20000E+1	3.05892E+4	8.64741E+3	3.46149E+6	1.14667E+6	8.50748E+4	2.10304E+6
7.21000E+1	3.04816E+4	8.76352E+3	3.52724E+6	1.13379E+6	8.47740E+4	2.11879E+6
7.22000E+1	3.05393E+4	8.78372E+3	3.64723E+6	1.13950E+6	8.49215E+4	2.07023E+6
7.23000E+1	3.05865E+4	8.85774E+3	3.39256E+6	1.14144E+6	8.48246E+4	2.14967E+6
7.24000E+1	3.04849E+4	8.98808E+3	3.47009E+6	1.13807E+6	8.48951E+4	2.12101E+6
7.25000E+1	3.05579E+4	9.01334E+3	3.39492E+6	1.13891E+6	8.45839E+4	2.22673E+6
7.26000E+1	3.09153E+4	9.09610E+3	3.45537E+6	1.15266E+6	8.50406E+4	2.16279E+6
7.27000E+1	3.08077E+4	9.02215E+3	3.39374E+6	1.12619E+6	8.47586E+4	2.12388E+6
7.28000E+1	3.09540E+4	9.18014E+3	3.49740E+6	1.13551E+6	8.45203E+4	2.20445E+6
7.29000E+1	3.09451E+4	9.16862E+3	3.60430E+6	1.14527E+6	8.42683E+4	2.16444E+6
7.30000E+1	3.08380E+4	9.35323E+3	3.44198E+6	1.13252E+6	8.42454E+4	2.11927E+6
7.31000E+1	3.09313E+4	9.36440E+3	3.52217E+6	1.15322E+6	8.44282E+4	2.12835E+6
7.32000E+1	3.08204E+4	9.34899E+3	3.57622E+6	1.15489E+6	8.45093E+4	2.22691E+6
7.33000E+1	3.09529E+4	9.44499E+3	3.58058E+6	1.14114E+6	8.46971E+4	2.24466E+6
7.34000E+1	3.08849E+4	9.51450E+3	3.85744E+6	1.14035E+6	8.44885E+4	2.18494E+6
7.35000E+1	3.09921E+4	9.54658E+3	3.56018E+6	1.14149E+6	8.40706E+4	2.15949E+6
7.36000E+1	3.12907E+4	9.64254E+3	3.72292E+6	1.12998E+6	8.39048E+4	2.19254E+6
7.37000E+1	3.09523E+4	9.66656E+3	3.45577E+6	1.13876E+6	8.42213E+4	2.18326E+6
7.38000E+1	3.10740E+4	9.66734E+3	3.52343E+6	1.14457E+6	8.40389E+4	2.16345E+6
7.39000E+1	3.13880E+4	9.74799E+3	3.58058E+6	1.16993E+6	8.41306E+4	2.17907E+6
7.40000E+1	3.11293E+4	9.88475E+3	3.56753E+6	1.14208E+6	8.40367E+4	2.27026E+6
7.41000E+1	3.12502E+4	9.84625E+3	3.70791E+6	1.14973E+6	8.41754E+4	2.22377E+6
7.42000E+1	3.12819E+4	1.00499E+4	3.66587E+6	1.14848E+6	8.40782E+4	2.19559E+6
7.43000E+1	3.11870E+4	1.00289E+4	3.59196E+6	1.15408E+6	8.37720E+4	2.18848E+6
7.44000E+1	3.13557E+4	1.01155E+4	3.66770E+6	1.17238E+6	8.38209E+4	2.21874E+6
7.45000E+1	3.13346E+4	1.01405E+4	3.58058E+6	1.15125E+6	8.36480E+4	2.21459E+6
7.46000E+1	3.14564E+4	1.01941E+4	3.66495E+6	1.16471E+6	8.35894E+4	2.23478E+6
7.47000E+1	3.13341E+4	1.01804E+4	3.71962E+6	1.14005E+6	8.37556E+4	2.19559E+6
7.48000E+1	3.13808E+4	1.03720E+4	3.59284E+6	1.15947E+6	8.36306E+4	2.26341E+6
7.49000E+1	3.16058E+4	1.03995E+4	3.64181E+6	1.14213E+6	8.38144E+4	2.25016E+6
7.50000E+1	3.14926E+4	1.04462E+4	3.62340E+6	1.16889E+6	8.35752E+4	2.21045E+6
7.51000E+1	3.14804E+4	1.04612E+4	3.71587E+6	1.13227E+6	8.37165E+4	2.28538E+6
7.52000E+1	3.17868E+4	1.06249E+4	3.64813E+6	1.16553E+6	8.38286E+4	2.19101E+6
7.53000E+1	3.15946E+4	1.06289E+4	3.59240E+6	1.17499E+6	8.34266E+4	2.25105E+6
7.54000E+1	3.15333E+4	1.06971E+4	3.75281E+6	1.16080E+6	8.34548E+4	2.25838E+6
7.55000E+1	3.16359E+4	1.08473E+4	3.67870E+6	1.16383E+6	8.35253E+4	2.27571E+6
7.56000E+1	3.15707E+4	1.08339E+4	3.59768E+6	1.16003E+6	8.35090E+4	2.22255E+6
7.57000E+1	3.19476E+4	1.07738E+4	3.79536E+6	1.16224E+6	8.33995E+4	2.24927E+6
7.58000E+1	3.18283E+4	1.09412E+4	3.59020E+6	1.15870E+6	8.33540E+4	2.27189E+6
7.59000E+1	3.19639E+4	1.10218E+4	3.82095E+6	1.16342E+6	8.32469E+4	2.27917E+6
7.60000E+1	3.19168E+4	1.11402E+4	3.69070E+6	1.17212E+6	8.30923E+4	2.27462E+6
7.61000E+1	3.18025E+4	1.11820E+4	3.68239E+6	1.15155E+6	8.29240E+4	2.28722E+6
7.62000E+1	3.20504E+4	1.11980E+4	3.72150E+6	1.16065E+6	8.32772E+4	2.26665E+6
7.63000E+1	3.20200E+4	1.12841E+4	3.62877E+6	1.17227E+6	8.31485E+4	2.28465E+6
7.64000E+1	3.18809E+4	1.13072E+4	3.77494E+6	1.14752E+6	8.33681E+4	2.30088E+6
7.65000E+1	3.19998E+4	1.13723E+4	3.75138E+6	1.17259E+6	8.28679E+4	2.30330E+6
7.66000E+1	3.21335E+4	1.14839E+4	3.65721E+6	1.15489E+6	8.28690E+4	2.28300E+6
7.67000E+1	3.20357E+4	1.15500E+4	3.58364E+6	1.18417E+6	8.31474E+4	2.30107E+6
7.68000E+1	3.21510E+4	1.15557E+4	3.72433E+6	1.16239E+6	8.30081E+4	2.32773E+6
7.69000E+1	3.20318E+4	1.17155E+4	3.82342E+6	1.17746E+6	8.30804E+4	2.30777E+6
7.70000E+1	3.22670E+4	1.17038E+4	3.75856E+6	1.16501E+6	8.27161E+4	2.29108E+6
7.71000E+1	3.21938E+4	1.18040E+4	3.86452E+6	1.16734E+6	8.27000E+4	2.36318E+6
7.72000E+1	3.22275E+4	1.19144E+4	3.77687E+6	1.16337E+6	8.27893E+4	2.31376E+6
7.73000E+1	3.21679E+4	1.19148E+4	3.67227E+6	1.16332E+6	8.27000E+4	2.37201E+6
7.74000E+1	3.23307E+4	1.19835E+4	3.83486E+6	1.16270E+6	8.23116E+4	2.32887E+6
7.75000E+1	3.23646E+4	1.20696E+4	3.65948E+6	1.17212E+6	8.28916E+4	2.36455E+6
7.76000E+1	3.23855E+4	1.21064E+4	3.79048E+6	1.16770E+6	8.26549E+4	2.34706E+6
7.77000E+1	3.24985E+4	1.22516E+4	3.72244E+6	1.19819E+6	8.29509E+4	2.41141E+6
7.78000E+1	3.25534E+4	1.21810E+4	3.76480E+6	1.20649E+6	8.25764E+4	2.36651E+6
7.79000E+1	3.25641E+4	1.23182E+4	3.74756E+6	1.17436E+6	8.23490E+4	2.36299E+6
7.80000E+1	3.23956E+4	1.23784E+4	3.89874E+6	1.19413E+6	8.24369E+4	2.42305E+6
7.81000E+1	3.25868E+4	1.24003E+4	3.70184E+6	1.17930E+6	8.26473E+4	2.34167E+6
7.82000E+1	3.26247E+4	1.25605E+4	3.95145E+6	1.18062E+6	8.25378E+4	2.32092E+6
7.83000E+1	3.26440E+4	1.25165E+4	3.87671E+6	1.18672E+6	8.23919E+4	2.34225E+6
7.84000E+1	3.25749E+4	1.26676E+4	3.95569E+6	1.18640E+6	8.24026E+4	2.39506E+6
7.85000E+1	3.26780E+4	1.26897E+4	3.68654E+6	1.17321E+6	8.22024E+4	2.31020E+6
7.86000E+1	3.27115E+4	1.28076E+4	3.87365E+6	1.16703E+6	8.22709E+4	2.42161E+6
7.87000E+1	3.28427E+4	1.27908E+4	3.71446E+6	1.19380E+6	8.20048E+4	2.40351E+6
7.88000E+1	3.28677E+4	1.29106E+4	3.83486E+6	1.19786E+6	8.23651E+4	2.39526E+6
7.89000E+1	3.26962E+4	1.29554E+4	3.83437E+6	1.18742E+6	8.20912E+4	2.36514E+6
7.90000E+1	3.27433E+4	1.30467E+4	3.86959E+6	1.19461E+6	8.22110E+4	2.42880E+6
7.91000E+1	3.28262E+4	1.31403E+4	3.67778E+6	1.18518E+6	8.21169E+4	2.44268E+6
7.92000E+1	3.27609E+4	1.33104E+4	3.93407E+6	1.19467E+6	8.22538E+4	2.41019E+6
7.93000E+1	3.29616E+4	1.33208E+4	3.78561E+6	1.19672E+6	8.20677E+4	2.41650E+6
7.94000E+1	3.30910E+4	1.33245E+4	3.83088E+6	1.17400E+6	8.23769E+4	2.45314E+6
7.95000E+1	3.29679E+4	1.34193E+4	3.71493E+6	1.18715E+6	8.22655E+4	2.42695E+6
7.96000E+1	3.29764E+4	1.34301E+4	3.87162E+6	1.19256E+6	8.21340E+4	2.49302E+6
7.97000E+1	3.29240E+4	1.36269E+4	3.81254E+6	1.19235E+6	8.19823E+4	2.38666E+6
7.98000E+1	3.31190E+4	1.35679E+4	3.85190E+6	1.19348E+6	8.21212E+4	2.38946E+6
7.99000E+1	3.30665E+4	1.37560E+4	4.04726E+6	1.18833E+6	8.20848E+4	2.38031E+6
8.00000E+1	3.31818E+4	1.37639E+4	3.74899E+6	1.22756E+6	8.19333E+4	2.39707E+6
8.01000E+1	3.32047E+4	1.37802E+4	3.93932E+6	1.18115E+6	8.18896E+4	2.38388E+6
8.02000E+1	3.33271E+4	1.38520E+4	3.80172E+6	1.21753E+6	8.19567E+4	2.48224E+6
8.03000E+1	3.32053E+4	1.39879E+4	3.82045E+6	1.17280E+6	8.14982E+4	2.47581E+6
8.04000E+1	3.31733E+4	1.41069E+4	4.06787E+6	1.19640E+6	8.14812E+4	2.47602E+6
8.05000E+1	3.32733E+4	1.42106E+4	3.82839E+6	1.21999E+6	8.16947E+4	2.45041E+6
8.06000E+1	3.32968E+4	1.42635E+4	3.96312E+6	1.19494E+6	8.17532E+4	2.51201E+6
8.07000E+1	3.33919E+4	1.43216E+4	3.83088E+6	1.18438E+6	8.18661E+4	2.42489E+6
8.08000E+1	3.31801E+4	1.42127E+4	4.11713E+6	1.18465E+6	8.17873E+4	2.42654E+6
8.09000E+1	3.32298E+4	1.44156E+4	3.87009E+6	1.19386E+6	8.17990E+4	2.47666E+6
8.10000E+1	3.34946E+4	1.44586E+4	3.85996E+6	1.19922E+6	8.14430E+4	2.45608E+6
8.11000E+1	3.33094E+4	1.45384E+4	3.87569E+6	1.18667E+6	8.18480E+4	2.51884E+6
8.12000E+1	3.36043E+4	1.46434E+4	4.11828E+6	1.21390E+6	8.15183E+4	2.43666E+6
8.13000E+1	3.35210E+4	1.47599E+4	3.79048E+6	1.21496E+6	8.17958E+4	2.50041E+6
8.14000E+1	3.34596E+4	1.49218E+4	3.92936E+6	1.18162E+6	8.12269E+4	2.42695E+6
8.15000E+1	3.35359E+4	1.48160E+4	4.17286E+6	1.20914E+6	8.17916E+4	2.39486E+6
8.16000E+1	3.35474E+4	1.49584E+4	3.85240E+6	1.17593E+6	8.14632E+4	2.48956E+6
8.17000E+1	3.34802E+4	1.49942E+4	3.75664E+6	1.18470E+6	8.16628E+4	2.48611E+6
8.18000E+1	3.38578E+4	1.51200E+4	3.80418E+6	1.18422E+6	8.14197E+4	2.51267E+6
8.19000E+1	3.36055E+4	1.51691E+4	3.90028E+6	1.20293E+6	8.12121E+4	2.50368E+6
8.20000E+1	3.37200E+4	1.52568E+4	3.90751E+6	1.18875E+6	8.15120E+4	2.43128E+6
8.21000E+1	3.38699E+4	1.54201E+4	4.18584E+6	1.19759E+6	8.15757E+4	2.46453E+6
8.22000E+1	3.39543E+4	1.53926E+4	4.01865E+6	1.20265E+6	8.13370E+4	2.52860E+6
8.23000E+1	3.36348E+4	1.53849E+4	3.98397E+6	1.18950E+6	8.12915E+4	2.54653E+6
8.24000E+1	3.36831E+4	1.55800E+4	4.01592E+6	1.19889E+6	8.14695E+4	2.54653E+6
8.25000E+1	3.38792E+4	1.55546E+4	3.95198E+6	1.22202E+6	8.16033E+4	2.50587E+6
8.26000E+1	3.41778E+4	1.56213E+4	3.85391E+6	1.19640E+6	8.13836E+4	2.52039E+6
8.27000E+1	3.39214E+4	1.57377E+4	3.96046E+6	1.20666E+6	8.12819E+4	2.57527E+6
8.28000E+1	3.39133E+4	1.57649E+4	3.82690E+6	1.19678E+6	8.12968E+4	2.53865E+6
8.29000E+1	3.40694E+4	1.58470E+4	3.95410E+6	1.22011E+6	8.10694E+4	2.59011E+6
8.30000E+1	3.39294E+4	1.59504E+4	4.18111E+6	1.20069E+6	8.10873E+4	2.53843E+6
8.31000E+1	3.41517E+4	1.61122E+4	3.99636E+6	1.20189E+6	8.10546E+4	2.41793E+6
8.32000E+1	3.40787E+4	1.62287E+4	3.97699E+6	1.17809E+6	8.14992E+4	2.52216E+6
8.33000E+1	3.40700E+4	1.62065E+4	3.88232E+6	1.18210E+6	8.14123E+4	2.64555E+6
8.34000E+1	3.42074E+4	1.62993E+4	3.84888E+6	1.19149E+6	8.09775E+4	2.55059E+6
8.35000E+1	3.40283E+4	1.64996E+4	4.00883E+6	1.19900E+6	8.10018E+4	2.52704E+6
8.36000E+1	3.41308E+4	1.63311E+4	4.09831E+6	1.18608E+6	8.14176E+4	2.52748E+6
8.37000E+1	3.42219E+4	1.65272E+4	4.05170E+6	1.18667E+6	8.11021E+4	2.53977E+6
8.38000E+1	3.40718E+4	1.64655E+4	4.14076E+6	1.20309E+6	8.11433E+4	2.51223E+6
8.39000E+1	3.38959E+4	1.65530E+4	4.06395E+6	1.18178E+6	8.11433E+4	2.57319E+6
8.40000E+1	3.40382E+4	1.66770E+4	3.98881E+6	1.18168E+6	8.10483E+4	2.53060E+6
8.41000E+1	3.40868E+4	1.68461E+4	4.07403E+6	1.21619E+6	8.12206E+4	2.57873E+6
8.42000E+1	3.40000E+4	1.68487E+4	4.08416E+6	1.19197E+6	8.12449E+4	2.62649E+6
8.43000E+1	3.40521E+4	1.70262E+4	4.02631E+6	1.19651E+6	8.10535E+4	2.52504E+6
8.44000E+1	3.39572E+4	1.70713E+4	3.98450E+6	1.19900E+6	8.08394E+4	2.48095E+6
8.45000E+1	3.41181E+4	1.71844E+4	4.18584E+6	1.20980E+6	8.10018E+4	2.48633E+6
8.46000E+1	3.39797E+4	1.71778E+4	3.88028E+6	1.18924E+6	8.10694E+4	2.56013E+6
8.47000E+1	3.40243E+4	1.71822E+4	3.98719E+6	1.18945E+6	8.10588E+4	2.51663E+6
8.48000E+1	3.41274E+4	1.73745E+4	4.01865E+6	1.21557E+6	8.10588E+4	2.61078E+6
8.49000E+1	3.39716E+4	1.75991E+4	3.95198E+6	1.19743E+6	8.07541E+4	2.60723E+6
8.50000E+1	3.41082E+4	1.74003E+4	4.15762E+6	1.19117E+6	8.08226E+4	2.55831E+6
8.51000E+1	3.42028E+4	1.74740E+4	4.11484E+6	1.18988E+6	8.06605E+4	2.47688E+6
8.52000E+1	3.40584E+4	1.76709E+4	3.97914E+6	1.18608E+6	8.09723E+4	2.54202E+6
8.53000E+1	3.41993E+4	1.76682E+4	4.10970E+6	1.21658E+6	8.10134E+4	2.60605E+6
8.54000E+1	3.42835E+4	1.77619E+4	4.12805E+6	1.20583E+6	8.05985E+4	2.58035E+6
8.55000E+1	3.41459E+4	1.79109E+4	4.20785E+6	1.19683E+6	8.08573E+4	2.53731E+6
8.56000E+1	3.40497E+4	1.78992E+4	4.22285E+6	1.18999E+6	8.06678E+4	2.53798E+6
8.57000E+1	3.41987E+4	1.79871E+4	4.09321E+6	1.20506E+6	8.09607E+4	2.52682E+6
8.58000E+1	3.42904E+4	1.80638E+4	4.08642E+6	1.19835E+6	8.06636E+4	2.50828E+6
8.59000E+1	3.45337E+4	1.82217E+4	3.98558E+6	1.19683E+6	8.08025E+4	2.51818E+6
8.60000E+1	3.42387E+4	1.81681E+4	4.02138E+6	1.20063E+6	8.07152E+4	2.58568E+6
8.61000E+1	3.42794E+4	1.81973E+4	4.18229E+6	1.21647E+6	8.08679E+4	2.57043E+6
8.62000E+1	3.44091E+4	1.83303E+4	4.05337E+6	1.20134E+6	8.06689E+4	2.56493E+6
8.63000E+1	3.42649E+4	1.84305E+4	4.14888E+6	1.21357E+6	8.09628E+4	2.58941E+6
8.64000E+1	3.44259E+4	1.86115E+4	4.17169E+6	1.20419E+6	8.08721E+4	2.60346E+6
8.65000E+1	3.42718E+4	1.86569E+4	3.99312E+6	1.18443E+6	8.05774E+4	2.56562E+6
8.66000E+1	3.42248E+4	1.87290E+4	4.01428E+6	1.19819E+6	8.07594E+4	2.55490E+6
8.67000E+1	3.43997E+4	1.86755E+4	4.27279E+6	1.18790E+6	8.06847E+4	2.74834E+6
8.68000E+1	3.44463E+4	1.88481E+4	4.04893E+6	1.18449E+6	8.07825E+4	2.63780E+6
8.69000E+1	3.44306E+4	1.90227E+4	4.11541E+6	1.20113E+6	8.04987E+4	2.57711E+6
8.70000E+1	3.44620E+4	1.91721E+4	4.08022E+6	1.18817E+6	8.07099E+4	2.62913E+6
8.71000E+1	3.44510E+4	1.91017E+4	4.18821E+6	1.21329E+6	8.07867E+4	2.67674E+6
8.72000E+1	3.44504E+4	1.92756E+4	4.46239E+6	1.18881E+6	8.06405E+4	2.60064E+6
8.73000E+1	3.45658E+4	1.91712E+4	4.31759E+6	1.20293E+6	8.08120E+4	2.54112E+6
8.74000E+1	3.44091E+4	1.92357E+4	4.07067E+6	1.21602E+6	8.08426E+4	2.57388E+6
8.75000E+1	3.45273E+4	1.94367E+4	4.05504E+6	1.20326E+6	8.05186E+4	2.57181E+6
8.76000E+1	3.45407E+4	1.94684E+4	4.18466E+6	1.17483E+6	8.03602E+4	2.58987E+6
8.77000E+1	3.46767E+4	1.94358E+4	3.95993E+6	1.20205E+6	8.08068E+4	2.55626E+6
8.78000E+1	3.46253E+4	1.95282E+4	3.96631E+6	1.19927E+6	8.04420E+4	2.67277E+6
8.79000E+1	3.45716E+4	1.96623E+4	4.18940E+6	1.20074E+6	8.06552E+4	2.67823E+6
8.80000E+1	3.45168E+4	1.97570E+4	4.07179E+6	1.21507E+6	8.06416E+4	2.59642E+6
8.81000E+1	3.45028E+4	1.98277E+4	4.28824E+6	1.22938E+6	8.03351E+4	2.65627E+6
8.82000E+1	3.47288E+4	1.99291E+4	4.08811E+6	1.23303E+6	8.04588E+4	2.66684E+6
8.83000E+1	3.45926E+4	2.00260E+4	4.40021E+6	1.20545E+6	8.02524E+4	2.63153E+6
8.84000E+1	3.45944E+4	2.00933E+4	4.16992E+6	1.18534E+6	8.04976E+4	2.58313E+6
8.85000E+1	3.46026E+4	2.00915E+4	4.09945E+6	1.19705E+6	8.03854E+4	2.66216E+6
8.86000E+1	3.45460E+4	2.02199E+4	4.04505E+6	1.21052E+6	8.03844E+4	2.56837E+6
8.87000E+1	3.44335E+4	2.03270E+4	4.17698E+6	1.18295E+6	8.03414E+4	2.75857E+6
8.88000E+1	3.44626E+4	2.04489E+4	4.38137E+6	1.19332E+6	8.04651E+4	2.63466E+6
8.89000E+1	3.46364E+4	2.04793E+4	4.15646E+6	1.19884E+6	8.04169E+4	2.59361E+6
8.90000E+1	3.44527E+4	2.05621E+4	4.33273E+6	1.18715E+6	8.01906E+4	2.55626E+6
8.91000E+1	3.45063E+4	2.05963E+4	4.18052E+6	1.20545E+6	8.03267E+4	2.58894E+6
8.92000E+1	3.45320E+4	2.07089E+4	3.99853E+6	1.21218E+6	8.02566E+4	2.59291E+6
8.93000E+1	3.46680E+4	2.07516E+4	4.28700E+6	1.20189E+6	8.02974E+4	2.58081E+6
8.94000E+1	3.46721E+4	2.08513E+4	4.08416E+6	1.19699E+6	8.02335E+4	2.57319E+6
8.95000E+1	3.47159E+4	2.08005E+4	3.99744E+6	1.19732E+6	8.01164E+4	2.65285E+6
8.96000E+1	3.46639E+4	2.10681E+4	4.26111E+6	1.19386E+6	8.01310E+4	2.67153E+6
8.97000E+1	3.47978E+4	2.10884E+4	4.14133E+6	1.20309E+6	8.02356E+4	2.68471E+6
8.98000E+1	3.47750E+4	2.12166E+4	4.09888E+6	1.20184E+6	8.02126E+4	2.70434E+6
8.99000E+1	3.48271E+4	2.11522E+4	4.13035E+6	1.23809E+6	8.00641E+4	2.61790E+6
9.00000E+1	3.50876E+4	2.12478E+4	4.31822E+6	1.19364E+6	8.02555E+4	2.64822E+6
9.01000E+1	3.49443E+4	2.14133E+4	4.06843E+6	1.20244E+6	8.01436E+4	2.65774E+6
9.02000E+1	3.52277E+4	2.15308E+4	4.11771E+6	1.20419E+6	8.04725E+4	2.69097E+6
9.03000E+1	3.50330E+4	2.15793E+4	4.09774E+6	1.21063E+6	8.03906E+4	2.60889E+6
9.04000E+1	3.49942E+4	2.16012E+4	4.26173E+6	1.25072E+6	8.01927E+4	2.62554E+6
9.05000E+1	3.50612E+4	2.16908E+4	4.47787E+6	1.21658E+6	8.01133E+4	2.63635E+6
9.06000E+1	3.52147E+4	2.16751E+4	4.26479E+6	1.21820E+6	7.98461E+4	2.75096E+6
9.07000E+1	3.51458E+4	2.19687E+4	4.16816E+6	1.20759E+6	8.00266E+4	2.63949E+6
9.08000E+1	3.53297E+4	2.19193E+4	4.14772E+6	1.23613E+6	7.96587E+4	2.66167E+6
9.09000E+1	3.52913E+4	2.20891E+4	4.10570E+6	1.20622E+6	7.97024E+4	2.63635E+6
9.10000E+1	3.53149E+4	2.22449E+4	4.28390E+6	1.21057E+6	8.01666E+4	2.65212E+6
9.11000E+1	3.55762E+4	2.21713E+4	4.27772E+6	1.19305E+6	7.98107E+4	2.63901E+6
9.12000E+1	3.54271E+4	2.22102E+4	4.08811E+6	1.23924E+6	7.97597E+4	2.60983E+6
9.13000E+1	3.53592E+4	2.22800E+4	4.44502E+6	1.22705E+6	8.00485E+4	2.66857E+6
9.14000E+1	3.55276E+4	2.23123E+4	4.29259E+6	1.22591E+6	7.97180E+4	2.70383E+6
9.15000E+1	3.53545E+4	2.24711E+4	4.24159E+6	1.21719E+6	8.02032E+4	2.66437E+6
9.16000E+1	3.52772E+4	2.26298E+4	4.18407E+6	1.20567E+6	7.97440E+4	2.68321E+6
9.17000E+1	3.56407E+4	2.26947E+4	4.34225E+6	1.22202E+6	7.96359E+4	2.70155E+6
9.18000E+1	3.54909E+4	2.27399E+4	4.31194E+6	1.20446E+6	7.97159E+4	2.57342E+6
9.19000E+1	3.53905E+4	2.27704E+4	4.33084E+6	1.23740E+6	7.97721E+4	2.74886E+6
9.20000E+1	3.55880E+4	2.27408E+4	4.04450E+6	1.21246E+6	7.98492E+4	2.65652E+6
9.21000E+1	3.54094E+4	2.29884E+4	4.57368E+6	1.21753E+6	7.93981E+4	2.72964E+6
9.22000E+1	3.55365E+4	2.29855E+4	4.68906E+6	1.21457E+6	7.96785E+4	2.76411E+6
9.23000E+1	3.55691E+4	2.32643E+4	4.38720E+6	1.23006E+6	7.97128E+4	2.62793E+6
9.24000E+1	3.54697E+4	2.31978E+4	4.39630E+6	1.22106E+6	7.98555E+4	2.62410E+6
9.25000E+1	3.56087E+4	2.32501E+4	4.29072E+6	1.19868E+6	7.95371E+4	2.64336E+6
9.26000E+1	3.55288E+4	2.33104E+4	4.27957E+6	1.22898E+6	7.97211E+4	2.64846E+6
9.27000E+1	3.55466E+4	2.34197E+4	4.14946E+6	1.21346E+6	7.95569E+4	2.61196E+6
9.28000E+1	3.55916E+4	2.34236E+4	4.52149E+6	1.23907E+6	7.95278E+4	2.65041E+6
9.29000E+1	3.58461E+4	2.34938E+4	4.23553E+6	1.21396E+6	7.95403E+4	2.69877E+6
9.30000E+1	3.58348E+4	2.35907E+4	4.51737E+6	1.21407E+6	7.96847E+4	2.75279E+6
9.31000E+1	3.57072E+4	2.37262E+4	4.25989E+6	1.22303E+6	7.96203E+4	2.63539E+6
9.32000E+1	3.57962E+4	2.37795E+4	4.32578E+6	1.22484E+6	7.93152E+4	2.79699E+6
9.33000E+1	3.58146E+4	2.38807E+4	4.11599E+6	1.23395E+6	7.95943E+4	2.66388E+6
9.34000E+1	3.58860E+4	2.38565E+4	4.54153E+6	1.21257E+6	7.95860E+4	2.63611E+6
9.35000E+1	3.57143E+4	2.39421E+4	4.00883E+6	1.21385E+6	7.94728E+4	2.66832E+6
9.36000E+1	3.57730E+4	2.40307E+4	4.32074E+6	1.22123E+6	7.93100E+4	2.75096E+6
9.37000E+1	3.55667E+4	2.41354E+4	4.20785E+6	1.21207E+6	7.95725E+4	2.61861E+6
9.38000E+1	3.58342E+4	2.41925E+4	4.29383E+6	1.21675E+6	7.93908E+4	2.64846E+6
9.39000E+1	3.56959E+4	2.42850E+4	4.34671E+6	1.22659E+6	7.95143E+4	2.69499E+6
9.40000E+1	3.58069E+4	2.44215E+4	4.59418E+6	1.22671E+6	7.93318E+4	2.62482E+6
9.41000E+1	3.58711E+4	2.45598E+4	4.10570E+6	1.20380E+6	7.94230E+4	2.77126E+6
9.42000E+1	3.58265E+4	2.45988E+4	4.51119E+6	1.22676E+6	7.94821E+4	2.69172E+6
9.43000E+1	3.58212E+4	2.46604E+4	4.46441E+6	1.19020E+6	7.92955E+4	2.83285E+6
9.44000E+1	3.58235E+4	2.47104E+4	4.92392E+6	1.24808E+6	7.96483E+4	2.81604E+6
9.45000E+1	3.56935E+4	2.47987E+4	4.15471E+6	1.21279E+6	7.94873E+4	2.66216E+6
9.46000E+1	3.56330E+4	2.48017E+4	4.46105E+6	1.21285E+6	7.91806E+4	2.65578E+6
9.47000E+1	3.56105E+4	2.49841E+4	4.34543E+6	1.22864E+6	7.92417E+4	2.73663E+6
9.48000E+1	3.57517E+4	2.50642E+4	4.63283E+6	1.22371E+6	7.94292E+4	2.77845E+6
9.49000E+1	3.57903E+4	2.50975E+4	4.31634E+6	1.22450E+6	7.95600E+4	2.80948E+6
9.50000E+1	3.57742E+4	2.50647E+4	4.33527E+6	1.21663E+6	7.91455E+4	2.72347E+6
9.51000E+1	3.58461E+4	2.52024E+4	4.52356E+6	1.22779E+6	7.95849E+4	2.70484E+6
9.52000E+1	3.60671E+4	2.53025E+4	4.39956E+6	1.22557E+6	7.94728E+4	2.72449E+6
9.53000E+1	3.57909E+4	2.54605E+4	4.19593E+6	1.21507E+6	7.92841E+4	2.68696E+6
9.54000E+1	3.57635E+4	2.55249E+4	4.34098E+6	1.22523E+6	7.90318E+4	2.73093E+6
9.55000E+1	3.59473E+4	2.55605E+4	4.17993E+6	1.21669E+6	7.91020E+4	2.72141E+6
9.56000E+1	3.61029E+4	2.56133E+4	4.19058E+6	1.23504E+6	7.88606E+4	2.70054E+6
9.57000E+1	3.60945E+4	2.56652E+4	4.34671E+6	1.23441E+6	7.92220E+4	2.76728E+6
9.58000E+1	3.61811E+4	2.58277E+4	4.11828E+6	1.22580E+6	7.91682E+4	2.72501E+6
9.59000E+1	3.58884E+4	2.58537E+4	4.16523E+6	1.22529E+6	7.89864E+4	2.66807E+6
9.60000E+1	3.62827E+4	2.58190E+4	4.25683E+6	1.21742E+6	7.94168E+4	2.81084E+6
9.61000E+1	3.62803E+4	2.59410E+4	4.53322E+6	1.22983E+6	7.92686E+4	2.76940E+6
9.62000E+1	3.64607E+4	2.61278E+4	4.35884E+6	1.20737E+6	7.89988E+4	2.80349E+6
9.63000E+1	3.62175E+4	2.61324E+4	4.24646E+6	1.22978E+6	7.93007E+4	2.81003E+6
9.64000E+1	3.64103E+4	2.61668E+4	4.41922E+6	1.22331E+6	7.90618E+4	2.77632E+6
9.65000E+1	3.61883E+4	2.62926E+4	4.34925E+6	1.22112E+6	7.93038E+4	2.70636E+6
9.66000E+1	3.63965E+4	2.63615E+4	5.14374E+6	1.23263E+6	7.91796E+4	2.71757E+6
9.67000E+1	3.66957E+4	2.66481E+4	4.44170E+6	1.21938E+6	7.92365E+4	2.68947E+6
9.68000E+1	3.63067E+4	2.64902E+4	4.22888E+6	1.22699E+6	7.89926E+4	2.68346E+6
9.69000E+1	3.64283E+4	2.66326E+4	4.26356E+6	1.22608E+6	7.92500E+4	2.72578E+6
9.70000E+1	3.64673E+4	2.65867E+4	4.29570E+6	1.21820E+6	7.94541E+4	2.75568E+6
9.71000E+1	3.64709E+4	2.67697E+4	4.32074E+6	1.26019E+6	7.90804E+4	2.75148E+6
9.72000E+1	3.64193E+4	2.69200E+4	4.16992E+6	1.23429E+6	7.88265E+4	2.80268E+6
9.73000E+1	3.63905E+4	2.68469E+4	4.29010E+6	1.21994E+6	7.88997E+4	2.75227E+6
9.74000E+1	3.64265E+4	2.68889E+4	4.42449E+6	1.22095E+6	7.88369E+4	2.88187E+6
9.75000E+1	3.65033E+4	2.69984E+4	4.11713E+6	1.22196E+6	7.89286E+4	2.75647E+6
9.76000E+1	3.64535E+4	2.72452E+4	4.22405E+6	1.21781E+6	7.89111E+4	2.79564E+6
9.77000E+1	3.66908E+4	2.72389E+4	4.40021E+6	1.21747E+6	7.89152E+4	2.73507E+6
9.78000E+1	3.64883E+4	2.73235E+4	4.33400E+6	1.23792E+6	7.86022E+4	2.84481E+6
9.79000E+1	3.64613E+4	2.73527E+4	4.24038E+6	1.22995E+6	7.85303E+4	2.78595E+6
9.80000E+1	3.67667E+4	2.74050E+4	4.33590E+6	1.24412E+6	7.88667E+4	2.72836E+6
9.81000E+1	3.65994E+4	2.74809E+4	4.25438E+6	1.22569E+6	7.90297E+4	2.79942E+6
9.82000E+1	3.65994E+4	2.73851E+4	4.25438E+6	1.23395E+6	7.88441E+4	2.73404E+6
9.83000E+1	3.68867E+4	2.75752E+4	4.56455E+6	1.23665E+6	7.87915E+4	2.88675E+6
9.84000E+1	3.67944E+4	2.75935E+4	4.08022E+6	1.23246E+6	7.89761E+4	2.78756E+6
9.85000E+1	3.67553E+4	2.79185E+4	4.71282E+6	1.23596E+6	7.89884E+4	2.72707E+6
9.86000E+1	3.70209E+4	2.78553E+4	4.40740E+6	1.23613E+6	7.89657E+4	2.85350E+6
9.87000E+1	3.68922E+4	2.78890E+4	4.32704E+6	1.24902E+6	7.88389E+4	2.78756E+6
9.88000E+1	3.68083E+4	2.81086E+4	4.74361E+6	1.23257E+6	7.89730E+4	2.80567E+6
9.89000E+1	3.69635E+4	2.80156E+4	4.47517E+6	1.24645E+6	7.87359E+4	2.69877E+6
9.90000E+1	3.68807E+4	2.80816E+4	4.03731E+6	1.23711E+6	7.87421E+4	2.83923E+6
9.91000E+1	3.69369E+4	2.81795E+4	4.44037E+6	1.22377E+6	7.89668E+4	2.76490E+6
9.92000E+1	3.68982E+4	2.82870E+4	4.43838E+6	1.21435E+6	7.89327E+4	2.84007E+6
9.93000E+1	3.69411E+4	2.83650E+4	4.34352E+6	1.22659E+6	7.87030E+4	2.86337E+6
9.94000E+1	3.67655E+4	2.83825E+4	4.31006E+6	1.22580E+6	7.85992E+4	2.81933E+6
9.95000E+1	3.68940E+4	2.84590E+4	4.36847E+6	1.22603E+6	7.88987E+4	2.85041E+6
9.96000E+1	3.69623E+4	2.84122E+4	4.46441E+6	1.22117E+6	7.87524E+4	2.72218E+6
9.97000E+1	3.69961E+4	2.86715E+4	4.38526E+6	1.24127E+6	7.87668E+4	2.79564E+6
9.98000E+1	3.69731E+4	2.89323E+4	4.35181E+6	1.25467E+6	7.85940E+4	2.88187E+6
9.99000E+1	3.72760E+4	2.88515E+4	4.40087E+6	1.20765E+6	7.83887E+4	2.89597E+6
1.00000E+2	3.72869E+4	2.89939E+4	4.43374E+6	1.21938E+6	7.83949E+4	2.84146E+6
1.00100E+2	3.71432E+4	2.89602E+4	4.30006E+6	1.23982E+6	7.88523E+4	2.82345E+6
1.00200E+2	3.70929E+4	2.89387E+4	4.38785E+6	1.23498E+6	7.87761E+4	2.85490E+6
1.00300E+2	3.71002E+4	2.90100E+4	4.47517E+6	1.23429E+6	7.87874E+4	2.71323E+6
1.00400E+2	3.71777E+4	2.92383E+4	4.53668E+6	1.23607E+6	7.86557E+4	2.83868E+6
1.00500E+2	3.72523E+4	2.92001E+4	4.34416E+6	1.24674E+6	7.85026E+4	2.80757E+6
1.00600E+2	3.71771E+4	2.93654E+4	4.54570E+6	1.24202E+6	7.86218E+4	2.81906E+6
1.00700E+2	3.73732E+4	2.93935E+4	4.52907E+6	1.25734E+6	7.84421E+4	2.95044E+6
1.00800E+2	3.72141E+4	2.93859E+4	4.20905E+6	1.23521E+6	7.87421E+4	2.87046E+6
1.00900E+2	3.71802E+4	2.94879E+4	4.50914E+6	1.22603E+6	7.86331E+4	2.78166E+6
1.01000E+2	3.73258E+4	2.95928E+4	4.30881E+6	1.25337E+6	7.84882E+4	2.76808E+6
1.01100E+2	3.71383E+4	2.96621E+4	4.65603E+6	1.22360E+6	7.86310E+4	2.88704E+6
1.01200E+2	3.69320E+4	2.98373E+4	4.71580E+6	1.23579E+6	7.83928E+4	2.86790E+6
1.01300E+2	3.70161E+4	2.98574E+4	4.49073E+6	1.25663E+6	7.85242E+4	2.91841E+6
1.01400E+2	3.67541E+4	2.98905E+4	4.46373E+6	1.25669E+6	7.84410E+4	2.78460E+6
1.01500E+2	3.69961E+4	2.99906E+4	4.42977E+6	1.21524E+6	7.86228E+4	2.83479E+6
1.01600E+2	3.69737E+4	3.00331E+4	4.30756E+6	1.22915E+6	7.84482E+4	2.90003E+6
1.01700E+2	3.69574E+4	3.01918E+4	4.42581E+6	1.23372E+6	7.83918E+4	2.84565E+6
1.01800E+2	3.69828E+4	3.03131E+4	4.59631E+6	1.23229E+6	7.88080E+4	2.82153E+6
1.01900E+2	3.69647E+4	3.02661E+4	4.42713E+6	1.24703E+6	7.85981E+4	2.68022E+6
1.02000E+2	3.69864E+4	3.03443E+4	4.48802E+6	1.23372E+6	7.82494E+4	2.82704E+6
1.02100E+2	3.72432E+4	3.04572E+4	4.54292E+6	1.21994E+6	7.82822E+4	2.78300E+6
1.02200E+2	3.72250E+4	3.05472E+4	4.39305E+6	1.25125E+6	7.85745E+4	2.85209E+6
1.02300E+2	3.72263E+4	3.06048E+4	4.50299E+6	1.22388E+6	7.85036E+4	2.89280E+6
1.02400E+2	3.71626E+4	3.06972E+4	4.49209E+6	1.25308E+6	7.86218E+4	2.84341E+6
1.02500E+2	3.72882E+4	3.07000E+4	4.40413E+6	1.24144E+6	7.84349E+4	2.78890E+6
1.02600E+2	3.72463E+4	3.08096E+4	4.86128E+6	1.24167E+6	7.84605E+4	2.86224E+6
1.02700E+2	3.71323E+4	3.06290E+4	4.30381E+6	1.24388E+6	7.83436E+4	2.88963E+6
1.02800E+2	3.70772E+4	3.09106E+4	4.23916E+6	1.22620E+6	7.85026E+4	2.79510E+6
1.02900E+2	3.71511E+4	3.10753E+4	4.25805E+6	1.24000E+6	7.85776E+4	2.89829E+6
1.03000E+2	3.72469E+4	3.10200E+4	4.65312E+6	1.22320E+6	7.86845E+4	2.77632E+6
1.03100E+2	3.72111E+4	3.11722E+4	4.56876E+6	1.22529E+6	7.84954E+4	2.87987E+6
1.03200E+2	3.72014E+4	3.13265E+4	4.38331E+6	1.23012E+6	7.86896E+4	2.82842E+6
1.03300E+2	3.74791E+4	3.13065E+4	4.62562E+6	1.22813E+6	7.85765E+4	2.97797E+6
1.03400E+2	3.73149E+4	3.13310E+4	4.80872E+6	1.23280E+6	7.82904E+4	3.03011E+6
1.03500E+2	3.74000E+4	3.13154E+4	4.60842E+6	1.25143E+6	7.83160E+4	2.83035E+6
1.03600E+2	3.75931E+4	3.13437E+4	4.74210E+6	1.22467E+6	7.81113E+4	2.80921E+6
1.03700E+2	3.73750E+4	3.15960E+4	4.48057E+6	1.22944E+6	7.85652E+4	2.82180E+6
1.03800E+2	3.75181E+4	3.16741E+4	4.38656E+6	1.23648E+6	7.86907E+4	2.81057E+6
1.03900E+2	3.75236E+4	3.15107E+4	4.33527E+6	1.22033E+6	7.81972E+4	2.93820E+6
1.04000E+2	3.74955E+4	3.17602E+4	4.26848E+6	1.24226E+6	7.82515E+4	2.89511E+6
1.04100E+2	3.76669E+4	3.18464E+4	4.49413E+6	1.22875E+6	7.82627E+4	2.81878E+6
1.04200E+2	3.75540E+4	3.20275E+4	4.49958E+6	1.22722E+6	7.80235E+4	2.88044E+6
1.04300E+2	3.75998E+4	3.17848E+4	4.60628E+6	1.25396E+6	7.82934E+4	2.81440E+6
1.04400E+2	3.76400E+4	3.19400E+4	4.39305E+6	1.24208E+6	7.82453E+4	2.91167E+6
1.04500E+2	3.75357E+4	3.22514E+4	4.27772E+6	1.23475E+6	7.81655E+4	2.89337E+6
1.04600E+2	3.75290E+4	3.22345E+4	4.48395E+6	1.23976E+6	7.81972E+4	2.93227E+6
1.04700E+2	3.75668E+4	3.23795E+4	4.77403E+6	1.23326E+6	7.83508E+4	2.90264E+6
1.04800E+2	3.77524E+4	3.21439E+4	4.63355E+6	1.23000E+6	7.81021E+4	2.93434E+6
1.04900E+2	3.77848E+4	3.24518E+4	4.73531E+6	1.23000E+6	7.80786E+4	2.81112E+6
1.05000E+2	3.76663E+4	3.23902E+4	4.94187E+6	1.25942E+6	7.81532E+4	2.94148E+6
1.05100E+2	3.78999E+4	3.25196E+4	4.67065E+6	1.25491E+6	7.81717E+4	2.92399E+6
1.05200E+2	3.78007E+4	3.26097E+4	4.57509E+6	1.25296E+6	7.81553E+4	2.99887E+6
1.05300E+2	3.77530E+4	3.26754E+4	4.57157E+6	1.24023E+6	7.80368E+4	2.80024E+6
1.05400E+2	3.77286E+4	3.28361E+4	4.53045E+6	1.22705E+6	7.79510E+4	2.89193E+6
1.05500E+2	3.79140E+4	3.28355E+4	4.77480E+6	1.23115E+6	7.79408E+4	2.84063E+6
1.05600E+2	3.78558E+4	3.28856E+4	4.61199E+6	1.23769E+6	7.79225E+4	2.85603E+6
1.05700E+2	3.78295E+4	3.30211E+4	4.41659E+6	1.21524E+6	7.81052E+4	2.89858E+6
1.05800E+2	3.77659E+4	3.30804E+4	4.78016E+6	1.25556E+6	7.79408E+4	2.93434E+6
1.05900E+2	3.77396E+4	3.29226E+4	4.39630E+6	1.23653E+6	7.79643E+4	2.96823E+6
1.06000E+2	3.79477E+4	3.30473E+4	4.33020E+6	1.24237E+6	7.81931E+4	2.80512E+6
1.06100E+2	3.77910E+4	3.32570E+4	4.45637E+6	1.21742E+6	7.82914E+4	2.94386E+6
1.06200E+2	3.78846E+4	3.31432E+4	4.48463E+6	1.23172E+6	7.78888E+4	2.93523E+6
1.06300E+2	3.78301E+4	3.32747E+4	4.82507E+6	1.25208E+6	7.79327E+4	2.89193E+6
1.06400E+2	3.75571E+4	3.33738E+4	4.49685E+6	1.26014E+6	7.78195E+4	2.81631E+6
1.06500E+2	3.78693E+4	3.35425E+4	4.41987E+6	1.25479E+6	7.77218E+4	2.84593E+6
1.06600E+2	3.77420E+4	3.36063E+4	4.87162E+6	1.24738E+6	7.77299E+4	2.87815E+6
1.06700E+2	3.80238E+4	3.35787E+4	4.66406E+6	1.24849E+6	7.80327E+4	2.96945E+6
1.06800E+2	3.77048E+4	3.36396E+4	4.49413E+6	1.23040E+6	7.78694E+4	2.82290E+6
1.06900E+2	3.78356E+4	3.36621E+4	4.72329E+6	1.23252E+6	7.80623E+4	2.89597E+6
1.07000E+2	3.76114E+4	3.37502E+4	4.53668E+6	1.25131E+6	7.78175E+4	2.88158E+6
1.07100E+2	3.78087E+4	3.38154E+4	4.77709E+6	1.26450E+6	7.79306E+4	2.99547E+6
1.07200E+2	3.77799E+4	3.38517E+4	4.52631E+6	1.22887E+6	7.78277E+4	2.95705E+6
1.07300E+2	3.76913E+4	3.38939E+4	4.83212E+6	1.24691E+6	7.77930E+4	2.82180E+6
1.07400E+2	3.77989E+4	3.39811E+4	4.64223E+6	1.24092E+6	7.77096E+4	2.83729E+6
1.07500E+2	3.75418E+4	3.41786E+4	4.78631E+6	1.25090E+6	7.79459E+4	2.92223E+6
1.07600E+2	3.75290E+4	3.41415E+4	4.39045E+6	1.23029E+6	7.78012E+4	2.97492E+6
1.07700E+2	3.75461E+4	3.41624E+4	5.00657E+6	1.24820E+6	7.79276E+4	2.93939E+6
1.07800E+2	3.75443E+4	3.42889E+4	4.87480E+6	1.24382E+6	7.75632E+4	2.81412E+6
1.07900E+2	3.73860E+4	3.44151E+4	4.82664E+6	1.24902E+6	7.79745E+4	3.01067E+6
1.08000E+2	3.75662E+4	3.43726E+4	4.66187E+6	1.20803E+6	7.78358E+4	2.82235E+6
1.08100E+2	3.75479E+4	3.44675E+4	4.55685E+6	1.21624E+6	7.76841E+4	2.81988E+6
1.08200E+2	3.77359E+4	3.45101E+4	4.44436E+6	1.20468E+6	7.79347E+4	2.86422E+6
1.08300E+2	3.75284E+4	3.46098E+4	4.44702E+6	1.24000E+6	7.78756E+4	2.83174E+6
1.08400E+2	3.76370E+4	3.47173E+4	4.58638E+6	1.23544E+6	7.79123E+4	2.89771E+6
1.08500E+2	3.75510E+4	3.47027E+4	4.40871E+6	1.23717E+6	7.77757E+4	2.83257E+6
1.08600E+2	3.75613E+4	3.48039E+4	4.35308E+6	1.23510E+6	7.76933E+4	2.80948E+6
1.08700E+2	3.75138E+4	3.46711E+4	4.64731E+6	1.22056E+6	7.77442E+4	2.92871E+6
1.08800E+2	3.77255E+4	3.49997E+4	4.39435E+6	1.24278E+6	7.80082E+4	2.91577E+6
1.08900E+2	3.74639E+4	3.50191E+4	4.45703E+6	1.24023E+6	7.79031E+4	2.89684E+6
1.09000E+2	3.77873E+4	3.49434E+4	4.49277E+6	1.22011E+6	7.75611E+4	2.86904E+6
1.09100E+2	3.74992E+4	3.50062E+4	4.25499E+6	1.23429E+6	7.75266E+4	2.87558E+6
1.09200E+2	3.78840E+4	3.51578E+4	4.61629E+6	1.23492E+6	7.77146E+4	2.91870E+6
1.09300E+2	3.77096E+4	3.51943E+4	4.69497E+6	1.22343E+6	7.74911E+4	2.92753E+6
1.09400E+2	3.77121E+4	3.52798E+4	4.48057E+6	1.22727E+6	7.75053E+4	2.81112E+6
1.09500E+2	3.77231E+4	3.53594E+4	4.45503E+6	1.26139E+6	7.72914E+4	2.87473E+6
1.09600E+2	3.77518E+4	3.53411E+4	4.64078E+6	1.23895E+6	7.74941E+4	2.95014E+6
1.09700E+2	3.78534E+4	3.54888E+4	4.49277E+6	1.25734E+6	7.73207E+4	2.81276E+6
1.09800E+2	3.73988E+4	3.56155E+4	4.68684E+6	1.25698E+6	7.75195E+4	2.94835E+6
1.09900E+2	3.75418E+4	3.55474E+4	4.49958E+6	1.21102E+6	7.75490E+4	2.90671E+6
1.10000E+2	3.77824E+4	3.56001E+4	4.57157E+6	1.23332E+6	7.77381E+4	2.91577E+6
1.10100E+2	3.77836E+4	3.54640E+4	4.93370E+6	1.22495E+6	7.75622E+4	2.86139E+6
1.10200E+2	3.77127E+4	3.58024E+4	4.72929E+6	1.23510E+6	7.76872E+4	2.87872E+6
1.10300E+2	3.76376E+4	3.57804E+4	4.40152E+6	1.24000E+6	7.75439E+4	2.86762E+6
1.10400E+2	3.78815E+4	3.58214E+4	4.73155E+6	1.22309E+6	7.72792E+4	2.91138E+6
1.10500E+2	3.77671E+4	3.60142E+4	4.43971E+6	1.25497E+6	7.75002E+4	2.82649E+6
1.10600E+2	3.77946E+4	3.59023E+4	4.41659E+6	1.23429E+6	7.73258E+4	2.87188E+6
1.10700E+2	3.79630E+4	3.61228E+4	4.55197E+6	1.22230E+6	7.74941E+4	2.92694E+6
1.10800E+2	3.78271E+4	3.61670E+4	4.60699E+6	1.23769E+6	7.74982E+4	2.98255E+6
1.10900E+2	3.75059E+4	3.62214E+4	4.49821E+6	1.27575E+6	7.73197E+4	2.94028E+6
1.11000E+2	3.77402E+4	3.62842E+4	4.69571E+6	1.26522E+6	7.73663E+4	2.89424E+6
1.11100E+2	3.78338E+4	3.64183E+4	4.90852E+6	1.26025E+6	7.73988E+4	2.83396E+6
1.11200E+2	3.76645E+4	3.63956E+4	4.49617E+6	1.22360E+6	7.72256E+4	2.88617E+6
1.11300E+2	3.77035E+4	3.63878E+4	4.88599E+6	1.23936E+6	7.70689E+4	2.87102E+6
1.11400E+2	3.76602E+4	3.65762E+4	4.53460E+6	1.22852E+6	7.78134E+4	2.84817E+6
1.11500E+2	3.76602E+4	3.66748E+4	4.47787E+6	1.24202E+6	7.72904E+4	2.93227E+6
1.11600E+2	3.77127E+4	3.68013E+4	4.62922E+6	1.23172E+6	7.73309E+4	2.85969E+6
1.11700E+2	3.75089E+4	3.67037E+4	4.46978E+6	1.22693E+6	7.73866E+4	2.89655E+6
1.11800E+2	3.78515E+4	3.66869E+4	4.52080E+6	1.25231E+6	7.72610E+4	2.85828E+6
1.11900E+2	3.75821E+4	3.68327E+4	4.67873E+6	1.22830E+6	7.73826E+4	2.87359E+6
1.12000E+2	3.76352E+4	3.71144E+4	4.66480E+6	1.22095E+6	7.73755E+4	2.95374E+6
1.12100E+2	3.75943E+4	3.69432E+4	4.74663E+6	1.22909E+6	7.71447E+4	2.88388E+6
1.12200E+2	3.74694E+4	3.70078E+4	4.47787E+6	1.22949E+6	7.70840E+4	2.84063E+6
1.12300E+2	3.75077E+4	3.70998E+4	4.36397E+6	1.23297E+6	7.74708E+4	2.82401E+6
1.12400E+2	3.73665E+4	3.71780E+4	4.58567E+6	1.21977E+6	7.74251E+4	2.88732E+6
1.12500E+2	3.72323E+4	3.72295E+4	4.76182E+6	1.23728E+6	7.74089E+4	2.88044E+6
1.12600E+2	3.72311E+4	3.73218E+4	4.82273E+6	1.21859E+6	7.74373E+4	2.91694E+6
1.12700E+2	3.75047E+4	3.73151E+4	4.54223E+6	1.22870E+6	7.71993E+4	2.92783E+6
1.12800E+2	3.73671E+4	3.74866E+4	4.47315E+6	1.23177E+6	7.73673E+4	2.86535E+6
1.12900E+2	3.73440E+4	3.74915E+4	4.53876E+6	1.20930E+6	7.74860E+4	3.03707E+6
1.13000E+2	3.73313E+4	3.74312E+4	4.31069E+6	1.22005E+6	7.73167E+4	3.04853E+6
1.13100E+2	3.74974E+4	3.75610E+4	4.44635E+6	1.23023E+6	7.73582E+4	2.98900E+6
1.13200E+2	3.72657E+4	3.75323E+4	4.32831E+6	1.20583E+6	7.71780E+4	2.88216E+6
1.13300E+2	3.72627E+4	3.77563E+4	4.64803E+6	1.21882E+6	7.73755E+4	2.88330E+6
1.13400E+2	3.72827E+4	3.77233E+4	4.42845E+6	1.23212E+6	7.74211E+4	2.90177E+6
1.13500E+2	3.72493E+4	3.77900E+4	4.50162E+6	1.22796E+6	7.72215E+4	2.88445E+6
1.13600E+2	3.76059E+4	3.78083E+4	4.57579E+6	1.22784E+6	7.73471E+4	2.88445E+6
1.13700E+2	3.73210E+4	3.78561E+4	4.59134E+6	1.22151E+6	7.74018E+4	2.86308E+6
1.13800E+2	3.73410E+4	3.80062E+4	4.72404E+6	1.22484E+6	7.70466E+4	2.91518E+6
1.13900E+2	3.73921E+4	3.80216E+4	4.60129E+6	1.23521E+6	7.74657E+4	2.99423E+6
1.14000E+2	3.74450E+4	3.81770E+4	4.64368E+6	1.21146E+6	7.71467E+4	3.01035E+6
1.14100E+2	3.75492E+4	3.82336E+4	4.51599E+6	1.20369E+6	7.72569E+4	2.82290E+6
1.14200E+2	3.74821E+4	3.82441E+4	4.43440E+6	1.24220E+6	7.71922E+4	2.94536E+6
1.14300E+2	3.72693E+4	3.83735E+4	4.48057E+6	1.22393E+6	7.71800E+4	2.90584E+6
1.14400E+2	3.73513E+4	3.83230E+4	4.50504E+6	1.22705E+6	7.73937E+4	2.87046E+6
1.14500E+2	3.75961E+4	3.84513E+4	4.49958E+6	1.23177E+6	7.71366E+4	2.98347E+6
1.14600E+2	3.73720E+4	3.84970E+4	4.61987E+6	1.22241E+6	7.72134E+4	2.92399E+6
1.14700E+2	3.73027E+4	3.84877E+4	4.62850E+6	1.24185E+6	7.73967E+4	2.93315E+6
1.14800E+2	3.76120E+4	3.87068E+4	4.58355E+6	1.22247E+6	7.72691E+4	2.96369E+6
1.14900E+2	3.72657E+4	3.86170E+4	4.63789E+6	1.23584E+6	7.72934E+4	2.83673E+6
1.15000E+2	3.75473E+4	3.86021E+4	4.41593E+6	1.25817E+6	7.74008E+4	2.84230E+6
1.15100E+2	3.73076E+4	3.87676E+4	4.66846E+6	1.22682E+6	7.73765E+4	2.92223E+6
1.15200E+2	3.73155E+4	3.88147E+4	4.48328E+6	1.21580E+6	7.74708E+4	2.87416E+6
1.15300E+2	3.75601E+4	3.86981E+4	4.49753E+6	1.20435E+6	7.71538E+4	2.78998E+6
1.15400E+2	3.74462E+4	3.92113E+4	4.55755E+6	1.23378E+6	7.73400E+4	2.89916E+6
1.15500E+2	3.74420E+4	3.88564E+4	4.53806E+6	1.22676E+6	7.71831E+4	2.87074E+6
1.15600E+2	3.74627E+4	3.91202E+4	4.51051E+6	1.22620E+6	7.71204E+4	2.85828E+6
1.15700E+2	3.74901E+4	3.91620E+4	4.46038E+6	1.23326E+6	7.72306E+4	2.94685E+6
1.15800E+2	3.75888E+4	3.91202E+4	4.79556E+6	1.21446E+6	7.71608E+4	2.83396E+6
1.15900E+2	3.76535E+4	3.91333E+4	4.53391E+6	1.21491E+6	7.69639E+4	2.82538E+6
1.16000E+2	3.76895E+4	3.94183E+4	4.55057E+6	1.21429E+6	7.72458E+4	2.88991E+6
1.16100E+2	3.77402E+4	3.92632E+4	4.48192E+6	1.22162E+6	7.70365E+4	2.81878E+6
1.16200E+2	3.80048E+4	3.93613E+4	4.81416E+6	1.20803E+6	7.71487E+4	2.81906E+6
1.16300E+2	3.78166E+4	3.94853E+4	4.57157E+6	1.23441E+6	7.67966E+4	2.87302E+6
1.16400E+2	3.78209E+4	3.95273E+4	4.43374E+6	1.23659E+6	7.69558E+4	2.88101E+6
1.16500E+2	3.77683E+4	3.94490E+4	4.47382E+6	1.21257E+6	7.71305E+4	2.87815E+6
1.16600E+2	3.78699E+4	3.95913E+4	4.59844E+6	1.26336E+6	7.71073E+4	2.95044E+6
1.16700E+2	3.78062E+4	3.97183E+4	4.60271E+6	1.25527E+6	7.70234E+4	2.99547E+6
1.16800E+2	3.80858E+4	3.96906E+4	4.53391E+6	1.22762E+6	7.71952E+4	2.85406E+6
1.16900E+2	3.81411E+4	3.97202E+4	4.52631E+6	1.23315E+6	7.70174E+4	2.93642E+6
1.17000E+2	3.78803E+4	3.98246E+4	4.88439E+6	1.23378E+6	7.69417E+4	2.86365E+6
1.17100E+2	3.80840E+4	4.00000E+4	4.61987E+6	1.23653E+6	7.71780E+4	2.94297E+6
1.17200E+2	3.84480E+4	3.99343E+4	4.93370E+6	1.23521E+6	7.67865E+4	2.97279E+6
1.17300E+2	3.82599E+4	4.01536E+4	4.97236E+6	1.26037E+6	7.68630E+4	2.87644E+6
1.17400E+2	3.81694E+4	4.01175E+4	4.61342E+6	1.23521E+6	7.67674E+4	2.86762E+6
1.17500E+2	3.84671E+4	4.00227E+4	4.57368E+6	1.25020E+6	7.70214E+4	2.97583E+6
1.17600E+2	3.84603E+4	4.02467E+4	4.63499E+6	1.21474E+6	7.68459E+4	3.04917E+6
1.17700E+2	3.84226E+4	4.02036E+4	4.78400E+6	1.24890E+6	7.69286E+4	2.94536E+6
1.17800E+2	3.84622E+4	4.01802E+4	4.48802E+6	1.24990E+6	7.68006E+4	2.88732E+6
1.17900E+2	3.86248E+4	4.02986E+4	4.42845E+6	1.22230E+6	7.67613E+4	2.95284E+6
1.18000E+2	3.85073E+4	4.02948E+4	4.54779E+6	1.23464E+6	7.66446E+4	2.93999E+6
1.18100E+2	3.86545E+4	4.05038E+4	4.71133E+6	1.24826E+6	7.67492E+4	2.95735E+6
1.18200E+2	3.86000E+4	4.04554E+4	4.79016E+6	1.22399E+6	7.68056E+4	2.95074E+6
1.18300E+2	3.86663E+4	4.03906E+4	4.88839E+6	1.24348E+6	7.66396E+4	2.96309E+6
1.18400E+2	3.88909E+4	4.06929E+4	4.59915E+6	1.24581E+6	7.67321E+4	2.90584E+6
1.18500E+2	3.88946E+4	4.06916E+4	4.60913E+6	1.25609E+6	7.68560E+4	2.98072E+6
1.18600E+2	3.88462E+4	4.06821E+4	4.68020E+6	1.24908E+6	7.66828E+4	2.99238E+6
1.18700E+2	3.87686E+4	4.05980E+4	4.76715E+6	1.24086E+6	7.65110E+4	2.97157E+6
1.18800E+2	3.89761E+4	4.07925E+4	4.70834E+6	1.25592E+6	7.66617E+4	2.92931E+6
1.18900E+2	3.88257E+4	4.08557E+4	5.10243E+6	1.22762E+6	7.66105E+4	2.90555E+6
1.19000E+2	3.90271E+4	4.09318E+4	4.46508E+6	1.24313E+6	7.66728E+4	2.95074E+6
1.19100E+2	3.90782E+4	4.09849E+4	4.69127E+6	1.27107E+6	7.64809E+4	2.89829E+6
1.19200E+2	3.90919E+4	4.09568E+4	4.47922E+6	1.25515E+6	7.66487E+4	2.98685E+6
1.19300E+2	3.92879E+4	4.11273E+4	4.50504E+6	1.25278E+6	7.67603E+4	2.93790E+6
1.19400E+2	3.91480E+4	4.10445E+4	4.68389E+6	1.24086E+6	7.67160E+4	3.03011E+6
1.19500E+2	3.92529E+4	4.10458E+4	4.51737E+6	1.24377E+6	7.65241E+4	2.93820E+6
1.19600E+2	3.91256E+4	4.12069E+4	4.86208E+6	1.24156E+6	7.65532E+4	3.03169E+6
1.19700E+2	3.91736E+4	4.12017E+4	4.75877E+6	1.24481E+6	7.65693E+4	2.94565E+6
1.19800E+2	3.91487E+4	4.12480E+4	4.54084E+6	1.24686E+6	7.65231E+4	3.02476E+6
1.19900E+2	3.91605E+4	4.13953E+4	4.58073E+6	1.24785E+6	7.68278E+4	2.93701E+6
1.20000E+2	3.92198E+4	4.15004E+4	4.95830E+6	1.26606E+6	7.65853E+4	3.03961E+6
1.20100E+2	3.89892E+4	4.15030E+4	4.58214E+6	1.27307E+6	7.65422E+4	2.99238E+6
1.20200E+2	3.91237E+4	4.16502E+4	4.88519E+6	1.30731E+6	7.65110E+4	3.07396E+6
1.20300E+2	3.93698E+4	4.15649E+4	4.76792E+6	1.26576E+6	7.63225E+4	3.04725E+6
1.20400E+2	3.92835E+4	4.16295E+4	4.53668E+6	1.23982E+6	7.66436E+4	3.05557E+6
1.20500E+2	3.93479E+4	4.15882E+4	4.62850E+6	1.23320E+6	7.63245E+4	2.96581E+6
1.20600E+2	3.91955E+4	4.18924E+4	4.85416E+6	1.23642E+6	7.65080E+4	2.99392E+6
1.20700E+2	3.92517E+4	4.18574E+4	4.86287E+6	1.26246E+6	7.61884E+4	3.14939E+6
1.20800E+2	3.91661E+4	4.20242E+4	4.50504E+6	1.28157E+6	7.66044E+4	3.13146E+6
1.20900E+2	3.90950E+4	4.19054E+4	4.73606E+6	1.23538E+6	7.64629E+4	2.96884E+6
1.21000E+2	3.89860E+4	4.19807E+4	4.51462E+6	1.23959E+6	7.63626E+4	2.90817E+6
1.21100E+2	3.91287E+4	4.21445E+4	4.66406E+6	1.26133E+6	7.62364E+4	3.03771E+6
1.21200E+2	3.91530E+4	4.20372E+4	4.77250E+6	1.22983E+6	7.63546E+4	2.89540E+6
1.21300E+2	3.90128E+4	4.19995E+4	4.56035E+6	1.22416E+6	7.63806E+4	2.94088E+6
1.21400E+2	3.90913E+4	4.22468E+4	4.68979E+6	1.23166E+6	7.62574E+4	2.94088E+6
1.21500E+2	3.89792E+4	4.22168E+4	4.77403E+6	1.22966E+6	7.62675E+4	3.02696E+6
1.21600E+2	3.88629E+4	4.20892E+4	4.89401E+6	1.24750E+6	7.63195E+4	3.08014E+6
1.21700E+2	3.88940E+4	4.25970E+4	4.78708E+6	1.23538E+6	7.64729E+4	2.93197E+6
1.21800E+2	3.90440E+4	4.25126E+4	4.68536E+6	1.24150E+6	7.61714E+4	2.99979E+6
1.21900E+2	3.88257E+4	4.27091E+4	4.69349E+6	1.25799E+6	7.62004E+4	2.98593E+6
1.22000E+2	3.90520E+4	4.26069E+4	4.79556E+6	1.24417E+6	7.63105E+4	3.02036E+6
1.22100E+2	3.90141E+4	4.25178E+4	4.68832E+6	1.24208E+6	7.62715E+4	3.14701E+6
1.22200E+2	3.88015E+4	4.26036E+4	4.87082E+6	1.23780E+6	7.64368E+4	2.93197E+6
1.22300E+2	3.91599E+4	4.26770E+4	4.76106E+6	1.22693E+6	7.65492E+4	3.01691E+6
1.22400E+2	3.88691E+4	4.26514E+4	4.70016E+6	1.24057E+6	7.64097E+4	2.94297E+6
1.22500E+2	3.86539E+4	4.27866E+4	4.61199E+6	1.24382E+6	7.64619E+4	2.95435E+6
1.22600E+2	3.88102E+4	4.28918E+4	4.54362E+6	1.23884E+6	7.63596E+4	2.92429E+6
1.22700E+2	3.86830E+4	4.30874E+4	4.50230E+6	1.25491E+6	7.62444E+4	2.90642E+6
1.22800E+2	3.88971E+4	4.28438E+4	4.89884E+6	1.24342E+6	7.62484E+4	3.04981E+6
1.22900E+2	3.87748E+4	4.30881E+4	4.78862E+6	1.21224E+6	7.62594E+4	3.08112E+6
1.23000E+2	3.87680E+4	4.30841E+4	4.76639E+6	1.21513E+6	7.65090E+4	3.06910E+6
1.23100E+2	3.86229E+4	4.33888E+4	4.62706E+6	1.22949E+6	7.63025E+4	3.15791E+6
1.23200E+2	3.87283E+4	4.31673E+4	4.57720E+6	1.23826E+6	7.64197E+4	3.01785E+6
1.23300E+2	3.88549E+4	4.34962E+4	4.50230E+6	1.23792E+6	7.62064E+4	2.98562E+6
1.23400E+2	3.86861E+4	4.32571E+4	4.62922E+6	1.23349E+6	7.64639E+4	3.09060E+6
1.23500E+2	3.87636E+4	4.33279E+4	4.46911E+6	1.21960E+6	7.61934E+4	2.97766E+6
1.23600E+2	3.87084E+4	4.33193E+4	4.55406E+6	1.25391E+6	7.63496E+4	2.88302E+6
1.23700E+2	3.84949E+4	4.34863E+4	4.49685E+6	1.22659E+6	7.65361E+4	3.02917E+6
1.23800E+2	3.85048E+4	4.33743E+4	4.50299E+6	1.23510E+6	7.62414E+4	3.05461E+6
1.23900E+2	3.86236E+4	4.36503E+4	4.80949E+6	1.24086E+6	7.62094E+4	3.02570E+6
1.24000E+2	3.82082E+4	4.36948E+4	4.78093E+6	1.26366E+6	7.62835E+4	3.00444E+6
1.24100E+2	3.81159E+4	4.36789E+4	4.61414E+6	1.24546E+6	7.62614E+4	3.01129E+6
1.24200E+2	3.82359E+4	4.37115E+4	4.17345E+6	1.20194E+6	7.62554E+4	2.91577E+6
1.24300E+2	3.83141E+4	4.39881E+4	4.70760E+6	1.22637E+6	7.63396E+4	2.94267E+6
1.24400E+2	3.82180E+4	4.38393E+4	4.55127E+6	1.23092E+6	7.63185E+4	2.96067E+6
1.24500E+2	3.83073E+4	4.39220E+4	4.48057E+6	1.20495E+6	7.61244E+4	2.89916E+6
1.24600E+2	3.80361E+4	4.41480E+4	4.55476E+6	1.22140E+6	7.64428E+4	3.00724E+6
1.24700E+2	3.80514E+4	4.40088E+4	4.76639E+6	1.21753E+6	7.61684E+4	2.99361E+6
1.24800E+2	3.80747E+4	4.38860E+4	4.47652E+6	1.22932E+6	7.64518E+4	3.08112E+6
1.24900E+2	3.82414E+4	4.41145E+4	4.54640E+6	1.21563E+6	7.62374E+4	2.91870E+6
1.25000E+2	3.81626E+4	4.42029E+4	4.74059E+6	1.21960E+6	7.61164E+4	3.04279E+6
1.25100E+2	3.81079E+4	4.40710E+4	4.33147E+6	1.22219E+6	7.62084E+4	2.98838E+6
1.25200E+2	3.81497E+4	4.44068E+4	4.84784E+6	1.22852E+6	7.63756E+4	2.92842E+6
1.25300E+2	3.82900E+4	4.43061E+4	4.55755E+6	1.26163E+6	7.65994E+4	3.00134E+6
1.25400E+2	3.84239E+4	4.40309E+4	4.68315E+6	1.21669E+6	7.63957E+4	3.08340E+6
1.25500E+2	3.81848E+4	4.43598E+4	4.65239E+6	1.19770E+6	7.64528E+4	2.97889E+6
1.25600E+2	3.85042E+4	4.43611E+4	4.73682E+6	1.19586E+6	7.62665E+4	2.91342E+6
1.25700E+2	3.84066E+4	4.45999E+4	4.92636E+6	1.21207E+6	7.61884E+4	3.09060E+6
1.25800E+2	3.83782E+4	4.43571E+4	4.63644E+6	1.22637E+6	7.63045E+4	2.89568E+6
1.25900E+2	3.81589E+4	4.45130E+4	4.51874E+6	1.23907E+6	7.63566E+4	3.01691E+6
1.26000E+2	3.83455E+4	4.44565E+4	4.42053E+6	1.21324E+6	7.61654E+4	3.05846E+6
1.26100E+2	3.80803E+4	4.47563E+4	4.54640E+6	1.24932E+6	7.65512E+4	3.03075E+6
1.26200E+2	3.81423E+4	4.45972E+4	4.85732E+6	1.22490E+6	7.61944E+4	2.91723E+6
