0.00000E+0	4.34196E+4	4.64630E+4	5.39863E+6	1.43844E+6	8.70878E+4	3.19160E+6
1.00000E-1	3.90177E+4	4.21442E+4	5.54770E+6	1.38430E+6	8.24344E+4	3.14582E+6
2.00000E-1	3.89823E+4	4.19720E+4	5.37825E+6	1.38323E+6	8.30292E+4	3.12491E+6
3.00000E-1	3.88902E+4	4.19940E+4	5.10104E+6	1.35705E+6	8.28029E+4	3.11489E+6
4.00000E-1	3.92310E+4	4.20558E+4	5.44678E+6	1.41391E+6	8.25513E+4	3.25239E+6
5.00000E-1	3.88902E+4	4.19655E+4	4.92587E+6	1.37177E+6	8.27007E+4	3.14379E+6
6.00000E-1	3.92729E+4	4.20402E+4	5.12643E+6	1.44726E+6	8.29764E+4	3.16082E+6
7.00000E-1	3.88703E+4	4.23933E+4	5.10365E+6	1.40502E+6	8.26716E+4	3.24805E+6
8.00000E-1	3.87859E+4	4.19090E+4	4.88551E+6	1.42282E+6	8.26555E+4	3.26657E+6
9.00000E-1	3.88734E+4	4.21579E+4	5.07934E+6	1.37970E+6	8.26781E+4	3.26803E+6
1.00000E+0	3.91817E+4	4.23613E+4	4.86875E+6	1.40451E+6	8.27512E+4	3.10957E+6
1.10000E+0	3.89997E+4	4.21866E+4	4.86478E+6	1.41538E+6	8.27867E+4	3.11389E+6
1.20000E+0	3.90277E+4	4.22569E+4	4.69305E+6	1.38508E+6	8.25986E+4	3.21338E+6
1.30000E+0	3.95277E+4	4.21156E+4	5.69208E+6	1.40692E+6	8.25685E+4	3.24048E+6
1.40000E+0	3.90725E+4	4.20844E+4	4.83400E+6	1.39387E+6	8.25019E+4	3.07640E+6
1.50000E+0	3.93210E+4	4.23300E+4	5.00187E+6	1.38479E+6	8.28621E+4	3.12290E+6
1.60000E+0	3.92885E+4	4.22811E+4	5.69966E+6	1.42589E+6	8.27695E+4	3.22973E+6
1.70000E+0	3.92541E+4	4.24796E+4	4.73787E+6	1.37100E+6	8.27523E+4	3.18255E+6
1.80000E+0	3.92285E+4	4.24803E+4	4.67756E+6	1.38857E+6	8.26480E+4	3.14956E+6
1.90000E+0	3.93091E+4	4.24705E+4	5.03479E+6	1.37282E+6	8.28772E+4	3.29641E+6
2.00000E+0	3.92535E+4	4.24208E+4	5.76652E+6	1.39423E+6	8.26706E+4	3.14514E+6
2.10000E+0	3.92547E+4	4.24992E+4	5.26464E+6	1.39849E+6	8.25395E+4	3.23618E+6
2.20000E+0	3.93429E+4	4.24214E+4	5.17618E+6	1.39972E+6	8.27103E+4	3.14141E+6
2.30000E+0	3.91031E+4	4.24587E+4	5.11765E+6	1.40707E+6	8.24601E+4	3.24841E+6
2.40000E+0	3.91361E+4	4.23574E+4	4.89594E+6	1.38161E+6	8.23722E+4	3.17320E+6
2.50000E+0	3.90956E+4	4.23274E+4	4.95863E+6	1.38800E+6	8.22704E+4	3.08716E+6
2.60000E+0	3.91761E+4	4.24450E+4	5.19780E+6	1.38907E+6	8.25513E+4	3.23152E+6
2.70000E+0	3.90246E+4	4.26112E+4	5.10452E+6	1.40773E+6	8.25631E+4	3.31022E+6
2.80000E+0	3.92454E+4	4.27515E+4	5.18697E+6	1.41761E+6	8.27749E+4	3.16803E+6
2.90000E+0	3.88523E+4	4.24626E+4	5.08540E+6	1.37142E+6	8.22876E+4	3.22367E+6
3.00000E+0	3.91093E+4	4.26544E+4	5.65130E+6	1.41184E+6	8.23700E+4	3.17044E+6
3.10000E+0	3.87964E+4	4.26945E+4	4.93321E+6	1.38451E+6	8.26340E+4	3.05125E+6
3.20000E+0	3.88616E+4	4.28876E+4	5.17887E+6	1.38864E+6	8.24204E+4	3.27023E+6
3.30000E+0	3.88623E+4	4.27437E+4	4.80980E+6	1.38800E+6	8.24279E+4	3.14650E+6
3.40000E+0	3.91892E+4	4.28659E+4	5.00691E+6	1.37478E+6	8.27717E+4	3.22652E+6
3.50000E+0	3.86687E+4	4.26158E+4	5.06469E+6	1.41287E+6	8.21934E+4	3.02271E+6
3.60000E+0	3.88635E+4	4.27489E+4	5.33318E+6	1.44595E+6	8.24612E+4	3.18394E+6
3.70000E+0	3.85895E+4	4.29870E+4	5.12731E+6	1.39050E+6	8.20246E+4	3.24372E+6
3.80000E+0	3.90115E+4	4.28442E+4	5.44084E+6	1.41835E+6	8.24526E+4	3.19090E+6
3.90000E+0	3.87480E+4	4.26191E+4	5.02039E+6	1.36448E+6	8.21314E+4	3.22012E+6
4.00000E+0	3.88710E+4	4.30212E+4	4.87831E+6	1.39783E+6	8.23711E+4	3.14006E+6
4.10000E+0	3.87921E+4	4.29422E+4	5.19147E+6	1.38210E+6	8.22490E+4	3.17528E+6
4.20000E+0	3.86582E+4	4.30331E+4	5.10278E+6	1.39028E+6	8.19937E+4	3.23905E+6
4.30000E+0	3.84782E+4	4.29073E+4	5.16455E+6	1.40037E+6	8.23443E+4	3.11656E+6
4.40000E+0	3.86198E+4	4.28080E+4	5.02546E+6	1.37121E+6	8.26329E+4	3.27023E+6
4.50000E+0	3.83997E+4	4.30608E+4	5.17260E+6	1.36434E+6	8.22084E+4	3.04550E+6
4.60000E+0	3.87896E+4	4.30087E+4	5.12467E+6	1.38543E+6	8.23754E+4	3.34542E+6
4.70000E+0	3.86278E+4	4.29481E+4	4.83165E+6	1.38302E+6	8.23936E+4	3.14956E+6
4.80000E+0	3.84738E+4	4.29751E+4	4.85368E+6	1.38778E+6	8.27200E+4	3.18324E+6
4.90000E+0	3.84559E+4	4.29554E+4	4.77357E+6	1.33762E+6	8.21058E+4	3.19439E+6
5.00000E+0	3.85492E+4	4.28968E+4	5.17977E+6	1.37093E+6	8.23497E+4	3.07413E+6
5.10000E+0	3.84633E+4	4.30476E+4	5.03734E+6	1.36048E+6	8.21667E+4	3.19404E+6
5.20000E+0	3.86185E+4	4.32014E+4	5.40644E+6	1.36773E+6	8.24097E+4	3.21480E+6
5.30000E+0	3.82309E+4	4.32721E+4	4.92587E+6	1.35473E+6	8.21699E+4	3.10560E+6
5.40000E+0	3.84510E+4	4.33654E+4	5.29447E+6	1.37822E+6	8.23658E+4	3.14616E+6
5.50000E+0	3.83325E+4	4.32403E+4	4.88551E+6	1.39430E+6	8.22416E+4	3.15740E+6
5.60000E+0	3.83695E+4	4.32377E+4	5.36187E+6	1.37464E+6	8.22009E+4	3.11789E+6
5.70000E+0	3.85406E+4	4.32741E+4	5.52315E+6	1.36303E+6	8.23711E+4	3.05189E+6
5.80000E+0	3.83473E+4	4.32641E+4	4.87034E+6	1.38040E+6	8.19169E+4	3.10957E+6
5.90000E+0	3.83140E+4	4.32688E+4	4.96111E+6	1.38835E+6	8.23133E+4	3.19439E+6
6.00000E+0	3.82438E+4	4.31294E+4	4.78124E+6	1.36206E+6	8.24258E+4	3.10031E+6
6.10000E+0	3.80176E+4	4.32622E+4	5.58078E+6	1.36069E+6	8.26512E+4	3.21551E+6
6.20000E+0	3.82968E+4	4.34615E+4	4.74240E+6	1.35671E+6	8.24408E+4	3.14956E+6
6.30000E+0	3.82032E+4	4.34900E+4	5.02800E+6	1.41376E+6	8.21485E+4	3.16803E+6
6.40000E+0	3.80311E+4	4.35145E+4	4.72959E+6	1.37928E+6	8.26587E+4	3.17389E+6
6.50000E+0	3.79501E+4	4.35278E+4	5.08713E+6	1.39036E+6	8.22319E+4	3.11889E+6
6.60000E+0	3.81632E+4	4.34628E+4	4.89594E+6	1.37899E+6	8.24333E+4	3.20316E+6
6.70000E+0	3.80943E+4	4.35995E+4	5.03394E+6	1.37289E+6	8.25406E+4	3.22938E+6
6.80000E+0	3.81718E+4	4.34853E+4	4.71461E+6	1.37184E+6	8.24172E+4	3.10725E+6
6.90000E+0	3.80305E+4	4.35729E+4	4.47072E+6	1.36586E+6	8.22672E+4	3.20738E+6
7.00000E+0	3.82013E+4	4.38284E+4	5.31896E+6	1.38778E+6	8.22555E+4	3.16941E+6
7.10000E+0	3.80200E+4	4.37272E+4	4.97435E+6	1.39207E+6	8.24140E+4	3.12726E+6
7.20000E+0	3.80692E+4	4.37511E+4	4.85922E+6	1.35774E+6	8.22394E+4	3.07315E+6
7.30000E+0	3.80710E+4	4.36899E+4	4.90077E+6	1.35822E+6	8.24258E+4	3.09208E+6
7.40000E+0	3.80477E+4	4.40039E+4	5.31706E+6	1.41155E+6	8.26598E+4	3.32565E+6
7.50000E+0	3.79986E+4	4.37265E+4	4.89835E+6	1.35685E+6	8.23186E+4	3.07965E+6
7.60000E+0	3.80041E+4	4.37119E+4	5.03989E+6	1.39560E+6	8.22426E+4	3.04805E+6
7.70000E+0	3.83541E+4	4.40032E+4	5.63007E+6	1.38437E+6	8.27093E+4	3.18916E+6
7.80000E+0	3.82136E+4	4.40340E+4	4.80205E+6	1.36255E+6	8.24998E+4	3.13129E+6
7.90000E+0	3.79611E+4	4.38784E+4	4.70641E+6	1.36517E+6	8.22897E+4	3.01301E+6
8.00000E+0	3.80759E+4	4.39825E+4	5.05269E+6	1.35432E+6	8.25599E+4	3.30460E+6
8.10000E+0	3.80176E+4	4.39692E+4	5.11765E+6	1.40671E+6	8.24955E+4	3.23295E+6
8.20000E+0	3.80833E+4	4.42508E+4	5.22141E+6	1.40554E+6	8.25739E+4	3.13062E+6
8.30000E+0	3.81109E+4	4.40761E+4	4.96772E+6	1.38650E+6	8.26093E+4	3.07056E+6
8.40000E+0	3.78790E+4	4.41363E+4	4.98849E+6	1.39459E+6	8.22940E+4	3.29047E+6
8.50000E+0	3.81232E+4	4.40714E+4	4.55643E+6	1.39878E+6	8.23915E+4	3.16151E+6
8.60000E+0	3.82395E+4	4.44354E+4	4.95452E+6	1.37801E+6	8.24086E+4	3.15399E+6
8.70000E+0	3.83091E+4	4.42193E+4	5.43886E+6	1.39445E+6	8.24805E+4	3.41726E+6
8.80000E+0	3.80876E+4	4.41792E+4	4.77970E+6	1.36940E+6	8.23968E+4	3.00181E+6
8.90000E+0	3.82149E+4	4.42173E+4	5.07416E+6	1.36310E+6	8.22501E+4	3.03723E+6
9.00000E+0	3.80931E+4	4.44072E+4	5.00859E+6	1.36248E+6	8.24805E+4	3.09635E+6
9.10000E+0	3.81011E+4	4.43280E+4	5.56523E+6	1.40510E+6	8.24440E+4	3.05477E+6
9.20000E+0	3.81902E+4	4.42663E+4	4.74542E+6	1.39394E+6	8.24161E+4	3.32338E+6
9.30000E+0	3.82112E+4	4.43454E+4	4.68124E+6	1.35794E+6	8.26598E+4	3.18047E+6
9.40000E+0	3.82222E+4	4.44590E+4	5.06813E+6	1.40481E+6	8.26394E+4	3.13803E+6
9.50000E+0	3.84096E+4	4.42998E+4	4.87512E+6	1.37766E+6	8.25062E+4	3.07575E+6
9.60000E+0	3.84176E+4	4.43099E+4	5.15920E+6	1.40605E+6	8.24108E+4	3.08716E+6
9.70000E+0	3.84899E+4	4.44886E+4	4.97518E+6	1.38338E+6	8.23625E+4	3.09998E+6
9.80000E+0	3.84887E+4	4.42716E+4	5.07243E+6	1.39740E+6	8.24665E+4	3.19824E+6
9.90000E+0	3.83393E+4	4.42857E+4	5.37053E+6	1.35487E+6	8.22137E+4	3.10427E+6
1.00000E+1	3.83856E+4	4.44166E+4	5.06985E+6	1.38309E+6	8.23754E+4	3.26438E+6
1.01000E+1	3.84312E+4	4.42783E+4	4.90238E+6	1.38139E+6	8.20193E+4	2.91503E+6
1.02000E+1	3.84442E+4	4.44953E+4	5.30857E+6	1.36947E+6	8.22244E+4	3.23474E+6
1.03000E+1	3.85548E+4	4.44946E+4	4.98016E+6	1.38551E+6	8.20887E+4	3.22154E+6
1.04000E+1	3.85029E+4	4.46461E+4	5.05183E+6	1.38161E+6	8.23347E+4	3.13938E+6
1.05000E+1	3.86284E+4	4.46299E+4	4.92181E+6	1.38572E+6	8.23893E+4	3.11356E+6
1.06000E+1	3.87667E+4	4.44670E+4	4.93321E+6	1.41037E+6	8.20887E+4	3.20000E+6
1.07000E+1	3.86935E+4	4.44697E+4	4.93811E+6	1.38288E+6	8.20235E+4	2.98946E+6
1.08000E+1	3.87871E+4	4.45888E+4	4.95040E+6	1.37219E+6	8.21047E+4	3.05125E+6
1.09000E+1	3.86749E+4	4.45579E+4	5.15030E+6	1.40986E+6	8.18785E+4	3.21622E+6
1.10000E+1	3.87418E+4	4.48675E+4	5.51095E+6	1.38964E+6	8.23283E+4	3.15262E+6
1.11000E+1	3.90931E+4	4.48851E+4	5.11327E+6	1.36683E+6	8.22202E+4	3.18846E+6
1.12000E+1	3.85035E+4	4.47122E+4	5.01785E+6	1.40488E+6	8.19777E+4	3.08782E+6
1.13000E+1	3.89169E+4	4.46899E+4	5.06469E+6	1.41531E+6	8.23154E+4	3.21409E+6
1.14000E+1	3.86390E+4	4.47520E+4	4.80360E+6	1.37878E+6	8.20470E+4	3.01269E+6
1.15000E+1	3.86774E+4	4.48250E+4	4.86240E+6	1.39827E+6	8.19307E+4	3.18290E+6
1.16000E+1	3.86018E+4	4.47432E+4	5.22323E+6	1.38750E+6	8.21132E+4	3.15535E+6
1.17000E+1	3.86898E+4	4.47946E+4	5.28511E+6	1.37317E+6	8.22737E+4	3.14820E+6
1.18000E+1	3.88076E+4	4.50402E+4	4.97850E+6	1.38005E+6	8.19937E+4	3.06959E+6
1.19000E+1	3.87741E+4	4.50334E+4	5.00271E+6	1.40627E+6	8.21645E+4	3.14175E+6
1.20000E+1	3.87232E+4	4.49826E+4	4.75376E+6	1.40277E+6	8.20203E+4	3.08946E+6
1.21000E+1	3.85919E+4	4.51398E+4	4.98016E+6	1.40956E+6	8.24805E+4	3.10328E+6
1.22000E+1	3.86563E+4	4.51168E+4	5.03479E+6	1.40722E+6	8.20524E+4	3.12157E+6
1.23000E+1	3.84473E+4	4.53002E+4	5.30669E+6	1.40751E+6	8.22694E+4	3.20140E+6
1.24000E+1	3.85740E+4	4.49839E+4	5.04500E+6	1.39294E+6	8.21218E+4	3.18672E+6
1.25000E+1	3.85857E+4	4.51962E+4	5.34940E+6	1.39574E+6	8.22919E+4	3.14379E+6
1.26000E+1	3.82863E+4	4.51147E+4	4.81214E+6	1.36711E+6	8.20641E+4	3.04422E+6
1.27000E+1	3.85152E+4	4.50720E+4	5.26464E+6	1.39251E+6	8.24386E+4	3.09635E+6
1.28000E+1	3.87381E+4	4.50991E+4	5.01532E+6	1.39265E+6	8.25943E+4	3.07186E+6
1.29000E+1	3.83862E+4	4.52213E+4	5.01027E+6	1.39885E+6	8.21699E+4	3.06377E+6
1.30000E+1	3.85431E+4	4.53689E+4	4.97103E+6	1.38743E+6	8.20278E+4	3.19020E+6
1.31000E+1	3.83960E+4	4.53730E+4	4.94302E+6	1.40532E+6	8.23186E+4	3.22225E+6
1.32000E+1	3.85196E+4	4.54077E+4	5.21959E+6	1.38835E+6	8.21571E+4	3.14074E+6
1.33000E+1	3.85350E+4	4.53376E+4	5.37825E+6	1.40524E+6	8.20331E+4	3.07218E+6
1.34000E+1	3.86235E+4	4.54820E+4	4.96193E+6	1.39863E+6	8.20363E+4	3.08259E+6
1.35000E+1	3.85653E+4	4.53186E+4	5.03309E+6	1.37808E+6	8.21346E+4	3.01113E+6
1.36000E+1	3.87511E+4	4.55318E+4	5.41035E+6	1.40357E+6	8.23218E+4	3.34465E+6
1.37000E+1	3.85313E+4	4.55093E+4	5.38309E+6	1.36850E+6	8.21539E+4	3.09537E+6
1.38000E+1	3.83695E+4	4.55762E+4	5.10104E+6	1.40015E+6	8.21977E+4	3.07218E+6
1.39000E+1	3.86520E+4	4.55175E+4	4.92018E+6	1.37045E+6	8.20310E+4	3.04136E+6
1.40000E+1	3.88088E+4	4.55427E+4	5.59015E+6	1.39466E+6	8.21549E+4	3.20351E+6
1.41000E+1	3.89064E+4	4.56903E+4	5.19418E+6	1.37317E+6	8.21229E+4	3.03914E+6
1.42000E+1	3.93229E+4	4.55775E+4	5.36090E+6	1.40554E+6	8.21774E+4	3.25710E+6
1.43000E+1	3.92304E+4	4.55366E+4	5.40741E+6	1.40080E+6	8.20203E+4	3.02083E+6
1.44000E+1	3.89760E+4	4.56903E+4	4.96359E+6	1.38736E+6	8.22480E+4	3.12592E+6
1.45000E+1	3.93366E+4	4.54909E+4	5.71160E+6	1.39014E+6	8.22244E+4	3.12458E+6
1.46000E+1	3.93554E+4	4.57608E+4	4.93157E+6	1.39849E+6	8.24290E+4	3.06248E+6
1.47000E+1	3.94693E+4	4.58135E+4	5.05611E+6	1.39207E+6	8.21699E+4	3.08749E+6
1.48000E+1	3.96469E+4	4.60069E+4	5.41916E+6	1.41524E+6	8.21058E+4	3.23116E+6
1.49000E+1	3.96199E+4	4.58224E+4	4.69824E+6	1.38878E+6	8.17965E+4	3.14243E+6
1.50000E+1	3.95145E+4	4.60055E+4	5.41622E+6	1.40575E+6	8.20662E+4	3.20597E+6
1.51000E+1	3.97205E+4	4.58690E+4	5.35227E+6	1.43563E+6	8.21678E+4	3.09241E+6
1.52000E+1	3.95540E+4	4.58518E+4	5.14586E+6	1.41037E+6	8.22009E+4	3.08455E+6
1.53000E+1	3.99290E+4	4.58320E+4	5.11852E+6	1.42163E+6	8.18508E+4	3.07348E+6
1.54000E+1	3.98760E+4	4.61134E+4	4.93893E+6	1.41251E+6	8.23925E+4	3.12090E+6
1.55000E+1	3.99214E+4	4.61217E+4	5.32748E+6	1.43176E+6	8.20342E+4	2.99871E+6
1.56000E+1	4.02755E+4	4.59575E+4	5.24708E+6	1.43768E+6	8.19041E+4	3.16838E+6
1.57000E+1	4.01368E+4	4.62029E+4	5.22141E+6	1.41657E+6	8.20759E+4	3.24733E+6
1.58000E+1	4.02071E+4	4.61052E+4	5.21594E+6	1.40846E+6	8.20310E+4	3.14786E+6
1.59000E+1	4.01128E+4	4.61960E+4	5.10714E+6	1.44058E+6	8.21528E+4	3.29121E+6
1.60000E+1	4.04640E+4	4.63670E+4	5.27485E+6	1.43350E+6	8.22341E+4	3.02586E+6
1.61000E+1	4.01476E+4	4.62291E+4	5.33509E+6	1.44028E+6	8.19435E+4	3.22510E+6
1.62000E+1	4.02343E+4	4.62635E+4	5.55182E+6	1.38707E+6	8.18391E+4	3.15194E+6
1.63000E+1	4.03383E+4	4.61967E+4	5.43097E+6	1.42529E+6	8.20342E+4	3.04933E+6
1.64000E+1	4.06913E+4	4.64222E+4	5.27765E+6	1.44803E+6	8.20182E+4	3.09602E+6
1.65000E+1	4.04011E+4	4.63228E+4	5.50184E+6	1.45353E+6	8.20897E+4	3.30348E+6
1.66000E+1	4.04717E+4	4.63849E+4	5.35515E+6	1.45814E+6	8.17369E+4	3.11923E+6
1.67000E+1	4.02768E+4	4.63304E+4	5.05611E+6	1.42043E+6	8.15806E+4	3.13230E+6
1.68000E+1	4.04526E+4	4.65626E+4	5.33033E+6	1.43563E+6	8.18646E+4	3.41447E+6
1.69000E+1	4.04526E+4	4.65397E+4	5.35419E+6	1.43982E+6	8.15031E+4	3.20316E+6
1.70000E+1	4.01355E+4	4.63725E+4	5.12379E+6	1.39943E+6	8.16220E+4	2.95961E+6
1.71000E+1	4.05836E+4	4.64761E+4	5.51400E+6	1.41939E+6	8.16273E+4	3.39154E+6
1.72000E+1	4.02920E+4	4.64119E+4	5.03819E+6	1.45642E+6	8.16815E+4	3.09899E+6
1.73000E+1	4.04119E+4	4.65792E+4	5.09147E+6	1.41494E+6	8.16135E+4	3.16597E+6
1.74000E+1	4.01551E+4	4.63822E+4	4.80128E+6	1.40495E+6	8.14999E+4	3.18707E+6
1.75000E+1	4.03821E+4	4.65418E+4	5.50892E+6	1.41273E+6	8.16103E+4	3.24913E+6
1.76000E+1	4.03510E+4	4.66429E+4	5.79214E+6	1.45681E+6	8.18156E+4	3.26840E+6
1.77000E+1	4.01900E+4	4.63911E+4	4.76822E+6	1.41969E+6	8.14161E+4	3.07056E+6
1.78000E+1	4.01919E+4	4.65813E+4	5.18157E+6	1.44020E+6	8.15668E+4	3.18498E+6
1.79000E+1	4.02216E+4	4.65107E+4	5.31140E+6	1.43222E+6	8.16550E+4	3.21056E+6
1.80000E+1	4.00110E+4	4.66533E+4	5.68022E+6	1.43138E+6	8.14097E+4	3.20915E+6
1.81000E+1	4.02463E+4	4.65806E+4	5.44183E+6	1.44942E+6	8.19083E+4	3.15535E+6
1.82000E+1	4.01526E+4	4.67295E+4	5.61740E+6	1.43229E+6	8.19030E+4	3.14616E+6
1.83000E+1	4.03129E+4	4.67483E+4	5.10452E+6	1.39193E+6	8.18146E+4	3.11256E+6
1.84000E+1	3.98754E+4	4.66623E+4	5.21230E+6	1.41442E+6	8.19137E+4	3.18881E+6
1.85000E+1	4.03135E+4	4.67760E+4	4.92750E+6	1.40233E+6	8.15721E+4	3.02743E+6
1.86000E+1	3.99763E+4	4.68559E+4	5.78767E+6	1.47866E+6	8.17422E+4	3.37824E+6
1.87000E+1	3.99346E+4	4.66498E+4	5.21321E+6	1.42649E+6	8.15487E+4	3.26694E+6
1.88000E+1	4.01691E+4	4.70388E+4	5.12731E+6	1.41118E+6	8.17688E+4	3.15911E+6
1.89000E+1	3.98722E+4	4.68482E+4	5.20323E+6	1.40444E+6	8.14564E+4	3.28308E+6
1.90000E+1	3.97167E+4	4.70967E+4	4.94794E+6	1.43677E+6	8.16943E+4	3.09668E+6
1.91000E+1	4.00413E+4	4.69811E+4	4.93566E+6	1.41354E+6	8.13387E+4	3.18255E+6
1.92000E+1	3.98590E+4	4.70772E+4	5.15475E+6	1.40037E+6	8.17709E+4	3.34886E+6
1.93000E+1	3.99163E+4	4.71741E+4	5.24708E+6	1.44066E+6	8.17379E+4	3.24480E+6
1.94000E+1	3.97595E+4	4.71455E+4	5.17887E+6	1.40342E+6	8.17613E+4	3.13668E+6
1.95000E+1	3.99719E+4	4.69518E+4	4.77740E+6	1.38993E+6	8.13006E+4	3.07315E+6
1.96000E+1	3.98382E+4	4.72090E+4	5.36475E+6	1.44250E+6	8.18486E+4	3.33247E+6
1.97000E+1	3.98571E+4	4.72719E+4	5.70508E+6	1.41383E+6	8.18210E+4	3.19544E+6
1.98000E+1	3.97456E+4	4.70486E+4	5.09494E+6	1.40883E+6	8.17933E+4	3.13972E+6
1.99000E+1	3.98079E+4	4.72600E+4	4.97767E+6	1.42439E+6	8.18359E+4	3.14040E+6
2.00000E+1	3.99857E+4	4.73788E+4	5.33414E+6	1.44365E+6	8.16667E+4	3.10891E+6
2.01000E+1	3.95170E+4	4.71239E+4	5.14764E+6	1.41991E+6	8.20983E+4	3.14311E+6
2.02000E+1	3.98363E+4	4.74334E+4	5.46568E+6	1.41820E+6	8.17709E+4	3.24013E+6
2.03000E+1	4.00432E+4	4.74117E+4	5.03394E+6	1.42566E+6	8.22886E+4	3.11756E+6
2.04000E+1	3.98344E+4	4.75308E+4	4.90319E+6	1.42807E+6	8.17837E+4	3.16494E+6
2.05000E+1	3.97419E+4	4.74110E+4	5.07071E+6	1.40022E+6	8.20673E+4	3.16941E+6
2.06000E+1	3.99069E+4	4.74376E+4	5.06813E+6	1.41664E+6	8.14765E+4	3.22545E+6
2.07000E+1	4.00161E+4	4.74054E+4	5.25353E+6	1.41295E+6	8.18284E+4	3.08553E+6
2.08000E+1	3.99605E+4	4.74538E+4	5.19960E+6	1.43776E+6	8.17624E+4	3.27719E+6
2.09000E+1	3.99700E+4	4.73264E+4	5.02800E+6	1.40306E+6	8.17390E+4	3.33247E+6
2.10000E+1	3.99719E+4	4.76129E+4	5.51501E+6	1.42499E+6	8.16805E+4	3.20809E+6
2.11000E+1	4.00028E+4	4.77218E+4	5.55388E+6	1.41753E+6	8.20812E+4	3.31622E+6
2.12000E+1	4.00129E+4	4.75835E+4	5.26556E+6	1.42822E+6	8.18092E+4	3.17320E+6
2.13000E+1	3.97670E+4	4.74341E+4	4.86716E+6	1.40400E+6	8.13874E+4	3.13938E+6
2.14000E+1	3.99826E+4	4.74194E+4	5.21594E+6	1.42634E+6	8.20769E+4	3.12659E+6
2.15000E+1	3.98697E+4	4.75715E+4	5.16902E+6	1.42499E+6	8.16911E+4	3.41526E+6
2.16000E+1	3.98590E+4	4.76319E+4	5.28979E+6	1.43921E+6	8.19648E+4	3.32716E+6
2.17000E+1	3.98640E+4	4.74860E+4	5.16902E+6	1.42260E+6	8.16401E+4	3.18742E+6
2.18000E+1	3.99308E+4	4.75828E+4	5.39279E+6	1.41524E+6	8.18486E+4	3.22724E+6
2.19000E+1	3.99422E+4	4.78872E+4	5.25446E+6	1.41724E+6	8.17784E+4	3.13129E+6
2.20000E+1	4.00476E+4	4.78414E+4	5.48169E+6	1.43814E+6	8.14415E+4	3.25420E+6
2.21000E+1	3.97362E+4	4.78126E+4	5.33414E+6	1.44564E+6	8.16178E+4	3.23546E+6
2.22000E+1	3.98312E+4	4.76228E+4	5.16187E+6	1.40371E+6	8.14956E+4	3.12927E+6
2.23000E+1	3.98319E+4	4.76677E+4	5.23330E+6	1.40934E+6	8.16486E+4	3.14175E+6
2.24000E+1	3.98583E+4	4.77436E+4	4.97767E+6	1.41147E+6	8.13292E+4	3.10891E+6
2.25000E+1	3.97293E+4	4.77746E+4	5.42113E+6	1.40554E+6	8.17049E+4	3.25275E+6
2.26000E+1	3.96972E+4	4.77556E+4	5.47668E+6	1.41835E+6	8.15434E+4	3.21091E+6
2.27000E+1	3.98520E+4	4.78189E+4	5.13436E+6	1.40117E+6	8.18050E+4	3.21445E+6
2.28000E+1	3.97802E+4	4.77633E+4	5.07157E+6	1.43267E+6	8.16433E+4	3.10130E+6
2.29000E+1	3.94437E+4	4.79577E+4	5.23513E+6	1.39215E+6	8.15423E+4	3.21445E+6
2.30000E+1	3.95440E+4	4.79196E+4	5.26742E+6	1.41976E+6	8.15381E+4	3.30909E+6
2.31000E+1	3.95471E+4	4.78379E+4	5.07934E+6	1.42021E+6	8.19542E+4	3.17389E+6
2.32000E+1	3.95527E+4	4.80572E+4	5.28605E+6	1.39935E+6	8.15530E+4	3.20035E+6
2.33000E+1	3.96287E+4	4.79415E+4	4.94466E+6	1.36531E+6	8.16294E+4	3.26840E+6
2.34000E+1	4.00047E+4	4.82623E+4	5.52621E+6	1.43517E+6	8.19233E+4	3.26147E+6
2.35000E+1	3.95339E+4	4.81067E+4	5.30292E+6	1.39387E+6	8.17400E+4	3.13196E+6
2.36000E+1	3.94838E+4	4.80706E+4	5.08107E+6	1.39827E+6	8.13673E+4	3.03090E+6
2.37000E+1	3.93917E+4	4.80834E+4	5.20776E+6	1.40605E+6	8.16518E+4	3.17977E+6
2.38000E+1	3.92579E+4	4.80544E+4	5.13525E+6	1.44066E+6	8.16528E+4	3.21480E+6
2.39000E+1	3.93904E+4	4.80516E+4	5.06985E+6	1.40328E+6	8.16656E+4	3.18881E+6
2.40000E+1	3.91879E+4	4.81845E+4	4.71237E+6	1.38345E+6	8.14702E+4	3.03059E+6
2.41000E+1	3.92891E+4	4.84204E+4	5.27485E+6	1.39791E+6	8.17017E+4	3.18185E+6
2.42000E+1	3.90626E+4	4.82687E+4	4.81914E+6	1.39337E+6	8.18753E+4	3.17493E+6
2.43000E+1	3.90719E+4	4.81816E+4	5.08973E+6	1.39294E+6	8.17879E+4	3.27903E+6
2.44000E+1	3.88846E+4	4.82935E+4	5.21321E+6	1.37878E+6	8.18316E+4	3.18776E+6
2.45000E+1	3.87977E+4	4.83580E+4	5.01701E+6	1.38728E+6	8.18881E+4	3.25601E+6
2.46000E+1	3.89107E+4	4.83941E+4	5.19328E+6	1.37184E+6	8.20406E+4	3.16254E+6
2.47000E+1	3.89107E+4	4.83963E+4	4.98932E+6	1.37149E+6	8.21335E+4	3.08487E+6
2.48000E+1	3.87853E+4	4.82751E+4	5.16902E+6	1.38971E+6	8.18849E+4	3.14277E+6
2.49000E+1	3.87580E+4	4.86279E+4	5.00943E+6	1.37702E+6	8.16560E+4	3.30460E+6
2.50000E+1	3.86811E+4	4.83339E+4	4.99099E+6	1.37121E+6	8.15498E+4	3.19265E+6
2.51000E+1	3.86854E+4	4.85340E+4	5.20504E+6	1.41509E+6	8.17443E+4	3.12692E+6
2.52000E+1	3.87648E+4	4.85703E+4	5.15208E+6	1.41140E+6	8.17624E+4	3.18811E+6
2.53000E+1	3.86272E+4	4.85575E+4	4.68640E+6	1.38451E+6	8.19809E+4	3.23689E+6
2.54000E+1	3.85468E+4	4.85099E+4	4.96607E+6	1.37149E+6	8.16294E+4	3.18533E+6
2.55000E+1	3.86947E+4	4.85980E+4	5.14055E+6	1.38893E+6	8.16252E+4	3.17458E+6
2.56000E+1	3.87208E+4	4.85099E+4	4.94712E+6	1.35065E+6	8.17390E+4	3.04104E+6
2.57000E+1	3.84646E+4	4.87055E+4	5.21594E+6	1.39100E+6	8.20502E+4	3.15433E+6
2.58000E+1	3.85567E+4	4.89131E+4	5.29635E+6	1.38700E+6	8.17549E+4	3.16735E+6
2.59000E+1	3.85165E+4	4.87034E+4	5.33890E+6	1.40277E+6	8.20075E+4	3.22617E+6
2.60000E+1	3.85078E+4	4.86934E+4	4.88231E+6	1.36829E+6	8.16486E+4	3.07250E+6
2.61000E+1	3.85134E+4	4.90612E+4	4.92994E+6	1.38302E+6	8.20406E+4	3.26292E+6
2.62000E+1	3.83023E+4	4.88232E+4	5.06040E+6	1.40612E+6	8.17411E+4	3.26219E+6
2.63000E+1	3.80968E+4	4.84687E+4	4.91208E+6	1.39000E+6	8.17060E+4	3.15809E+6
2.64000E+1	3.81533E+4	4.88753E+4	4.74845E+6	1.37562E+6	8.18391E+4	3.13770E+6
2.65000E+1	3.79802E+4	4.89539E+4	5.14675E+6	1.39322E+6	8.23497E+4	3.19090E+6
2.66000E+1	3.79048E+4	4.88739E+4	5.35131E+6	1.39553E+6	8.20908E+4	3.17286E+6
2.67000E+1	3.81423E+4	4.90189E+4	5.16366E+6	1.37618E+6	8.24290E+4	3.09537E+6
2.68000E+1	3.81097E+4	4.88417E+4	4.61299E+6	1.36725E+6	8.18423E+4	3.02806E+6
2.69000E+1	3.79097E+4	4.88624E+4	4.87114E+6	1.35473E+6	8.17581E+4	3.02429E+6
2.70000E+1	3.77756E+4	4.90268E+4	4.92424E+6	1.38629E+6	8.18476E+4	3.15024E+6
2.71000E+1	3.80409E+4	4.90819E+4	4.96855E+6	1.38529E+6	8.20321E+4	3.19265E+6
2.72000E+1	3.80059E+4	4.92296E+4	5.51603E+6	1.41880E+6	8.21795E+4	3.23905E+6
2.73000E+1	3.78766E+4	4.87390E+4	4.77357E+6	1.34774E+6	8.19563E+4	3.04614E+6
2.74000E+1	3.77689E+4	4.90841E+4	4.83165E+6	1.38189E+6	8.21143E+4	3.16597E+6
2.75000E+1	3.78099E+4	4.93639E+4	5.57144E+6	1.36662E+6	8.20940E+4	3.13905E+6
2.76000E+1	3.80507E+4	4.91937E+4	5.02292E+6	1.36510E+6	8.21560E+4	3.07933E+6
2.77000E+1	3.80606E+4	4.91371E+4	5.04671E+6	1.40204E+6	8.23293E+4	3.20035E+6
2.78000E+1	3.81281E+4	4.93179E+4	4.80670E+6	1.39878E+6	8.22490E+4	3.05670E+6
2.79000E+1	3.79789E+4	4.91521E+4	5.19328E+6	1.37780E+6	8.21293E+4	3.10097E+6
2.80000E+1	3.76571E+4	4.93236E+4	4.88311E+6	1.38394E+6	8.21539E+4	3.12894E+6
2.81000E+1	3.73051E+4	4.91787E+4	4.96524E+6	1.35842E+6	8.21111E+4	3.08618E+6
2.82000E+1	3.45558E+4	4.93941E+4	4.08157E+6	1.42379E+6	8.26630E+4	3.16769E+6
2.83000E+1	2.69867E+4	4.93861E+4	2.59700E+6	1.33159E+6	8.29731E+4	2.98608E+6
2.84000E+1	1.86503E+4	4.94012E+4	1.63387E+6	1.22377E+6	8.39970E+4	2.87174E+6
2.85000E+1	1.28214E+4	4.92669E+4	1.07251E+6	1.05321E+6	8.60729E+4	2.56986E+6
2.86000E+1	8.83808E+3	4.90297E+4	7.37713E+5	8.71995E+5	8.82315E+4	2.17115E+6
2.87000E+1	6.27540E+3	4.86521E+4	5.35918E+5	6.84366E+5	9.16282E+4	1.82566E+6
2.88000E+1	4.73664E+3	4.82687E+4	4.28850E+5	5.30748E+5	9.46151E+4	1.51581E+6
2.89000E+1	3.98263E+3	4.75631E+4	3.68723E+5	4.17268E+5	9.79752E+4	1.25197E+6
2.90000E+1	3.53866E+3	4.66360E+4	3.32417E+5	3.37636E+5	1.00693E+5	1.03778E+6
2.91000E+1	3.23425E+3	4.53084E+4	3.05404E+5	2.83775E+5	1.03421E+5	9.02318E+5
2.92000E+1	3.00677E+3	4.42167E+4	2.81324E+5	2.49036E+5	1.06328E+5	7.83569E+5
2.93000E+1	2.82967E+3	4.27358E+4	2.66320E+5	2.25825E+5	1.08452E+5	6.96464E+5
2.94000E+1	2.67897E+3	4.12953E+4	2.52585E+5	2.06802E+5	1.11063E+5	6.27865E+5
2.95000E+1	2.60973E+3	3.97923E+4	2.37697E+5	1.94140E+5	1.12932E+5	5.66877E+5
2.96000E+1	2.39141E+3	3.84004E+4	2.23038E+5	1.83315E+5	1.14995E+5	5.14296E+5
2.97000E+1	2.28075E+3	3.65123E+4	2.05495E+5	1.73047E+5	1.16902E+5	4.64083E+5
2.98000E+1	2.15620E+3	3.49009E+4	1.88064E+5	1.63310E+5	1.18816E+5	4.29888E+5
2.99000E+1	2.03128E+3	3.33300E+4	1.72844E+5	1.55139E+5	1.21798E+5	3.89710E+5
3.00000E+1	1.95152E+3	3.15417E+4	1.60427E+5	1.44982E+5	1.23500E+5	3.59794E+5
3.01000E+1	1.84615E+3	2.99719E+4	1.50470E+5	1.35771E+5	1.25773E+5	3.35206E+5
3.02000E+1	1.79872E+3	2.82804E+4	1.43375E+5	1.27713E+5	1.28170E+5	3.11958E+5
3.03000E+1	1.76701E+3	2.67576E+4	1.38657E+5	1.20300E+5	1.29477E+5	2.92576E+5
3.04000E+1	1.70365E+3	2.52057E+4	1.34082E+5	1.15209E+5	1.31725E+5	2.77599E+5
3.05000E+1	1.69199E+3	2.38054E+4	1.29673E+5	1.09389E+5	1.32977E+5	2.62436E+5
3.06000E+1	1.67001E+3	2.23801E+4	1.25398E+5	1.06263E+5	1.35075E+5	2.51014E+5
3.07000E+1	1.61675E+3	2.09660E+4	1.21202E+5	1.01461E+5	1.35957E+5	2.38751E+5
3.08000E+1	1.59513E+3	1.98113E+4	1.18284E+5	9.88607E+4	1.37987E+5	2.30485E+5
3.09000E+1	1.57386E+3	1.85783E+4	1.15297E+5	9.56666E+4	1.38887E+5	2.23385E+5
3.10000E+1	1.55824E+3	1.75744E+4	1.13642E+5	9.31138E+4	1.41031E+5	2.16361E+5
3.11000E+1	1.49249E+3	1.66439E+4	1.10944E+5	9.06069E+4	1.42001E+5	2.10159E+5
3.12000E+1	1.55558E+3	1.57116E+4	1.10475E+5	8.90455E+4	1.43411E+5	2.04888E+5
3.13000E+1	1.50842E+3	1.49331E+4	1.11558E+5	8.70496E+4	1.43914E+5	2.00052E+5
3.14000E+1	1.48286E+3	1.41709E+4	1.12489E+5	8.65505E+4	1.45145E+5	1.96742E+5
3.15000E+1	1.54661E+3	1.34104E+4	1.13348E+5	8.49851E+4	1.45525E+5	1.94238E+5
3.16000E+1	1.55226E+3	1.28005E+4	1.13130E+5	8.48760E+4	1.46423E+5	1.93135E+5
3.17000E+1	1.51805E+3	1.21403E+4	1.13442E+5	8.42330E+4	1.46882E+5	1.90616E+5
3.18000E+1	1.52303E+3	1.16229E+4	1.13067E+5	8.44290E+4	1.47969E+5	1.88088E+5
3.19000E+1	1.49381E+3	1.11015E+4	1.11030E+5	8.39601E+4	1.48485E+5	1.86630E+5
3.20000E+1	1.50842E+3	1.06536E+4	1.11004E+5	8.39557E+4	1.48728E+5	1.84873E+5
3.21000E+1	1.52768E+3	1.01673E+4	1.10217E+5	8.34642E+4	1.48827E+5	1.83148E+5
3.22000E+1	1.49016E+3	9.76724E+3	1.10073E+5	8.40517E+4	1.49962E+5	1.81484E+5
3.23000E+1	1.46097E+3	9.30917E+3	1.09052E+5	8.35445E+4	1.50203E+5	1.80449E+5
3.24000E+1	1.45202E+3	9.01242E+3	1.08938E+5	8.34155E+4	1.51236E+5	1.79436E+5
3.25000E+1	1.49381E+3	8.74203E+3	1.08108E+5	8.26094E+4	1.51527E+5	1.78017E+5
3.26000E+1	1.45998E+3	8.37867E+3	1.07997E+5	8.19330E+4	1.52616E+5	1.76812E+5
3.27000E+1	1.45268E+3	8.11330E+3	1.06666E+5	8.11800E+4	1.52331E+5	1.74944E+5
3.28000E+1	1.50278E+3	7.83049E+3	1.06867E+5	8.09403E+4	1.53528E+5	1.73971E+5
3.29000E+1	1.46031E+3	7.60284E+3	1.05946E+5	8.00711E+4	1.53700E+5	1.72911E+5
3.30000E+1	1.45003E+3	7.34236E+3	1.05551E+5	8.00137E+4	1.53659E+5	1.72157E+5
3.31000E+1	1.40131E+3	7.11529E+3	1.04475E+5	7.92942E+4	1.54892E+5	1.70492E+5
3.32000E+1	1.44141E+3	6.88917E+3	1.03265E+5	7.91296E+4	1.55049E+5	1.70130E+5
3.33000E+1	1.40992E+3	6.69591E+3	1.03301E+5	7.84992E+4	1.55684E+5	1.69838E+5
3.34000E+1	1.41423E+3	6.56038E+3	1.03072E+5	7.81918E+4	1.56254E+5	1.69151E+5
3.35000E+1	1.38872E+3	6.36430E+3	1.02722E+5	7.78274E+4	1.56958E+5	1.67619E+5
3.36000E+1	1.41688E+3	6.18854E+3	1.02330E+5	7.72141E+4	1.57051E+5	1.66614E+5
3.37000E+1	1.40363E+3	6.03836E+3	1.02096E+5	7.66544E+4	1.57316E+5	1.66885E+5
3.38000E+1	1.37051E+3	5.89294E+3	1.02078E+5	7.65248E+4	1.57822E+5	1.65474E+5
3.39000E+1	1.40562E+3	5.72594E+3	1.01792E+5	7.59026E+4	1.58412E+5	1.64890E+5
3.40000E+1	1.41622E+3	5.61262E+3	1.02050E+5	7.50100E+4	1.58326E+5	1.64549E+5
3.41000E+1	1.39767E+3	5.51784E+3	1.02583E+5	7.52125E+4	1.59298E+5	1.63968E+5
3.42000E+1	1.37746E+3	5.42573E+3	1.03764E+5	7.41039E+4	1.59842E+5	1.63565E+5
3.43000E+1	1.42119E+3	5.25021E+3	1.05008E+5	7.45209E+4	1.59864E+5	1.63232E+5
3.44000E+1	1.42749E+3	5.14860E+3	1.06166E+5	7.46191E+4	1.59634E+5	1.63129E+5
3.45000E+1	1.47557E+3	5.06674E+3	1.07366E+5	7.50771E+4	1.60193E+5	1.63854E+5
3.46000E+1	1.43577E+3	4.97116E+3	1.08498E+5	7.50998E+4	1.60104E+5	1.63225E+5
3.47000E+1	1.46163E+3	4.87894E+3	1.09917E+5	7.55742E+4	1.60350E+5	1.63261E+5
3.48000E+1	1.45600E+3	4.78441E+3	1.11267E+5	7.60013E+4	1.60073E+5	1.64211E+5
3.49000E+1	1.47192E+3	4.76283E+3	1.12827E+5	7.68779E+4	1.60368E+5	1.64474E+5
3.50000E+1	1.45301E+3	4.68263E+3	1.12864E+5	7.72404E+4	1.60665E+5	1.64416E+5
3.51000E+1	1.45235E+3	4.60537E+3	1.14374E+5	7.73863E+4	1.61090E+5	1.65538E+5
3.52000E+1	1.45832E+3	4.49972E+3	1.12694E+5	7.72911E+4	1.60112E+5	1.64204E+5
3.53000E+1	1.46661E+3	4.46174E+3	1.13172E+5	7.84695E+4	1.60825E+5	1.65297E+5
3.54000E+1	1.46661E+3	4.37919E+3	1.13194E+5	7.84510E+4	1.61029E+5	1.65066E+5
3.55000E+1	1.47590E+3	4.34936E+3	1.13487E+5	7.83659E+4	1.60678E+5	1.65413E+5
3.56000E+1	1.45832E+3	4.24353E+3	1.13995E+5	7.84346E+4	1.60606E+5	1.65592E+5
3.57000E+1	1.44936E+3	4.24843E+3	1.13932E+5	7.84756E+4	1.60160E+5	1.64612E+5
3.58000E+1	1.47059E+3	4.15468E+3	1.14393E+5	7.85033E+4	1.60996E+5	1.65565E+5
3.59000E+1	1.49481E+3	4.12149E+3	1.14700E+5	7.83577E+4	1.60777E+5	1.65615E+5
3.60000E+1	1.49481E+3	4.05308E+3	1.16252E+5	7.84284E+4	1.61163E+5	1.64702E+5
3.61000E+1	1.47590E+3	4.01821E+3	1.16743E+5	7.80579E+4	1.61046E+5	1.65309E+5
3.62000E+1	1.47822E+3	3.96386E+3	1.17440E+5	7.85495E+4	1.61330E+5	1.65738E+5
3.63000E+1	1.47955E+3	3.97570E+3	1.18322E+5	7.87665E+4	1.61350E+5	1.65001E+5
3.64000E+1	1.52369E+3	3.93775E+3	1.18763E+5	7.93646E+4	1.60845E+5	1.65608E+5
3.65000E+1	1.49149E+3	3.86854E+3	1.19378E+5	7.88840E+4	1.60761E+5	1.65954E+5
3.66000E+1	1.54428E+3	3.83414E+3	1.19667E+5	7.96792E+4	1.60882E+5	1.65820E+5
3.67000E+1	1.50543E+3	3.78970E+3	1.20014E+5	7.93221E+4	1.61082E+5	1.66404E+5
3.68000E+1	1.55126E+3	3.74633E+3	1.20498E+5	7.97947E+4	1.61332E+5	1.66159E+5
3.69000E+1	1.50377E+3	3.70578E+3	1.21056E+5	8.01746E+4	1.61764E+5	1.66456E+5
3.70000E+1	1.50344E+3	3.70439E+3	1.20853E+5	7.98969E+4	1.61018E+5	1.67554E+5
3.71000E+1	1.49514E+3	3.64864E+3	1.21494E+5	8.00377E+4	1.60838E+5	1.66418E+5
3.72000E+1	1.53365E+3	3.63203E+3	1.22862E+5	8.05498E+4	1.61740E+5	1.67642E+5
3.73000E+1	1.56023E+3	3.61715E+3	1.22796E+5	8.01328E+4	1.61378E+5	1.66766E+5
3.74000E+1	1.54163E+3	3.57912E+3	1.23229E+5	8.05666E+4	1.60981E+5	1.67882E+5
3.75000E+1	1.52170E+3	3.58983E+3	1.23712E+5	8.02583E+4	1.60729E+5	1.67887E+5
3.76000E+1	1.52734E+3	3.56218E+3	1.24341E+5	8.05834E+4	1.61447E+5	1.67607E+5
3.77000E+1	1.52668E+3	3.51832E+3	1.25074E+5	8.05341E+4	1.61174E+5	1.68072E+5
3.78000E+1	1.52037E+3	3.50244E+3	1.25324E+5	8.13335E+4	1.61152E+5	1.69134E+5
3.79000E+1	1.52336E+3	3.46139E+3	1.23964E+5	8.12954E+4	1.61295E+5	1.68687E+5
3.80000E+1	1.52502E+3	3.44863E+3	1.23765E+5	8.14713E+4	1.61339E+5	1.68283E+5
3.81000E+1	1.52402E+3	3.45484E+3	1.22476E+5	8.07391E+4	1.60792E+5	1.68803E+5
3.82000E+1	1.53598E+3	3.41451E+3	1.22006E+5	8.11473E+4	1.61568E+5	1.68118E+5
3.83000E+1	1.47059E+3	3.40590E+3	1.21485E+5	8.05068E+4	1.61121E+5	1.68056E+5
3.84000E+1	1.50444E+3	3.35046E+3	1.22549E+5	8.07412E+4	1.61513E+5	1.68878E+5
3.85000E+1	1.53299E+3	3.35976E+3	1.23448E+5	8.02636E+4	1.61630E+5	1.67665E+5
3.86000E+1	1.53830E+3	3.36113E+3	1.24287E+5	8.07001E+4	1.61238E+5	1.67806E+5
3.87000E+1	1.58316E+3	3.28890E+3	1.25427E+5	8.04333E+4	1.61227E+5	1.68243E+5
3.88000E+1	1.55259E+3	3.28340E+3	1.26727E+5	8.09540E+4	1.61356E+5	1.69319E+5
3.89000E+1	1.58815E+3	3.29268E+3	1.28076E+5	8.20236E+4	1.61367E+5	1.69088E+5
3.90000E+1	1.59879E+3	3.20785E+3	1.28728E+5	8.14512E+4	1.61326E+5	1.68885E+5
3.91000E+1	1.56588E+3	3.21197E+3	1.30078E+5	8.17263E+4	1.61709E+5	1.70707E+5
3.92000E+1	1.60611E+3	3.23463E+3	1.31706E+5	8.23359E+4	1.60939E+5	1.70610E+5
3.93000E+1	1.59879E+3	3.18178E+3	1.32815E+5	8.27449E+4	1.60943E+5	1.71621E+5
3.94000E+1	1.57751E+3	3.18349E+3	1.33491E+5	8.35196E+4	1.61341E+5	1.70740E+5
3.95000E+1	1.62041E+3	3.15777E+3	1.34231E+5	8.39808E+4	1.61071E+5	1.71640E+5
3.96000E+1	1.57452E+3	3.16840E+3	1.34869E+5	8.43840E+4	1.60700E+5	1.71170E+5
3.97000E+1	1.62540E+3	3.14098E+3	1.36506E+5	8.49554E+4	1.60652E+5	1.73473E+5
3.98000E+1	1.57718E+3	3.21300E+3	1.38083E+5	8.53829E+4	1.60396E+5	1.73932E+5
3.99000E+1	1.68133E+3	3.12624E+3	1.39516E+5	8.62147E+4	1.61027E+5	1.74790E+5
4.00000E+1	1.64504E+3	3.14029E+3	1.40531E+5	8.59637E+4	1.60414E+5	1.74402E+5
4.01000E+1	1.63306E+3	3.10226E+3	1.41999E+5	8.68346E+4	1.59668E+5	1.74679E+5
4.02000E+1	1.65036E+3	3.13481E+3	1.42470E+5	8.74891E+4	1.60687E+5	1.76223E+5
4.03000E+1	1.67500E+3	3.11220E+3	1.42048E+5	8.80332E+4	1.59995E+5	1.75961E+5
4.04000E+1	1.67500E+3	3.09165E+3	1.41463E+5	8.82213E+4	1.59701E+5	1.76652E+5
4.05000E+1	1.62806E+3	3.10946E+3	1.40133E+5	8.85059E+4	1.59647E+5	1.76263E+5
4.06000E+1	1.58882E+3	3.07453E+3	1.39930E+5	8.83778E+4	1.59684E+5	1.76509E+5
4.07000E+1	1.65170E+3	3.07556E+3	1.39202E+5	8.81426E+4	1.59508E+5	1.76968E+5
4.08000E+1	1.61110E+3	3.04339E+3	1.38390E+5	8.82533E+4	1.60208E+5	1.77114E+5
4.09000E+1	1.63672E+3	3.06906E+3	1.36757E+5	8.77057E+4	1.59475E+5	1.77082E+5
4.10000E+1	1.62108E+3	3.04955E+3	1.36835E+5	8.73692E+4	1.60156E+5	1.77067E+5
4.11000E+1	1.59048E+3	3.00886E+3	1.35408E+5	8.68121E+4	1.60381E+5	1.76007E+5
4.12000E+1	1.60877E+3	2.99792E+3	1.34915E+5	8.62818E+4	1.60610E+5	1.75654E+5
4.13000E+1	1.59613E+3	2.96751E+3	1.33063E+5	8.58813E+4	1.59795E+5	1.75097E+5
4.14000E+1	1.65935E+3	2.98937E+3	1.32705E+5	8.56867E+4	1.60128E+5	1.74686E+5
4.15000E+1	1.63106E+3	2.96922E+3	1.32143E+5	8.49961E+4	1.60101E+5	1.74300E+5
4.16000E+1	1.60677E+3	2.98459E+3	1.32537E+5	8.39393E+4	1.60387E+5	1.74080E+5
4.17000E+1	1.62940E+3	2.96956E+3	1.32757E+5	8.43906E+4	1.60250E+5	1.73869E+5
4.18000E+1	1.58948E+3	3.00168E+3	1.33818E+5	8.43632E+4	1.60672E+5	1.75701E+5
4.19000E+1	1.62108E+3	2.94395E+3	1.34656E+5	8.49653E+4	1.60405E+5	1.74679E+5
4.20000E+1	1.63572E+3	2.98083E+3	1.36377E+5	8.47000E+4	1.60453E+5	1.75210E+5
4.21000E+1	1.62374E+3	2.91937E+3	1.37776E+5	8.58902E+4	1.59925E+5	1.75075E+5
4.22000E+1	1.68933E+3	2.98664E+3	1.41545E+5	8.53076E+4	1.60674E+5	1.75376E+5
4.23000E+1	1.70665E+3	2.96990E+3	1.43451E+5	8.71771E+4	1.59814E+5	1.75843E+5
4.24000E+1	1.74099E+3	2.95726E+3	1.47487E+5	8.79626E+4	1.59021E+5	1.77153E+5
4.25000E+1	1.75967E+3	2.92415E+3	1.50618E+5	8.95153E+4	1.58992E+5	1.78117E+5
4.26000E+1	1.75967E+3	2.91596E+3	1.54851E+5	9.12635E+4	1.58557E+5	1.80325E+5
4.27000E+1	1.80907E+3	2.93405E+3	1.58252E+5	9.21277E+4	1.58079E+5	1.80456E+5
4.28000E+1	1.82376E+3	2.90675E+3	1.61754E+5	9.37140E+4	1.57861E+5	1.81448E+5
4.29000E+1	1.84815E+3	2.91084E+3	1.64420E+5	9.55408E+4	1.57448E+5	1.83554E+5
4.30000E+1	1.81975E+3	2.90709E+3	1.66459E+5	9.68991E+4	1.57296E+5	1.83862E+5
4.31000E+1	1.84481E+3	2.93814E+3	1.68871E+5	9.77735E+4	1.56975E+5	1.85232E+5
4.32000E+1	1.81374E+3	2.92415E+3	1.70104E+5	9.88097E+4	1.56186E+5	1.86102E+5
4.33000E+1	1.81641E+3	2.90129E+3	1.70066E+5	9.98916E+4	1.56366E+5	1.87709E+5
4.34000E+1	1.83178E+3	2.87298E+3	1.69342E+5	1.00087E+5	1.56135E+5	1.88316E+5
4.35000E+1	1.80673E+3	2.88594E+3	1.67989E+5	1.00607E+5	1.55909E+5	1.88463E+5
4.36000E+1	1.79337E+3	2.90811E+3	1.67686E+5	1.00550E+5	1.56169E+5	1.90287E+5
4.37000E+1	1.78536E+3	2.89412E+3	1.67880E+5	1.00718E+5	1.56298E+5	1.89596E+5
4.38000E+1	1.74766E+3	2.91425E+3	1.67080E+5	1.00315E+5	1.55884E+5	1.89583E+5
4.39000E+1	1.80205E+3	2.89174E+3	1.66958E+5	1.01157E+5	1.56340E+5	1.90254E+5
4.40000E+1	1.79872E+3	2.92039E+3	1.66434E+5	1.00977E+5	1.55789E+5	1.90588E+5
4.41000E+1	1.83479E+3	2.91152E+3	1.65406E+5	1.00890E+5	1.56584E+5	1.91842E+5
4.42000E+1	1.83746E+3	2.90470E+3	1.64216E+5	1.00734E+5	1.55856E+5	1.90605E+5
4.43000E+1	1.74332E+3	2.90163E+3	1.62101E+5	1.00892E+5	1.57124E+5	1.92260E+5
4.44000E+1	1.77902E+3	2.90333E+3	1.58969E+5	1.00284E+5	1.56082E+5	1.90360E+5
4.45000E+1	1.76634E+3	2.89992E+3	1.55994E+5	1.00303E+5	1.57294E+5	1.91437E+5
4.46000E+1	1.73532E+3	2.90299E+3	1.51532E+5	9.86532E+4	1.57801E+5	1.89845E+5
4.47000E+1	1.75133E+3	2.91835E+3	1.46931E+5	9.76425E+4	1.58277E+5	1.88874E+5
4.48000E+1	1.71532E+3	2.87605E+3	1.41856E+5	9.53735E+4	1.58335E+5	1.87365E+5
4.49000E+1	1.68899E+3	2.88492E+3	1.37816E+5	9.40567E+4	1.59018E+5	1.87031E+5
4.50000E+1	1.61575E+3	2.84571E+3	1.31490E+5	9.18237E+4	1.59486E+5	1.85213E+5
4.51000E+1	1.55192E+3	2.87878E+3	1.26488E+5	8.96079E+4	1.60777E+5	1.82370E+5
4.52000E+1	1.58183E+3	2.90163E+3	1.21109E+5	8.68526E+4	1.60970E+5	1.79524E+5
4.53000E+1	1.51307E+3	2.86412E+3	1.17768E+5	8.48210E+4	1.62191E+5	1.78406E+5
4.54000E+1	1.50045E+3	2.89890E+3	1.15821E+5	8.30768E+4	1.63062E+5	1.75961E+5
4.55000E+1	1.43014E+3	2.86548E+3	1.13209E+5	8.08043E+4	1.63806E+5	1.75063E+5
4.56000E+1	1.50278E+3	2.86684E+3	1.11246E+5	7.97312E+4	1.64184E+5	1.72547E+5
4.57000E+1	1.48850E+3	2.91152E+3	1.09704E+5	7.82491E+4	1.65485E+5	1.71502E+5
4.58000E+1	1.49979E+3	2.88321E+3	1.08940E+5	7.76635E+4	1.65797E+5	1.70351E+5
4.59000E+1	1.41456E+3	2.85082E+3	1.08980E+5	7.72516E+4	1.65956E+5	1.68715E+5
4.60000E+1	1.46661E+3	2.84367E+3	1.08315E+5	7.62662E+4	1.66580E+5	1.68485E+5
4.61000E+1	1.47457E+3	2.86037E+3	1.09211E+5	7.61951E+4	1.66490E+5	1.68028E+5
4.62000E+1	1.47424E+3	2.82868E+3	1.09417E+5	7.66252E+4	1.66843E+5	1.67105E+5
4.63000E+1	1.48884E+3	2.81676E+3	1.09965E+5	7.55137E+4	1.67075E+5	1.67873E+5
4.64000E+1	1.49149E+3	2.81573E+3	1.10319E+5	7.54740E+4	1.67685E+5	1.66431E+5
4.65000E+1	1.51240E+3	2.80926E+3	1.11928E+5	7.58159E+4	1.67949E+5	1.66395E+5
4.66000E+1	1.48519E+3	2.81607E+3	1.12537E+5	7.57422E+4	1.67229E+5	1.66802E+5
4.67000E+1	1.49581E+3	2.76876E+3	1.13879E+5	7.62331E+4	1.67563E+5	1.67156E+5
4.68000E+1	1.50842E+3	2.78475E+3	1.14994E+5	7.63322E+4	1.67390E+5	1.66821E+5
4.69000E+1	1.54030E+3	2.76570E+3	1.17499E+5	7.69152E+4	1.67524E+5	1.67979E+5
4.70000E+1	1.52070E+3	2.80313E+3	1.18727E+5	7.71909E+4	1.67386E+5	1.67342E+5
4.71000E+1	1.54993E+3	2.76910E+3	1.20178E+5	7.77886E+4	1.66493E+5	1.67605E+5
4.72000E+1	1.54362E+3	2.78918E+3	1.22001E+5	7.85680E+4	1.66896E+5	1.68030E+5
4.73000E+1	1.55957E+3	2.72828E+3	1.25225E+5	7.94185E+4	1.66349E+5	1.69132E+5
4.74000E+1	1.60677E+3	2.75991E+3	1.25680E+5	8.02667E+4	1.65899E+5	1.69431E+5
4.75000E+1	1.58283E+3	2.73168E+3	1.26831E+5	8.07770E+4	1.65499E+5	1.69660E+5
4.76000E+1	1.58383E+3	2.75515E+3	1.27805E+5	8.10743E+4	1.66467E+5	1.71657E+5
4.77000E+1	1.56821E+3	2.73440E+3	1.26689E+5	8.14777E+4	1.65667E+5	1.70591E+5
4.78000E+1	1.51074E+3	2.72964E+3	1.26371E+5	8.24645E+4	1.65803E+5	1.71095E+5
4.79000E+1	1.52402E+3	2.73780E+3	1.25177E+5	8.20012E+4	1.66056E+5	1.70967E+5
4.80000E+1	1.53963E+3	2.70585E+3	1.24373E+5	8.23573E+4	1.66580E+5	1.72074E+5
4.81000E+1	1.58649E+3	2.73236E+3	1.23599E+5	8.24195E+4	1.65742E+5	1.70539E+5
4.82000E+1	1.55192E+3	2.69667E+3	1.23098E+5	8.24334E+4	1.66177E+5	1.70858E+5
4.83000E+1	1.53830E+3	2.71808E+3	1.23441E+5	8.23969E+4	1.65881E+5	1.70867E+5
4.84000E+1	1.55226E+3	2.70585E+3	1.22661E+5	8.25997E+4	1.65717E+5	1.70707E+5
4.85000E+1	1.57818E+3	2.74835E+3	1.21897E+5	8.22106E+4	1.66678E+5	1.71296E+5
4.86000E+1	1.54163E+3	2.71197E+3	1.21015E+5	8.26889E+4	1.66376E+5	1.70768E+5
4.87000E+1	1.51639E+3	2.70823E+3	1.20309E+5	8.25321E+4	1.66150E+5	1.70730E+5
4.88000E+1	1.51805E+3	2.71367E+3	1.18801E+5	8.27115E+4	1.66401E+5	1.70551E+5
4.89000E+1	1.53365E+3	2.71129E+3	1.18132E+5	8.20354E+4	1.66751E+5	1.70742E+5
4.90000E+1	1.54893E+3	2.73202E+3	1.18379E+5	8.18743E+4	1.66614E+5	1.70217E+5
4.91000E+1	1.53631E+3	2.70041E+3	1.17054E+5	8.16200E+4	1.66873E+5	1.69848E+5
4.92000E+1	1.54262E+3	2.68954E+3	1.17332E+5	8.17763E+4	1.66960E+5	1.69588E+5
4.93000E+1	1.53565E+3	2.69260E+3	1.17760E+5	8.15754E+4	1.66878E+5	1.69735E+5
4.94000E+1	1.50078E+3	2.65320E+3	1.18296E+5	8.14703E+4	1.66965E+5	1.70636E+5
4.95000E+1	1.57020E+3	2.68105E+3	1.19966E+5	8.15265E+4	1.66967E+5	1.69277E+5
4.96000E+1	1.55093E+3	2.65320E+3	1.20154E+5	8.19106E+4	1.67068E+5	1.69242E+5
4.97000E+1	1.55292E+3	2.63318E+3	1.23486E+5	8.24688E+4	1.66983E+5	1.70445E+5
4.98000E+1	1.57618E+3	2.66848E+3	1.22937E+5	8.27502E+4	1.66557E+5	1.69522E+5
4.99000E+1	1.57918E+3	2.70143E+3	1.24363E+5	8.31125E+4	1.66669E+5	1.70820E+5
5.00000E+1	1.57120E+3	2.72284E+3	1.23759E+5	8.33504E+4	1.66401E+5	1.70478E+5
5.01000E+1	1.55126E+3	2.66441E+3	1.25132E+5	8.40353E+4	1.67185E+5	1.72114E+5
5.02000E+1	1.60744E+3	2.69430E+3	1.25207E+5	8.41194E+4	1.66745E+5	1.72102E+5
5.03000E+1	1.58981E+3	2.69226E+3	1.25315E+5	8.45825E+4	1.67381E+5	1.71754E+5
5.04000E+1	1.55990E+3	2.65592E+3	1.24812E+5	8.44882E+4	1.66365E+5	1.71469E+5
5.05000E+1	1.55691E+3	2.67595E+3	1.24742E+5	8.52048E+4	1.67993E+5	1.71931E+5
5.06000E+1	1.59580E+3	2.69430E+3	1.23280E+5	8.48827E+4	1.66788E+5	1.71821E+5
5.07000E+1	1.57951E+3	2.62367E+3	1.22334E+5	8.54349E+4	1.67236E+5	1.71900E+5
5.08000E+1	1.55325E+3	2.66950E+3	1.21176E+5	8.47583E+4	1.66985E+5	1.72195E+5
5.09000E+1	1.57319E+3	2.63046E+3	1.21229E+5	8.48816E+4	1.66532E+5	1.70742E+5
5.10000E+1	1.52900E+3	2.63521E+3	1.20699E+5	8.44882E+4	1.67020E+5	1.70905E+5
5.11000E+1	1.59081E+3	2.67188E+3	1.19909E+5	8.41368E+4	1.67093E+5	1.70775E+5
5.12000E+1	1.55425E+3	2.63759E+3	1.18527E+5	8.36792E+4	1.67404E+5	1.70436E+5
5.13000E+1	1.50775E+3	2.57857E+3	1.16542E+5	8.33125E+4	1.67386E+5	1.69379E+5
5.14000E+1	1.51871E+3	2.63012E+3	1.15544E+5	8.26287E+4	1.67549E+5	1.68028E+5
5.15000E+1	1.49713E+3	2.64709E+3	1.14051E+5	8.24602E+4	1.67349E+5	1.68030E+5
5.16000E+1	1.50244E+3	2.66950E+3	1.14202E+5	8.15318E+4	1.67859E+5	1.68394E+5
5.17000E+1	1.48452E+3	2.61417E+3	1.14183E+5	8.13505E+4	1.68454E+5	1.67561E+5
5.18000E+1	1.53797E+3	2.63487E+3	1.14196E+5	8.04837E+4	1.68111E+5	1.66834E+5
5.19000E+1	1.51373E+3	2.59789E+3	1.14670E+5	8.05992E+4	1.67810E+5	1.66274E+5
5.20000E+1	1.53498E+3	2.63894E+3	1.14526E+5	8.02060E+4	1.68384E+5	1.66493E+5
5.21000E+1	1.50875E+3	2.61553E+3	1.15416E+5	8.03295E+4	1.68717E+5	1.66598E+5
5.22000E+1	1.52768E+3	2.62028E+3	1.15635E+5	8.00597E+4	1.68824E+5	1.65770E+5
5.23000E+1	1.51771E+3	2.60129E+3	1.16021E+5	8.03034E+4	1.68747E+5	1.65377E+5
5.24000E+1	1.53066E+3	2.60298E+3	1.16846E+5	8.00440E+4	1.68833E+5	1.66102E+5
5.25000E+1	1.52436E+3	2.63080E+3	1.17221E+5	8.06570E+4	1.69255E+5	1.66754E+5
5.26000E+1	1.53266E+3	2.64064E+3	1.17300E+5	8.02479E+4	1.69522E+5	1.66830E+5
5.27000E+1	1.58350E+3	2.62198E+3	1.20826E+5	8.14353E+4	1.70577E+5	1.67547E+5
5.28000E+1	1.61309E+3	2.55586E+3	1.25677E+5	8.10152E+4	1.69557E+5	1.67804E+5
5.29000E+1	1.66535E+3	2.59281E+3	1.33626E+5	8.20717E+4	1.70473E+5	1.71012E+5
5.30000E+1	1.75233E+3	2.64404E+3	1.39938E+5	8.28051E+4	1.70129E+5	1.71850E+5
5.31000E+1	1.76667E+3	2.58128E+3	1.47724E+5	8.46616E+4	1.69979E+5	1.74718E+5
5.32000E+1	1.90198E+3	2.62707E+3	1.57045E+5	8.65393E+4	1.69335E+5	1.77129E+5
5.33000E+1	1.93846E+3	2.63861E+3	1.68987E+5	8.92219E+4	1.69314E+5	1.80072E+5
5.34000E+1	2.06114E+3	2.60298E+3	1.80773E+5	9.22800E+4	1.67979E+5	1.81611E+5
5.35000E+1	2.18007E+3	2.59722E+3	1.94579E+5	9.58061E+4	1.67280E+5	1.86115E+5
5.36000E+1	2.24739E+3	2.64845E+3	2.08026E+5	9.95985E+4	1.65483E+5	1.89407E+5
5.37000E+1	2.35495E+3	2.62401E+3	2.25051E+5	1.03804E+5	1.64017E+5	1.92467E+5
5.38000E+1	2.44278E+3	2.63182E+3	2.39726E+5	1.08518E+5	1.62795E+5	1.96280E+5
5.39000E+1	2.60091E+3	2.71265E+3	2.59311E+5	1.14001E+5	1.62032E+5	2.01574E+5
5.40000E+1	2.63653E+3	2.67018E+3	2.77122E+5	1.18772E+5	1.60265E+5	2.04547E+5
5.41000E+1	2.79153E+3	2.69192E+3	2.97757E+5	1.25337E+5	1.59877E+5	2.09137E+5
5.42000E+1	2.97499E+3	2.72182E+3	3.21478E+5	1.31141E+5	1.58290E+5	2.13834E+5
5.43000E+1	3.01121E+3	2.72998E+3	3.42150E+5	1.37667E+5	1.58140E+5	2.18318E+5
5.44000E+1	3.14094E+3	2.73406E+3	3.61345E+5	1.45153E+5	1.56148E+5	2.23196E+5
5.45000E+1	3.25932E+3	2.70857E+3	3.89525E+5	1.52376E+5	1.54944E+5	2.28005E+5
5.46000E+1	3.40690E+3	2.76161E+3	4.12351E+5	1.60084E+5	1.54149E+5	2.33621E+5
5.47000E+1	3.55524E+3	2.78237E+3	4.39841E+5	1.68410E+5	1.52870E+5	2.37841E+5
5.48000E+1	3.70297E+3	2.76740E+3	4.63356E+5	1.77052E+5	1.52005E+5	2.43182E+5
5.49000E+1	3.88623E+3	2.78918E+3	4.93608E+5	1.85765E+5	1.51141E+5	2.50016E+5
5.50000E+1	4.00772E+3	2.82459E+3	5.17916E+5	1.94227E+5	1.49329E+5	2.53637E+5
5.51000E+1	4.23474E+3	2.83549E+3	5.55110E+5	2.05266E+5	1.48690E+5	2.61087E+5
5.52000E+1	4.33389E+3	2.84605E+3	5.74265E+5	2.13920E+5	1.47295E+5	2.66814E+5
5.53000E+1	4.50848E+3	2.87946E+3	6.09870E+5	2.23479E+5	1.46021E+5	2.72671E+5
5.54000E+1	4.67977E+3	2.86446E+3	6.42401E+5	2.34181E+5	1.46060E+5	2.79850E+5
5.55000E+1	4.83250E+3	2.92176E+3	6.74272E+5	2.43166E+5	1.44125E+5	2.87411E+5
5.56000E+1	5.09445E+3	2.90777E+3	7.03037E+5	2.52456E+5	1.43451E+5	2.90575E+5
5.57000E+1	5.22663E+3	2.95214E+3	7.44620E+5	2.64719E+5	1.41350E+5	2.98749E+5
5.58000E+1	5.44719E+3	2.93814E+3	7.69657E+5	2.77792E+5	1.41031E+5	3.03785E+5
5.59000E+1	5.60899E+3	3.00544E+3	8.12962E+5	2.85529E+5	1.40160E+5	3.11281E+5
5.60000E+1	5.84704E+3	3.01057E+3	8.36824E+5	2.99492E+5	1.38991E+5	3.17971E+5
5.61000E+1	6.07601E+3	3.04066E+3	8.75787E+5	3.10145E+5	1.38327E+5	3.26758E+5
5.62000E+1	6.24957E+3	2.98186E+3	9.22997E+5	3.23670E+5	1.36861E+5	3.30809E+5
5.63000E+1	6.54060E+3	3.03347E+3	9.41289E+5	3.37728E+5	1.36313E+5	3.41684E+5
5.64000E+1	6.74431E+3	3.13138E+3	9.71261E+5	3.48014E+5	1.35000E+5	3.49858E+5
5.65000E+1	6.97423E+3	3.11562E+3	1.00932E+6	3.58341E+5	1.34448E+5	3.58971E+5
5.66000E+1	7.18960E+3	3.08720E+3	1.04695E+6	3.71385E+5	1.33399E+5	3.64514E+5
5.67000E+1	7.35235E+3	3.14166E+3	1.08112E+6	3.83462E+5	1.32154E+5	3.73752E+5
5.68000E+1	7.63676E+3	3.11597E+3	1.11216E+6	3.95914E+5	1.31315E+5	3.79016E+5
5.69000E+1	7.97299E+3	3.16737E+3	1.14533E+6	4.10237E+5	1.30803E+5	3.89695E+5
5.70000E+1	8.16224E+3	3.19516E+3	1.19532E+6	4.23268E+5	1.30289E+5	3.99594E+5
5.71000E+1	8.41876E+3	3.18246E+3	1.22524E+6	4.32523E+5	1.28692E+5	4.08074E+5
5.72000E+1	8.62098E+3	3.27138E+3	1.24715E+6	4.51778E+5	1.28519E+5	4.21852E+5
5.73000E+1	8.94236E+3	3.24252E+3	1.27893E+6	4.59940E+5	1.27439E+5	4.27215E+5
5.74000E+1	9.19032E+3	3.30644E+3	1.32195E+6	4.80953E+5	1.26619E+5	4.37058E+5
5.75000E+1	9.42975E+3	3.28581E+3	1.36580E+6	4.93607E+5	1.25785E+5	4.44262E+5
5.76000E+1	9.75788E+3	3.32776E+3	1.38936E+6	5.02690E+5	1.25442E+5	4.60599E+5
5.77000E+1	9.97371E+3	3.35597E+3	1.41451E+6	5.13627E+5	1.24490E+5	4.66048E+5
5.78000E+1	1.03110E+4	3.34737E+3	1.44273E+6	5.26723E+5	1.23605E+5	4.76444E+5
5.79000E+1	1.05747E+4	3.36630E+3	1.47530E+6	5.39151E+5	1.23298E+5	4.86819E+5
5.80000E+1	1.08955E+4	3.35769E+3	1.50462E+6	5.55150E+5	1.22198E+5	4.99513E+5
5.81000E+1	1.12899E+4	3.41520E+3	1.53712E+6	5.64449E+5	1.22044E+5	5.13786E+5
5.82000E+1	1.14829E+4	3.40831E+3	1.56397E+6	5.75364E+5	1.21270E+5	5.22389E+5
5.83000E+1	1.17619E+4	3.49071E+3	1.58246E+6	5.89189E+5	1.20724E+5	5.35423E+5
5.84000E+1	1.19562E+4	3.43484E+3	1.63445E+6	6.01573E+5	1.20068E+5	5.42021E+5
5.85000E+1	1.23058E+4	3.47208E+3	1.65634E+6	6.14131E+5	1.19278E+5	5.53235E+5
5.86000E+1	1.25926E+4	3.48277E+3	1.68431E+6	6.19761E+5	1.18699E+5	5.61110E+5
5.87000E+1	1.28747E+4	3.56633E+3	1.64371E+6	6.35294E+5	1.17548E+5	5.73314E+5
5.88000E+1	1.32032E+4	3.57704E+3	1.77518E+6	6.56808E+5	1.17763E+5	5.97022E+5
5.89000E+1	1.34373E+4	3.56737E+3	1.72255E+6	6.58490E+5	1.16566E+5	5.97696E+5
5.90000E+1	1.37566E+4	3.60678E+3	1.76313E+6	6.72901E+5	1.16829E+5	6.16622E+5
5.91000E+1	1.41260E+4	3.63964E+3	1.83841E+6	6.81660E+5	1.15573E+5	6.27933E+5
5.92000E+1	1.42768E+4	3.65106E+3	1.86305E+6	6.94932E+5	1.15534E+5	6.41585E+5
5.93000E+1	1.45915E+4	3.69088E+3	1.88540E+6	7.11835E+5	1.15039E+5	6.52407E+5
5.94000E+1	1.48799E+4	3.75986E+3	1.90632E+6	7.16168E+5	1.14388E+5	6.61152E+5
5.95000E+1	1.50797E+4	3.74460E+3	1.88718E+6	7.27461E+5	1.13658E+5	6.69874E+5
5.96000E+1	1.53812E+4	3.73350E+3	1.90866E+6	7.32454E+5	1.13097E+5	6.84209E+5
5.97000E+1	1.56133E+4	3.76263E+3	1.97167E+6	7.41321E+5	1.12349E+5	7.01834E+5
5.98000E+1	1.58718E+4	3.82754E+3	1.97555E+6	7.50939E+5	1.11862E+5	7.02705E+5
5.99000E+1	1.60907E+4	3.91687E+3	2.00382E+6	7.56527E+5	1.11353E+5	7.22072E+5
6.00000E+1	1.65296E+4	3.80288E+3	2.02718E+6	7.67976E+5	1.11048E+5	7.48893E+5
6.01000E+1	1.67044E+4	3.93218E+3	2.06154E+6	7.79311E+5	1.10175E+5	7.60066E+5
6.02000E+1	1.69167E+4	3.93740E+3	2.10924E+6	7.92740E+5	1.10135E+5	7.71977E+5
6.03000E+1	1.72400E+4	3.88348E+3	2.09192E+6	8.00432E+5	1.09585E+5	7.86420E+5
6.04000E+1	1.75294E+4	3.98719E+3	2.18654E+6	8.05819E+5	1.09598E+5	7.98584E+5
6.05000E+1	1.77019E+4	3.95515E+3	2.13324E+6	8.08496E+5	1.08361E+5	8.05451E+5
6.06000E+1	1.79523E+4	3.98650E+3	2.24741E+6	8.21798E+5	1.08354E+5	8.20324E+5
6.07000E+1	1.82187E+4	4.02100E+3	2.28053E+6	8.43284E+5	1.08108E+5	8.43774E+5
6.08000E+1	1.83982E+4	4.07471E+3	2.21882E+6	8.36199E+5	1.07590E+5	8.61728E+5
6.09000E+1	1.87061E+4	4.14734E+3	2.27871E+6	8.52138E+5	1.07420E+5	8.65017E+5
6.10000E+1	1.88566E+4	4.05238E+3	2.24830E+6	8.48588E+5	1.06608E+5	8.78062E+5
6.11000E+1	1.89039E+4	4.19804E+3	2.36680E+6	8.64894E+5	1.06451E+5	8.90294E+5
6.12000E+1	1.93529E+4	4.22288E+3	2.27835E+6	8.62322E+5	1.05796E+5	9.17131E+5
6.13000E+1	1.95805E+4	4.24073E+3	2.38517E+6	8.78583E+5	1.05884E+5	9.26550E+5
6.14000E+1	1.97650E+4	4.27960E+3	2.32177E+6	8.92412E+5	1.04869E+5	9.47792E+5
6.15000E+1	1.99168E+4	4.29397E+3	2.43241E+6	9.07422E+5	1.04613E+5	9.54090E+5
6.16000E+1	2.03007E+4	4.28380E+3	2.29912E+6	8.99410E+5	1.04659E+5	9.67980E+5
6.17000E+1	2.05071E+4	4.36094E+3	2.37862E+6	9.12516E+5	1.04467E+5	9.96502E+5
6.18000E+1	2.07025E+4	4.35848E+3	2.38140E+6	9.01119E+5	1.03930E+5	1.01546E+6
6.19000E+1	2.07199E+4	4.41044E+3	2.42171E+6	9.24479E+5	1.03634E+5	1.02810E+6
6.20000E+1	2.10594E+4	4.44241E+3	2.45429E+6	9.19064E+5	1.03207E+5	1.02475E+6
6.21000E+1	2.12187E+4	4.45858E+3	2.42008E+6	9.35761E+5	1.03061E+5	1.04289E+6
6.22000E+1	2.14554E+4	4.48178E+3	2.59747E+6	9.55305E+5	1.02642E+5	1.07785E+6
6.23000E+1	2.15196E+4	4.56520E+3	2.49791E+6	9.57138E+5	1.02646E+5	1.08622E+6
6.24000E+1	2.16911E+4	4.56485E+3	2.54146E+6	9.48602E+5	1.02190E+5	1.07304E+6
6.25000E+1	2.21311E+4	4.59903E+3	2.51168E+6	9.76197E+5	1.02175E+5	1.13399E+6
6.26000E+1	2.21556E+4	4.64699E+3	2.59302E+6	9.64059E+5	1.01730E+5	1.11396E+6
6.27000E+1	2.26111E+4	4.62970E+3	2.60405E+6	9.82653E+5	1.01444E+5	1.15378E+6
6.28000E+1	2.23878E+4	4.65934E+3	2.58766E+6	9.75451E+5	1.01023E+5	1.15667E+6
6.29000E+1	2.26547E+4	4.74975E+3	2.66450E+6	9.84015E+5	1.00977E+5	1.17620E+6
6.30000E+1	2.28762E+4	4.78193E+3	2.64907E+6	9.79716E+5	1.00804E+5	1.18179E+6
6.31000E+1	2.30242E+4	4.78865E+3	2.62040E+6	9.92831E+5	1.00695E+5	1.18402E+6
6.32000E+1	2.32108E+4	4.81802E+3	2.71847E+6	1.01038E+6	1.00254E+5	1.21826E+6
6.33000E+1	2.34455E+4	4.79750E+3	2.57101E+6	1.00328E+6	9.96369E+4	1.23378E+6
6.34000E+1	2.35427E+4	4.91155E+3	2.68609E+6	1.01980E+6	1.00040E+5	1.25486E+6
6.35000E+1	2.36289E+4	4.87610E+3	2.67091E+6	1.01007E+6	9.92460E+4	1.26607E+6
6.36000E+1	2.38632E+4	4.90517E+3	2.68234E+6	1.02247E+6	9.92243E+4	1.26391E+6
6.37000E+1	2.40905E+4	4.91935E+3	2.82690E+6	1.04263E+6	9.92857E+4	1.29111E+6
6.38000E+1	2.41327E+4	5.03510E+3	2.80607E+6	1.03694E+6	9.92998E+4	1.30090E+6
6.39000E+1	2.42758E+4	5.03510E+3	2.90104E+6	1.04864E+6	9.83332E+4	1.32365E+6
6.40000E+1	2.44262E+4	5.09413E+3	2.74716E+6	1.03853E+6	9.85743E+4	1.34701E+6
6.41000E+1	2.45511E+4	5.16178E+3	2.81426E+6	1.07463E+6	9.80611E+4	1.35154E+6
6.42000E+1	2.46606E+4	5.17888E+3	2.77432E+6	1.05013E+6	9.77999E+4	1.33856E+6
6.43000E+1	2.48260E+4	5.13400E+3	2.80553E+6	1.07526E+6	9.76991E+4	1.36955E+6
6.44000E+1	2.50166E+4	5.22524E+3	2.89785E+6	1.07113E+6	9.79083E+4	1.38558E+6
6.45000E+1	2.51017E+4	5.22345E+3	2.90162E+6	1.06136E+6	9.72230E+4	1.41391E+6
6.46000E+1	2.53225E+4	5.30020E+3	2.86606E+6	1.07295E+6	9.72493E+4	1.43064E+6
6.47000E+1	2.55450E+4	5.40068E+3	2.94969E+6	1.10257E+6	9.73032E+4	1.46569E+6
6.48000E+1	2.54339E+4	5.35310E+3	2.72848E+6	1.06358E+6	9.66657E+4	1.42605E+6
6.49000E+1	2.55374E+4	5.43361E+3	2.86209E+6	1.10053E+6	9.66831E+4	1.47036E+6
6.50000E+1	2.56797E+4	5.51892E+3	3.04136E+6	1.08971E+6	9.62442E+4	1.49211E+6
6.51000E+1	2.57943E+4	5.46908E+3	2.90046E+6	1.09960E+6	9.61301E+4	1.46214E+6
6.52000E+1	2.59086E+4	5.56772E+3	3.04677E+6	1.11935E+6	9.62528E+4	1.50379E+6
6.53000E+1	2.62014E+4	5.55695E+3	2.94610E+6	1.11197E+6	9.57405E+4	1.52300E+6
6.54000E+1	2.62728E+4	5.57239E+3	2.93271E+6	1.10998E+6	9.57281E+4	1.53247E+6
6.55000E+1	2.63684E+4	5.64497E+3	2.97355E+6	1.12686E+6	9.55444E+4	1.55114E+6
6.56000E+1	2.67984E+4	5.67734E+3	3.12525E+6	1.11605E+6	9.57257E+4	1.57285E+6
6.57000E+1	2.66050E+4	5.68814E+3	2.96233E+6	1.12769E+6	9.51633E+4	1.57132E+6
6.58000E+1	2.67673E+4	5.70290E+3	3.04136E+6	1.12998E+6	9.54311E+4	1.58759E+6
6.59000E+1	2.70174E+4	5.85105E+3	3.05798E+6	1.15109E+6	9.50112E+4	1.62023E+6
6.60000E+1	2.68523E+4	5.88607E+3	3.05573E+6	1.12483E+6	9.49182E+4	1.61178E+6
6.61000E+1	2.71251E+4	5.86477E+3	3.06345E+6	1.13178E+6	9.49880E+4	1.60165E+6
6.62000E+1	2.72277E+4	5.92004E+3	3.07186E+6	1.12920E+6	9.44919E+4	1.62818E+6
6.63000E+1	2.74053E+4	5.92040E+3	3.14888E+6	1.14798E+6	9.46541E+4	1.63107E+6
6.64000E+1	2.73629E+4	5.98188E+3	3.13196E+6	1.13457E+6	9.46578E+4	1.66573E+6
6.65000E+1	2.75540E+4	6.03619E+3	3.10924E+6	1.16188E+6	9.44237E+4	1.68914E+6
6.66000E+1	2.77198E+4	6.04271E+3	3.14209E+6	1.16147E+6	9.44127E+4	1.71456E+6
6.67000E+1	2.78055E+4	6.14098E+3	3.09471E+6	1.18918E+6	9.42789E+4	1.68400E+6
6.68000E+1	2.79256E+4	6.18201E+3	3.31022E+6	1.16398E+6	9.35496E+4	1.70863E+6
6.69000E+1	2.79124E+4	6.17220E+3	3.17217E+6	1.18817E+6	9.37538E+4	1.70359E+6
6.70000E+1	2.80898E+4	6.21362E+3	3.16941E+6	1.17767E+6	9.39172E+4	1.75656E+6
6.71000E+1	2.82311E+4	6.33187E+3	3.26074E+6	1.17635E+6	9.41124E+4	1.75168E+6
6.72000E+1	2.82369E+4	6.31439E+3	3.12023E+6	1.15601E+6	9.33615E+4	1.74016E+6
6.73000E+1	2.83048E+4	6.47047E+3	3.34236E+6	1.18380E+6	9.38470E+4	1.79544E+6
6.74000E+1	2.84412E+4	6.50006E+3	3.25601E+6	1.16967E+6	9.35894E+4	1.78589E+6
6.75000E+1	2.85524E+4	6.46864E+3	3.48551E+6	1.18822E+6	9.32508E+4	1.81793E+6
6.76000E+1	2.86701E+4	6.57392E+3	3.27683E+6	1.19586E+6	9.30320E+4	1.79695E+6
6.77000E+1	2.87716E+4	6.55526E+3	3.27169E+6	1.19440E+6	9.33627E+4	1.80639E+6
6.78000E+1	2.88298E+4	6.63983E+3	3.40099E+6	1.22298E+6	9.31521E+4	1.84949E+6
6.79000E+1	2.90071E+4	6.63726E+3	3.26147E+6	1.20484E+6	9.26797E+4	1.83611E+6
6.80000E+1	2.92300E+4	6.67794E+3	3.35539E+6	1.19802E+6	9.27085E+4	1.84120E+6
6.81000E+1	2.92784E+4	6.78180E+3	3.41686E+6	1.22648E+6	9.28965E+4	1.87090E+6
6.82000E+1	2.94353E+4	6.79576E+3	3.33855E+6	1.21502E+6	9.25805E+4	1.83527E+6
6.83000E+1	2.94736E+4	6.87776E+3	3.30199E+6	1.21502E+6	9.25686E+4	1.91688E+6
6.84000E+1	2.95093E+4	6.86856E+3	3.29196E+6	1.21898E+6	9.23371E+4	1.92240E+6
6.85000E+1	2.95282E+4	6.94147E+3	3.35270E+6	1.22174E+6	9.22966E+4	1.92332E+6
6.86000E+1	2.97816E+4	6.94441E+3	3.31697E+6	1.24744E+6	9.22608E+4	1.90192E+6
6.87000E+1	2.99327E+4	7.02332E+3	3.43367E+6	1.20825E+6	9.18615E+4	1.94075E+6
6.88000E+1	2.99974E+4	7.07501E+3	3.67705E+6	1.22303E+6	9.21537E+4	1.96464E+6
6.89000E+1	3.01151E+4	7.09570E+3	3.40653E+6	1.22117E+6	9.19826E+4	1.93180E+6
6.90000E+1	3.02883E+4	7.13747E+3	3.55949E+6	1.25568E+6	9.18117E+4	2.01040E+6
6.91000E+1	3.03244E+4	7.30191E+3	3.45472E+6	1.23976E+6	9.14899E+4	1.99107E+6
6.92000E+1	3.03391E+4	7.23482E+3	3.26219E+6	1.23722E+6	9.13282E+4	1.97944E+6
6.93000E+1	3.04838E+4	7.31341E+3	3.49590E+6	1.25633E+6	9.15702E+4	1.98783E+6
6.94000E+1	3.06727E+4	7.32195E+3	3.60979E+6	1.23740E+6	9.14533E+4	1.97513E+6
6.95000E+1	3.07575E+4	7.44194E+3	3.73728E+6	1.27101E+6	9.17821E+4	1.99686E+6
6.96000E+1	3.06865E+4	7.48137E+3	3.45675E+6	1.24621E+6	9.12798E+4	2.04957E+6
6.97000E+1	3.09246E+4	7.50743E+3	3.46902E+6	1.25456E+6	9.10820E+4	2.03581E+6
6.98000E+1	3.10208E+4	7.51860E+3	3.59741E+6	1.25823E+6	9.09750E+4	2.05255E+6
6.99000E+1	3.10916E+4	7.63232E+3	3.41288E+6	1.24394E+6	9.10279E+4	2.10516E+6
7.00000E+1	3.12424E+4	7.64762E+3	3.50886E+6	1.28520E+6	9.09786E+4	2.08344E+6
7.01000E+1	3.11282E+4	7.74253E+3	3.53336E+6	1.27344E+6	9.08576E+4	2.08837E+6
7.02000E+1	3.12879E+4	7.71374E+3	3.49923E+6	1.28120E+6	9.06372E+4	2.13147E+6
7.03000E+1	3.13929E+4	7.83536E+3	3.54788E+6	1.28329E+6	9.03660E+4	2.03332E+6
7.04000E+1	3.14965E+4	7.88821E+3	3.74298E+6	1.27581E+6	9.06747E+4	2.12923E+6
7.05000E+1	3.16108E+4	7.90658E+3	3.65058E+6	1.29623E+6	9.04758E+4	2.10987E+6
7.06000E+1	3.16767E+4	8.00233E+3	3.96120E+6	1.28403E+6	9.05881E+4	2.10234E+6
7.07000E+1	3.17420E+4	8.14193E+3	3.62850E+6	1.29316E+6	9.03905E+4	2.12173E+6
7.08000E+1	3.19779E+4	8.05120E+3	3.63029E+6	1.28892E+6	9.02645E+4	2.13260E+6
7.09000E+1	3.18484E+4	8.11217E+3	3.65058E+6	1.30020E+6	9.02097E+4	2.11871E+6
7.10000E+1	3.19751E+4	8.14230E+3	3.70483E+6	1.30955E+6	9.02913E+4	2.15563E+6
7.11000E+1	3.18977E+4	8.19998E+3	3.74536E+6	1.28892E+6	9.02365E+4	2.17032E+6
7.12000E+1	3.21813E+4	8.28944E+3	3.88661E+6	1.30987E+6	9.04512E+4	2.15875E+6
7.13000E+1	3.24198E+4	8.40366E+3	3.71137E+6	1.28749E+6	9.02050E+4	2.17048E+6
7.14000E+1	3.24747E+4	8.51128E+3	3.87080E+6	1.31792E+6	9.01840E+4	2.23242E+6
7.15000E+1	3.24391E+4	8.46047E+3	3.67292E+6	1.32514E+6	8.99466E+4	2.17082E+6
7.16000E+1	3.25160E+4	8.52646E+3	3.67843E+6	1.34297E+6	8.98142E+4	2.23540E+6
7.17000E+1	3.25080E+4	8.57961E+3	3.90927E+6	1.31578E+6	8.97306E+4	2.17148E+6
7.18000E+1	3.25273E+4	8.61684E+3	3.64605E+6	1.30635E+6	8.98351E+4	2.27126E+6
7.19000E+1	3.28028E+4	8.68225E+3	3.93796E+6	1.33835E+6	8.97306E+4	2.26080E+6
7.20000E+1	3.28040E+4	8.71918E+3	3.82462E+6	1.30610E+6	8.97643E+4	2.25471E+6
7.21000E+1	3.28392E+4	8.86827E+3	3.86421E+6	1.33962E+6	8.93926E+4	2.27616E+6
7.22000E+1	3.28813E+4	8.85949E+3	3.69692E+6	1.36885E+6	8.98432E+4	2.26602E+6
7.23000E+1	3.29838E+4	8.90533E+3	3.88354E+6	1.31424E+6	8.95418E+4	2.25310E+6
7.24000E+1	3.29895E+4	8.91985E+3	3.85966E+6	1.32344E+6	8.94250E+4	2.24546E+6
7.25000E+1	3.27795E+4	8.99711E+3	3.96280E+6	1.33086E+6	8.93707E+4	2.25400E+6
7.26000E+1	3.30590E+4	9.08023E+3	3.69692E+6	1.36344E+6	8.94701E+4	2.26891E+6
7.27000E+1	3.30836E+4	9.05225E+3	3.73065E+6	1.32084E+6	8.95094E+4	2.29819E+6
7.28000E+1	3.31167E+4	9.15580E+3	3.99766E+6	1.35398E+6	8.92252E+4	2.30153E+6
7.29000E+1	3.30151E+4	9.30494E+3	3.74251E+6	1.33430E+6	8.90800E+4	2.34331E+6
7.30000E+1	3.30077E+4	9.38660E+3	4.06865E+6	1.35283E+6	8.92102E+4	2.45998E+6
7.31000E+1	3.31121E+4	9.35577E+3	3.78629E+6	1.32541E+6	8.91537E+4	2.31686E+6
7.32000E+1	3.31338E+4	9.38005E+3	3.67659E+6	1.33417E+6	8.91157E+4	2.34890E+6
7.33000E+1	3.32624E+4	9.49155E+3	3.94480E+6	1.32573E+6	8.92829E+4	2.32916E+6
7.34000E+1	3.32836E+4	9.60677E+3	3.77949E+6	1.33909E+6	8.90512E+4	2.34446E+6
7.35000E+1	3.34583E+4	9.59748E+3	3.98956E+6	1.36968E+6	8.89752E+4	2.36837E+6
7.36000E+1	3.34802E+4	9.67881E+3	4.10422E+6	1.33119E+6	8.89211E+4	2.37132E+6
7.37000E+1	3.33769E+4	9.69509E+3	3.83506E+6	1.34754E+6	8.89395E+4	2.40099E+6
7.38000E+1	3.35548E+4	9.76375E+3	3.83706E+6	1.34009E+6	8.88499E+4	2.39536E+6
7.39000E+1	3.36365E+4	9.81695E+3	3.97293E+6	1.33476E+6	8.87798E+4	2.33928E+6
7.40000E+1	3.34216E+4	9.89588E+3	3.99550E+6	1.33915E+6	8.88648E+4	2.39596E+6
7.41000E+1	3.37753E+4	9.92896E+3	3.74584E+6	1.32058E+6	8.82337E+4	2.26026E+6
7.42000E+1	3.35709E+4	9.99362E+3	4.12713E+6	1.34586E+6	8.83525E+4	2.40039E+6
7.43000E+1	3.37004E+4	1.00771E+4	4.07650E+6	1.32954E+6	8.86307E+4	2.38956E+6
7.44000E+1	3.38947E+4	1.01169E+4	3.94902E+6	1.31695E+6	8.80923E+4	2.34832E+6
7.45000E+1	3.39271E+4	1.01936E+4	4.13578E+6	1.33975E+6	8.84818E+4	2.43179E+6
7.46000E+1	3.36324E+4	1.01724E+4	4.02983E+6	1.34761E+6	8.80262E+4	2.36876E+6
7.47000E+1	3.39346E+4	1.03373E+4	4.10138E+6	1.34619E+6	8.83434E+4	2.46846E+6
7.48000E+1	3.38001E+4	1.03275E+4	4.08495E+6	1.34565E+6	8.78294E+4	2.38239E+6
7.49000E+1	3.39167E+4	1.03750E+4	4.20212E+6	1.35480E+6	8.81835E+4	2.38936E+6
7.50000E+1	3.38607E+4	1.04995E+4	4.33425E+6	1.32429E+6	8.81493E+4	2.40200E+6
7.51000E+1	3.39872E+4	1.05145E+4	3.90358E+6	1.35283E+6	8.78180E+4	2.45345E+6
7.52000E+1	3.40080E+4	1.05523E+4	4.16136E+6	1.32600E+6	8.77544E+4	2.38936E+6
7.53000E+1	3.39548E+4	1.06721E+4	4.15844E+6	1.36151E+6	8.76137E+4	2.45577E+6
7.54000E+1	3.37614E+4	1.06879E+4	3.90927E+6	1.36158E+6	8.79966E+4	2.40887E+6
7.55000E+1	3.40827E+4	1.08436E+4	4.17016E+6	1.34082E+6	8.76636E+4	2.43946E+6
7.56000E+1	3.39537E+4	1.08721E+4	3.78483E+6	1.32842E+6	8.77215E+4	2.38736E+6
7.57000E+1	3.41175E+4	1.09006E+4	4.12425E+6	1.35031E+6	8.77249E+4	2.57792E+6
7.58000E+1	3.40723E+4	1.09581E+4	4.07650E+6	1.35664E+6	8.76636E+4	2.44529E+6
7.59000E+1	3.41615E+4	1.10776E+4	4.01123E+6	1.38864E+6	8.74664E+4	2.49682E+6
7.60000E+1	3.41290E+4	1.11349E+4	4.15261E+6	1.37562E+6	8.75117E+4	2.46654E+6
7.61000E+1	3.40468E+4	1.12050E+4	4.04582E+6	1.38245E+6	8.77851E+4	2.45345E+6
7.62000E+1	3.42520E+4	1.11986E+4	4.08834E+6	1.35392E+6	8.76205E+4	2.46231E+6
7.63000E+1	3.42155E+4	1.12628E+4	3.93166E+6	1.36725E+6	8.75525E+4	2.38179E+6
7.64000E+1	3.41383E+4	1.12867E+4	3.83257E+6	1.34552E+6	8.73385E+4	2.47421E+6
7.65000E+1	3.42503E+4	1.12919E+4	4.17075E+6	1.37261E+6	8.78032E+4	2.52050E+6
7.66000E+1	3.45004E+4	1.15339E+4	4.39201E+6	1.34303E+6	8.72210E+4	2.40685E+6
7.67000E+1	3.44073E+4	1.16506E+4	3.90255E+6	1.36186E+6	8.76568E+4	2.41599E+6
7.68000E+1	3.44591E+4	1.16940E+4	3.99874E+6	1.33311E+6	8.71815E+4	2.52938E+6
7.69000E+1	3.46720E+4	1.16791E+4	4.10024E+6	1.36069E+6	8.71352E+4	2.49291E+6
7.70000E+1	3.45558E+4	1.18328E+4	3.94585E+6	1.33483E+6	8.69943E+4	2.41681E+6
7.71000E+1	3.46113E+4	1.18433E+4	4.07033E+6	1.37794E+6	8.71725E+4	2.49313E+6
7.72000E+1	3.47895E+4	1.19490E+4	3.99010E+6	1.33423E+6	8.67839E+4	2.51388E+6
7.73000E+1	3.49384E+4	1.19256E+4	4.21528E+6	1.36496E+6	8.69594E+4	2.44487E+6
7.74000E+1	3.48956E+4	1.20516E+4	4.17310E+6	1.36103E+6	8.70405E+4	2.57078E+6
7.75000E+1	3.48880E+4	1.20836E+4	4.04693E+6	1.37653E+6	8.71003E+4	2.60264E+6
7.76000E+1	3.51352E+4	1.21683E+4	3.99172E+6	1.33244E+6	8.69504E+4	2.50510E+6
7.77000E+1	3.49619E+4	1.21824E+4	4.12540E+6	1.36427E+6	8.70619E+4	2.55025E+6
7.78000E+1	3.50652E+4	1.23648E+4	4.16957E+6	1.37478E+6	8.67929E+4	2.50882E+6
7.79000E+1	3.49953E+4	1.22815E+4	4.22068E+6	1.35986E+6	8.66626E+4	2.53339E+6
7.80000E+1	3.52017E+4	1.24262E+4	4.31847E+6	1.37338E+6	8.68030E+4	2.65200E+6
7.81000E+1	3.48815E+4	1.26449E+4	4.17663E+6	1.33476E+6	8.66727E+4	2.51036E+6
7.82000E+1	3.52011E+4	1.25130E+4	4.21168E+6	1.34842E+6	8.66177E+4	2.61826E+6
7.83000E+1	3.52194E+4	1.27038E+4	4.10536E+6	1.40898E+6	8.66177E+4	2.55774E+6
7.84000E+1	3.51270E+4	1.27046E+4	4.17604E+6	1.37198E+6	8.64361E+4	2.52626E+6
7.85000E+1	3.51499E+4	1.27046E+4	4.30843E+6	1.35426E+6	8.64742E+4	2.63816E+6
7.86000E+1	3.51093E+4	1.28157E+4	4.12080E+6	1.38338E+6	8.66457E+4	2.56139E+6
7.87000E+1	3.50717E+4	1.30021E+4	4.21108E+6	1.34781E+6	8.63555E+4	2.60570E+6
7.88000E+1	3.53845E+4	1.28916E+4	4.14389E+6	1.38253E+6	8.63790E+4	2.48213E+6
7.89000E+1	3.53013E+4	1.30606E+4	4.41948E+6	1.35849E+6	8.67007E+4	2.57492E+6
7.90000E+1	3.51293E+4	1.31018E+4	4.31345E+6	1.37534E+6	8.62549E+4	2.51388E+6
7.91000E+1	3.52058E+4	1.31582E+4	4.17075E+6	1.36905E+6	8.60416E+4	2.62088E+6
7.92000E+1	3.51234E+4	1.31925E+4	4.06139E+6	1.35576E+6	8.62504E+4	2.57861E+6
7.93000E+1	3.50376E+4	1.32656E+4	4.29159E+6	1.35726E+6	8.62370E+4	2.56619E+6
7.94000E+1	3.51935E+4	1.34453E+4	4.37711E+6	1.36975E+6	8.60361E+4	2.63189E+6
7.95000E+1	3.51375E+4	1.34353E+4	3.95643E+6	1.34438E+6	8.57577E+4	2.51168E+6
7.96000E+1	3.51634E+4	1.34428E+4	4.39006E+6	1.35215E+6	8.60673E+4	2.63406E+6
7.97000E+1	3.52276E+4	1.35577E+4	4.11908E+6	1.35120E+6	8.58233E+4	2.54393E+6
7.98000E+1	3.53031E+4	1.35490E+4	4.39006E+6	1.35059E+6	8.59135E+4	2.58325E+6
7.99000E+1	3.50194E+4	1.35981E+4	4.14041E+6	1.36206E+6	8.57244E+4	2.60193E+6
8.00000E+1	3.50470E+4	1.37208E+4	4.47477E+6	1.37506E+6	8.58601E+4	2.63382E+6
8.01000E+1	3.52088E+4	1.38460E+4	4.07370E+6	1.32974E+6	8.58044E+4	2.59256E+6
8.02000E+1	3.49871E+4	1.37404E+4	4.03258E+6	1.35603E+6	8.56344E+4	2.56344E+6
8.03000E+1	3.49513E+4	1.39931E+4	4.21348E+6	1.39682E+6	8.57011E+4	2.62853E+6
8.04000E+1	3.47574E+4	1.39659E+4	4.14215E+6	1.35630E+6	8.57722E+4	2.69110E+6
8.05000E+1	3.49765E+4	1.41621E+4	4.49033E+6	1.39036E+6	8.58545E+4	2.70193E+6
8.06000E+1	3.47626E+4	1.42213E+4	4.46333E+6	1.34768E+6	8.56899E+4	2.64543E+6
8.07000E+1	3.49443E+4	1.42941E+4	4.20212E+6	1.37296E+6	8.56644E+4	2.56940E+6
8.08000E+1	3.47948E+4	1.42886E+4	4.29346E+6	1.37569E+6	8.54315E+4	2.63141E+6
8.09000E+1	3.49689E+4	1.43518E+4	4.15844E+6	1.36014E+6	8.53274E+4	2.63985E+6
8.10000E+1	3.46749E+4	1.43783E+4	4.31408E+6	1.39100E+6	8.53938E+4	2.60830E+6
8.11000E+1	3.49548E+4	1.44542E+4	4.00471E+6	1.36206E+6	8.55279E+4	2.62279E+6
8.12000E+1	3.48311E+4	1.45133E+4	4.16546E+6	1.32823E+6	8.54680E+4	2.62064E+6
8.13000E+1	3.49290E+4	1.46618E+4	4.36551E+6	1.36282E+6	8.56655E+4	2.58533E+6
8.14000E+1	3.48276E+4	1.46538E+4	4.30281E+6	1.35548E+6	8.54093E+4	2.58859E+6
8.15000E+1	3.49689E+4	1.48281E+4	4.20749E+6	1.39610E+6	8.54459E+4	2.62590E+6
8.16000E+1	3.49759E+4	1.47415E+4	4.45530E+6	1.34532E+6	8.55146E+4	2.56756E+6
8.17000E+1	3.49654E+4	1.49310E+4	4.01504E+6	1.35521E+6	8.53982E+4	2.63478E+6
8.18000E+1	3.48452E+4	1.49548E+4	4.11736E+6	1.34136E+6	8.55157E+4	2.65297E+6
8.19000E+1	3.48253E+4	1.51040E+4	4.30281E+6	1.32554E+6	8.52190E+4	2.58464E+6
8.20000E+1	3.48048E+4	1.51194E+4	4.18430E+6	1.35781E+6	8.51704E+4	2.60901E+6
8.21000E+1	3.48071E+4	1.52010E+4	4.30343E+6	1.34889E+6	8.53816E+4	2.70294E+6
8.22000E+1	3.46930E+4	1.53230E+4	4.31973E+6	1.33430E+6	8.53960E+4	2.61873E+6
8.23000E+1	3.50288E+4	1.53581E+4	4.29532E+6	1.35310E+6	8.53495E+4	2.71463E+6
8.24000E+1	3.48013E+4	1.52947E+4	4.26872E+6	1.33862E+6	8.48308E+4	2.57469E+6
8.25000E+1	3.48294E+4	1.55286E+4	4.16136E+6	1.36165E+6	8.54736E+4	2.70092E+6
8.26000E+1	3.48657E+4	1.55170E+4	4.37775E+6	1.37928E+6	8.53861E+4	2.69411E+6
8.27000E+1	3.48077E+4	1.56676E+4	3.98849E+6	1.31960E+6	8.50148E+4	2.60759E+6
8.28000E+1	3.51811E+4	1.57893E+4	4.40636E+6	1.34431E+6	8.51660E+4	2.74873E+6
8.29000E+1	3.51988E+4	1.57872E+4	4.53419E+6	1.32672E+6	8.54536E+4	2.58301E+6
8.30000E+1	3.50223E+4	1.58628E+4	4.25952E+6	1.34754E+6	8.52080E+4	2.64640E+6
8.31000E+1	3.51611E+4	1.60213E+4	4.26320E+6	1.36919E+6	8.54370E+4	2.66130E+6
8.32000E+1	3.49724E+4	1.59975E+4	4.26442E+6	1.35692E+6	8.54060E+4	2.61327E+6
8.33000E+1	3.49478E+4	1.60434E+4	4.12885E+6	1.36434E+6	8.53540E+4	2.71489E+6
8.34000E+1	3.50823E+4	1.62477E+4	4.22429E+6	1.32921E+6	8.51207E+4	2.60146E+6
8.35000E+1	3.50793E+4	1.62594E+4	4.23698E+6	1.36393E+6	8.52013E+4	2.67637E+6
8.36000E+1	3.50147E+4	1.62817E+4	4.29906E+6	1.31785E+6	8.50357E+4	2.58719E+6
8.37000E+1	3.52925E+4	1.64186E+4	4.16898E+6	1.37534E+6	8.51682E+4	2.64518E+6
8.38000E+1	3.50347E+4	1.65143E+4	4.36487E+6	1.34391E+6	8.48759E+4	2.62997E+6
8.39000E+1	3.52335E+4	1.64688E+4	4.23698E+6	1.33258E+6	8.46318E+4	2.61090E+6
8.40000E+1	3.54394E+4	1.65537E+4	4.33489E+6	1.36090E+6	8.49156E+4	2.81262E+6
8.41000E+1	3.53355E+4	1.65721E+4	4.26381E+6	1.36593E+6	8.48429E+4	2.67289E+6
8.42000E+1	3.52860E+4	1.67466E+4	4.47274E+6	1.35392E+6	8.48297E+4	2.68809E+6
8.43000E+1	3.54566E+4	1.67172E+4	4.36102E+6	1.33722E+6	8.46538E+4	2.66795E+6
8.44000E+1	3.56105E+4	1.68771E+4	4.73185E+6	1.36158E+6	8.45539E+4	2.70928E+6
8.45000E+1	3.55353E+4	1.68468E+4	4.27057E+6	1.38352E+6	8.45363E+4	2.75923E+6
8.46000E+1	3.57736E+4	1.70292E+4	4.41291E+6	1.34822E+6	8.49806E+4	2.74065E+6
8.47000E+1	3.54519E+4	1.71095E+4	4.54250E+6	1.38771E+6	8.44048E+4	2.64058E+6
8.48000E+1	3.56543E+4	1.71272E+4	4.56904E+6	1.36441E+6	8.44782E+4	2.74847E+6
8.49000E+1	3.56336E+4	1.71900E+4	4.49644E+6	1.33722E+6	8.44508E+4	2.69386E+6
8.50000E+1	3.59883E+4	1.72870E+4	4.38617E+6	1.35548E+6	8.46801E+4	2.70142E+6
8.51000E+1	3.58217E+4	1.73158E+4	4.47072E+6	1.38352E+6	8.46011E+4	2.67438E+6
8.52000E+1	3.58455E+4	1.75188E+4	4.14621E+6	1.37114E+6	8.42821E+4	2.71234E+6
8.53000E+1	3.56063E+4	1.75499E+4	4.33046E+6	1.37261E+6	8.40538E+4	2.52960E+6
8.54000E+1	3.58722E+4	1.75646E+4	4.68787E+6	1.38005E+6	8.42657E+4	2.66278E+6
8.55000E+1	3.58383E+4	1.76510E+4	4.42475E+6	1.35542E+6	8.42778E+4	2.65249E+6
8.56000E+1	3.60634E+4	1.78292E+4	4.34951E+6	1.39935E+6	8.45692E+4	2.69059E+6
8.57000E+1	3.58865E+4	1.76760E+4	4.39071E+6	1.36829E+6	8.45297E+4	2.74795E+6
8.58000E+1	3.58794E+4	1.78955E+4	4.46132E+6	1.40597E+6	8.44157E+4	2.74403E+6
8.59000E+1	3.60968E+4	1.81445E+4	4.03368E+6	1.35542E+6	8.43982E+4	2.57885E+6
8.60000E+1	3.58824E+4	1.81171E+4	4.47140E+6	1.39733E+6	8.43861E+4	2.68509E+6
8.61000E+1	3.59073E+4	1.82535E+4	4.71312E+6	1.41450E+6	8.43325E+4	2.71796E+6
8.62000E+1	3.58443E+4	1.81472E+4	4.06641E+6	1.37963E+6	8.40800E+4	2.71719E+6
8.63000E+1	3.59008E+4	1.83021E+4	4.34569E+6	1.36801E+6	8.42679E+4	2.66425E+6
8.64000E+1	3.59056E+4	1.81949E+4	4.29782E+6	1.37928E+6	8.42428E+4	2.64567E+6
8.65000E+1	3.61476E+4	1.83978E+4	4.75528E+6	1.36351E+6	8.41389E+4	2.65615E+6
8.66000E+1	3.59651E+4	1.84710E+4	4.42014E+6	1.36843E+6	8.42537E+4	2.68384E+6
8.67000E+1	3.60789E+4	1.86254E+4	4.52728E+6	1.38097E+6	8.44870E+4	2.76689E+6
8.68000E+1	3.60294E+4	1.85339E+4	4.24427E+6	1.39043E+6	8.42362E+4	2.66401E+6
8.69000E+1	3.61768E+4	1.86698E+4	4.67315E+6	1.40211E+6	8.42438E+4	2.89728E+6
8.70000E+1	3.60742E+4	1.88047E+4	4.50190E+6	1.38565E+6	8.44563E+4	2.74586E+6
8.71000E+1	3.61500E+4	1.88584E+4	4.43798E+6	1.39502E+6	8.42799E+4	2.72308E+6
8.72000E+1	3.60074E+4	1.89258E+4	4.35142E+6	1.38019E+6	8.43095E+4	2.69210E+6
8.73000E+1	3.62916E+4	1.91111E+4	4.46199E+6	1.36954E+6	8.44113E+4	2.69966E+6
8.74000E+1	3.62390E+4	1.91202E+4	4.52797E+6	1.40211E+6	8.42100E+4	2.72848E+6
8.75000E+1	3.61786E+4	1.92122E+4	4.65924E+6	1.36538E+6	8.40079E+4	2.66425E+6
8.76000E+1	3.61344E+4	1.92214E+4	4.38746E+6	1.36989E+6	8.43533E+4	2.63840E+6
8.77000E+1	3.62127E+4	1.92461E+4	4.51627E+6	1.38260E+6	8.43018E+4	2.85955E+6
8.78000E+1	3.61141E+4	1.93488E+4	4.25768E+6	1.36635E+6	8.41280E+4	2.68759E+6
8.79000E+1	3.63324E+4	1.94696E+4	4.46199E+6	1.39755E+6	8.44091E+4	2.70092E+6
8.80000E+1	3.64714E+4	1.94829E+4	4.27242E+6	1.37163E+6	8.40319E+4	2.91416E+6
8.81000E+1	3.64102E+4	1.95607E+4	4.34505E+6	1.41709E+6	8.42264E+4	2.83854E+6
8.82000E+1	3.65393E+4	1.96714E+4	4.41225E+6	1.36427E+6	8.44015E+4	2.70954E+6
8.83000E+1	3.64696E+4	1.97535E+4	4.54946E+6	1.37506E+6	8.42449E+4	2.75109E+6
8.84000E+1	3.62958E+4	1.97267E+4	4.49100E+6	1.38125E+6	8.40789E+4	2.83631E+6
8.85000E+1	3.67016E+4	1.99882E+4	4.63384E+6	1.40226E+6	8.40690E+4	2.66869E+6
8.86000E+1	3.66956E+4	1.98775E+4	4.19201E+6	1.38778E+6	8.38053E+4	2.68159E+6
8.87000E+1	3.68312E+4	2.00834E+4	4.67388E+6	1.41383E+6	8.41728E+4	2.80553E+6
8.88000E+1	3.66998E+4	2.00857E+4	4.44529E+6	1.37114E+6	8.41531E+4	2.79902E+6
8.89000E+1	3.67582E+4	2.02649E+4	4.63817E+6	1.39567E+6	8.37781E+4	2.89121E+6
8.90000E+1	3.69229E+4	2.02038E+4	4.50258E+6	1.37646E+6	8.40057E+4	2.67389E+6
8.91000E+1	3.72007E+4	2.05530E+4	5.06641E+6	1.42357E+6	8.40548E+4	2.84021E+6
8.92000E+1	3.69211E+4	2.04025E+4	4.28973E+6	1.39553E+6	8.38303E+4	2.71540E+6
8.93000E+1	3.67673E+4	2.04927E+4	4.62016E+6	1.39380E+6	8.37737E+4	2.87944E+6
8.94000E+1	3.67721E+4	2.05114E+4	4.50463E+6	1.41118E+6	8.40789E+4	2.75345E+6
8.95000E+1	3.71698E+4	2.06018E+4	4.45062E+6	1.39086E+6	8.39065E+4	2.81727E+6
8.96000E+1	3.70287E+4	2.07500E+4	4.30531E+6	1.38864E+6	8.38684E+4	2.72231E+6
8.97000E+1	3.72541E+4	2.09439E+4	4.73787E+6	1.39690E+6	8.37748E+4	2.77485E+6
8.98000E+1	3.69489E+4	2.09109E+4	4.74542E+6	1.39286E+6	8.37019E+4	2.60546E+6
8.99000E+1	3.69839E+4	2.09024E+4	4.67388E+6	1.42544E+6	8.38434E+4	2.80499E+6
9.00000E+1	3.69543E+4	2.09326E+4	4.61228E+6	1.36725E+6	8.37759E+4	2.58859E+6
9.01000E+1	3.70983E+4	2.10269E+4	4.46669E+6	1.39820E+6	8.36606E+4	2.79173E+6
9.02000E+1	3.71098E+4	2.11241E+4	4.46199E+6	1.42013E+6	8.34956E+4	2.76186E+6
9.03000E+1	3.70172E+4	2.11714E+4	4.70939E+6	1.41894E+6	8.36204E+4	2.88373E+6
9.04000E+1	3.71298E+4	2.13273E+4	4.52039E+6	1.39236E+6	8.32897E+4	2.73520E+6
9.05000E+1	3.71371E+4	2.14431E+4	4.55783E+6	1.39943E+6	8.35770E+4	2.75213E+6
9.06000E+1	3.72960E+4	2.14407E+4	4.71162E+6	1.42043E+6	8.34609E+4	2.88259E+6
9.07000E+1	3.71159E+4	2.14459E+4	4.61371E+6	1.42417E+6	8.36454E+4	2.75135E+6
9.08000E+1	3.72917E+4	2.16368E+4	5.06040E+6	1.37268E+6	8.38118E+4	2.81645E+6
9.09000E+1	3.71777E+4	2.14987E+4	4.76060E+6	1.43388E+6	8.34457E+4	2.74952E+6
9.10000E+1	3.75284E+4	2.16563E+4	4.84028E+6	1.39632E+6	8.36671E+4	2.83604E+6
9.11000E+1	3.74376E+4	2.17852E+4	4.59021E+6	1.40986E+6	8.36291E+4	2.71796E+6
9.12000E+1	3.73482E+4	2.18057E+4	4.62591E+6	1.41074E+6	8.37606E+4	2.82249E+6
9.13000E+1	3.72474E+4	2.20447E+4	4.52590E+6	1.40080E+6	8.32670E+4	2.80308E+6
9.14000E+1	3.75741E+4	2.20553E+4	4.50531E+6	1.39215E+6	8.33471E+4	2.83049E+6
9.15000E+1	3.72857E+4	2.21095E+4	4.64324E+6	1.37744E+6	8.34208E+4	2.73210E+6
9.16000E+1	3.73902E+4	2.20414E+4	4.68050E+6	1.41954E+6	8.34663E+4	2.82801E+6
9.17000E+1	3.74170E+4	2.21893E+4	4.54389E+6	1.38728E+6	8.33395E+4	2.89352E+6
9.18000E+1	3.75381E+4	2.22803E+4	4.63673E+6	1.40619E+6	8.34349E+4	2.82057E+6
9.19000E+1	3.74626E+4	2.23155E+4	4.82695E+6	1.40415E+6	8.32097E+4	2.80716E+6
9.20000E+1	3.75156E+4	2.25110E+4	4.64469E+6	1.41398E+6	8.33958E+4	2.76715E+6
9.21000E+1	3.75180E+4	2.25318E+4	4.67168E+6	1.41835E+6	8.31016E+4	2.86266E+6
9.22000E+1	3.77078E+4	2.27406E+4	4.61658E+6	1.40298E+6	8.32865E+4	2.85983E+6
9.23000E+1	3.75345E+4	2.26059E+4	4.70715E+6	1.40524E+6	8.33059E+4	2.73055E+6
9.24000E+1	3.75192E+4	2.28164E+4	4.43003E+6	1.37878E+6	8.34056E+4	2.75371E+6
9.25000E+1	3.75643E+4	2.26504E+4	4.75604E+6	1.38615E+6	8.32399E+4	2.86351E+6
9.26000E+1	3.74255E+4	2.28043E+4	4.77128E+6	1.39286E+6	8.31848E+4	2.80962E+6
9.27000E+1	3.75960E+4	2.29643E+4	4.98599E+6	1.39028E+6	8.30983E+4	2.89179E+6
9.28000E+1	3.74930E+4	2.29970E+4	4.57326E+6	1.43025E+6	8.33601E+4	2.86975E+6
9.29000E+1	3.76302E+4	2.30603E+4	4.48626E+6	1.40255E+6	8.31297E+4	2.73598E+6
9.30000E+1	3.76412E+4	2.30140E+4	4.69601E+6	1.42028E+6	8.31091E+4	2.86946E+6
9.31000E+1	3.76601E+4	2.32382E+4	4.51764E+6	1.39193E+6	8.29160E+4	2.83937E+6
9.32000E+1	3.76003E+4	2.31160E+4	4.66216E+6	1.43776E+6	8.31340E+4	2.81453E+6
9.33000E+1	3.75272E+4	2.33190E+4	4.64035E+6	1.40269E+6	8.29969E+4	2.86294E+6
9.34000E+1	3.79520E+4	2.33920E+4	5.10104E+6	1.40102E+6	8.27415E+4	2.86294E+6
9.35000E+1	3.78233E+4	2.34470E+4	4.74769E+6	1.44257E+6	8.26007E+4	2.83493E+6
9.36000E+1	3.77689E+4	2.34239E+4	4.76212E+6	1.40905E+6	8.28837E+4	2.78233E+6
9.37000E+1	3.76955E+4	2.37349E+4	5.27299E+6	1.39538E+6	8.28880E+4	2.84300E+6
9.38000E+1	3.79372E+4	2.36984E+4	4.48829E+6	1.38622E+6	8.26964E+4	2.78447E+6
9.39000E+1	3.80335E+4	2.38109E+4	4.67829E+6	1.41790E+6	8.28115E+4	2.80499E+6
9.40000E+1	3.77946E+4	2.36920E+4	4.90319E+6	1.40175E+6	8.27824E+4	2.83576E+6
9.41000E+1	3.77267E+4	2.39003E+4	4.59304E+6	1.42656E+6	8.27254E+4	2.86946E+6
9.42000E+1	3.80207E+4	2.40469E+4	4.76136E+6	1.40197E+6	8.26630E+4	2.87915E+6
9.43000E+1	3.80084E+4	2.39127E+4	4.80205E+6	1.40627E+6	8.24869E+4	2.85983E+6
9.44000E+1	3.81460E+4	2.39924E+4	4.68566E+6	1.42237E+6	8.25288E+4	2.90162E+6
9.45000E+1	3.81681E+4	2.40796E+4	4.83871E+6	1.38394E+6	8.24065E+4	2.73081E+6
9.46000E+1	3.82500E+4	2.43231E+4	4.67829E+6	1.48196E+6	8.26082E+4	3.02933E+6
9.47000E+1	3.81263E+4	2.41312E+4	4.73561E+6	1.38536E+6	8.26856E+4	2.88144E+6
9.48000E+1	3.84405E+4	2.43924E+4	4.99266E+6	1.43040E+6	8.27996E+4	2.92032E+6
9.49000E+1	3.83196E+4	2.44393E+4	4.92424E+6	1.39445E+6	8.26362E+4	2.81892E+6
9.50000E+1	3.82099E+4	2.45007E+4	4.66363E+6	1.43959E+6	8.27684E+4	2.87259E+6
9.51000E+1	3.82290E+4	2.44647E+4	4.74769E+6	1.37885E+6	8.22298E+4	2.88316E+6
9.52000E+1	3.83196E+4	2.46552E+4	4.77434E+6	1.40839E+6	8.26534E+4	2.86776E+6
9.53000E+1	3.85282E+4	2.46657E+4	4.60300E+6	1.40102E+6	8.24858E+4	2.86096E+6
9.54000E+1	3.83202E+4	2.48723E+4	4.64324E+6	1.41155E+6	8.25406E+4	2.79929E+6
9.55000E+1	3.83559E+4	2.48844E+4	4.58242E+6	1.38430E+6	8.23058E+4	2.88948E+6
9.56000E+1	3.79795E+4	2.47850E+4	4.57748E+6	1.41872E+6	8.26039E+4	2.82057E+6
9.57000E+1	3.84448E+4	2.49100E+4	4.62303E+6	1.40124E+6	8.22662E+4	3.00989E+6
9.58000E+1	3.81091E+4	2.51159E+4	4.71984E+6	1.40707E+6	8.26061E+4	2.79253E+6
9.59000E+1	3.80323E+4	2.50781E+4	5.07157E+6	1.39365E+6	8.24140E+4	2.87972E+6
9.60000E+1	3.80599E+4	2.51371E+4	4.93076E+6	1.40612E+6	8.23668E+4	2.88287E+6
9.61000E+1	3.78398E+4	2.52128E+4	4.83165E+6	1.44096E+6	8.26663E+4	3.05349E+6
9.62000E+1	3.76894E+4	2.53402E+4	4.55783E+6	1.39294E+6	8.25728E+4	2.78742E+6
9.63000E+1	3.78417E+4	2.54872E+4	4.78354E+6	1.41103E+6	8.26050E+4	2.88603E+6
9.64000E+1	3.78105E+4	2.52816E+4	4.62375E+6	1.38921E+6	8.25964E+4	2.85336E+6
9.65000E+1	3.77084E+4	2.54476E+4	4.70120E+6	1.39921E+6	8.27932E+4	2.82139E+6
9.66000E+1	3.77573E+4	2.55176E+4	4.92506E+6	1.42724E+6	8.26007E+4	2.85899E+6
9.67000E+1	3.77505E+4	2.57510E+4	4.42145E+6	1.39646E+6	8.23443E+4	2.79469E+6
9.68000E+1	3.75680E+4	2.56192E+4	4.56693E+6	1.39935E+6	8.23443E+4	2.94491E+6
9.69000E+1	3.76638E+4	2.57556E+4	4.47814E+6	1.38097E+6	8.24547E+4	2.89092E+6
9.70000E+1	3.76882E+4	2.57113E+4	4.64469E+6	1.38679E+6	8.23743E+4	2.88517E+6
9.71000E+1	3.77426E+4	2.59439E+4	4.52177E+6	1.39129E+6	8.24097E+4	2.77352E+6
9.72000E+1	3.79164E+4	2.60749E+4	4.61944E+6	1.37478E+6	8.23465E+4	2.89035E+6
9.73000E+1	3.76150E+4	2.61148E+4	4.61228E+6	1.38843E+6	8.25835E+4	2.86040E+6
9.74000E+1	3.76204E+4	2.61451E+4	4.61658E+6	1.39509E+6	8.23358E+4	2.92032E+6
9.75000E+1	3.74839E+4	2.60872E+4	4.91775E+6	1.43101E+6	8.25170E+4	2.92591E+6
9.76000E+1	3.75174E+4	2.62477E+4	4.47072E+6	1.36725E+6	8.22737E+4	2.82414E+6
9.77000E+1	3.75845E+4	2.63319E+4	4.50258E+6	1.38736E+6	8.22405E+4	2.82359E+6
9.78000E+1	3.75168E+4	2.63793E+4	4.95123E+6	1.38643E+6	8.20620E+4	2.83326E+6
9.79000E+1	3.75272E+4	2.63340E+4	4.44064E+6	1.36420E+6	8.22608E+4	2.84132E+6
9.80000E+1	3.74790E+4	2.64900E+4	4.57396E+6	1.37562E+6	8.21763E+4	2.81563E+6
9.81000E+1	3.75339E+4	2.65493E+4	4.67535E+6	1.35829E+6	8.20673E+4	2.93390E+6
9.82000E+1	3.74322E+4	2.66040E+4	4.79741E+6	1.38650E+6	8.20865E+4	2.90337E+6
9.83000E+1	3.75857E+4	2.66634E+4	4.48152E+6	1.38914E+6	8.20951E+4	2.93984E+6
9.84000E+1	3.73197E+4	2.66893E+4	4.63312E+6	1.36186E+6	8.20428E+4	2.91503E+6
9.85000E+1	3.75808E+4	2.67332E+4	4.86398E+6	1.39481E+6	8.20086E+4	2.92679E+6
9.86000E+1	3.73002E+4	2.67203E+4	4.48897E+6	1.35637E+6	8.17560E+4	2.80281E+6
9.87000E+1	3.72699E+4	2.69125E+4	4.59091E+6	1.38309E+6	8.22651E+4	2.92385E+6
9.88000E+1	3.73987E+4	2.69213E+4	4.93647E+6	1.39014E+6	8.19926E+4	2.81207E+6
9.89000E+1	3.73957E+4	2.69826E+4	4.81058E+6	1.41169E+6	8.19073E+4	2.91386E+6
9.90000E+1	3.74583E+4	2.69909E+4	4.42080E+6	1.36871E+6	8.20972E+4	2.89207E+6
9.91000E+1	3.73233E+4	2.72179E+4	5.00859E+6	1.38352E+6	8.20727E+4	2.82662E+6
9.92000E+1	3.73440E+4	2.73076E+4	4.48017E+6	1.36090E+6	8.22940E+4	2.84887E+6
9.93000E+1	3.73452E+4	2.73520E+4	4.78892E+6	1.40758E+6	8.21335E+4	2.99716E+6
9.94000E+1	3.74796E+4	2.72460E+4	4.66509E+6	1.39661E+6	8.18561E+4	2.90919E+6
9.95000E+1	3.75540E+4	2.73301E+4	4.94876E+6	1.37527E+6	8.17901E+4	2.95450E+6
9.96000E+1	3.72705E+4	2.74289E+4	4.61801E+6	1.36117E+6	8.16645E+4	2.83493E+6
9.97000E+1	3.73160E+4	2.75388E+4	4.82382E+6	1.37836E+6	8.19275E+4	2.85111E+6
9.98000E+1	3.74754E+4	2.75482E+4	4.56273E+6	1.38224E+6	8.19734E+4	2.82883E+6
9.99000E+1	3.74340E+4	2.76411E+4	4.90561E+6	1.36919E+6	8.20001E+4	2.85617E+6
1.00000E+2	3.76534E+4	2.76999E+4	4.90803E+6	1.38814E+6	8.21528E+4	2.94640E+6
1.00100E+2	3.76028E+4	2.77025E+4	4.81758E+6	1.36303E+6	8.20929E+4	2.91328E+6
1.00200E+2	3.75979E+4	2.79705E+4	4.71386E+6	1.38430E+6	8.19584E+4	2.83798E+6
1.00300E+2	3.76003E+4	2.78951E+4	4.92262E+6	1.36975E+6	8.21229E+4	2.92444E+6
1.00400E+2	3.78307E+4	2.79694E+4	5.01954E+6	1.37352E+6	8.20097E+4	2.86521E+6
1.00500E+2	3.74504E+4	2.80550E+4	4.49440E+6	1.38423E+6	8.19499E+4	2.91738E+6
1.00600E+2	3.75918E+4	2.80750E+4	4.61443E+6	1.35836E+6	8.20620E+4	2.89294E+6
1.00700E+2	3.76375E+4	2.82984E+4	4.98182E+6	1.40898E+6	8.19371E+4	2.84803E+6
1.00800E+2	3.76998E+4	2.82534E+4	4.67315E+6	1.37268E+6	8.18550E+4	3.09635E+6
1.00900E+2	3.76052E+4	2.81189E+4	4.87114E+6	1.37100E+6	8.20887E+4	3.01176E+6
1.01000E+2	3.76314E+4	2.83409E+4	4.56834E+6	1.38416E+6	8.18966E+4	2.82222E+6
1.01100E+2	3.77114E+4	2.83690E+4	4.66655E+6	1.36262E+6	8.16964E+4	2.84188E+6
1.01200E+2	3.77536E+4	2.84455E+4	4.83008E+6	1.40898E+6	8.17709E+4	2.99562E+6
1.01300E+2	3.77701E+4	2.86249E+4	4.80748E+6	1.38062E+6	8.16167E+4	2.85955E+6
1.01400E+2	3.77701E+4	2.87989E+4	4.91046E+6	1.38551E+6	8.16475E+4	2.96112E+6
1.01500E+2	3.78356E+4	2.86681E+4	4.97518E+6	1.37625E+6	8.16815E+4	2.87430E+6
1.01600E+2	3.78307E+4	2.86515E+4	4.50190E+6	1.38451E+6	8.19456E+4	2.93568E+6
1.01700E+2	3.80047E+4	2.87006E+4	4.77434E+6	1.38943E+6	8.20139E+4	2.90424E+6
1.01800E+2	3.77774E+4	2.87471E+4	4.93484E+6	1.34822E+6	8.20065E+4	2.90424E+6
1.01900E+2	3.78974E+4	2.89449E+4	5.00607E+6	1.39387E+6	8.17688E+4	2.91591E+6
1.02000E+2	3.78325E+4	2.90039E+4	4.76136E+6	1.37324E+6	8.17422E+4	2.98639E+6
1.02100E+2	3.78276E+4	2.90999E+4	5.10191E+6	1.39596E+6	8.19531E+4	2.89236E+6
1.02200E+2	3.80839E+4	2.91886E+4	4.53073E+6	1.38878E+6	8.21111E+4	2.81207E+6
1.02300E+2	3.83374E+4	2.91585E+4	4.88551E+6	1.38394E+6	8.14479E+4	2.88087E+6
1.02400E+2	3.81970E+4	2.91875E+4	4.80282E+6	1.39495E+6	8.17071E+4	2.95781E+6
1.02500E+2	3.83621E+4	2.92951E+4	4.96689E+6	1.38686E+6	8.21581E+4	2.87687E+6
1.02600E+2	3.82222E+4	2.93533E+4	4.97933E+6	1.39921E+6	8.21945E+4	2.93716E+6
1.02700E+2	3.83146E+4	2.95001E+4	4.64760E+6	1.39114E+6	8.16422E+4	2.84300E+6
1.02800E+2	3.82284E+4	2.95704E+4	4.76899E+6	1.38062E+6	8.18497E+4	2.96475E+6
1.02900E+2	3.84491E+4	2.94807E+4	4.66216E+6	1.40868E+6	8.17039E+4	2.99161E+6
1.03000E+2	3.82955E+4	2.96559E+4	4.81914E+6	1.36815E+6	8.16528E+4	2.90249E+6
1.03100E+2	3.84763E+4	2.99844E+4	5.71378E+6	1.38189E+6	8.14108E+4	2.95630E+6
1.03200E+2	3.85356E+4	2.98707E+4	4.92587E+6	1.40313E+6	8.17390E+4	2.90744E+6
1.03300E+2	3.86854E+4	2.98105E+4	4.99266E+6	1.41052E+6	8.12043E+4	2.93627E+6
1.03400E+2	3.84769E+4	2.98854E+4	5.00775E+6	1.42185E+6	8.16773E+4	3.06313E+6
1.03500E+2	3.85604E+4	3.00198E+4	4.83635E+6	1.41932E+6	8.14627E+4	2.94580E+6
1.03600E+2	3.86117E+4	2.99490E+4	4.87991E+6	1.40197E+6	8.16667E+4	2.84915E+6
1.03700E+2	3.85789E+4	3.02074E+4	4.89192E+6	1.42133E+6	8.15423E+4	3.09339E+6
1.03800E+2	3.83381E+4	3.00154E+4	5.06469E+6	1.38494E+6	8.16465E+4	2.88230E+6
1.03900E+2	3.86037E+4	3.02484E+4	4.76899E+6	1.39878E+6	8.15615E+4	3.00336E+6
1.04000E+2	3.86328E+4	3.02670E+4	5.23788E+6	1.39028E+6	8.15158E+4	2.85083E+6
1.04100E+2	3.85363E+4	3.02675E+4	5.24064E+6	1.40218E+6	8.13387E+4	2.91123E+6
1.04200E+2	3.85622E+4	3.02927E+4	4.87193E+6	1.39114E+6	8.15583E+4	2.89496E+6
1.04300E+2	3.88033E+4	3.02943E+4	4.83165E+6	1.43456E+6	8.15254E+4	3.02617E+6
1.04400E+2	3.84497E+4	3.04011E+4	4.86319E+6	1.37625E+6	8.10732E+4	2.92975E+6
1.04500E+2	3.85325E+4	3.04882E+4	5.18337E+6	1.40795E+6	8.12328E+4	2.88603E+6
1.04600E+2	3.86204E+4	3.06756E+4	4.99350E+6	1.39820E+6	8.11969E+4	3.14277E+6
1.04700E+2	3.87369E+4	3.06156E+4	4.88551E+6	1.40810E+6	8.11609E+4	2.92237E+6
1.04800E+2	3.86315E+4	3.06745E+4	5.27206E+6	1.40218E+6	8.13694E+4	2.96112E+6
1.04900E+2	3.86662E+4	3.06162E+4	4.74467E+6	1.36753E+6	8.13535E+4	2.96263E+6
1.05000E+2	3.85270E+4	3.08695E+4	5.17081E+6	1.42732E+6	8.16135E+4	2.81974E+6
1.05100E+2	3.86637E+4	3.09009E+4	4.60799E+6	1.39330E+6	8.14521E+4	3.00522E+6
1.05200E+2	3.87673E+4	3.11288E+4	4.60656E+6	1.39668E+6	8.10785E+4	2.88919E+6
1.05300E+2	3.87474E+4	3.10192E+4	4.89835E+6	1.40117E+6	8.12963E+4	3.03597E+6
1.05400E+2	3.87933E+4	3.10640E+4	4.95205E+6	1.41125E+6	8.14797E+4	2.98516E+6
1.05500E+2	3.85610E+4	3.12302E+4	5.09320E+6	1.38964E+6	8.11556E+4	2.89381E+6
1.05600E+2	3.85666E+4	3.13052E+4	5.12467E+6	1.42006E+6	8.13281E+4	2.97051E+6
1.05700E+2	3.83658E+4	3.12141E+4	4.58101E+6	1.40313E+6	8.10626E+4	2.89843E+6
1.05800E+2	3.84497E+4	3.13113E+4	4.74921E+6	1.40218E+6	8.11556E+4	2.98577E+6
1.05900E+2	3.84022E+4	3.13446E+4	4.85527E+6	1.41089E+6	8.13620E+4	3.04741E+6
1.06000E+2	3.85758E+4	3.15004E+4	4.65924E+6	1.37899E+6	8.12064E+4	2.88345E+6
1.06100E+2	3.84924E+4	3.14358E+4	4.97352E+6	1.36365E+6	8.10331E+4	3.02964E+6
1.06200E+2	3.83670E+4	3.16544E+4	5.02292E+6	1.39726E+6	8.08759E+4	2.87829E+6
1.06300E+2	3.85523E+4	3.15071E+4	4.39201E+6	1.39186E+6	8.11440E+4	2.94341E+6
1.06400E+2	3.85622E+4	3.17466E+4	5.19599E+6	1.41568E+6	8.14383E+4	2.94999E+6
1.06500E+2	3.88281E+4	3.18804E+4	4.94056E+6	1.41037E+6	8.09792E+4	2.94969E+6
1.06600E+2	3.86024E+4	3.16840E+4	4.77434E+6	1.37541E+6	8.09739E+4	2.84523E+6
1.06700E+2	3.89263E+4	3.19297E+4	5.31896E+6	1.42701E+6	8.15795E+4	2.98424E+6
1.06800E+2	3.88647E+4	3.20638E+4	4.67756E+6	1.38878E+6	8.11313E+4	3.08389E+6
1.06900E+2	3.88237E+4	3.18204E+4	4.63528E+6	1.39437E+6	8.11757E+4	2.95209E+6
1.07000E+2	3.91106E+4	3.20065E+4	5.18337E+6	1.39567E+6	8.16337E+4	2.83826E+6
1.07100E+2	3.88971E+4	3.20228E+4	5.06383E+6	1.40124E+6	8.11725E+4	2.93597E+6
1.07200E+2	3.90352E+4	3.22856E+4	4.66582E+6	1.37275E+6	8.12815E+4	2.88259E+6
1.07300E+2	3.88380E+4	3.21718E+4	4.93076E+6	1.41000E+6	8.10489E+4	3.04518E+6
1.07400E+2	3.91449E+4	3.22107E+4	4.96193E+6	1.41037E+6	8.16975E+4	3.03407E+6
1.07500E+2	3.92772E+4	3.25313E+4	5.12643E+6	1.41022E+6	8.11165E+4	2.90977E+6
1.07600E+2	3.89468E+4	3.24759E+4	4.92669E+6	1.42297E+6	8.14224E+4	2.90162E+6
1.07700E+2	3.93054E+4	3.24063E+4	5.35419E+6	1.42792E+6	8.14246E+4	3.08291E+6
1.07800E+2	3.92185E+4	3.23555E+4	4.73712E+6	1.38950E+6	8.10309E+4	2.86606E+6
1.07900E+2	3.93029E+4	3.26434E+4	4.94712E+6	1.39878E+6	8.10352E+4	2.90948E+6
1.08000E+2	3.91436E+4	3.24877E+4	5.00187E+6	1.39207E+6	8.13610E+4	2.86153E+6
1.08100E+2	3.94261E+4	3.27075E+4	4.98765E+6	1.40320E+6	8.08717E+4	2.96475E+6
1.08200E+2	3.92204E+4	3.26860E+4	4.91288E+6	1.39301E+6	8.12445E+4	2.97325E+6
1.08300E+2	3.93904E+4	3.28922E+4	4.97020E+6	1.38864E+6	8.11852E+4	3.16219E+6
1.08400E+2	3.94693E+4	3.29918E+4	4.74089E+6	1.39078E+6	8.11250E+4	2.95630E+6
1.08500E+2	3.94261E+4	3.28666E+4	5.31140E+6	1.42890E+6	8.09824E+4	3.05093E+6
1.08600E+2	3.94155E+4	3.29462E+4	5.03479E+6	1.38522E+6	8.13207E+4	2.93390E+6
1.08700E+2	3.95164E+4	3.31304E+4	4.76517E+6	1.43722E+6	8.11133E+4	3.01738E+6
1.08800E+2	3.95139E+4	3.31841E+4	5.01195E+6	1.43305E+6	8.11588E+4	3.04837E+6
1.08900E+2	3.96249E+4	3.30465E+4	4.81369E+6	1.38090E+6	8.09149E+4	2.98639E+6
1.09000E+2	3.98886E+4	3.35083E+4	5.05012E+6	1.42747E+6	8.10901E+4	2.95419E+6
1.09100E+2	3.96538E+4	3.31396E+4	5.43392E+6	1.43010E+6	8.09054E+4	2.94640E+6
1.09200E+2	3.95559E+4	3.32647E+4	4.96524E+6	1.38814E+6	8.08580E+4	2.93005E+6
1.09300E+2	3.96507E+4	3.35623E+4	5.27020E+6	1.40890E+6	8.07095E+4	2.97355E+6
1.09400E+2	3.97022E+4	3.35187E+4	4.92262E+6	1.39870E+6	8.06916E+4	2.88373E+6
1.09500E+2	3.99441E+4	3.34538E+4	5.09234E+6	1.46940E+6	8.08674E+4	2.99439E+6
1.09600E+2	3.98546E+4	3.35934E+4	5.18787E+6	1.46552E+6	8.09064E+4	2.98179E+6
1.09700E+2	3.98161E+4	3.36308E+4	5.18787E+6	1.44665E+6	8.08421E+4	3.04805E+6
1.09800E+2	3.97161E+4	3.36964E+4	4.89916E+6	1.41354E+6	8.08685E+4	3.07868E+6
1.09900E+2	3.96143E+4	3.36647E+4	5.18697E+6	1.42747E+6	8.05329E+4	2.89035E+6
1.10000E+2	3.98873E+4	3.36993E+4	4.99099E+6	1.40131E+6	8.05602E+4	3.04997E+6
1.10100E+2	3.96212E+4	3.37177E+4	4.77204E+6	1.38864E+6	8.04941E+4	2.88087E+6
1.10200E+2	3.93366E+4	3.36941E+4	4.93484E+6	1.38814E+6	8.08832E+4	3.01301E+6
1.10300E+2	3.93892E+4	3.40440E+4	5.62901E+6	1.42177E+6	8.07821E+4	3.06797E+6
1.10400E+2	3.96463E+4	3.40445E+4	4.91856E+6	1.44066E+6	8.06748E+4	3.08618E+6
1.10500E+2	3.93854E+4	3.40515E+4	4.89192E+6	1.40168E+6	8.06800E+4	2.98271E+6
1.10600E+2	3.94161E+4	3.40006E+4	4.85685E+6	1.39993E+6	8.08611E+4	2.94014E+6
1.10700E+2	3.92829E+4	3.41540E+4	4.97435E+6	1.41546E+6	8.07042E+4	3.07218E+6
1.10800E+2	3.94061E+4	3.42028E+4	5.16187E+6	1.39632E+6	8.07147E+4	3.01082E+6
1.10900E+2	3.94030E+4	3.41065E+4	4.89755E+6	1.39849E+6	8.07432E+4	2.89035E+6
1.11000E+2	3.92766E+4	3.43637E+4	4.91046E+6	1.42476E+6	8.07747E+4	2.91065E+6
1.11100E+2	3.91580E+4	3.43968E+4	4.80437E+6	1.35726E+6	8.04909E+4	2.92473E+6
1.11200E+2	3.95816E+4	3.44201E+4	5.55388E+6	1.43426E+6	8.07295E+4	2.97904E+6
1.11300E+2	3.92604E+4	3.45851E+4	5.16902E+6	1.42544E+6	8.12455E+4	3.00926E+6
1.11400E+2	3.90327E+4	3.45191E+4	4.95205E+6	1.39409E+6	8.05928E+4	3.07478E+6
1.11500E+2	3.88585E+4	3.44877E+4	4.61371E+6	1.38551E+6	8.10098E+4	3.17355E+6
1.11600E+2	3.92735E+4	3.45839E+4	4.96193E+6	1.42073E+6	8.09286E+4	3.07770E+6
1.11700E+2	3.90146E+4	3.45874E+4	5.08626E+6	1.39935E+6	8.10668E+4	3.06829E+6
1.11800E+2	3.91393E+4	3.47709E+4	4.90965E+6	1.39057E+6	8.10563E+4	2.97446E+6
1.11900E+2	3.91692E+4	3.47323E+4	4.67095E+6	1.36996E+6	8.09718E+4	2.94282E+6
1.12000E+2	3.92329E+4	3.49613E+4	5.04074E+6	1.40605E+6	8.07969E+4	3.03217E+6
1.12100E+2	3.92585E+4	3.49461E+4	4.90884E+6	1.39043E+6	8.09286E+4	3.19965E+6
1.12200E+2	3.93454E+4	3.49813E+4	5.03989E+6	1.40627E+6	8.07295E+4	3.02429E+6
1.12300E+2	3.92322E+4	3.50482E+4	5.07071E+6	1.40473E+6	8.10489E+4	3.07933E+6
1.12400E+2	3.92016E+4	3.48628E+4	4.52797E+6	1.41391E+6	8.07653E+4	2.93894E+6
1.12500E+2	3.90887E+4	3.51182E+4	4.67241E+6	1.39783E+6	8.08906E+4	2.98915E+6
1.12600E+2	3.93285E+4	3.52053E+4	4.57889E+6	1.37261E+6	8.08200E+4	3.05253E+6
1.12700E+2	3.91811E+4	3.52518E+4	5.05098E+6	1.40422E+6	8.08105E+4	3.04965E+6
1.12800E+2	3.92510E+4	3.52636E+4	4.72809E+6	1.38380E+6	8.07589E+4	2.93597E+6
1.12900E+2	3.92960E+4	3.53143E+4	5.49477E+6	1.43214E+6	8.05823E+4	3.02460E+6
1.13000E+2	3.93710E+4	3.54289E+4	5.16723E+6	1.39885E+6	8.07600E+4	3.09142E+6
1.13100E+2	3.91867E+4	3.53911E+4	4.68492E+6	1.38857E+6	8.07463E+4	3.06216E+6
1.13200E+2	3.95352E+4	3.55383E+4	5.16098E+6	1.38650E+6	8.09581E+4	3.05830E+6
1.13300E+2	3.91436E+4	3.55395E+4	4.77817E+6	1.43662E+6	8.09191E+4	3.04391E+6
1.13400E+2	3.88623E+4	3.55389E+4	4.96276E+6	1.39863E+6	8.05707E+4	3.05125E+6
1.13500E+2	3.89356E+4	3.57986E+4	4.81136E+6	1.41332E+6	8.06601E+4	3.05381E+6
1.13600E+2	3.87871E+4	3.57107E+4	5.00187E+6	1.41206E+6	8.07684E+4	3.07315E+6
1.13700E+2	3.88237E+4	3.57748E+4	5.09581E+6	1.38615E+6	8.09117E+4	2.99624E+6
1.13800E+2	3.86699E+4	3.58158E+4	5.13878E+6	1.41074E+6	8.07832E+4	2.96566E+6
1.13900E+2	3.86012E+4	3.60045E+4	4.87751E+6	1.42461E+6	8.12487E+4	3.08651E+6
1.14000E+2	3.83042E+4	3.58973E+4	4.73260E+6	1.35747E+6	8.11577E+4	2.86436E+6
1.14100E+2	3.85356E+4	3.59646E+4	4.67535E+6	1.37555E+6	8.08801E+4	3.08749E+6
1.14200E+2	3.81165E+4	3.59914E+4	4.85843E+6	1.39258E+6	8.06243E+4	2.90598E+6
1.14300E+2	3.81460E+4	3.60760E+4	5.43491E+6	1.40262E+6	8.08032E+4	3.01895E+6
1.14400E+2	3.79385E+4	3.62869E+4	5.11677E+6	1.40510E+6	8.10130E+4	3.12860E+6
1.14500E+2	3.77964E+4	3.62558E+4	4.88871E+6	1.37038E+6	8.08179E+4	2.99192E+6
1.14600E+2	3.79470E+4	3.62289E+4	4.57607E+6	1.37597E+6	8.06748E+4	2.97203E+6
1.14700E+2	3.80446E+4	3.61751E+4	4.66436E+6	1.40211E+6	8.09054E+4	2.96778E+6
1.14800E+2	3.78852E+4	3.62349E+4	4.75224E+6	1.40920E+6	8.09465E+4	3.04869E+6
1.14900E+2	3.79894E+4	3.63198E+4	4.57185E+6	1.37289E+6	8.07979E+4	3.03977E+6
1.15000E+2	3.80329E+4	3.64811E+4	4.75452E+6	1.36021E+6	8.09687E+4	2.97112E+6
1.15100E+2	3.77756E+4	3.64067E+4	4.74467E+6	1.38253E+6	8.05245E+4	2.98761E+6
1.15200E+2	3.80041E+4	3.64289E+4	5.32559E+6	1.37527E+6	8.07147E+4	3.08422E+6
