0.00000E+0	4.21777E+4	4.31246E+4	4.58200E+6	1.28637E+6	8.31134E+4	2.85150E+6
1.00000E-1	3.80216E+4	3.88131E+4	4.33071E+6	1.22983E+6	7.73223E+4	2.88701E+6
2.00000E-1	3.79369E+4	3.88032E+4	4.52962E+6	1.23866E+6	7.72402E+4	2.78511E+6
3.00000E-1	3.80774E+4	3.88156E+4	4.54278E+6	1.25930E+6	7.71027E+4	2.82563E+6
4.00000E-1	3.80179E+4	3.88622E+4	4.79232E+6	1.24995E+6	7.70633E+4	2.88098E+6
5.00000E-1	3.81580E+4	3.89859E+4	4.58059E+6	1.25485E+6	7.71856E+4	2.89075E+6
6.00000E-1	3.78842E+4	3.89654E+4	4.30806E+6	1.24011E+6	7.70603E+4	2.92780E+6
7.00000E-1	3.81647E+4	3.90469E+4	4.50217E+6	1.23987E+6	7.68867E+4	2.90377E+6
8.00000E-1	3.79584E+4	3.92947E+4	4.58766E+6	1.25066E+6	7.70290E+4	2.94742E+6
9.00000E-1	3.80756E+4	3.89934E+4	4.71267E+6	1.25615E+6	7.70825E+4	2.97459E+6
1.00000E+0	3.78548E+4	3.92772E+4	4.71192E+6	1.25526E+6	7.74368E+4	2.84060E+6
1.10000E+0	3.82226E+4	3.91485E+4	4.47503E+6	1.25366E+6	7.76185E+4	3.00566E+6
1.20000E+0	3.79608E+4	3.91785E+4	4.50900E+6	1.25119E+6	7.73375E+4	2.86390E+6
1.30000E+0	3.79970E+4	3.90930E+4	4.48111E+6	1.28495E+6	7.73435E+4	2.84898E+6
1.40000E+0	3.79596E+4	3.91186E+4	4.81011E+6	1.23964E+6	7.69049E+4	2.78565E+6
1.50000E+0	3.78548E+4	3.92634E+4	4.57847E+6	1.28600E+6	7.74591E+4	2.85094E+6
1.60000E+0	3.78346E+4	3.92747E+4	4.32818E+6	1.24937E+6	7.70613E+4	2.86192E+6
1.70000E+0	3.75561E+4	3.95000E+4	4.35104E+6	1.23872E+6	7.75160E+4	2.94025E+6
1.80000E+0	3.79823E+4	3.94461E+4	4.72014E+6	1.25201E+6	7.72716E+4	2.96972E+6
1.90000E+0	3.79694E+4	3.95627E+4	4.27205E+6	1.27076E+6	7.73739E+4	2.98008E+6
2.00000E+0	3.76330E+4	3.95797E+4	4.49876E+6	1.25355E+6	7.71795E+4	2.94533E+6
2.10000E+0	3.78799E+4	3.96940E+4	4.24573E+6	1.24650E+6	7.70825E+4	2.88586E+6
2.20000E+0	3.79038E+4	3.96745E+4	4.66099E+6	1.25977E+6	7.73912E+4	3.04882E+6
2.30000E+0	3.77545E+4	3.98123E+4	4.48450E+6	1.24703E+6	7.74439E+4	2.91985E+6
2.40000E+0	3.78261E+4	3.98501E+4	4.37672E+6	1.25054E+6	7.71411E+4	2.90581E+6
2.50000E+0	3.79185E+4	3.99194E+4	4.52411E+6	1.24289E+6	7.72574E+4	2.85431E+6
2.60000E+0	3.78291E+4	3.96670E+4	4.33514E+6	1.27586E+6	7.72220E+4	2.94115E+6
2.70000E+0	3.76763E+4	3.97097E+4	4.66173E+6	1.25710E+6	7.73273E+4	3.00472E+6
2.80000E+0	3.80338E+4	3.99667E+4	4.39227E+6	1.24960E+6	7.71907E+4	2.84758E+6
2.90000E+0	3.76049E+4	3.99667E+4	4.51311E+6	1.23889E+6	7.69856E+4	2.90000E+6
3.00000E+0	3.80197E+4	3.99806E+4	4.38902E+6	1.24966E+6	7.74206E+4	2.96094E+6
3.10000E+0	3.77404E+4	3.99207E+4	4.39813E+6	1.24808E+6	7.73061E+4	2.92220E+6
3.20000E+0	3.76482E+4	4.00539E+4	4.42699E+6	1.22778E+6	7.72210E+4	2.82563E+6
3.30000E+0	3.75299E+4	4.01424E+4	4.56301E+6	1.23125E+6	7.74561E+4	2.90843E+6
3.40000E+0	3.76354E+4	4.02019E+4	4.41383E+6	1.24562E+6	7.73263E+4	2.88070E+6
3.50000E+0	3.77050E+4	4.02951E+4	4.92783E+6	1.26581E+6	7.75383E+4	2.90029E+6
3.60000E+0	3.77368E+4	3.99996E+4	4.88743E+6	1.28792E+6	7.70583E+4	2.87470E+6
3.70000E+0	3.76336E+4	4.02260E+4	4.41908E+6	1.25906E+6	7.73375E+4	2.90523E+6
3.80000E+0	3.77924E+4	4.02742E+4	4.46360E+6	1.25485E+6	7.72736E+4	2.92544E+6
3.90000E+0	3.76842E+4	4.03166E+4	4.67197E+6	1.23040E+6	7.72909E+4	2.87441E+6
4.00000E+0	3.77343E+4	4.05186E+4	4.43096E+6	1.24063E+6	7.74287E+4	2.94712E+6
4.10000E+0	3.77142E+4	4.03846E+4	4.55741E+6	1.23503E+6	7.69079E+4	2.91223E+6
4.20000E+0	3.78359E+4	4.03661E+4	4.80236E+6	1.24132E+6	7.67769E+4	2.81191E+6
4.30000E+0	3.79541E+4	4.02868E+4	4.19700E+6	1.24103E+6	7.69321E+4	2.91310E+6
4.40000E+0	3.76647E+4	4.05600E+4	4.54417E+6	1.26049E+6	7.68031E+4	2.93520E+6
4.50000E+0	3.78653E+4	4.05702E+4	4.44289E+6	1.24820E+6	7.71694E+4	2.88758E+6
4.60000E+0	3.79026E+4	4.04671E+4	4.40858E+6	1.25160E+6	7.71502E+4	2.80782E+6
4.70000E+0	3.78848E+4	4.05447E+4	4.50012E+6	1.25148E+6	7.67256E+4	2.88299E+6
4.80000E+0	3.77998E+4	4.04182E+4	4.71790E+6	1.24440E+6	7.68091E+4	2.83893E+6
4.90000E+0	3.79130E+4	4.06320E+4	4.78231E+6	1.26186E+6	7.68243E+4	2.87100E+6
5.00000E+0	3.76568E+4	4.05549E+4	4.71043E+6	1.23143E+6	7.69523E+4	2.89884E+6
5.10000E+0	3.78683E+4	4.09526E+4	4.58907E+6	1.27507E+6	7.66954E+4	2.90552E+6
5.20000E+0	3.78677E+4	4.07793E+4	4.38383E+6	1.22483E+6	7.67799E+4	2.91106E+6
5.30000E+0	3.79400E+4	4.07723E+4	4.58271E+6	1.25579E+6	7.69876E+4	2.78029E+6
5.40000E+0	3.80308E+4	4.08215E+4	4.65589E+6	1.25025E+6	7.66411E+4	2.94622E+6
5.50000E+0	3.81450E+4	4.06702E+4	4.90029E+6	1.27647E+6	7.69250E+4	2.85347E+6
5.60000E+0	3.81992E+4	4.08713E+4	4.42699E+6	1.23240E+6	7.70421E+4	2.94025E+6
5.70000E+0	3.83267E+4	4.10204E+4	4.45757E+6	1.25502E+6	7.67477E+4	2.83060E+6
5.80000E+0	3.82965E+4	4.08911E+4	4.80546E+6	1.24353E+6	7.68656E+4	2.91544E+6
5.90000E+0	3.81899E+4	4.09231E+4	4.49535E+6	1.24115E+6	7.68726E+4	2.86390E+6
6.00000E+0	3.82891E+4	4.10115E+4	4.58695E+6	1.24685E+6	7.65617E+4	2.87356E+6
6.10000E+0	3.82934E+4	4.11243E+4	4.49535E+6	1.25834E+6	7.66381E+4	2.90494E+6
6.20000E+0	3.83285E+4	4.10961E+4	4.60328E+6	1.26043E+6	7.67850E+4	2.96245E+6
6.30000E+0	3.81678E+4	4.10256E+4	4.42369E+6	1.26359E+6	7.65798E+4	2.88213E+6
6.40000E+0	3.82133E+4	4.13866E+4	4.38319E+6	1.24744E+6	7.67709E+4	2.78834E+6
6.50000E+0	3.83217E+4	4.11994E+4	4.65589E+6	1.25113E+6	7.68243E+4	2.88557E+6
6.60000E+0	3.82053E+4	4.14336E+4	4.53032E+6	1.25912E+6	7.68303E+4	2.95853E+6
6.70000E+0	3.82798E+4	4.12142E+4	4.55043E+6	1.26955E+6	7.63240E+4	2.83865E+6
6.80000E+0	3.82219E+4	4.12778E+4	4.27389E+6	1.27745E+6	7.66984E+4	3.00100E+6
6.90000E+0	3.83341E+4	4.13351E+4	4.48992E+6	1.28156E+6	7.67658E+4	2.96457E+6
7.00000E+0	3.82004E+4	4.14491E+4	4.50558E+6	1.25307E+6	7.64553E+4	2.85094E+6
7.10000E+0	3.82016E+4	4.17138E+4	4.68595E+6	1.26648E+6	7.64644E+4	2.98436E+6
7.20000E+0	3.83174E+4	4.16311E+4	4.47773E+6	1.26955E+6	7.66311E+4	2.92279E+6
7.30000E+0	3.82182E+4	4.16143E+4	4.71341E+6	1.23074E+6	7.67870E+4	2.91047E+6
7.40000E+0	3.81616E+4	4.14568E+4	4.38772E+6	1.23866E+6	7.66039E+4	2.79210E+6
7.50000E+0	3.81616E+4	4.16291E+4	4.55671E+6	1.27161E+6	7.67286E+4	2.99081E+6
7.60000E+0	3.83600E+4	4.17274E+4	4.84296E+6	1.26342E+6	7.64122E+4	2.96608E+6
7.70000E+0	3.80093E+4	4.17151E+4	4.47099E+6	1.24726E+6	7.66733E+4	2.86844E+6
7.80000E+0	3.84748E+4	4.16931E+4	4.40793E+6	1.26756E+6	7.68998E+4	2.93639E+6
7.90000E+0	3.84056E+4	4.16311E+4	4.35551E+6	1.27507E+6	7.65577E+4	2.88442E+6
8.00000E+0	3.82373E+4	4.16990E+4	4.50763E+6	1.25864E+6	7.64052E+4	2.90290E+6
8.10000E+0	3.81992E+4	4.19439E+4	4.42699E+6	1.25799E+6	7.63300E+4	2.90494E+6
8.20000E+0	3.82287E+4	4.19816E+4	4.53931E+6	1.25799E+6	7.63741E+4	2.84646E+6
8.30000E+0	3.82952E+4	4.18466E+4	4.25487E+6	1.24289E+6	7.65517E+4	2.86958E+6
8.40000E+0	3.82921E+4	4.18959E+4	4.50763E+6	1.27191E+6	7.65899E+4	2.94503E+6
8.50000E+0	3.83852E+4	4.18978E+4	4.53170E+6	1.25941E+6	7.67206E+4	2.82095E+6
8.60000E+0	3.85625E+4	4.19160E+4	4.44223E+6	1.24283E+6	7.63882E+4	2.84116E+6
8.70000E+0	3.84451E+4	4.20543E+4	4.75938E+6	1.24475E+6	7.64082E+4	2.84870E+6
8.80000E+0	3.84754E+4	4.19063E+4	4.57495E+6	1.24417E+6	7.66864E+4	2.93490E+6
8.90000E+0	3.86133E+4	4.21090E+4	4.43096E+6	1.26581E+6	7.67025E+4	2.91720E+6
9.00000E+0	3.86579E+4	4.21083E+4	4.72989E+6	1.26288E+6	7.65899E+4	2.93076E+6
9.10000E+0	3.85644E+4	4.23305E+4	4.40139E+6	1.22772E+6	7.62830E+4	2.92544E+6
9.20000E+0	3.87490E+4	4.22907E+4	4.24816E+6	1.25237E+6	7.64333E+4	2.91164E+6
9.30000E+0	3.87335E+4	4.23606E+4	4.48246E+6	1.27733E+6	7.65155E+4	2.93817E+6
9.40000E+0	3.86901E+4	4.22907E+4	4.98715E+6	1.25148E+6	7.64192E+4	2.98467E+6
9.50000E+0	3.88911E+4	4.23932E+4	4.83745E+6	1.24545E+6	7.66411E+4	2.91135E+6
9.60000E+0	3.90236E+4	4.23266E+4	4.44889E+6	1.24796E+6	7.65386E+4	2.80374E+6
9.70000E+0	3.89925E+4	4.25528E+4	4.65152E+6	1.27404E+6	7.66371E+4	2.96638E+6
9.80000E+0	3.90317E+4	4.23677E+4	4.95402E+6	1.26300E+6	7.66200E+4	3.02882E+6
9.90000E+0	3.91227E+4	4.25102E+4	4.57706E+6	1.26937E+6	7.65306E+4	2.94443E+6
1.00000E+1	3.91346E+4	4.23501E+4	4.66173E+6	1.26865E+6	7.62239E+4	2.92750E+6
1.01000E+1	3.93501E+4	4.24932E+4	4.46696E+6	1.28836E+6	7.65236E+4	2.86051E+6
1.02000E+1	3.94383E+4	4.27337E+4	4.33198E+6	1.30159E+6	7.62239E+4	2.98927E+6
1.03000E+1	3.96202E+4	4.25927E+4	4.64643E+6	1.25763E+6	7.64002E+4	2.93283E+6
1.04000E+1	3.95129E+4	4.27153E+4	4.71715E+6	1.26798E+6	7.59632E+4	2.98559E+6
1.05000E+1	3.97189E+4	4.26543E+4	4.70596E+6	1.25828E+6	7.59313E+4	2.87213E+6
1.06000E+1	3.96183E+4	4.29124E+4	4.72164E+6	1.30469E+6	7.64122E+4	2.91047E+6
1.07000E+1	3.99085E+4	4.29078E+4	4.66611E+6	1.28316E+6	7.61299E+4	2.92928E+6
1.08000E+1	3.98171E+4	4.28204E+4	4.72014E+6	1.28230E+6	7.59123E+4	2.92632E+6
1.09000E+1	3.98372E+4	4.29480E+4	4.93517E+6	1.26600E+6	7.59821E+4	2.88960E+6
1.10000E+1	3.96667E+4	4.29763E+4	4.59972E+6	1.29291E+6	7.59193E+4	3.00410E+6
1.11000E+1	3.99135E+4	4.30791E+4	4.66173E+6	1.29491E+6	7.57569E+4	3.03990E+6
1.12000E+1	4.00467E+4	4.30290E+4	4.76166E+6	1.29060E+6	7.57818E+4	3.03704E+6
1.13000E+1	3.99690E+4	4.31220E+4	4.49604E+6	1.27434E+6	7.59622E+4	3.01001E+6
1.14000E+1	4.00758E+4	4.32078E+4	4.97634E+6	1.29010E+6	7.63511E+4	2.90901E+6
1.15000E+1	3.97862E+4	4.33063E+4	4.52135E+6	1.27440E+6	7.62950E+4	2.95341E+6
1.16000E+1	3.99577E+4	4.31101E+4	4.82726E+6	1.28254E+6	7.60470E+4	2.97947E+6
1.17000E+1	3.98971E+4	4.30600E+4	5.14179E+6	1.27941E+6	7.60740E+4	2.97794E+6
1.18000E+1	3.99148E+4	4.33302E+4	4.88503E+6	1.26762E+6	7.59981E+4	2.92043E+6
1.19000E+1	3.99766E+4	4.35157E+4	4.82023E+6	1.30241E+6	7.60690E+4	2.95823E+6
1.20000E+1	3.99507E+4	4.35828E+4	4.94745E+6	1.29141E+6	7.59801E+4	3.04722E+6
1.21000E+1	4.00145E+4	4.35383E+4	4.60115E+6	1.30076E+6	7.60610E+4	2.91632E+6
1.22000E+1	3.98158E+4	4.35005E+4	4.53170E+6	1.26587E+6	7.62910E+4	2.92691E+6
1.23000E+1	4.00214E+4	4.33745E+4	4.47167E+6	1.26413E+6	7.58067E+4	2.88873E+6
1.24000E+1	4.00448E+4	4.35283E+4	4.75254E+6	1.28131E+6	7.60710E+4	2.95642E+6
1.25000E+1	4.00549E+4	4.34647E+4	4.75634E+6	1.28365E+6	7.59323E+4	2.95793E+6
1.26000E+1	4.02200E+4	4.36067E+4	4.66392E+6	1.28923E+6	7.58127E+4	2.94682E+6
1.27000E+1	3.99488E+4	4.34149E+4	4.54001E+6	1.29497E+6	7.57848E+4	2.91926E+6
1.28000E+1	4.02898E+4	4.36918E+4	4.63991E+6	1.29134E+6	7.63320E+4	2.87356E+6
1.29000E+1	4.00271E+4	4.35575E+4	4.61830E+6	1.28749E+6	7.60530E+4	2.91223E+6
1.30000E+1	4.00138E+4	4.36798E+4	4.68595E+6	1.27996E+6	7.67407E+4	2.85797E+6
1.31000E+1	3.99286E+4	4.36612E+4	4.56862E+6	1.32763E+6	7.64945E+4	2.87869E+6
1.32000E+1	4.00878E+4	4.38716E+4	4.98299E+6	1.28002E+6	7.61919E+4	3.01907E+6
1.33000E+1	4.01422E+4	4.39664E+4	4.84689E+6	1.28433E+6	7.62630E+4	2.99328E+6
1.34000E+1	3.97831E+4	4.39337E+4	4.61615E+6	1.28409E+6	7.58346E+4	2.98099E+6
1.35000E+1	3.99659E+4	4.37936E+4	4.87704E+6	1.29209E+6	7.56277E+4	2.98620E+6
1.36000E+1	4.01112E+4	4.38936E+4	4.46092E+6	1.25698E+6	7.57390E+4	2.87356E+6
1.37000E+1	3.98757E+4	4.41737E+4	4.82961E+6	1.27727E+6	7.61269E+4	2.96790E+6
1.38000E+1	4.00947E+4	4.41000E+4	5.02072E+6	1.30973E+6	7.59642E+4	2.96427E+6
1.39000E+1	3.99564E+4	4.40445E+4	4.66319E+6	1.28162E+6	7.60021E+4	2.93283E+6
1.40000E+1	4.00840E+4	4.41703E+4	4.87225E+6	1.28433E+6	7.61289E+4	3.03293E+6
1.41000E+1	4.02391E+4	4.42990E+4	4.55671E+6	1.29654E+6	7.61559E+4	2.97215E+6
1.42000E+1	4.03265E+4	4.42226E+4	4.86907E+6	1.30801E+6	7.58814E+4	2.89306E+6
1.43000E+1	4.02302E+4	4.42775E+4	4.72239E+6	1.27526E+6	7.59752E+4	2.94712E+6
1.44000E+1	4.00025E+4	4.42863E+4	4.50217E+6	1.29629E+6	7.57360E+4	2.96215E+6
1.45000E+1	4.03621E+4	4.45301E+4	4.43427E+6	1.26162E+6	7.59163E+4	2.86051E+6
1.46000E+1	4.01903E+4	4.44884E+4	4.97551E+6	1.28544E+6	7.60121E+4	3.03166E+6
1.47000E+1	4.03818E+4	4.45577E+4	4.72464E+6	1.27300E+6	7.58187E+4	2.97916E+6
1.48000E+1	4.02657E+4	4.44642E+4	4.35615E+6	1.27599E+6	7.59821E+4	2.85010E+6
1.49000E+1	4.03392E+4	4.46763E+4	4.85163E+6	1.27898E+6	7.58157E+4	2.87242E+6
1.50000E+1	4.03411E+4	4.46534E+4	4.72389E+6	1.28606E+6	7.58426E+4	2.86844E+6
1.51000E+1	4.04853E+4	4.46103E+4	4.95320E+6	1.31082E+6	7.59373E+4	2.96215E+6
1.52000E+1	4.02270E+4	4.45470E+4	4.53308E+6	1.27666E+6	7.58346E+4	2.87100E+6
1.53000E+1	4.05458E+4	4.46945E+4	4.91888E+6	1.31397E+6	7.59153E+4	2.96185E+6
1.54000E+1	4.04357E+4	4.46177E+4	4.74346E+6	1.29347E+6	7.56843E+4	2.97154E+6
1.55000E+1	4.04491E+4	4.45914E+4	4.74724E+6	1.26997E+6	7.57520E+4	3.00131E+6
1.56000E+1	4.05591E+4	4.46675E+4	4.92457E+6	1.28929E+6	7.56088E+4	2.93639E+6
1.57000E+1	4.05508E+4	4.47627E+4	4.82883E+6	1.29667E+6	7.58256E+4	2.95101E+6
1.58000E+1	4.05642E+4	4.46844E+4	4.74724E+6	1.31146E+6	7.58047E+4	2.95191E+6
1.59000E+1	4.09465E+4	4.48857E+4	4.54695E+6	1.26901E+6	7.54966E+4	2.88672E+6
1.60000E+1	4.07637E+4	4.49486E+4	4.61615E+6	1.29197E+6	7.58256E+4	2.92544E+6
1.61000E+1	4.07459E+4	4.48120E+4	4.84374E+6	1.27550E+6	7.54718E+4	2.88557E+6
1.62000E+1	4.07867E+4	4.49635E+4	4.66392E+6	1.28544E+6	7.56893E+4	2.93253E+6
1.63000E+1	4.08902E+4	4.50624E+4	4.91078E+6	1.29047E+6	7.59233E+4	2.91486E+6
1.64000E+1	4.06904E+4	4.50407E+4	4.46561E+6	1.29579E+6	7.59662E+4	2.98743E+6
1.65000E+1	4.07318E+4	4.52198E+4	4.93598E+6	1.29091E+6	7.58047E+4	2.94413E+6
1.66000E+1	4.08033E+4	4.53055E+4	4.93272E+6	1.27831E+6	7.57868E+4	3.00659E+6
1.67000E+1	4.06247E+4	4.51967E+4	4.91726E+6	1.27028E+6	7.55403E+4	3.02567E+6
1.68000E+1	4.07618E+4	4.53150E+4	4.83824E+6	1.27586E+6	7.58047E+4	3.00317E+6
1.69000E+1	4.07484E+4	4.52525E+4	4.99216E+6	1.29422E+6	7.55561E+4	2.82756E+6
1.70000E+1	4.06171E+4	4.51906E+4	4.75710E+6	1.29047E+6	7.56287E+4	2.97276E+6
1.71000E+1	4.07325E+4	4.52029E+4	4.69334E+6	1.30323E+6	7.57798E+4	2.89623E+6
1.72000E+1	4.04523E+4	4.56129E+4	4.68965E+6	1.29316E+6	7.55621E+4	2.95642E+6
1.73000E+1	4.04567E+4	4.54594E+4	4.72539E+6	1.28898E+6	7.56634E+4	3.05907E+6
1.74000E+1	4.03437E+4	4.52871E+4	4.57988E+6	1.28285E+6	7.54827E+4	2.97885E+6
1.75000E+1	4.05388E+4	4.54942E+4	4.93353E+6	1.30196E+6	7.56366E+4	2.91691E+6
1.76000E+1	4.02593E+4	4.54260E+4	4.58695E+6	1.29159E+6	7.57350E+4	3.05298E+6
1.77000E+1	4.03468E+4	4.54757E+4	4.77158E+6	1.26774E+6	7.56654E+4	2.84032E+6
1.78000E+1	4.04396E+4	4.57668E+4	4.86907E+6	1.27996E+6	7.57699E+4	2.95943E+6
1.79000E+1	4.04402E+4	4.56908E+4	4.84926E+6	1.27972E+6	7.56346E+4	2.85825E+6
1.80000E+1	4.02524E+4	4.58606E+4	4.77771E+6	1.25001E+6	7.57012E+4	3.03895E+6
1.81000E+1	4.04046E+4	4.57435E+4	4.79695E+6	1.27386E+6	7.57559E+4	2.92190E+6
1.82000E+1	4.05101E+4	4.58209E+4	5.03683E+6	1.27252E+6	7.55988E+4	2.94652E+6
1.83000E+1	4.04936E+4	4.59663E+4	4.57002E+6	1.27264E+6	7.55224E+4	2.90668E+6
1.84000E+1	4.01422E+4	4.57770E+4	4.64643E+6	1.26955E+6	7.54391E+4	2.86221E+6
1.85000E+1	4.04084E+4	4.60370E+4	4.83039E+6	1.29291E+6	7.59103E+4	3.06907E+6
1.86000E+1	4.03272E+4	4.60411E+4	4.76166E+6	1.28310E+6	7.57768E+4	2.89566E+6
1.87000E+1	4.04072E+4	4.58264E+4	4.40204E+6	1.26594E+6	7.55452E+4	3.00597E+6
1.88000E+1	4.02606E+4	4.60425E+4	4.56301E+6	1.26907E+6	7.55393E+4	2.90697E+6
1.89000E+1	4.03234E+4	4.60810E+4	4.82648E+6	1.30349E+6	7.56446E+4	2.90901E+6
1.90000E+1	4.03608E+4	4.60975E+4	4.44622E+6	1.28712E+6	7.54252E+4	2.82343E+6
1.91000E+1	4.05528E+4	4.61745E+4	4.83588E+6	1.29022E+6	7.57888E+4	2.93817E+6
1.92000E+1	4.03456E+4	4.64221E+4	4.64789E+6	1.30323E+6	7.60300E+4	2.94652E+6
1.93000E+1	4.02752E+4	4.61945E+4	4.63557E+6	1.28119E+6	7.57380E+4	2.95041E+6
1.94000E+1	4.05496E+4	4.60913E+4	4.78846E+6	1.29447E+6	7.57868E+4	2.95191E+6
1.95000E+1	4.05400E+4	4.62462E+4	5.01313E+6	1.28588E+6	7.56078E+4	2.98008E+6
1.96000E+1	4.05699E+4	4.64939E+4	4.61185E+6	1.28027E+6	7.55591E+4	2.90756E+6
1.97000E+1	4.05814E+4	4.63434E+4	5.34883E+6	1.30463E+6	7.54827E+4	2.99482E+6
1.98000E+1	4.05006E+4	4.63682E+4	4.69557E+6	1.25579E+6	7.54232E+4	2.85150E+6
1.99000E+1	4.07076E+4	4.64822E+4	4.95402E+6	1.26371E+6	7.54192E+4	2.91369E+6
2.00000E+1	4.04580E+4	4.64863E+4	4.87704E+6	1.26913E+6	7.54539E+4	3.02378E+6
2.01000E+1	4.06228E+4	4.65348E+4	4.69039E+6	1.26545E+6	7.54916E+4	2.83754E+6
2.02000E+1	4.06782E+4	4.64311E+4	4.68965E+6	1.26126E+6	7.53845E+4	2.87898E+6
2.03000E+1	4.06406E+4	4.69100E+4	4.74875E+6	1.29203E+6	7.55532E+4	2.92898E+6
2.04000E+1	4.06693E+4	4.67024E+4	4.98549E+6	1.27167E+6	7.55095E+4	3.04371E+6
2.05000E+1	4.08187E+4	4.65638E+4	4.89064E+6	1.27709E+6	7.51826E+4	3.00970E+6
2.06000E+1	4.04968E+4	4.66822E+4	4.75027E+6	1.28724E+6	7.53518E+4	2.98528E+6
2.07000E+1	4.08040E+4	4.65610E+4	4.48788E+6	1.29022E+6	7.55373E+4	2.95522E+6
2.08000E+1	4.07586E+4	4.67294E+4	4.50558E+6	1.27300E+6	7.53538E+4	2.89566E+6
2.09000E+1	4.08500E+4	4.68432E+4	5.22908E+6	1.28774E+6	7.56137E+4	2.98897E+6
2.10000E+1	4.08698E+4	4.67093E+4	4.56161E+6	1.30711E+6	7.59043E+4	2.97794E+6
2.11000E+1	4.07261E+4	4.69406E+4	4.75862E+6	1.31507E+6	7.55939E+4	2.88701E+6
2.12000E+1	4.09638E+4	4.67967E+4	4.72764E+6	1.26437E+6	7.56903E+4	2.82480E+6
2.13000E+1	4.07254E+4	4.70819E+4	5.01650E+6	1.27550E+6	7.60750E+4	2.90319E+6
2.14000E+1	4.08257E+4	4.69593E+4	5.20449E+6	1.29963E+6	7.56406E+4	3.01532E+6
2.15000E+1	4.07274E+4	4.69767E+4	4.48179E+6	1.30833E+6	7.57082E+4	2.96820E+6
2.16000E+1	4.07618E+4	4.73011E+4	4.66319E+6	1.28211E+6	7.52568E+4	2.83476E+6
2.17000E+1	4.07203E+4	4.72382E+4	5.36995E+6	1.30546E+6	7.52786E+4	2.98712E+6
2.18000E+1	4.06719E+4	4.71956E+4	4.69853E+6	1.27709E+6	7.51579E+4	3.00908E+6
2.19000E+1	4.10497E+4	4.72270E+4	4.57143E+6	1.28767E+6	7.52271E+4	2.90697E+6
2.20000E+1	4.09529E+4	4.72082E+4	5.02834E+6	1.30865E+6	7.57749E+4	2.97733E+6
2.21000E+1	4.07452E+4	4.71677E+4	4.87544E+6	1.30228E+6	7.54966E+4	2.91632E+6
2.22000E+1	4.07548E+4	4.72361E+4	4.48246E+6	1.27422E+6	7.54738E+4	2.88758E+6
2.23000E+1	4.10215E+4	4.72605E+4	4.69779E+6	1.30967E+6	7.57340E+4	2.94682E+6
2.24000E+1	4.06840E+4	4.74634E+4	4.90593E+6	1.30007E+6	7.56316E+4	2.90464E+6
2.25000E+1	4.09043E+4	4.74655E+4	5.00472E+6	1.30673E+6	7.53053E+4	2.88299E+6
2.26000E+1	4.10484E+4	4.74305E+4	4.57988E+6	1.29428E+6	7.52934E+4	2.99235E+6
2.27000E+1	4.08723E+4	4.74011E+4	4.76395E+6	1.30737E+6	7.53667E+4	2.89566E+6
2.28000E+1	4.08902E+4	4.76690E+4	5.08488E+6	1.30781E+6	7.52360E+4	3.06294E+6
2.29000E+1	4.09529E+4	4.76191E+4	5.19816E+6	1.31811E+6	7.53905E+4	2.98804E+6
2.30000E+1	4.10266E+4	4.74452E+4	4.62764E+6	1.27794E+6	7.54648E+4	2.92279E+6
2.31000E+1	4.09593E+4	4.76964E+4	5.11362E+6	1.30000E+6	7.55740E+4	2.97977E+6
2.32000E+1	4.08474E+4	4.77097E+4	5.04534E+6	1.32083E+6	7.55432E+4	3.03293E+6
2.33000E+1	4.10708E+4	4.77737E+4	4.86351E+6	1.27733E+6	7.48993E+4	2.95732E+6
2.34000E+1	4.08960E+4	4.78772E+4	4.93517E+6	1.28162E+6	7.53489E+4	2.88127E+6
2.35000E+1	4.12165E+4	4.76872E+4	4.67785E+6	1.27088E+6	7.54272E+4	3.02851E+6
2.36000E+1	4.11542E+4	4.78892E+4	4.61257E+6	1.29103E+6	7.53073E+4	2.98989E+6
2.37000E+1	4.09978E+4	4.80966E+4	4.66684E+6	1.32573E+6	7.54202E+4	2.95552E+6
2.38000E+1	4.09894E+4	4.78744E+4	4.70894E+6	1.27167E+6	7.54311E+4	3.03451E+6
2.39000E+1	4.10682E+4	4.78709E+4	4.82883E+6	1.27702E+6	7.52924E+4	2.90116E+6
2.40000E+1	4.09581E+4	4.80084E+4	4.88743E+6	1.28119E+6	7.52687E+4	2.97459E+6
2.41000E+1	4.11850E+4	4.81829E+4	4.86827E+6	1.28009E+6	7.53479E+4	2.95642E+6
2.42000E+1	4.02188E+4	4.82162E+4	4.97551E+6	1.28039E+6	7.52231E+4	2.98406E+6
2.43000E+1	3.77680E+4	4.84125E+4	4.35360E+6	1.29209E+6	7.56784E+4	3.03831E+6
2.44000E+1	3.39262E+4	4.83876E+4	3.85885E+6	1.28119E+6	7.57271E+4	2.93936E+6
2.45000E+1	2.41126E+4	4.87175E+4	3.10407E+6	1.27623E+6	7.66019E+4	2.80184E+6
2.46000E+1	1.38866E+4	4.87061E+4	1.93452E+6	1.18098E+6	7.82417E+4	2.53236E+6
2.47000E+1	8.07167E+3	4.87482E+4	1.14042E+6	9.55158E+5	8.04751E+4	2.15177E+6
2.48000E+1	5.08040E+3	4.85844E+4	6.97802E+5	7.01395E+5	8.37246E+4	1.69633E+6
2.49000E+1	3.66158E+3	4.81659E+4	4.68311E+5	4.93390E+5	8.76635E+4	1.30219E+6
2.50000E+1	2.85573E+3	4.74781E+4	3.46908E+5	3.46685E+5	9.23906E+4	1.00767E+6
2.51000E+1	2.40070E+3	4.64739E+4	2.80821E+5	2.54934E+5	9.67279E+4	7.96673E+5
2.52000E+1	2.18731E+3	4.51540E+4	2.38568E+5	2.01485E+5	1.01128E+5	6.38241E+5
2.53000E+1	2.07238E+3	4.34110E+4	2.16008E+5	1.68053E+5	1.04929E+5	5.38408E+5
2.54000E+1	1.92959E+3	4.14458E+4	1.99212E+5	1.47561E+5	1.08963E+5	4.56422E+5
2.55000E+1	1.88008E+3	3.94023E+4	1.88601E+5	1.33854E+5	1.12150E+5	4.06552E+5
2.56000E+1	1.87506E+3	3.71564E+4	1.83146E+5	1.25370E+5	1.15031E+5	3.67505E+5
2.57000E+1	1.84598E+3	3.50205E+4	1.78910E+5	1.17885E+5	1.17370E+5	3.40196E+5
2.58000E+1	1.79888E+3	3.29228E+4	1.78003E+5	1.14324E+5	1.19666E+5	3.16823E+5
2.59000E+1	1.85901E+3	3.08583E+4	1.78133E+5	1.10756E+5	1.21290E+5	2.98576E+5
2.60000E+1	1.81658E+3	2.91192E+4	1.79916E+5	1.09534E+5	1.23391E+5	2.87215E+5
2.61000E+1	1.85333E+3	2.73232E+4	1.80853E+5	1.08385E+5	1.24374E+5	2.76050E+5
2.62000E+1	1.82994E+3	2.57397E+4	1.81536E+5	1.07983E+5	1.25397E+5	2.69523E+5
2.63000E+1	1.86169E+3	2.43614E+4	1.82922E+5	1.08787E+5	1.26973E+5	2.62705E+5
2.64000E+1	1.88877E+3	2.30700E+4	1.82420E+5	1.09147E+5	1.27447E+5	2.57187E+5
2.65000E+1	1.80890E+3	2.18602E+4	1.81544E+5	1.08540E+5	1.28428E+5	2.53019E+5
2.66000E+1	1.82025E+3	2.08374E+4	1.80724E+5	1.08652E+5	1.29635E+5	2.49454E+5
2.67000E+1	1.83896E+3	1.97396E+4	1.78230E+5	1.08357E+5	1.30248E+5	2.46061E+5
2.68000E+1	1.87071E+3	1.88474E+4	1.75908E+5	1.08096E+5	1.31305E+5	2.41981E+5
2.69000E+1	1.83829E+3	1.80321E+4	1.74427E+5	1.06256E+5	1.32354E+5	2.39505E+5
2.70000E+1	1.79387E+3	1.73002E+4	1.73641E+5	1.05762E+5	1.32861E+5	2.35763E+5
2.71000E+1	1.76718E+3	1.64932E+4	1.73214E+5	1.05535E+5	1.33676E+5	2.32632E+5
2.72000E+1	1.76984E+3	1.58536E+4	1.72032E+5	1.05022E+5	1.34414E+5	2.31191E+5
2.73000E+1	1.82794E+3	1.51949E+4	1.69406E+5	1.04972E+5	1.35144E+5	2.27958E+5
2.74000E+1	1.78853E+3	1.45771E+4	1.68337E+5	1.03770E+5	1.35342E+5	2.25872E+5
2.75000E+1	1.76984E+3	1.39755E+4	1.70274E+5	1.03498E+5	1.36771E+5	2.25639E+5
2.76000E+1	1.79721E+3	1.34261E+4	1.68986E+5	1.02877E+5	1.36971E+5	2.23400E+5
2.77000E+1	1.80155E+3	1.29646E+4	1.68967E+5	1.02915E+5	1.37750E+5	2.21977E+5
2.78000E+1	1.76551E+3	1.25101E+4	1.67802E+5	1.02339E+5	1.37994E+5	2.20438E+5
2.79000E+1	1.79688E+3	1.20779E+4	1.65065E+5	1.02460E+5	1.39412E+5	2.19413E+5
2.80000E+1	1.76984E+3	1.17100E+4	1.60855E+5	1.01986E+5	1.39253E+5	2.17145E+5
2.81000E+1	1.70815E+3	1.13082E+4	1.56409E+5	1.00071E+5	1.39817E+5	2.13880E+5
2.82000E+1	1.68216E+3	1.09200E+4	1.52996E+5	9.87765E+4	1.41066E+5	2.12163E+5
2.83000E+1	1.68516E+3	1.05746E+4	1.52760E+5	9.69989E+4	1.41592E+5	2.11271E+5
2.84000E+1	1.68450E+3	1.02021E+4	1.51790E+5	9.59233E+4	1.42146E+5	2.10235E+5
2.85000E+1	1.73049E+3	9.90124E+3	1.51671E+5	9.48227E+4	1.42218E+5	2.07387E+5
2.86000E+1	1.68316E+3	9.62992E+3	1.51700E+5	9.44225E+4	1.43267E+5	2.06618E+5
2.87000E+1	1.73716E+3	9.29447E+3	1.51101E+5	9.36281E+4	1.43791E+5	2.04167E+5
2.88000E+1	1.66252E+3	9.07325E+3	1.49593E+5	9.37393E+4	1.44386E+5	2.03527E+5
2.89000E+1	1.67883E+3	8.79951E+3	1.49002E+5	9.35267E+4	1.44465E+5	2.03071E+5
2.90000E+1	1.68749E+3	8.51462E+3	1.45933E+5	9.25017E+4	1.44631E+5	2.00926E+5
2.91000E+1	1.61393E+3	8.31695E+3	1.43672E+5	9.17797E+4	1.45542E+5	2.00285E+5
2.92000E+1	1.57801E+3	8.09327E+3	1.40528E+5	9.12975E+4	1.46523E+5	1.99289E+5
2.93000E+1	1.61492E+3	7.83491E+3	1.38286E+5	9.01106E+4	1.46862E+5	1.97283E+5
2.94000E+1	1.63222E+3	7.70395E+3	1.36203E+5	8.89936E+4	1.46872E+5	1.95140E+5
2.95000E+1	1.60628E+3	7.49805E+3	1.35300E+5	8.80729E+4	1.48006E+5	1.94779E+5
2.96000E+1	1.61825E+3	7.24400E+3	1.34823E+5	8.74528E+4	1.48216E+5	1.93502E+5
2.97000E+1	1.55209E+3	7.11891E+3	1.33593E+5	8.61487E+4	1.48564E+5	1.91926E+5
2.98000E+1	1.56006E+3	6.91303E+3	1.33347E+5	8.56155E+4	1.48853E+5	1.89789E+5
2.99000E+1	1.59397E+3	6.75345E+3	1.34422E+5	8.56211E+4	1.49447E+5	1.89325E+5
3.00000E+1	1.59364E+3	6.66137E+3	1.34571E+5	8.55911E+4	1.49935E+5	1.89716E+5
3.01000E+1	1.58599E+3	6.48391E+3	1.34642E+5	8.43894E+4	1.49919E+5	1.87849E+5
3.02000E+1	1.60228E+3	6.39704E+3	1.34607E+5	8.44584E+4	1.50520E+5	1.87715E+5
3.03000E+1	1.56837E+3	6.27464E+3	1.34756E+5	8.45363E+4	1.50885E+5	1.87836E+5
3.04000E+1	1.62623E+3	6.06728E+3	1.35454E+5	8.43161E+4	1.51407E+5	1.85784E+5
3.05000E+1	1.59430E+3	6.02416E+3	1.36375E+5	8.44080E+4	1.51664E+5	1.87146E+5
3.06000E+1	1.58799E+3	5.90190E+3	1.37197E+5	8.45769E+4	1.51584E+5	1.86085E+5
3.07000E+1	1.61725E+3	5.80479E+3	1.38361E+5	8.46790E+4	1.51962E+5	1.85097E+5
3.08000E+1	1.57668E+3	5.67260E+3	1.39042E+5	8.49519E+4	1.52015E+5	1.85627E+5
3.09000E+1	1.64454E+3	5.60716E+3	1.38765E+5	8.50744E+4	1.52206E+5	1.86833E+5
3.10000E+1	1.57801E+3	5.47833E+3	1.39675E+5	8.52732E+4	1.52483E+5	1.86362E+5
3.11000E+1	1.61259E+3	5.42172E+3	1.39877E+5	8.49905E+4	1.52081E+5	1.86536E+5
3.12000E+1	1.65852E+3	5.36196E+3	1.40912E+5	8.58044E+4	1.52908E+5	1.85162E+5
3.13000E+1	1.57236E+3	5.26585E+3	1.40987E+5	8.56788E+4	1.52779E+5	1.84827E+5
3.14000E+1	1.63655E+3	5.18166E+3	1.41130E+5	8.60784E+4	1.53276E+5	1.85742E+5
3.15000E+1	1.57070E+3	5.16135E+3	1.40219E+5	8.56178E+4	1.53164E+5	1.85235E+5
3.16000E+1	1.63422E+3	5.03431E+3	1.40699E+5	8.53639E+4	1.53845E+5	1.85671E+5
3.17000E+1	1.64853E+3	4.99914E+3	1.41012E+5	8.53307E+4	1.53476E+5	1.86035E+5
3.18000E+1	1.64154E+3	4.90723E+3	1.41475E+5	8.57333E+4	1.54143E+5	1.85445E+5
3.19000E+1	1.62158E+3	4.87214E+3	1.43109E+5	8.55501E+4	1.54174E+5	1.84785E+5
3.20000E+1	1.60993E+3	4.82397E+3	1.45140E+5	8.62146E+4	1.54157E+5	1.86907E+5
3.21000E+1	1.66385E+3	4.73837E+3	1.45285E+5	8.68772E+4	1.53947E+5	1.86888E+5
3.22000E+1	1.62391E+3	4.65186E+3	1.44549E+5	8.67108E+4	1.54134E+5	1.85940E+5
3.23000E+1	1.61659E+3	4.63210E+3	1.42562E+5	8.70597E+4	1.54635E+5	1.86724E+5
3.24000E+1	1.60361E+3	4.58415E+3	1.39753E+5	8.74245E+4	1.54103E+5	1.85220E+5
3.25000E+1	1.61792E+3	4.58556E+3	1.36365E+5	8.67288E+4	1.55231E+5	1.85629E+5
3.26000E+1	1.58932E+3	4.46097E+3	1.33337E+5	8.65212E+4	1.55404E+5	1.85861E+5
3.27000E+1	1.60328E+3	4.46554E+3	1.30886E+5	8.55135E+4	1.55338E+5	1.84535E+5
3.28000E+1	1.54013E+3	4.41809E+3	1.29964E+5	8.39883E+4	1.55972E+5	1.84009E+5
3.29000E+1	1.54113E+3	4.36999E+3	1.28238E+5	8.34533E+4	1.56580E+5	1.83337E+5
3.30000E+1	1.55209E+3	4.35806E+3	1.27770E+5	8.27362E+4	1.56985E+5	1.83040E+5
3.31000E+1	1.52817E+3	4.28163E+3	1.25142E+5	8.19680E+4	1.57518E+5	1.80800E+5
3.32000E+1	1.54113E+3	4.21511E+3	1.23880E+5	8.16879E+4	1.58309E+5	1.80693E+5
3.33000E+1	1.50095E+3	4.16789E+3	1.22202E+5	8.14288E+4	1.58120E+5	1.79765E+5
3.34000E+1	1.52751E+3	4.14972E+3	1.20811E+5	8.07726E+4	1.58675E+5	1.79261E+5
3.35000E+1	1.51290E+3	4.11234E+3	1.18871E+5	7.98926E+4	1.58841E+5	1.77896E+5
3.36000E+1	1.48137E+3	4.06836E+3	1.17810E+5	7.92040E+4	1.58880E+5	1.78058E+5
3.37000E+1	1.49166E+3	4.01500E+3	1.16704E+5	7.88241E+4	1.59358E+5	1.77172E+5
3.38000E+1	1.47673E+3	4.00942E+3	1.16089E+5	7.75069E+4	1.60154E+5	1.76434E+5
3.39000E+1	1.45384E+3	3.98712E+3	1.16766E+5	7.75029E+4	1.60691E+5	1.75433E+5
3.40000E+1	1.50062E+3	3.96205E+3	1.18185E+5	7.70907E+4	1.60923E+5	1.73993E+5
3.41000E+1	1.50228E+3	3.90428E+3	1.19434E+5	7.70826E+4	1.60737E+5	1.74127E+5
3.42000E+1	1.50991E+3	3.85526E+3	1.23000E+5	7.75983E+4	1.61196E+5	1.74721E+5
3.43000E+1	1.52851E+3	3.82434E+3	1.25761E+5	7.77163E+4	1.61433E+5	1.74723E+5
3.44000E+1	1.56472E+3	3.78164E+3	1.28426E+5	7.84858E+4	1.60617E+5	1.75545E+5
3.45000E+1	1.60395E+3	3.77019E+3	1.31784E+5	7.91440E+4	1.60735E+5	1.75352E+5
3.46000E+1	1.61293E+3	3.77054E+3	1.34313E+5	8.01432E+4	1.61068E+5	1.77541E+5
3.47000E+1	1.61459E+3	3.76950E+3	1.36138E+5	8.09676E+4	1.59920E+5	1.77075E+5
3.48000E+1	1.64421E+3	3.74037E+3	1.35675E+5	8.17826E+4	1.60228E+5	1.78280E+5
3.49000E+1	1.61758E+3	3.66345E+3	1.36572E+5	8.34555E+4	1.59890E+5	1.78930E+5
3.50000E+1	1.57402E+3	3.64961E+3	1.36332E+5	8.40363E+4	1.59770E+5	1.78675E+5
3.51000E+1	1.59630E+3	3.65203E+3	1.36727E+5	8.39774E+4	1.59794E+5	1.80209E+5
3.52000E+1	1.59331E+3	3.64026E+3	1.36984E+5	8.43993E+4	1.59419E+5	1.79629E+5
3.53000E+1	1.61858E+3	3.64026E+3	1.35760E+5	8.46746E+4	1.59864E+5	1.79684E+5
3.54000E+1	1.60129E+3	3.60532E+3	1.35074E+5	8.47021E+4	1.59786E+5	1.79151E+5
3.55000E+1	1.61426E+3	3.62954E+3	1.35892E+5	8.42712E+4	1.60250E+5	1.79808E+5
3.56000E+1	1.60927E+3	3.58977E+3	1.36491E+5	8.43566E+4	1.60518E+5	1.80475E+5
3.57000E+1	1.58632E+3	3.59426E+3	1.33688E+5	8.48781E+4	1.60354E+5	1.79214E+5
3.58000E+1	1.62457E+3	3.48305E+3	1.32354E+5	8.46076E+4	1.61051E+5	1.79088E+5
3.59000E+1	1.60993E+3	3.52826E+3	1.30771E+5	8.46494E+4	1.60284E+5	1.78767E+5
3.60000E+1	1.55807E+3	3.46753E+3	1.29532E+5	8.35053E+4	1.61018E+5	1.78158E+5
3.61000E+1	1.53847E+3	3.49133E+3	1.28855E+5	8.39349E+4	1.60647E+5	1.78315E+5
3.62000E+1	1.55375E+3	3.47029E+3	1.27809E+5	8.32616E+4	1.61493E+5	1.77924E+5
3.63000E+1	1.59563E+3	3.42099E+3	1.27971E+5	8.26641E+4	1.61354E+5	1.76732E+5
3.64000E+1	1.55209E+3	3.44960E+3	1.26355E+5	8.20310E+4	1.60897E+5	1.76756E+5
3.65000E+1	1.54345E+3	3.39412E+3	1.25077E+5	8.17518E+4	1.61435E+5	1.77070E+5
3.66000E+1	1.55741E+3	3.42650E+3	1.24702E+5	8.16124E+4	1.61925E+5	1.76082E+5
3.67000E+1	1.54744E+3	3.35865E+3	1.22868E+5	8.07316E+4	1.61954E+5	1.76374E+5
3.68000E+1	1.52685E+3	3.36692E+3	1.22175E+5	8.00878E+4	1.61943E+5	1.74840E+5
3.69000E+1	1.54412E+3	3.33285E+3	1.21557E+5	8.02164E+4	1.62908E+5	1.74755E+5
3.70000E+1	1.55541E+3	3.33216E+3	1.20791E+5	7.93707E+4	1.62435E+5	1.74388E+5
3.71000E+1	1.48203E+3	3.31909E+3	1.20987E+5	7.89633E+4	1.63267E+5	1.73166E+5
3.72000E+1	1.56306E+3	3.28299E+3	1.21731E+5	7.87561E+4	1.63006E+5	1.73619E+5
3.73000E+1	1.52718E+3	3.28334E+3	1.22695E+5	7.81119E+4	1.63238E+5	1.73046E+5
3.74000E+1	1.55874E+3	3.21808E+3	1.24030E+5	7.86604E+4	1.63972E+5	1.73294E+5
3.75000E+1	1.58200E+3	3.24692E+3	1.24103E+5	7.86399E+4	1.63775E+5	1.72641E+5
3.76000E+1	1.54013E+3	3.24864E+3	1.24397E+5	7.84673E+4	1.63768E+5	1.73085E+5
3.77000E+1	1.55143E+3	3.22906E+3	1.24738E+5	7.88581E+4	1.63209E+5	1.73275E+5
3.78000E+1	1.53282E+3	3.20229E+3	1.26633E+5	7.93770E+4	1.63696E+5	1.73708E+5
3.79000E+1	1.56040E+3	3.21259E+3	1.27517E+5	7.95824E+4	1.63674E+5	1.72912E+5
3.80000E+1	1.56173E+3	3.18102E+3	1.28849E+5	7.96926E+4	1.63213E+5	1.73068E+5
3.81000E+1	1.56638E+3	3.22289E+3	1.31472E+5	7.96833E+4	1.63455E+5	1.74531E+5
3.82000E+1	1.61991E+3	3.17759E+3	1.33658E+5	8.05917E+4	1.63341E+5	1.74085E+5
3.83000E+1	1.57203E+3	3.14674E+3	1.35541E+5	8.11937E+4	1.63204E+5	1.74697E+5
3.84000E+1	1.65819E+3	3.12583E+3	1.37872E+5	8.15901E+4	1.62639E+5	1.74881E+5
3.85000E+1	1.65486E+3	3.13131E+3	1.40262E+5	8.30292E+4	1.63332E+5	1.76367E+5
3.86000E+1	1.64054E+3	3.10528E+3	1.41655E+5	8.35487E+4	1.62076E+5	1.77147E+5
3.87000E+1	1.68250E+3	3.14605E+3	1.44282E+5	8.46120E+4	1.62357E+5	1.78280E+5
3.88000E+1	1.65053E+3	3.16113E+3	1.45866E+5	8.52732E+4	1.61731E+5	1.78257E+5
3.89000E+1	1.71215E+3	3.16285E+3	1.46456E+5	8.68615E+4	1.61892E+5	1.80032E+5
3.90000E+1	1.69916E+3	3.11521E+3	1.44080E+5	8.70416E+4	1.61612E+5	1.80313E+5
3.91000E+1	1.62124E+3	3.09877E+3	1.43900E+5	8.74720E+4	1.61334E+5	1.80321E+5
3.92000E+1	1.66451E+3	3.12275E+3	1.43311E+5	8.76182E+4	1.62177E+5	1.81225E+5
3.93000E+1	1.64887E+3	3.07652E+3	1.41883E+5	8.76999E+4	1.62173E+5	1.81301E+5
3.94000E+1	1.62890E+3	3.12001E+3	1.40156E+5	8.72526E+4	1.61804E+5	1.80511E+5
3.95000E+1	1.62424E+3	3.09158E+3	1.38052E+5	8.67277E+4	1.61402E+5	1.80680E+5
3.96000E+1	1.62590E+3	3.07857E+3	1.35969E+5	8.67075E+4	1.61963E+5	1.80582E+5
3.97000E+1	1.60361E+3	3.04025E+3	1.33479E+5	8.62381E+4	1.63046E+5	1.79782E+5
3.98000E+1	1.58799E+3	3.07583E+3	1.29303E+5	8.51329E+4	1.62392E+5	1.79916E+5
3.99000E+1	1.53781E+3	3.05359E+3	1.27513E+5	8.41837E+4	1.62921E+5	1.77687E+5
4.00000E+1	1.53282E+3	3.04538E+3	1.25165E+5	8.32562E+4	1.62808E+5	1.77159E+5
4.01000E+1	1.55774E+3	3.03409E+3	1.24194E+5	8.17347E+4	1.63766E+5	1.76687E+5
4.02000E+1	1.54810E+3	3.05804E+3	1.24162E+5	8.17028E+4	1.64271E+5	1.75834E+5
4.03000E+1	1.53282E+3	3.02725E+3	1.23909E+5	8.07358E+4	1.63862E+5	1.74911E+5
4.04000E+1	1.55508E+3	3.01973E+3	1.25597E+5	8.02875E+4	1.64930E+5	1.75469E+5
4.05000E+1	1.58965E+3	3.01152E+3	1.27779E+5	8.01547E+4	1.64618E+5	1.75433E+5
4.06000E+1	1.56605E+3	3.00058E+3	1.28783E+5	8.04888E+4	1.64751E+5	1.75220E+5
4.07000E+1	1.62790E+3	2.98760E+3	1.31603E+5	8.06075E+4	1.65088E+5	1.74918E+5
4.08000E+1	1.61426E+3	3.01597E+3	1.33581E+5	8.12794E+4	1.64627E+5	1.76357E+5
4.09000E+1	1.61758E+3	3.00298E+3	1.34442E+5	8.16783E+4	1.63750E+5	1.75998E+5
4.10000E+1	1.62224E+3	2.97666E+3	1.37477E+5	8.22619E+4	1.64276E+5	1.77087E+5
4.11000E+1	1.66018E+3	2.96471E+3	1.39415E+5	8.37791E+4	1.64170E+5	1.77578E+5
4.12000E+1	1.65153E+3	2.96471E+3	1.42196E+5	8.38847E+4	1.63638E+5	1.78031E+5
4.13000E+1	1.68083E+3	2.92135E+3	1.45810E+5	8.48748E+4	1.64107E+5	1.80194E+5
4.14000E+1	1.67983E+3	2.92408E+3	1.47770E+5	8.59837E+4	1.62746E+5	1.79795E+5
4.15000E+1	1.69949E+3	2.95207E+3	1.51780E+5	8.70326E+4	1.63120E+5	1.81538E+5
4.16000E+1	1.73916E+3	2.94217E+3	1.54952E+5	8.82086E+4	1.62494E+5	1.83747E+5
4.17000E+1	1.71815E+3	2.93603E+3	1.59368E+5	8.95650E+4	1.62421E+5	1.83700E+5
4.18000E+1	1.81558E+3	2.93125E+3	1.63889E+5	9.10185E+4	1.62219E+5	1.85411E+5
4.19000E+1	1.78119E+3	2.91077E+3	1.69682E+5	9.23669E+4	1.61649E+5	1.86820E+5
4.20000E+1	1.81825E+3	2.92135E+3	1.73706E+5	9.39596E+4	1.60772E+5	1.88574E+5
4.21000E+1	1.84698E+3	2.93978E+3	1.80199E+5	9.58294E+4	1.60801E+5	1.90190E+5
4.22000E+1	1.88208E+3	2.93671E+3	1.86045E+5	9.74538E+4	1.60372E+5	1.92705E+5
4.23000E+1	1.92624E+3	2.95105E+3	1.91824E+5	1.00333E+5	1.59677E+5	1.93916E+5
4.24000E+1	1.96475E+3	2.96676E+3	1.97985E+5	1.02103E+5	1.58742E+5	1.97756E+5
4.25000E+1	1.99792E+3	2.96163E+3	2.00926E+5	1.04392E+5	1.58275E+5	1.98105E+5
4.26000E+1	1.95838E+3	2.97564E+3	2.02168E+5	1.06594E+5	1.58615E+5	2.00506E+5
4.27000E+1	1.97078E+3	2.97564E+3	1.99301E+5	1.08725E+5	1.57884E+5	2.02870E+5
4.28000E+1	1.94164E+3	3.01118E+3	1.95093E+5	1.09905E+5	1.57835E+5	2.03753E+5
4.29000E+1	1.93361E+3	2.96095E+3	1.89968E+5	1.09830E+5	1.57555E+5	2.03361E+5
4.30000E+1	1.88442E+3	2.98145E+3	1.83425E+5	1.09277E+5	1.56412E+5	2.04161E+5
4.31000E+1	1.85701E+3	2.98213E+3	1.80988E+5	1.08297E+5	1.57473E+5	2.04668E+5
4.32000E+1	1.88309E+3	2.96573E+3	1.79866E+5	1.06977E+5	1.57388E+5	2.05019E+5
4.33000E+1	1.89981E+3	2.95241E+3	1.78425E+5	1.05541E+5	1.57540E+5	2.03355E+5
4.34000E+1	1.87205E+3	2.97222E+3	1.78547E+5	1.04677E+5	1.57467E+5	2.04027E+5
4.35000E+1	1.85768E+3	3.00981E+3	1.76710E+5	1.04704E+5	1.57811E+5	2.03622E+5
4.36000E+1	1.86704E+3	2.97735E+3	1.74303E+5	1.04123E+5	1.57647E+5	2.05186E+5
4.37000E+1	1.83595E+3	2.93637E+3	1.69642E+5	1.03773E+5	1.57296E+5	2.02409E+5
4.38000E+1	1.85467E+3	2.93603E+3	1.68734E+5	1.02742E+5	1.57668E+5	2.02356E+5
4.39000E+1	1.82159E+3	2.97598E+3	1.69007E+5	1.02342E+5	1.58163E+5	2.03777E+5
4.40000E+1	1.84264E+3	2.96437E+3	1.68258E+5	1.01820E+5	1.58636E+5	2.02542E+5
4.41000E+1	1.85600E+3	2.98486E+3	1.67182E+5	1.01029E+5	1.58032E+5	2.01107E+5
4.42000E+1	1.82860E+3	2.96881E+3	1.65158E+5	1.00729E+5	1.58817E+5	2.00722E+5
4.43000E+1	1.81291E+3	2.99717E+3	1.63045E+5	1.00278E+5	1.58690E+5	2.01238E+5
4.44000E+1	1.78286E+3	2.94832E+3	1.60046E+5	9.99855E+4	1.58962E+5	2.00489E+5
4.45000E+1	1.76184E+3	2.98350E+3	1.56755E+5	9.84232E+4	1.59001E+5	2.00219E+5
4.46000E+1	1.74683E+3	2.99922E+3	1.55710E+5	9.79033E+4	1.59471E+5	1.99813E+5
4.47000E+1	1.75683E+3	2.97086E+3	1.54550E+5	9.75745E+4	1.59634E+5	1.98105E+5
4.48000E+1	1.73916E+3	2.99136E+3	1.52999E+5	9.60496E+4	1.59712E+5	1.97437E+5
4.49000E+1	1.73849E+3	2.97120E+3	1.54327E+5	9.55777E+4	1.59977E+5	1.97420E+5
4.50000E+1	1.78586E+3	2.99785E+3	1.55300E+5	9.56122E+4	1.59892E+5	1.96454E+5
4.51000E+1	1.78286E+3	2.93091E+3	1.58907E+5	9.55728E+4	1.60008E+5	1.97428E+5
4.52000E+1	1.78386E+3	2.98486E+3	1.60380E+5	9.58603E+4	1.60008E+5	1.96502E+5
4.53000E+1	1.82961E+3	2.96812E+3	1.62663E+5	9.58257E+4	1.59849E+5	1.97067E+5
4.54000E+1	1.82927E+3	2.95344E+3	1.65097E+5	9.68228E+4	1.60252E+5	1.98237E+5
4.55000E+1	1.81157E+3	2.93534E+3	1.66211E+5	9.81699E+4	1.59966E+5	1.98889E+5
4.56000E+1	1.81291E+3	2.90941E+3	1.66948E+5	9.85197E+4	1.59364E+5	1.98254E+5
4.57000E+1	1.83295E+3	2.96334E+3	1.67738E+5	9.96022E+4	1.59744E+5	1.98524E+5
4.58000E+1	1.80656E+3	2.95754E+3	1.66039E+5	9.93177E+4	1.58997E+5	1.99113E+5
4.59000E+1	1.84631E+3	2.95822E+3	1.66698E+5	9.98155E+4	1.59414E+5	1.99929E+5
4.60000E+1	1.84899E+3	2.98452E+3	1.66551E+5	9.96279E+4	1.59432E+5	1.99520E+5
4.61000E+1	1.84264E+3	2.97359E+3	1.68242E+5	1.00103E+5	1.59025E+5	2.00570E+5
4.62000E+1	1.89847E+3	2.97530E+3	1.69406E+5	9.96446E+4	1.59380E+5	2.00469E+5
4.63000E+1	1.88108E+3	2.93671E+3	1.70055E+5	1.00540E+5	1.59098E+5	2.01314E+5
4.64000E+1	1.86971E+3	2.89167E+3	1.71131E+5	1.00459E+5	1.59083E+5	2.01177E+5
4.65000E+1	1.85367E+3	2.91111E+3	1.71442E+5	1.00667E+5	1.59291E+5	2.02465E+5
4.66000E+1	1.85600E+3	2.96334E+3	1.70970E+5	1.01418E+5	1.58815E+5	2.02406E+5
4.67000E+1	1.87372E+3	2.93603E+3	1.70385E+5	1.01109E+5	1.58272E+5	2.02171E+5
4.68000E+1	1.85935E+3	2.92544E+3	1.70178E+5	1.01312E+5	1.59312E+5	2.03003E+5
4.69000E+1	1.89379E+3	2.95549E+3	1.68839E+5	1.01036E+5	1.58787E+5	2.01288E+5
4.70000E+1	1.84431E+3	2.94081E+3	1.67327E+5	1.00973E+5	1.59014E+5	2.01986E+5
4.71000E+1	1.85099E+3	2.99648E+3	1.67217E+5	1.01039E+5	1.58878E+5	2.02825E+5
4.72000E+1	1.84163E+3	2.92681E+3	1.65230E+5	1.00624E+5	1.58634E+5	2.02065E+5
4.73000E+1	1.74983E+3	2.94149E+3	1.64615E+5	1.00550E+5	1.59799E+5	2.01271E+5
4.74000E+1	1.81190E+3	2.91760E+3	1.62769E+5	1.00064E+5	1.60241E+5	2.00364E+5
4.75000E+1	1.79788E+3	2.96027E+3	1.60574E+5	9.98129E+4	1.59753E+5	2.01072E+5
4.76000E+1	1.82059E+3	2.97325E+3	1.60007E+5	9.89740E+4	1.59842E+5	2.00815E+5
4.77000E+1	1.82927E+3	2.95071E+3	1.60967E+5	9.83966E+4	1.60147E+5	1.99659E+5
4.78000E+1	1.82326E+3	2.94968E+3	1.60330E+5	9.84258E+4	1.59988E+5	1.99263E+5
4.79000E+1	1.78620E+3	2.95856E+3	1.59935E+5	9.82420E+4	1.59944E+5	1.99457E+5
4.80000E+1	1.82293E+3	2.93295E+3	1.60338E+5	9.73772E+4	1.60674E+5	1.99677E+5
4.81000E+1	1.79554E+3	2.94183E+3	1.61237E+5	9.77898E+4	1.60709E+5	1.98504E+5
4.82000E+1	1.78086E+3	2.89883E+3	1.61054E+5	9.73835E+4	1.60289E+5	1.98710E+5
4.83000E+1	1.76050E+3	2.92920E+3	1.61061E+5	9.72192E+4	1.60274E+5	1.99512E+5
4.84000E+1	1.82293E+3	2.95173E+3	1.62033E+5	9.72970E+4	1.60544E+5	1.98676E+5
4.85000E+1	1.85066E+3	2.97461E+3	1.61477E+5	9.76928E+4	1.60446E+5	1.98823E+5
4.86000E+1	1.79554E+3	2.99717E+3	1.62436E+5	9.77243E+4	1.60586E+5	1.99154E+5
4.87000E+1	1.80189E+3	2.95344E+3	1.63161E+5	9.73484E+4	1.60571E+5	1.98938E+5
4.88000E+1	1.83028E+3	2.96710E+3	1.64442E+5	9.80636E+4	1.61051E+5	2.00190E+5
4.89000E+1	1.82660E+3	2.98384E+3	1.63476E+5	9.73208E+4	1.59907E+5	1.98843E+5
4.90000E+1	1.79688E+3	2.95924E+3	1.63454E+5	9.79942E+4	1.60446E+5	1.99367E+5
4.91000E+1	1.83930E+3	2.92510E+3	1.64118E+5	9.80990E+4	1.60700E+5	1.99390E+5
4.92000E+1	1.81591E+3	2.94763E+3	1.63718E+5	9.82066E+4	1.60507E+5	1.99168E+5
4.93000E+1	1.80923E+3	2.95583E+3	1.65185E+5	9.79197E+4	1.60717E+5	1.99836E+5
4.94000E+1	1.83295E+3	2.95515E+3	1.65518E+5	9.85222E+4	1.60676E+5	2.00396E+5
4.95000E+1	1.85233E+3	2.98213E+3	1.66197E+5	9.86798E+4	1.60783E+5	1.99243E+5
4.96000E+1	1.86971E+3	2.89610E+3	1.65814E+5	9.84435E+4	1.60376E+5	1.99778E+5
4.97000E+1	1.83996E+3	2.90429E+3	1.65038E+5	9.87714E+4	1.60186E+5	2.00891E+5
4.98000E+1	1.80122E+3	2.96266E+3	1.61704E+5	9.85756E+4	1.60614E+5	1.99787E+5
4.99000E+1	1.77618E+3	2.97769E+3	1.56770E+5	9.82939E+4	1.60689E+5	1.99235E+5
5.00000E+1	1.74916E+3	2.94866E+3	1.52258E+5	9.73735E+4	1.60711E+5	1.97962E+5
5.01000E+1	1.70015E+3	2.94798E+3	1.48486E+5	9.58170E+4	1.61665E+5	1.98248E+5
5.02000E+1	1.69349E+3	2.93056E+3	1.43907E+5	9.41902E+4	1.61570E+5	1.95413E+5
5.03000E+1	1.68283E+3	2.99751E+3	1.40450E+5	9.24432E+4	1.62087E+5	1.95098E+5
5.04000E+1	1.65186E+3	2.95754E+3	1.38092E+5	9.11550E+4	1.62293E+5	1.93106E+5
5.05000E+1	1.61758E+3	2.89167E+3	1.35352E+5	8.95013E+4	1.62910E+5	1.92253E+5
5.06000E+1	1.64787E+3	2.88655E+3	1.33409E+5	8.77476E+4	1.62984E+5	1.89640E+5
5.07000E+1	1.62923E+3	2.96778E+3	1.32676E+5	8.68761E+4	1.63833E+5	1.88679E+5
5.08000E+1	1.60328E+3	2.96266E+3	1.30463E+5	8.60506E+4	1.64251E+5	1.88140E+5
5.09000E+1	1.58499E+3	2.90258E+3	1.29768E+5	8.52456E+4	1.64098E+5	1.86692E+5
5.10000E+1	1.59364E+3	2.88417E+3	1.31475E+5	8.42646E+4	1.64429E+5	1.85380E+5
5.11000E+1	1.64054E+3	2.94251E+3	1.35985E+5	8.38891E+4	1.64625E+5	1.84642E+5
5.12000E+1	1.67550E+3	2.87871E+3	1.42181E+5	8.33460E+4	1.64087E+5	1.85516E+5
5.13000E+1	1.74382E+3	2.86882E+3	1.52375E+5	8.42154E+4	1.63535E+5	1.84934E+5
5.14000E+1	1.74082E+3	2.85314E+3	1.61316E+5	8.53451E+4	1.63151E+5	1.85921E+5
5.15000E+1	1.82159E+3	2.86439E+3	1.70790E+5	8.66020E+4	1.62526E+5	1.87308E+5
5.16000E+1	1.91587E+3	2.86848E+3	1.82445E+5	8.93995E+4	1.61121E+5	1.88585E+5
5.17000E+1	1.98451E+3	2.86916E+3	1.93460E+5	9.20372E+4	1.60101E+5	1.90990E+5
5.18000E+1	2.05560E+3	2.87939E+3	2.06343E+5	9.47396E+4	1.59040E+5	1.92907E+5
5.19000E+1	2.16107E+3	2.88758E+3	2.22322E+5	9.86188E+4	1.57555E+5	1.95508E+5
5.20000E+1	2.21490E+3	2.89133E+3	2.37846E+5	1.03230E+5	1.56025E+5	1.99471E+5
5.21000E+1	2.37571E+3	2.87564E+3	2.53244E+5	1.07843E+5	1.54948E+5	2.02365E+5
5.22000E+1	2.39969E+3	2.92442E+3	2.70409E+5	1.12815E+5	1.53234E+5	2.05679E+5
5.23000E+1	2.58108E+3	2.93568E+3	2.89211E+5	1.18103E+5	1.52146E+5	2.09610E+5
5.24000E+1	2.63637E+3	2.92647E+3	3.09855E+5	1.23373E+5	1.50575E+5	2.12185E+5
5.25000E+1	2.75052E+3	2.91111E+3	3.30566E+5	1.29489E+5	1.49501E+5	2.16372E+5
5.26000E+1	2.86869E+3	2.92886E+3	3.54166E+5	1.36869E+5	1.48419E+5	2.22466E+5
5.27000E+1	3.00592E+3	2.92067E+3	3.75643E+5	1.43306E+5	1.46790E+5	2.25919E+5
5.28000E+1	3.11610E+3	2.95446E+3	4.00895E+5	1.50824E+5	1.45682E+5	2.31188E+5
5.29000E+1	3.24163E+3	2.96437E+3	4.28008E+5	1.59410E+5	1.44363E+5	2.35824E+5
5.30000E+1	3.34578E+3	3.01733E+3	4.47704E+5	1.67443E+5	1.42680E+5	2.40425E+5
5.31000E+1	3.52882E+3	3.03922E+3	4.81187E+5	1.77552E+5	1.42174E+5	2.46289E+5
5.32000E+1	3.68478E+3	3.00434E+3	5.09860E+5	1.85213E+5	1.40614E+5	2.51823E+5
5.33000E+1	3.78775E+3	3.01152E+3	5.33910E+5	1.94687E+5	1.39310E+5	2.55697E+5
5.34000E+1	3.97236E+3	3.08610E+3	5.66868E+5	2.04759E+5	1.38532E+5	2.61863E+5
5.35000E+1	4.11744E+3	3.03648E+3	5.96496E+5	2.15063E+5	1.37198E+5	2.68234E+5
5.36000E+1	4.31268E+3	3.03135E+3	6.32025E+5	2.25309E+5	1.36421E+5	2.73939E+5
5.37000E+1	4.51147E+3	3.10322E+3	6.53327E+5	2.34942E+5	1.34861E+5	2.79573E+5
5.38000E+1	4.64254E+3	3.12720E+3	6.98521E+5	2.47379E+5	1.33684E+5	2.87027E+5
5.39000E+1	4.87873E+3	3.11179E+3	7.17447E+5	2.58157E+5	1.32921E+5	2.92667E+5
5.40000E+1	4.98408E+3	3.09706E+3	7.63593E+5	2.71684E+5	1.31866E+5	3.00211E+5
5.41000E+1	5.18901E+3	3.17416E+3	7.88562E+5	2.82743E+5	1.30333E+5	3.06123E+5
5.42000E+1	5.41156E+3	3.15393E+3	8.41781E+5	2.95083E+5	1.29742E+5	3.14175E+5
5.43000E+1	5.53772E+3	3.12343E+3	8.57971E+5	3.07752E+5	1.28788E+5	3.20989E+5
5.44000E+1	5.78770E+3	3.14742E+3	8.86310E+5	3.19694E+5	1.27362E+5	3.26807E+5
5.45000E+1	6.01460E+3	3.26238E+3	9.18078E+5	3.35437E+5	1.26917E+5	3.36163E+5
5.46000E+1	6.16290E+3	3.25963E+3	9.62912E+5	3.45109E+5	1.25765E+5	3.43713E+5
5.47000E+1	6.42425E+3	3.25997E+3	1.00244E+6	3.57165E+5	1.25430E+5	3.51615E+5
5.48000E+1	6.61287E+3	3.28643E+3	1.03759E+6	3.73961E+5	1.24054E+5	3.59069E+5
5.49000E+1	6.81759E+3	3.31187E+3	1.05675E+6	3.86477E+5	1.23054E+5	3.67111E+5
5.50000E+1	7.10287E+3	3.35040E+3	1.11626E+6	3.99472E+5	1.22464E+5	3.76665E+5
5.51000E+1	7.33546E+3	3.35659E+3	1.12264E+6	4.10966E+5	1.21638E+5	3.85553E+5
5.52000E+1	7.52285E+3	3.39928E+3	1.19578E+6	4.26230E+5	1.20728E+5	3.92401E+5
5.53000E+1	7.91836E+3	3.40652E+3	1.21399E+6	4.40196E+5	1.19978E+5	4.02957E+5
5.54000E+1	8.09462E+3	3.42616E+3	1.23215E+6	4.56755E+5	1.18994E+5	4.10073E+5
5.55000E+1	8.35348E+3	3.37828E+3	1.30868E+6	4.65901E+5	1.18408E+5	4.19472E+5
5.56000E+1	8.70410E+3	3.45373E+3	1.29639E+6	4.82117E+5	1.17093E+5	4.32154E+5
5.57000E+1	9.02559E+3	3.42891E+3	1.33912E+6	4.96332E+5	1.16685E+5	4.40192E+5
5.58000E+1	9.22163E+3	3.48926E+3	1.39787E+6	5.09063E+5	1.15730E+5	4.48604E+5
5.59000E+1	9.49325E+3	3.44615E+3	1.40084E+6	5.19962E+5	1.15471E+5	4.56183E+5
5.60000E+1	9.90654E+3	3.53793E+3	1.45210E+6	5.33980E+5	1.14431E+5	4.72926E+5
5.61000E+1	1.01597E+4	3.55970E+3	1.48442E+6	5.48592E+5	1.14002E+5	4.81230E+5
5.62000E+1	1.03273E+4	3.57801E+3	1.48645E+6	5.59478E+5	1.13597E+5	4.85860E+5
5.63000E+1	1.07441E+4	3.59772E+3	1.53992E+6	5.73399E+5	1.12809E+5	5.04468E+5
5.64000E+1	1.09956E+4	3.64338E+3	1.59908E+6	5.92030E+5	1.12256E+5	5.08354E+5
5.65000E+1	1.13104E+4	3.72858E+3	1.54645E+6	5.98682E+5	1.11146E+5	5.24535E+5
5.66000E+1	1.16215E+4	3.67627E+3	1.63857E+6	6.09672E+5	1.10479E+5	5.37045E+5
5.67000E+1	1.18531E+4	3.65480E+3	1.64846E+6	6.23164E+5	1.09629E+5	5.49536E+5
5.68000E+1	1.22082E+4	3.71125E+3	1.67000E+6	6.35728E+5	1.08887E+5	5.53241E+5
5.69000E+1	1.25291E+4	3.74245E+3	1.72990E+6	6.49315E+5	1.08470E+5	5.71659E+5
5.70000E+1	1.29061E+4	3.78754E+3	1.78972E+6	6.62251E+5	1.08320E+5	5.76652E+5
5.71000E+1	1.33381E+4	3.77991E+3	1.74809E+6	6.70654E+5	1.07560E+5	5.92920E+5
5.72000E+1	1.33833E+4	3.83650E+3	1.81113E+6	6.87888E+5	1.07129E+5	5.98801E+5
5.73000E+1	1.40004E+4	3.85561E+3	1.83701E+6	6.88789E+5	1.06256E+5	6.13352E+5
5.74000E+1	1.42328E+4	3.82955E+3	1.85162E+6	7.02514E+5	1.05972E+5	6.29548E+5
5.75000E+1	1.44228E+4	3.94220E+3	1.86708E+6	7.21067E+5	1.05406E+5	6.42142E+5
5.76000E+1	1.48976E+4	3.96588E+3	1.91445E+6	7.26291E+5	1.04726E+5	6.47413E+5
5.77000E+1	1.51708E+4	3.93350E+3	1.98887E+6	7.39680E+5	1.04152E+5	6.59075E+5
5.78000E+1	1.54746E+4	3.95230E+3	1.96731E+6	7.45213E+5	1.03785E+5	6.70130E+5
5.79000E+1	1.56799E+4	3.97041E+3	1.96717E+6	7.57543E+5	1.03773E+5	6.88741E+5
5.80000E+1	1.59868E+4	4.04743E+3	1.98733E+6	7.74503E+5	1.02923E+5	7.05671E+5
5.81000E+1	1.63520E+4	4.04952E+3	2.02491E+6	7.72512E+5	1.02187E+5	7.06991E+5
5.82000E+1	1.66454E+4	4.08511E+3	2.02972E+6	7.85328E+5	1.02062E+5	7.31305E+5
5.83000E+1	1.70020E+4	4.08790E+3	2.10600E+6	7.92892E+5	1.01344E+5	7.40854E+5
5.84000E+1	1.71601E+4	4.20741E+3	2.04799E+6	8.07272E+5	1.01124E+5	7.53407E+5
5.85000E+1	1.75060E+4	4.21231E+3	2.11751E+6	8.07750E+5	1.00414E+5	7.79648E+5
5.86000E+1	1.77637E+4	4.17733E+3	2.15636E+6	8.21767E+5	1.00199E+5	7.88638E+5
5.87000E+1	1.81483E+4	4.24836E+3	2.18560E+6	8.28190E+5	9.95995E+4	7.97503E+5
5.88000E+1	1.84188E+4	4.28969E+3	2.21716E+6	8.45119E+5	9.92267E+4	8.13725E+5
5.89000E+1	1.87422E+4	4.30932E+3	2.17088E+6	8.48730E+5	9.91232E+4	8.29791E+5
5.90000E+1	1.88832E+4	4.31422E+3	2.29383E+6	8.51989E+5	9.87509E+4	8.35959E+5
5.91000E+1	1.92174E+4	4.40861E+3	2.26591E+6	8.60978E+5	9.81710E+4	8.59778E+5
5.92000E+1	1.94463E+4	4.42336E+3	2.23108E+6	8.71657E+5	9.79978E+4	8.59214E+5
5.93000E+1	1.99393E+4	4.42161E+3	2.34358E+6	8.82359E+5	9.74286E+4	8.84153E+5
5.94000E+1	1.99759E+4	4.41880E+3	2.28335E+6	8.88050E+5	9.68214E+4	9.07962E+5
5.95000E+1	2.02459E+4	4.44128E+3	2.29364E+6	8.94922E+5	9.69313E+4	9.10752E+5
5.96000E+1	2.06634E+4	4.49930E+3	2.31337E+6	9.00148E+5	9.63135E+4	9.38273E+5
5.97000E+1	2.07666E+4	4.56337E+3	2.37495E+6	9.02732E+5	9.58960E+4	9.40709E+5
5.98000E+1	2.10794E+4	4.57253E+3	2.36963E+6	9.18459E+5	9.56639E+4	9.65905E+5
5.99000E+1	2.13028E+4	4.63527E+3	2.47686E+6	9.26509E+5	9.54655E+4	9.84261E+5
6.00000E+1	2.16317E+4	4.63069E+3	2.34012E+6	9.18693E+5	9.51313E+4	9.84374E+5
6.01000E+1	2.19155E+4	4.64409E+3	2.46642E+6	9.35032E+5	9.49878E+4	1.00420E+6
6.02000E+1	2.20588E+4	4.66350E+3	2.51904E+6	9.44857E+5	9.45747E+4	1.01631E+6
6.03000E+1	2.22415E+4	4.68680E+3	2.40107E+6	9.51156E+5	9.42484E+4	1.03663E+6
6.04000E+1	2.23827E+4	4.70163E+3	2.49235E+6	9.51939E+5	9.36751E+4	1.05456E+6
6.05000E+1	2.26589E+4	4.76489E+3	2.59874E+6	9.62817E+5	9.36823E+4	1.07554E+6
6.06000E+1	2.29328E+4	4.80627E+3	2.47408E+6	9.71845E+5	9.31304E+4	1.07612E+6
6.07000E+1	2.32056E+4	4.89127E+3	2.46176E+6	9.81895E+5	9.32206E+4	1.08024E+6
6.08000E+1	2.32575E+4	4.87674E+3	2.65405E+6	9.77538E+5	9.28808E+4	1.11393E+6
6.09000E+1	2.34614E+4	4.88100E+3	2.55738E+6	9.83784E+5	9.22583E+4	1.13347E+6
6.10000E+1	2.37963E+4	5.01903E+3	2.68919E+6	9.75150E+5	9.24741E+4	1.15334E+6
6.11000E+1	2.40268E+4	4.99061E+3	2.57386E+6	9.76791E+5	9.19219E+4	1.15679E+6
6.12000E+1	2.41076E+4	5.01015E+3	2.64795E+6	9.89146E+5	9.19492E+4	1.17906E+6
6.13000E+1	2.43796E+4	5.05849E+3	2.63995E+6	1.00324E+6	9.17642E+4	1.22998E+6
6.14000E+1	2.45918E+4	5.12502E+3	2.57917E+6	9.99524E+5	9.15039E+4	1.17126E+6
6.15000E+1	2.47967E+4	5.14817E+3	2.71576E+6	1.00986E+6	9.11501E+4	1.20905E+6
6.16000E+1	2.49429E+4	5.15743E+3	2.71244E+6	1.02560E+6	9.07144E+4	1.23656E+6
6.17000E+1	2.51696E+4	5.18059E+3	2.69648E+6	1.02781E+6	9.07554E+4	1.25111E+6
6.18000E+1	2.53718E+4	5.19378E+3	2.70304E+6	1.02434E+6	9.06032E+4	1.26100E+6
6.19000E+1	2.55686E+4	5.23872E+3	2.74518E+6	1.03192E+6	9.02457E+4	1.28289E+6
6.20000E+1	2.56525E+4	5.28941E+3	2.80673E+6	1.03852E+6	9.02107E+4	1.31808E+6
6.21000E+1	2.59656E+4	5.31013E+3	2.66928E+6	1.02691E+6	8.98930E+4	1.29966E+6
6.22000E+1	2.60945E+4	5.39380E+3	2.89421E+6	1.05815E+6	8.99279E+4	1.31938E+6
6.23000E+1	2.60945E+4	5.37913E+3	2.79480E+6	1.04343E+6	8.94145E+4	1.34199E+6
6.24000E+1	2.63944E+4	5.45360E+3	2.79291E+6	1.03965E+6	8.94734E+4	1.33281E+6
6.25000E+1	2.66838E+4	5.52100E+3	2.90377E+6	1.05638E+6	8.90372E+4	1.34333E+6
6.26000E+1	2.68256E+4	5.49912E+3	2.96911E+6	1.07055E+6	8.92724E+4	1.39139E+6
6.27000E+1	2.69491E+4	5.50773E+3	3.01376E+6	1.06980E+6	8.90649E+4	1.39398E+6
6.28000E+1	2.70566E+4	5.58237E+3	2.96245E+6	1.05672E+6	8.86787E+4	1.41136E+6
6.29000E+1	2.74034E+4	5.63879E+3	2.92987E+6	1.06857E+6	8.84679E+4	1.42054E+6
6.30000E+1	2.73444E+4	5.68843E+3	2.89421E+6	1.06967E+6	8.82119E+4	1.43589E+6
6.31000E+1	2.74824E+4	5.68231E+3	2.96306E+6	1.07936E+6	8.79407E+4	1.46517E+6
6.32000E+1	2.76618E+4	5.78676E+3	2.79345E+6	1.08689E+6	8.78020E+4	1.45919E+6
6.33000E+1	2.77889E+4	5.76730E+3	3.00970E+6	1.08798E+6	8.79760E+4	1.50382E+6
6.34000E+1	2.81027E+4	5.87697E+3	3.02127E+6	1.08097E+6	8.75365E+4	1.50948E+6
6.35000E+1	2.81869E+4	5.83726E+3	3.11236E+6	1.09899E+6	8.75569E+4	1.52354E+6
6.36000E+1	2.84085E+4	5.92539E+3	3.03451E+6	1.07374E+6	8.74436E+4	1.51023E+6
6.37000E+1	2.83480E+4	5.94383E+3	3.07231E+6	1.11671E+6	8.71735E+4	1.55390E+6
6.38000E+1	2.85127E+4	5.99520E+3	3.10672E+6	1.08703E+6	8.68647E+4	1.54348E+6
6.39000E+1	2.87953E+4	6.05423E+3	3.07588E+6	1.11471E+6	8.69953E+4	1.59806E+6
6.40000E+1	2.86896E+4	6.05894E+3	2.92485E+6	1.09973E+6	8.64841E+4	1.58974E+6
6.41000E+1	2.89575E+4	6.14308E+3	3.03704E+6	1.11547E+6	8.68512E+4	1.60947E+6
6.42000E+1	2.92087E+4	6.17431E+3	3.13749E+6	1.11476E+6	8.62168E+4	1.61144E+6
6.43000E+1	2.93385E+4	6.20809E+3	3.23632E+6	1.12121E+6	8.64360E+4	1.67954E+6
6.44000E+1	2.91297E+4	6.27209E+3	2.91955E+6	1.11139E+6	8.61643E+4	1.62985E+6
6.45000E+1	2.95144E+4	6.30630E+3	2.99235E+6	1.12890E+6	8.61475E+4	1.66166E+6
6.46000E+1	2.95890E+4	6.33143E+3	3.13479E+6	1.13060E+6	8.61486E+4	1.65420E+6
6.47000E+1	2.96556E+4	6.45360E+3	3.17024E+6	1.12812E+6	8.60404E+4	1.67791E+6
6.48000E+1	2.96312E+4	6.46747E+3	3.17818E+6	1.12599E+6	8.59858E+4	1.70857E+6
6.49000E+1	2.98085E+4	6.50218E+3	3.06036E+6	1.12001E+6	8.59791E+4	1.72024E+6
6.50000E+1	2.98579E+4	6.52557E+3	3.25398E+6	1.14642E+6	8.59000E+4	1.69114E+6
6.51000E+1	2.98797E+4	6.57421E+3	3.14053E+6	1.14233E+6	8.56188E+4	1.71121E+6
6.52000E+1	2.99775E+4	6.56653E+3	3.24820E+6	1.12565E+6	8.54779E+4	1.71280E+6
6.53000E+1	3.01716E+4	6.76483E+3	3.18512E+6	1.13129E+6	8.52388E+4	1.73476E+6
6.54000E+1	3.04095E+4	6.68264E+3	3.29730E+6	1.15154E+6	8.53350E+4	1.75660E+6
6.55000E+1	3.01825E+4	6.78062E+3	3.34443E+6	1.14104E+6	8.51626E+4	1.75339E+6
6.56000E+1	3.04473E+4	6.79238E+3	3.18651E+6	1.13629E+6	8.47845E+4	1.79433E+6
6.57000E+1	3.04199E+4	6.93255E+3	3.28988E+6	1.13980E+6	8.49188E+4	1.80526E+6
6.58000E+1	3.06356E+4	6.85819E+3	3.29581E+6	1.13452E+6	8.48681E+4	1.75983E+6
6.59000E+1	3.05752E+4	6.90051E+3	3.25471E+6	1.15707E+6	8.49320E+4	1.82285E+6
6.60000E+1	3.05565E+4	6.99411E+3	3.30177E+6	1.13811E+6	8.44441E+4	1.79399E+6
6.61000E+1	3.08465E+4	7.04023E+3	3.38229E+6	1.16074E+6	8.45110E+4	1.85470E+6
6.62000E+1	3.08008E+4	7.06533E+3	3.28544E+6	1.15372E+6	8.42689E+4	1.83520E+6
6.63000E+1	3.10078E+4	7.18771E+3	3.12270E+6	1.14712E+6	8.41607E+4	1.82225E+6
6.64000E+1	3.09288E+4	7.22733E+3	3.32240E+6	1.15225E+6	8.44945E+4	1.84880E+6
6.65000E+1	3.10925E+4	7.26809E+3	3.38229E+6	1.15722E+6	8.44211E+4	1.89413E+6
6.66000E+1	3.10421E+4	7.25883E+3	3.34404E+6	1.15164E+6	8.40493E+4	1.95444E+6
6.67000E+1	3.13721E+4	7.35454E+3	3.48568E+6	1.15250E+6	8.39609E+4	1.87434E+6
6.68000E+1	3.13549E+4	7.47832E+3	3.37606E+6	1.17399E+6	8.43258E+4	1.90637E+6
6.69000E+1	3.15887E+4	7.42959E+3	3.28360E+6	1.15033E+6	8.39664E+4	1.86186E+6
6.70000E+1	3.16842E+4	7.62366E+3	3.54762E+6	1.17645E+6	8.41760E+4	1.94201E+6
6.71000E+1	3.13649E+4	7.52486E+3	3.41662E+6	1.16775E+6	8.39620E+4	1.93278E+6
6.72000E+1	3.16959E+4	7.50363E+3	3.31186E+6	1.16847E+6	8.39086E+4	1.95962E+6
6.73000E+1	3.16825E+4	7.56548E+3	3.51533E+6	1.19737E+6	8.37475E+4	1.92893E+6
6.74000E+1	3.17133E+4	7.68078E+3	3.18477E+6	1.19191E+6	8.36529E+4	1.94161E+6
6.75000E+1	3.18828E+4	7.73722E+3	3.29581E+6	1.16671E+6	8.37769E+4	1.96291E+6
6.76000E+1	3.17278E+4	7.67817E+3	3.30326E+6	1.16496E+6	8.34879E+4	1.95962E+6
6.77000E+1	3.20910E+4	7.88476E+3	3.49856E+6	1.18284E+6	8.38541E+4	2.01290E+6
6.78000E+1	3.21664E+4	7.83978E+3	3.45366E+6	1.19938E+6	8.34478E+4	2.04073E+6
6.79000E+1	3.21085E+4	8.00188E+3	3.48154E+6	1.18907E+6	8.31371E+4	2.02665E+6
6.80000E+1	3.21450E+4	7.98910E+3	3.30028E+6	1.18241E+6	8.31101E+4	1.94794E+6
6.81000E+1	3.21692E+4	8.07821E+3	3.52547E+6	1.18805E+6	8.29622E+4	2.00217E+6
6.82000E+1	3.22289E+4	8.04511E+3	3.47865E+6	1.18167E+6	8.33741E+4	2.02709E+6
6.83000E+1	3.23558E+4	8.24178E+3	3.45773E+6	1.17598E+6	8.30702E+4	1.99734E+6
6.84000E+1	3.24473E+4	8.31960E+3	3.48278E+6	1.20085E+6	8.30248E+4	2.01910E+6
6.85000E+1	3.23885E+4	8.25877E+3	3.52166E+6	1.18699E+6	8.30270E+4	2.07174E+6
6.86000E+1	3.24998E+4	8.26859E+3	3.52547E+6	1.19294E+6	8.30388E+4	2.04014E+6
6.87000E+1	3.26267E+4	8.32300E+3	3.52716E+6	1.17603E+6	8.29935E+4	2.13395E+6
6.88000E+1	3.26046E+4	8.43653E+3	3.51955E+6	1.19391E+6	8.24771E+4	2.05201E+6
6.89000E+1	3.26227E+4	8.51993E+3	3.39130E+6	1.18331E+6	8.27899E+4	2.01910E+6
6.90000E+1	3.28327E+4	8.57763E+3	3.43504E+6	1.19170E+6	8.24096E+4	2.07737E+6
6.91000E+1	3.28088E+4	8.57725E+3	3.57918E+6	1.19288E+6	8.26651E+4	2.14818E+6
6.92000E+1	3.28628E+4	8.62437E+3	3.58486E+6	1.19623E+6	8.24782E+4	2.11245E+6
6.93000E+1	3.28827E+4	8.72520E+3	3.66121E+6	1.19677E+6	8.26468E+4	2.13684E+6
6.94000E+1	3.28043E+4	8.71073E+3	3.60068E+6	1.19208E+6	8.26995E+4	2.08273E+6
6.95000E+1	3.31266E+4	8.90525E+3	3.63721E+6	1.20753E+6	8.26715E+4	2.18694E+6
6.96000E+1	3.28651E+4	8.89302E+3	3.57178E+6	1.18480E+6	8.22960E+4	2.10491E+6
6.97000E+1	3.30382E+4	8.94194E+3	3.63182E+6	1.21468E+6	8.25587E+4	2.13154E+6
6.98000E+1	3.31666E+4	8.96948E+3	3.64533E+6	1.20753E+6	8.23614E+4	2.14656E+6
6.99000E+1	3.30867E+4	9.11850E+3	3.51239E+6	1.20737E+6	8.23100E+4	2.12227E+6
7.00000E+1	3.33468E+4	9.16724E+3	3.48775E+6	1.21096E+6	8.21644E+4	2.13830E+6
7.01000E+1	3.33251E+4	9.20334E+3	3.69246E+6	1.20238E+6	8.22029E+4	2.15161E+6
7.02000E+1	3.33927E+4	9.14267E+3	3.64397E+6	1.18390E+6	8.20032E+4	2.13813E+6
7.03000E+1	3.33056E+4	9.31833E+3	3.87050E+6	1.19412E+6	8.17219E+4	2.15030E+6
7.04000E+1	3.34896E+4	9.36533E+3	3.79428E+6	1.19116E+6	8.21858E+4	2.19523E+6
7.05000E+1	3.34833E+4	9.46174E+3	3.64488E+6	1.20682E+6	8.22254E+4	2.18257E+6
7.06000E+1	3.37225E+4	9.43396E+3	3.81393E+6	1.21999E+6	8.20469E+4	2.27314E+6
7.07000E+1	3.34540E+4	9.49418E+3	3.53907E+6	1.22258E+6	8.18912E+4	2.12689E+6
7.08000E+1	3.38344E+4	9.61095E+3	3.76904E+6	1.21184E+6	8.16931E+4	2.19710E+6
7.09000E+1	3.37969E+4	9.64928E+3	3.93974E+6	1.21943E+6	8.16846E+4	2.29235E+6
7.10000E+1	3.38586E+4	9.71982E+3	3.71296E+6	1.21157E+6	8.15571E+4	2.21630E+6
7.11000E+1	3.39401E+4	9.80288E+3	3.70315E+6	1.22858E+6	8.14584E+4	2.25104E+6
7.12000E+1	3.40592E+4	9.89268E+3	3.78357E+6	1.22841E+6	8.13852E+4	2.27551E+6
7.13000E+1	3.41235E+4	9.88413E+3	3.66532E+6	1.21702E+6	8.14128E+4	2.24553E+6
7.14000E+1	3.43918E+4	9.97951E+3	3.91934E+6	1.22937E+6	8.18411E+4	2.28280E+6
7.15000E+1	3.42854E+4	9.97640E+3	3.78892E+6	1.19943E+6	8.15284E+4	2.24677E+6
7.16000E+1	3.43377E+4	1.00883E+4	3.57570E+6	1.21730E+6	8.14807E+4	2.23881E+6
7.17000E+1	3.45345E+4	1.02154E+4	3.70315E+6	1.23872E+6	8.13460E+4	2.26645E+6
7.18000E+1	3.46881E+4	1.01282E+4	3.72423E+6	1.23028E+6	8.10340E+4	2.27296E+6
7.19000E+1	3.43750E+4	1.02420E+4	3.75702E+6	1.22269E+6	8.14616E+4	2.32109E+6
7.20000E+1	3.45795E+4	1.03882E+4	3.88580E+6	1.23935E+6	8.11365E+4	2.30346E+6
7.21000E+1	3.49181E+4	1.04436E+4	3.86391E+6	1.22767E+6	8.11650E+4	2.30105E+6
7.22000E+1	3.49762E+4	1.04503E+4	3.72282E+6	1.23108E+6	8.09939E+4	2.24393E+6
7.23000E+1	3.49357E+4	1.05168E+4	3.83826E+6	1.23434E+6	8.09422E+4	2.30962E+6
7.24000E+1	3.51920E+4	1.06629E+4	3.82134E+6	1.23912E+6	8.11862E+4	2.39203E+6
7.25000E+1	3.52880E+4	1.06495E+4	3.80998E+6	1.25674E+6	8.07810E+4	2.36277E+6
7.26000E+1	3.53211E+4	1.06566E+4	3.86188E+6	1.24849E+6	8.08041E+4	2.27025E+6
7.27000E+1	3.53334E+4	1.07961E+4	3.76808E+6	1.24732E+6	8.11481E+4	2.42672E+6
7.28000E+1	3.54604E+4	1.08673E+4	3.74222E+6	1.24167E+6	8.08420E+4	2.27824E+6
7.29000E+1	3.54551E+4	1.09668E+4	4.01417E+6	1.25793E+6	8.08768E+4	2.36219E+6
7.30000E+1	3.57905E+4	1.11388E+4	3.93397E+6	1.24621E+6	8.07873E+4	2.34146E+6
7.31000E+1	3.56309E+4	1.10851E+4	4.15051E+6	1.27745E+6	8.05181E+4	2.34627E+6
7.32000E+1	3.56641E+4	1.11098E+4	3.81887E+6	1.27252E+6	8.05580E+4	2.30813E+6
7.33000E+1	3.59529E+4	1.11746E+4	3.98117E+6	1.29010E+6	8.07704E+4	2.41811E+6
7.34000E+1	3.58137E+4	1.12639E+4	3.82481E+6	1.25166E+6	8.04730E+4	2.35033E+6
7.35000E+1	3.61748E+4	1.13665E+4	3.74080E+6	1.26636E+6	8.05685E+4	2.28793E+6
7.36000E+1	3.61204E+4	1.13665E+4	4.03941E+6	1.30298E+6	8.05055E+4	2.42344E+6
7.37000E+1	3.60071E+4	1.13993E+4	3.98117E+6	1.27106E+6	8.04520E+4	2.38286E+6
7.38000E+1	3.61879E+4	1.14969E+4	3.96461E+6	1.26222E+6	8.02759E+4	2.40531E+6
7.39000E+1	3.62166E+4	1.16766E+4	3.91415E+6	1.28483E+6	8.04562E+4	2.41587E+6
7.40000E+1	3.64195E+4	1.17168E+4	3.93869E+6	1.26234E+6	8.03199E+4	2.48329E+6
7.41000E+1	3.65564E+4	1.18493E+4	3.79380E+6	1.27660E+6	8.02738E+4	2.36610E+6
7.42000E+1	3.63632E+4	1.18283E+4	4.11015E+6	1.28668E+6	8.06021E+4	2.38485E+6
7.43000E+1	3.63620E+4	1.18392E+4	4.02620E+6	1.25627E+6	8.03744E+4	2.43456E+6
7.44000E+1	3.65143E+4	1.19554E+4	4.04660E+6	1.27935E+6	8.03367E+4	2.40147E+6
7.45000E+1	3.66490E+4	1.19909E+4	4.15284E+6	1.28236E+6	8.06032E+4	2.44079E+6
7.46000E+1	3.65035E+4	1.20520E+4	3.96354E+6	1.29266E+6	8.03283E+4	2.40208E+6
7.47000E+1	3.65846E+4	1.22014E+4	4.14586E+6	1.27010E+6	8.00584E+4	2.40289E+6
7.48000E+1	3.64675E+4	1.22006E+4	3.94185E+6	1.30597E+6	8.02948E+4	2.39544E+6
7.49000E+1	3.64429E+4	1.22554E+4	4.17216E+6	1.28181E+6	7.99582E+4	2.40652E+6
7.50000E+1	3.65161E+4	1.23594E+4	4.05548E+6	1.26521E+6	8.04436E+4	2.49604E+6
7.51000E+1	3.63398E+4	1.23964E+4	4.25854E+6	1.29228E+6	8.00354E+4	2.39324E+6
7.52000E+1	3.65107E+4	1.25885E+4	4.16511E+6	1.28088E+6	8.01305E+4	2.48286E+6
7.53000E+1	3.65203E+4	1.25970E+4	3.92247E+6	1.26852E+6	8.00365E+4	2.51440E+6
7.54000E+1	3.67055E+4	1.25901E+4	4.06776E+6	1.25544E+6	8.00198E+4	2.43146E+6
7.55000E+1	3.66664E+4	1.27656E+4	4.16746E+6	1.28476E+6	8.04142E+4	2.54741E+6
7.56000E+1	3.66700E+4	1.28279E+4	3.94396E+6	1.24872E+6	8.00709E+4	2.41037E+6
7.57000E+1	3.64969E+4	1.28673E+4	4.15809E+6	1.28991E+6	8.03513E+4	2.51639E+6
7.58000E+1	3.67995E+4	1.28968E+4	3.96089E+6	1.25337E+6	7.99885E+4	2.40794E+6
7.59000E+1	3.66616E+4	1.30984E+4	4.13428E+6	1.29016E+6	8.00010E+4	2.45165E+6
7.60000E+1	3.67971E+4	1.31710E+4	4.07898E+6	1.27191E+6	8.01023E+4	2.45943E+6
7.61000E+1	3.67971E+4	1.31000E+4	4.09820E+6	1.26228E+6	8.01065E+4	2.46070E+6
7.62000E+1	3.68363E+4	1.32213E+4	4.21732E+6	1.29736E+6	7.99384E+4	2.53103E+6
7.63000E+1	3.68810E+4	1.33089E+4	4.13197E+6	1.26925E+6	7.99509E+4	2.44746E+6
7.64000E+1	3.69643E+4	1.33342E+4	4.12678E+6	1.28402E+6	7.97727E+4	2.53885E+6
7.65000E+1	3.69335E+4	1.34162E+4	3.92455E+6	1.28119E+6	7.97300E+4	2.54087E+6
7.66000E+1	3.70326E+4	1.35830E+4	3.93869E+6	1.25437E+6	7.97404E+4	2.53505E+6
7.67000E+1	3.69818E+4	1.35901E+4	4.13428E+6	1.27684E+6	7.96676E+4	2.53706E+6
7.68000E+1	3.70605E+4	1.36454E+4	3.99842E+6	1.25078E+6	7.95834E+4	2.47216E+6
7.69000E+1	3.72028E+4	1.37462E+4	4.07280E+6	1.29303E+6	7.95886E+4	2.59897E+6
7.70000E+1	3.71289E+4	1.37774E+4	4.32376E+6	1.27978E+6	7.97935E+4	2.53348E+6
7.71000E+1	3.69202E+4	1.38927E+4	3.93922E+6	1.27264E+6	7.94173E+4	2.37811E+6
7.72000E+1	3.72987E+4	1.40035E+4	4.21912E+6	1.27538E+6	7.96478E+4	2.53013E+6
7.73000E+1	3.70901E+4	1.39914E+4	4.23601E+6	1.26762E+6	7.92909E+4	2.48544E+6
7.74000E+1	3.70804E+4	1.41633E+4	4.07729E+6	1.27185E+6	7.95013E+4	2.46345E+6
7.75000E+1	3.70405E+4	1.42393E+4	4.36641E+6	1.28613E+6	7.96634E+4	2.56080E+6
7.76000E+1	3.70695E+4	1.42974E+4	4.12620E+6	1.26979E+6	7.93582E+4	2.50672E+6
7.77000E+1	3.71083E+4	1.43146E+4	4.37866E+6	1.27016E+6	7.93509E+4	2.60226E+6
7.78000E+1	3.70792E+4	1.43951E+4	3.97957E+6	1.26216E+6	7.94494E+4	2.46939E+6
7.79000E+1	3.70496E+4	1.44879E+4	4.25854E+6	1.28582E+6	7.94702E+4	2.55874E+6
7.80000E+1	3.70514E+4	1.46528E+4	4.13197E+6	1.27131E+6	7.96125E+4	2.64237E+6
7.81000E+1	3.71337E+4	1.45961E+4	4.30056E+6	1.26539E+6	7.91667E+4	2.49625E+6
7.82000E+1	3.71489E+4	1.46952E+4	4.12563E+6	1.29723E+6	7.91822E+4	2.62911E+6
7.83000E+1	3.73704E+4	1.47461E+4	4.00384E+6	1.30928E+6	7.94785E+4	2.65210E+6
7.84000E+1	3.72441E+4	1.48480E+4	3.97421E+6	1.27143E+6	7.92360E+4	2.55920E+6
7.85000E+1	3.71713E+4	1.49969E+4	4.19402E+6	1.28015E+6	7.90540E+4	2.59780E+6
7.86000E+1	3.73528E+4	1.49773E+4	4.54904E+6	1.27953E+6	7.93914E+4	2.56514E+6
7.87000E+1	3.74562E+4	1.50212E+4	4.21612E+6	1.27398E+6	7.96301E+4	2.58520E+6
7.88000E+1	3.72975E+4	1.51261E+4	4.17510E+6	1.25207E+6	7.91005E+4	2.57110E+6
7.89000E+1	3.75311E+4	1.52548E+4	4.43559E+6	1.26443E+6	7.92412E+4	2.65552E+6
7.90000E+1	3.74106E+4	1.52938E+4	4.11759E+6	1.26600E+6	7.90251E+4	2.54290E+6
7.91000E+1	3.75220E+4	1.53739E+4	4.31558E+6	1.28470E+6	7.90685E+4	2.56834E+6
7.92000E+1	3.75518E+4	1.55879E+4	4.17804E+6	1.30228E+6	7.91677E+4	2.66854E+6
7.93000E+1	3.76183E+4	1.56072E+4	4.02840E+6	1.26031E+6	7.88848E+4	2.55035E+6
7.94000E+1	3.78126E+4	1.57499E+4	4.52549E+6	1.30171E+6	7.92670E+4	2.49691E+6
7.95000E+1	3.76604E+4	1.56727E+4	4.30681E+6	1.29918E+6	7.90034E+4	2.55783E+6
7.96000E+1	3.77826E+4	1.58177E+4	4.12563E+6	1.26852E+6	7.89064E+4	2.61123E+6
7.97000E+1	3.79143E+4	1.59705E+4	4.54417E+6	1.27337E+6	7.89921E+4	2.65283E+6
7.98000E+1	3.76629E+4	1.58355E+4	4.11015E+6	1.27923E+6	7.89828E+4	2.58520E+6
7.99000E+1	3.81137E+4	1.59735E+4	4.39878E+6	1.31018E+6	7.87128E+4	2.63127E+6
8.00000E+1	3.80001E+4	1.61458E+4	4.27760E+6	1.29748E+6	7.91605E+4	2.62863E+6
8.01000E+1	3.80056E+4	1.61445E+4	4.27574E+6	1.28242E+6	7.88229E+4	2.55374E+6
8.02000E+1	3.79075E+4	1.63060E+4	4.25121E+6	1.27331E+6	7.85555E+4	2.58033E+6
8.03000E+1	3.78377E+4	1.63312E+4	4.51723E+6	1.27155E+6	7.87509E+4	2.56651E+6
8.04000E+1	3.81561E+4	1.63954E+4	4.16453E+6	1.29434E+6	7.86243E+4	2.60792E+6
8.05000E+1	3.83242E+4	1.64408E+4	4.26713E+6	1.29166E+6	7.86058E+4	2.60367E+6
8.06000E+1	3.84606E+4	1.65803E+4	4.38189E+6	1.29066E+6	7.84672E+4	2.63560E+6
8.07000E+1	3.82965E+4	1.66201E+4	4.12161E+6	1.29510E+6	7.87437E+4	2.57547E+6
8.08000E+1	3.85477E+4	1.66973E+4	4.30056E+6	1.28631E+6	7.86387E+4	2.61811E+6
8.09000E+1	3.85322E+4	1.67847E+4	4.46561E+6	1.31533E+6	7.87045E+4	2.71525E+6
8.10000E+1	3.82299E+4	1.68502E+4	4.22514E+6	1.28656E+6	7.85462E+4	2.66361E+6
8.11000E+1	3.84822E+4	1.69435E+4	4.40989E+6	1.30222E+6	7.84692E+4	2.58799E+6
8.12000E+1	3.84568E+4	1.70379E+4	4.65881E+6	1.28898E+6	7.88384E+4	2.59897E+6
8.13000E+1	3.84890E+4	1.70900E+4	4.27574E+6	1.29010E+6	7.87231E+4	2.67398E+6
8.14000E+1	3.85675E+4	1.71523E+4	4.30743E+6	1.30146E+6	7.86943E+4	2.61764E+6
8.15000E+1	3.85718E+4	1.72563E+4	4.59120E+6	1.29010E+6	7.88085E+4	2.71985E+6
8.16000E+1	3.87651E+4	1.73663E+4	4.25426E+6	1.29103E+6	7.81486E+4	2.67796E+6
8.17000E+1	3.88154E+4	1.75027E+4	4.53723E+6	1.29472E+6	7.87642E+4	2.70051E+6
8.18000E+1	3.85792E+4	1.75004E+4	4.25182E+6	1.32448E+6	7.83616E+4	2.57363E+6
8.19000E+1	3.88595E+4	1.75948E+4	4.25976E+6	1.30228E+6	7.85914E+4	2.65380E+6
8.20000E+1	3.87651E+4	1.77657E+4	4.59262E+6	1.31012E+6	7.83769E+4	2.68744E+6
8.21000E+1	3.88508E+4	1.76791E+4	4.56511E+6	1.30520E+6	7.86398E+4	2.65405E+6
8.22000E+1	3.89117E+4	1.78923E+4	4.34403E+6	1.29216E+6	7.86737E+4	2.69195E+6
8.23000E+1	3.88185E+4	1.79716E+4	4.58695E+6	1.31089E+6	7.85185E+4	2.73091E+6
8.24000E+1	3.88489E+4	1.80200E+4	4.54417E+6	1.32403E+6	7.82980E+4	2.71448E+6
8.25000E+1	3.87279E+4	1.80330E+4	4.32755E+6	1.30597E+6	7.83062E+4	2.71908E+6
8.26000E+1	3.88427E+4	1.80865E+4	4.29994E+6	1.29975E+6	7.80986E+4	2.64625E+6
8.27000E+1	3.88936E+4	1.82381E+4	4.48856E+6	1.28365E+6	7.80454E+4	2.66534E+6
8.28000E+1	3.90218E+4	1.83020E+4	4.44356E+6	1.30083E+6	7.81486E+4	2.74701E+6
8.29000E+1	3.89882E+4	1.84076E+4	4.52962E+6	1.29116E+6	7.81078E+4	2.61313E+6
8.30000E+1	3.91633E+4	1.85727E+4	4.39422E+6	1.29041E+6	7.80567E+4	2.78538E+6
8.31000E+1	3.91034E+4	1.86085E+4	4.27143E+6	1.28991E+6	7.81466E+4	2.70330E+6
8.32000E+1	3.91290E+4	1.85986E+4	4.30431E+6	1.31044E+6	7.82141E+4	2.74701E+6
8.33000E+1	3.92857E+4	1.87978E+4	4.40596E+6	1.29799E+6	7.84231E+4	2.81629E+6
8.34000E+1	3.92257E+4	1.87846E+4	4.58483E+6	1.30133E+6	7.81497E+4	2.65870E+6
8.35000E+1	3.91938E+4	1.89253E+4	4.56161E+6	1.28285E+6	7.79954E+4	2.72988E+6
8.36000E+1	3.92969E+4	1.90060E+4	4.26160E+6	1.30317E+6	7.79872E+4	2.72395E+6
8.37000E+1	3.92032E+4	1.90466E+4	4.51723E+6	1.30387E+6	7.79811E+4	2.70456E+6
8.38000E+1	3.91901E+4	1.89873E+4	4.60400E+6	1.29792E+6	7.81875E+4	2.77842E+6
8.39000E+1	3.92357E+4	1.92625E+4	4.41055E+6	1.30813E+6	7.82008E+4	2.74518E+6
8.40000E+1	3.92832E+4	1.92153E+4	4.36128E+6	1.29805E+6	7.78068E+4	2.75565E+6
8.41000E+1	3.90585E+4	1.93386E+4	4.31684E+6	1.32605E+6	7.80117E+4	2.73894E+6
8.42000E+1	3.92719E+4	1.94990E+4	4.64716E+6	1.30769E+6	7.75698E+4	2.69321E+6
8.43000E+1	3.92938E+4	1.95625E+4	4.45958E+6	1.30203E+6	7.79107E+4	2.73738E+6
8.44000E+1	3.91739E+4	1.95749E+4	4.57706E+6	1.28830E+6	7.77111E+4	2.74466E+6
8.45000E+1	3.92095E+4	1.96468E+4	4.40139E+6	1.30750E+6	7.77172E+4	2.74727E+6
8.46000E+1	3.93901E+4	1.97789E+4	4.63485E+6	1.28917E+6	7.79597E+4	2.69824E+6
8.47000E+1	3.91801E+4	1.98955E+4	4.42765E+6	1.27270E+6	7.76521E+4	2.79076E+6
8.48000E+1	3.93532E+4	1.99677E+4	4.63124E+6	1.32658E+6	7.80117E+4	2.83143E+6
8.49000E+1	3.92045E+4	2.00568E+4	4.39943E+6	1.32142E+6	7.78159E+4	2.75119E+6
8.50000E+1	3.93351E+4	2.01763E+4	4.46360E+6	1.30954E+6	7.78465E+4	2.85600E+6
8.51000E+1	3.91352E+4	2.02261E+4	4.36899E+6	1.31986E+6	7.79750E+4	2.76938E+6
8.52000E+1	3.92850E+4	2.03375E+4	4.68153E+6	1.31185E+6	7.78944E+4	2.82839E+6
8.53000E+1	3.97000E+4	2.02671E+4	4.62692E+6	1.33277E+6	7.80077E+4	2.76171E+6
8.54000E+1	3.92026E+4	2.04902E+4	4.47503E+6	1.30948E+6	7.77406E+4	2.80075E+6
8.55000E+1	3.93013E+4	2.05085E+4	4.72614E+6	1.31365E+6	7.77742E+4	2.74466E+6
8.56000E+1	3.94321E+4	2.06012E+4	4.36128E+6	1.29667E+6	7.78221E+4	2.65968E+6
8.57000E+1	3.92494E+4	2.06725E+4	4.64934E+6	1.29297E+6	7.79556E+4	2.71270E+6
8.58000E+1	3.93732E+4	2.07786E+4	4.51243E+6	1.33330E+6	7.80332E+4	2.84842E+6
8.59000E+1	3.96755E+4	2.08204E+4	4.30181E+6	1.28230E+6	7.73618E+4	2.70888E+6
8.60000E+1	3.93970E+4	2.09650E+4	4.57073E+6	1.31733E+6	7.81476E+4	2.82867E+6
8.61000E+1	3.94446E+4	2.09985E+4	4.57777E+6	1.29141E+6	7.76867E+4	2.70735E+6
8.62000E+1	3.95982E+4	2.10027E+4	4.61758E+6	1.30539E+6	7.77447E+4	2.78324E+6
8.63000E+1	3.95863E+4	2.12608E+4	4.42435E+6	1.29535E+6	7.78394E+4	2.70330E+6
8.64000E+1	3.97472E+4	2.12741E+4	4.49263E+6	1.31249E+6	7.75911E+4	2.85431E+6
8.65000E+1	3.96950E+4	2.13770E+4	4.47571E+6	1.32488E+6	7.79699E+4	2.79237E+6
8.66000E+1	3.96780E+4	2.15543E+4	4.60471E+6	1.29166E+6	7.76409E+4	2.76938E+6
8.67000E+1	3.97189E+4	2.16519E+4	4.79077E+6	1.34801E+6	7.77396E+4	2.83782E+6
8.68000E+1	3.96667E+4	2.17020E+4	4.58766E+6	1.31108E+6	7.74896E+4	2.73634E+6
8.69000E+1	3.96925E+4	2.17259E+4	4.69186E+6	1.33828E+6	7.78119E+4	2.76329E+6
8.70000E+1	3.95782E+4	2.17961E+4	4.47976E+6	1.31140E+6	7.77742E+4	2.75618E+6
8.71000E+1	3.98542E+4	2.18205E+4	4.58695E+6	1.31121E+6	7.79495E+4	2.85291E+6
8.72000E+1	3.95518E+4	2.19190E+4	4.44889E+6	1.32947E+6	7.77355E+4	2.80700E+6
8.73000E+1	3.96906E+4	2.20206E+4	4.43758E+6	1.30482E+6	7.77019E+4	2.81683E+6
8.74000E+1	3.97529E+4	2.20432E+4	4.85005E+6	1.33013E+6	7.77141E+4	2.79022E+6
8.75000E+1	3.97894E+4	2.20806E+4	4.37930E+6	1.30469E+6	7.75688E+4	2.92073E+6
8.76000E+1	3.98536E+4	2.23058E+4	4.67932E+6	1.28637E+6	7.75576E+4	2.78565E+6
8.77000E+1	3.97655E+4	2.23540E+4	4.61042E+6	1.32090E+6	7.75302E+4	2.84590E+6
8.78000E+1	3.95261E+4	2.26445E+4	4.56792E+6	1.29944E+6	7.76094E+4	2.76540E+6
8.79000E+1	3.98246E+4	2.25966E+4	4.54695E+6	1.31204E+6	7.76592E+4	2.95221E+6
8.80000E+1	3.98183E+4	2.24766E+4	4.14702E+6	1.30089E+6	7.74814E+4	2.71474E+6
8.81000E+1	3.97837E+4	2.26692E+4	4.66026E+6	1.30928E+6	7.74713E+4	2.86164E+6
8.82000E+1	3.99614E+4	2.28956E+4	4.73591E+6	1.31076E+6	7.77925E+4	2.80374E+6
8.83000E+1	3.99785E+4	2.28280E+4	4.60328E+6	1.31320E+6	7.75129E+4	2.86475E+6
8.84000E+1	4.00164E+4	2.29540E+4	4.68374E+6	1.33529E+6	7.75637E+4	2.88414E+6
8.85000E+1	4.00536E+4	2.30749E+4	4.85558E+6	1.31713E+6	7.78669E+4	2.87327E+6
8.86000E+1	4.00751E+4	2.30539E+4	4.73742E+6	1.31986E+6	7.75078E+4	2.78485E+6
8.87000E+1	4.02226E+4	2.31520E+4	4.59404E+6	1.33125E+6	7.74104E+4	2.80891E+6
8.88000E+1	4.00271E+4	2.33081E+4	4.69705E+6	1.33735E+6	7.76704E+4	2.86136E+6
8.89000E+1	4.01555E+4	2.33743E+4	4.52135E+6	1.31584E+6	7.74835E+4	2.79318E+6
8.90000E+1	4.03037E+4	2.34872E+4	4.77311E+6	1.34538E+6	7.75627E+4	2.83643E+6
8.91000E+1	4.01434E+4	2.36219E+4	4.25915E+6	1.32435E+6	7.74388E+4	2.81300E+6
8.92000E+1	4.03075E+4	2.35993E+4	4.55252E+6	1.31031E+6	7.75109E+4	2.97885E+6
8.93000E+1	4.02606E+4	2.36667E+4	4.70002E+6	1.32403E+6	7.74338E+4	2.90960E+6
8.94000E+1	4.05038E+4	2.38449E+4	4.76471E+6	1.31616E+6	7.74267E+4	2.81027E+6
8.95000E+1	4.01764E+4	2.37580E+4	4.57565E+6	1.33968E+6	7.72170E+4	2.84283E+6
8.96000E+1	4.05050E+4	2.40042E+4	4.64571E+6	1.33582E+6	7.73405E+4	2.88844E+6
8.97000E+1	4.04103E+4	2.39844E+4	4.67711E+6	1.31275E+6	7.75637E+4	2.79723E+6
8.98000E+1	4.05025E+4	2.40339E+4	4.85716E+6	1.33948E+6	7.76053E+4	2.89652E+6
8.99000E+1	4.06916E+4	2.41480E+4	4.71267E+6	1.36800E+6	7.76206E+4	2.90639E+6
9.00000E+1	4.03659E+4	2.41311E+4	4.59120E+6	1.30603E+6	7.72939E+4	2.75907E+6
9.01000E+1	4.05019E+4	2.44013E+4	4.95732E+6	1.34095E+6	7.71846E+4	2.87327E+6
9.02000E+1	4.03202E+4	2.43574E+4	4.77618E+6	1.32396E+6	7.73770E+4	2.82701E+6
9.03000E+1	4.04002E+4	2.44711E+4	4.64498E+6	1.33688E+6	7.76267E+4	2.88098E+6
9.04000E+1	4.03995E+4	2.43310E+4	4.74573E+6	1.34497E+6	7.69674E+4	2.87043E+6
9.05000E+1	4.04866E+4	2.46425E+4	4.57424E+6	1.30692E+6	7.73496E+4	2.86929E+6
9.06000E+1	4.03564E+4	2.47648E+4	4.59120E+6	1.33237E+6	7.73912E+4	2.98897E+6
9.07000E+1	4.04796E+4	2.48135E+4	4.72089E+6	1.30801E+6	7.74297E+4	2.89046E+6
9.08000E+1	4.02384E+4	2.48009E+4	4.87225E+6	1.31468E+6	7.70320E+4	2.81875E+6
9.09000E+1	4.01979E+4	2.49607E+4	4.99969E+6	1.32704E+6	7.73314E+4	2.91398E+6
9.10000E+1	4.02682E+4	2.49677E+4	4.78308E+6	1.33072E+6	7.72109E+4	2.88213E+6
9.11000E+1	4.04091E+4	2.51607E+4	4.67491E+6	1.32109E+6	7.71593E+4	2.83088E+6
9.12000E+1	4.03405E+4	2.51738E+4	4.78769E+6	1.34390E+6	7.72281E+4	2.92809E+6
9.13000E+1	4.02422E+4	2.51809E+4	4.56862E+6	1.32337E+6	7.72251E+4	2.92839E+6
9.14000E+1	4.03684E+4	2.53330E+4	4.70002E+6	1.33270E+6	7.71704E+4	2.84311E+6
9.15000E+1	4.02378E+4	2.55505E+4	5.19545E+6	1.35010E+6	7.73587E+4	2.90174E+6
9.16000E+1	4.02612E+4	2.54556E+4	4.73893E+6	1.29347E+6	7.69200E+4	2.79264E+6
9.17000E+1	4.03386E+4	2.57183E+4	4.67271E+6	1.32135E+6	7.71411E+4	2.84450E+6
9.18000E+1	4.03284E+4	2.56415E+4	4.81400E+6	1.30032E+6	7.70229E+4	2.86475E+6
9.19000E+1	4.05152E+4	2.56303E+4	4.50353E+6	1.30330E+6	7.70017E+4	2.78699E+6
9.20000E+1	4.05725E+4	2.57683E+4	4.83039E+6	1.30406E+6	7.71411E+4	2.89623E+6
9.21000E+1	4.04427E+4	2.58009E+4	4.50217E+6	1.31584E+6	7.70411E+4	2.87441E+6
9.22000E+1	4.02264E+4	2.59796E+4	4.79772E+6	1.33343E+6	7.67709E+4	2.98559E+6
9.23000E+1	4.02207E+4	2.60645E+4	4.61328E+6	1.30241E+6	7.70421E+4	2.86221E+6
9.24000E+1	4.03132E+4	2.61270E+4	4.67859E+6	1.28470E+6	7.68091E+4	2.83254E+6
9.25000E+1	4.04059E+4	2.62599E+4	4.97385E+6	1.32220E+6	7.70916E+4	2.90145E+6
9.26000E+1	4.04167E+4	2.62168E+4	4.45891E+6	1.28798E+6	7.69815E+4	2.82867E+6
9.27000E+1	4.07216E+4	2.65177E+4	4.91321E+6	1.31772E+6	7.70663E+4	2.86475E+6
9.28000E+1	4.04116E+4	2.64492E+4	4.81322E+6	1.30140E+6	7.70482E+4	2.91398E+6
9.29000E+1	4.03297E+4	2.66659E+4	4.70968E+6	1.30622E+6	7.68293E+4	2.81821E+6
9.30000E+1	4.09197E+4	2.66158E+4	4.54209E+6	1.31172E+6	7.70249E+4	2.87185E+6
9.31000E+1	4.06476E+4	2.69877E+4	4.50353E+6	1.30095E+6	7.68031E+4	2.89681E+6
9.32000E+1	4.04891E+4	2.67994E+4	4.88503E+6	1.32239E+6	7.69765E+4	2.84646E+6
9.33000E+1	4.04446E+4	2.68548E+4	4.84532E+6	1.30820E+6	7.70461E+4	2.91985E+6
9.34000E+1	4.04326E+4	2.71182E+4	4.78231E+6	1.32038E+6	7.70815E+4	2.89479E+6
9.35000E+1	4.05178E+4	2.69716E+4	4.50217E+6	1.29510E+6	7.69553E+4	2.83643E+6
9.36000E+1	4.05273E+4	2.71703E+4	4.83431E+6	1.32416E+6	7.69482E+4	2.85488E+6
9.37000E+1	4.06821E+4	2.72318E+4	4.98049E+6	1.31565E+6	7.70280E+4	2.90174E+6
9.38000E+1	4.05146E+4	2.72370E+4	4.87943E+6	1.31025E+6	7.69866E+4	2.91779E+6
9.39000E+1	4.04135E+4	2.73300E+4	4.54834E+6	1.28991E+6	7.69714E+4	2.85235E+6
9.40000E+1	4.06553E+4	2.74968E+4	4.86351E+6	1.34916E+6	7.69321E+4	2.99297E+6
9.41000E+1	4.04631E+4	2.74926E+4	4.56932E+6	1.30412E+6	7.70633E+4	2.87270E+6
9.42000E+1	4.04936E+4	2.75670E+4	4.80391E+6	1.32174E+6	7.68706E+4	3.03736E+6
9.43000E+1	4.05763E+4	2.76803E+4	4.80391E+6	1.33356E+6	7.70785E+4	2.87413E+6
9.44000E+1	4.04987E+4	2.77760E+4	4.95732E+6	1.29855E+6	7.68484E+4	2.81711E+6
9.45000E+1	4.05540E+4	2.78070E+4	4.93027E+6	1.31262E+6	7.69553E+4	2.98559E+6
9.46000E+1	4.04027E+4	2.80797E+4	5.07796E+6	1.30114E+6	7.67991E+4	2.83116E+6
9.47000E+1	4.04415E+4	2.81850E+4	4.81789E+6	1.31082E+6	7.69674E+4	2.90087E+6
9.48000E+1	4.02302E+4	2.80480E+4	4.73742E+6	1.29222E+6	7.68494E+4	2.88414E+6
9.49000E+1	4.06324E+4	2.81379E+4	4.87146E+6	1.33092E+6	7.70118E+4	3.04276E+6
9.50000E+1	4.02815E+4	2.81384E+4	4.80623E+6	1.27307E+6	7.67014E+4	2.90901E+6
9.51000E+1	4.05228E+4	2.82485E+4	4.83588E+6	1.32331E+6	7.72069E+4	2.98467E+6
9.52000E+1	4.03862E+4	2.83556E+4	4.86351E+6	1.31313E+6	7.67860E+4	2.86221E+6
9.53000E+1	4.01770E+4	2.85779E+4	4.54834E+6	1.33622E+6	7.69170E+4	2.90494E+6
9.54000E+1	4.06292E+4	2.86914E+4	4.87305E+6	1.29887E+6	7.69634E+4	2.93283E+6
9.55000E+1	4.03075E+4	2.87875E+4	4.89385E+6	1.28743E+6	7.65447E+4	2.83504E+6
9.56000E+1	4.02492E+4	2.88212E+4	5.07623E+6	1.31856E+6	7.68323E+4	2.84786E+6
9.57000E+1	3.99861E+4	2.87090E+4	4.76243E+6	1.29648E+6	7.67538E+4	2.83448E+6
9.58000E+1	4.03608E+4	2.89095E+4	4.81322E+6	1.32096E+6	7.70371E+4	2.92014E+6
9.59000E+1	4.00865E+4	2.89963E+4	4.48044E+6	1.29085E+6	7.69654E+4	3.03419E+6
9.60000E+1	4.02403E+4	2.90204E+4	4.67418E+6	1.29685E+6	7.69957E+4	2.86532E+6
9.61000E+1	3.98807E+4	2.91401E+4	4.76395E+6	1.28637E+6	7.65075E+4	2.88873E+6
9.62000E+1	4.00676E+4	2.90810E+4	5.04961E+6	1.28674E+6	7.66934E+4	2.94682E+6
9.63000E+1	3.99469E+4	2.91283E+4	4.70596E+6	1.31675E+6	7.68827E+4	2.80374E+6
9.64000E+1	4.00480E+4	2.93921E+4	4.64934E+6	1.31057E+6	7.69482E+4	2.87955E+6
9.65000E+1	3.98990E+4	2.93807E+4	4.70894E+6	1.30616E+6	7.67598E+4	2.97154E+6
9.66000E+1	4.00865E+4	2.94779E+4	4.77082E+6	1.32376E+6	7.70865E+4	2.97702E+6
9.67000E+1	3.98933E+4	2.94984E+4	4.60756E+6	1.29228E+6	7.74114E+4	2.87698E+6
9.68000E+1	3.98568E+4	2.95887E+4	4.77618E+6	1.30349E+6	7.68464E+4	2.91252E+6
9.69000E+1	3.98612E+4	2.96943E+4	4.50217E+6	1.28174E+6	7.72139E+4	2.84339E+6
9.70000E+1	3.99160E+4	2.97084E+4	4.65735E+6	1.32403E+6	7.69432E+4	2.91955E+6
9.71000E+1	3.97472E+4	2.99092E+4	4.83039E+6	1.26901E+6	7.73000E+4	2.85066E+6
9.72000E+1	3.99293E+4	3.00507E+4	4.79309E+6	1.30520E+6	7.68041E+4	2.81519E+6
9.73000E+1	3.97264E+4	2.99756E+4	5.34596E+6	1.29347E+6	7.67226E+4	2.88299E+6
9.74000E+1	3.98448E+4	3.00943E+4	4.62620E+6	1.28446E+6	7.65798E+4	2.88787E+6
9.75000E+1	3.98637E+4	3.02740E+4	4.65735E+6	1.29723E+6	7.67417E+4	2.90523E+6
9.76000E+1	3.98996E+4	3.02204E+4	4.81867E+6	1.30884E+6	7.68162E+4	2.91926E+6
9.77000E+1	3.97485E+4	3.02346E+4	4.53101E+6	1.25674E+6	7.68454E+4	2.94085E+6
9.78000E+1	3.98530E+4	3.04223E+4	4.85005E+6	1.30368E+6	7.68454E+4	2.85854E+6
9.79000E+1	3.96887E+4	3.04717E+4	4.76624E+6	1.28699E+6	7.68666E+4	2.91398E+6
9.80000E+1	3.97277E+4	3.04103E+4	4.58483E+6	1.28402E+6	7.70007E+4	2.93758E+6
9.81000E+1	3.96221E+4	3.06106E+4	4.49196E+6	1.26342E+6	7.71108E+4	2.83033E+6
9.82000E+1	3.97365E+4	3.07464E+4	4.64571E+6	1.27635E+6	7.69190E+4	2.91223E+6
9.83000E+1	3.95054E+4	3.08788E+4	4.69705E+6	1.31378E+6	7.71047E+4	2.86929E+6
9.84000E+1	3.95631E+4	3.09461E+4	4.59120E+6	1.27966E+6	7.68938E+4	2.93847E+6
9.85000E+1	3.94941E+4	3.09616E+4	4.64064E+6	1.30393E+6	7.67950E+4	2.91281E+6
9.86000E+1	3.95217E+4	3.09097E+4	4.97053E+6	1.29478E+6	7.70421E+4	2.93936E+6
9.87000E+1	3.94853E+4	3.11453E+4	4.54070E+6	1.29334E+6	7.71371E+4	2.92249E+6
9.88000E+1	3.93995E+4	3.10229E+4	4.77771E+6	1.30552E+6	7.70098E+4	2.88098E+6
9.89000E+1	3.95876E+4	3.11575E+4	5.09268E+6	1.30380E+6	7.68394E+4	2.89913E+6
9.90000E+1	3.94408E+4	3.11752E+4	4.80623E+6	1.28298E+6	7.66351E+4	2.94145E+6
9.91000E+1	3.93845E+4	3.14062E+4	4.96722E+6	1.29222E+6	7.67789E+4	2.94891E+6
9.92000E+1	3.96378E+4	3.13278E+4	5.05046E+6	1.29491E+6	7.67507E+4	2.81519E+6
9.93000E+1	3.92950E+4	3.14541E+4	4.84532E+6	1.28113E+6	7.70007E+4	2.98099E+6
9.94000E+1	3.94715E+4	3.14374E+4	4.69705E+6	1.27052E+6	7.65497E+4	2.84730E+6
9.95000E+1	3.95142E+4	3.14547E+4	4.66392E+6	1.31888E+6	7.69049E+4	2.91018E+6
9.96000E+1	3.96152E+4	3.21160E+4	4.75482E+6	1.29597E+6	7.66451E+4	2.91281E+6
9.97000E+1	3.95104E+4	3.17548E+4	4.92376E+6	1.29060E+6	7.69563E+4	2.94742E+6
9.98000E+1	3.94365E+4	3.16872E+4	4.72464E+6	1.27684E+6	7.65919E+4	2.96638E+6
9.99000E+1	3.95198E+4	3.20266E+4	5.12766E+6	1.31436E+6	7.70138E+4	2.97367E+6
1.00000E+2	3.93926E+4	3.18438E+4	4.65079E+6	1.26527E+6	7.67799E+4	2.87128E+6
1.00100E+2	3.95531E+4	3.21289E+4	4.73290E+6	1.30871E+6	7.69008E+4	2.92632E+6
1.00200E+2	3.95932E+4	3.20795E+4	4.87305E+6	1.31804E+6	7.67367E+4	2.88586E+6
1.00300E+2	3.96711E+4	3.21683E+4	4.68448E+6	1.27544E+6	7.66341E+4	2.91135E+6
1.00400E+2	3.97692E+4	3.21644E+4	4.71565E+6	1.29969E+6	7.66914E+4	2.95522E+6
1.00500E+2	3.96818E+4	3.23995E+4	4.88023E+6	1.30000E+6	7.68998E+4	2.85094E+6
1.00600E+2	3.96460E+4	3.23594E+4	4.48721E+6	1.29805E+6	7.69745E+4	2.81848E+6
1.00700E+2	3.97881E+4	3.23086E+4	4.73064E+6	1.30865E+6	7.68988E+4	2.88844E+6
1.00800E+2	3.98410E+4	3.26558E+4	4.68300E+6	1.31230E+6	7.70714E+4	2.98099E+6
1.00900E+2	3.99413E+4	3.26297E+4	4.83902E+6	1.32723E+6	7.71229E+4	2.87071E+6
1.01000E+2	3.97359E+4	3.27046E+4	4.72464E+6	1.28464E+6	7.67618E+4	2.90232E+6
1.01100E+2	3.98694E+4	3.27613E+4	4.78308E+6	1.29572E+6	7.68918E+4	2.92839E+6
1.01200E+2	3.99362E+4	3.27380E+4	4.70447E+6	1.31134E+6	7.66270E+4	2.93609E+6
1.01300E+2	3.99848E+4	3.29137E+4	5.39610E+6	1.31082E+6	7.67105E+4	2.94592E+6
1.01400E+2	3.99368E+4	3.30476E+4	4.86351E+6	1.29416E+6	7.71988E+4	2.87128E+6
1.01500E+2	3.98971E+4	3.31949E+4	4.59617E+6	1.30781E+6	7.74510E+4	2.91281E+6
1.01600E+2	4.00922E+4	3.32343E+4	5.03343E+6	1.32116E+6	7.72585E+4	3.01720E+6
1.01700E+2	4.01283E+4	3.35122E+4	5.09095E+6	1.35897E+6	7.72797E+4	3.02096E+6
1.01800E+2	4.02188E+4	3.36882E+4	4.85637E+6	1.32468E+6	7.73111E+4	3.04149E+6
1.01900E+2	3.99028E+4	3.37084E+4	4.72614E+6	1.36096E+6	7.73547E+4	3.08109E+6
1.02000E+2	3.99722E+4	3.37919E+4	5.42152E+6	1.34135E+6	7.77345E+4	2.93312E+6
1.02100E+2	4.00802E+4	3.38519E+4	4.75938E+6	1.34269E+6	7.73283E+4	3.03451E+6
1.02200E+2	4.03062E+4	3.40398E+4	4.95567E+6	1.36551E+6	7.73628E+4	3.03356E+6
1.02300E+2	4.02625E+4	3.41168E+4	4.96722E+6	1.34747E+6	7.76623E+4	3.03166E+6
1.02400E+2	4.01156E+4	3.41122E+4	4.79849E+6	1.34075E+6	7.81691E+4	2.96336E+6
1.02500E+2	4.00587E+4	3.43170E+4	4.68891E+6	1.32324E+6	7.77783E+4	2.97489E+6
1.02600E+2	4.01593E+4	3.42473E+4	4.69853E+6	1.35038E+6	7.75170E+4	2.90174E+6
1.02700E+2	4.01896E+4	3.44247E+4	4.98049E+6	1.35493E+6	7.76124E+4	3.10573E+6
1.02800E+2	4.01764E+4	3.43647E+4	4.86271E+6	1.35146E+6	7.79321E+4	2.90697E+6
