0.00000E+0	4.16192E+4	3.72648E+4	4.38105E+6	1.38514E+6	9.24804E+4	2.93889E+6
1.00000E-1	3.60673E+4	3.33922E+4	4.55930E+6	1.39034E+6	8.68055E+4	2.98081E+6
2.00000E-1	3.63686E+4	3.32845E+4	4.69979E+6	1.43668E+6	8.68999E+4	3.09925E+6
3.00000E-1	3.62686E+4	3.35179E+4	4.88559E+6	1.48590E+6	8.72156E+4	3.25812E+6
4.00000E-1	3.64501E+4	3.34633E+4	4.87919E+6	1.42363E+6	8.68966E+4	3.13425E+6
5.00000E-1	3.64423E+4	3.34025E+4	4.40250E+6	1.37455E+6	8.63994E+4	2.92173E+6
6.00000E-1	3.61377E+4	3.32828E+4	4.04256E+6	1.36288E+6	8.60921E+4	2.91264E+6
7.00000E-1	3.66447E+4	3.34794E+4	5.17807E+6	1.43896E+6	8.68235E+4	3.26067E+6
8.00000E-1	3.65576E+4	3.34238E+4	4.31288E+6	1.39393E+6	8.62271E+4	3.06500E+6
9.00000E-1	3.63297E+4	3.32033E+4	4.44403E+6	1.39530E+6	8.62875E+4	2.92674E+6
1.00000E+0	3.65744E+4	3.34794E+4	5.35716E+6	1.45554E+6	8.66370E+4	3.36534E+6
1.10000E+0	3.67013E+4	3.37209E+4	4.69608E+6	1.43273E+6	8.63222E+4	3.03876E+6
1.20000E+0	3.64471E+4	3.34306E+4	4.38299E+6	1.40874E+6	8.63210E+4	3.05278E+6
1.30000E+0	3.66833E+4	3.35960E+4	5.35524E+6	1.45648E+6	8.65338E+4	3.22895E+6
1.40000E+0	3.65708E+4	3.35949E+4	4.62383E+6	1.43713E+6	8.64005E+4	3.03527E+6
1.50000E+0	3.63147E+4	3.34932E+4	4.24250E+6	1.38159E+6	8.61546E+4	2.94216E+6
1.60000E+0	3.69613E+4	3.36628E+4	4.73042E+6	1.42873E+6	8.70002E+4	3.33962E+6
1.70000E+0	3.65239E+4	3.36219E+4	4.19801E+6	1.38784E+6	8.60608E+4	2.84797E+6
1.80000E+0	3.64957E+4	3.33911E+4	4.13873E+6	1.38145E+6	8.60095E+4	2.88138E+6
1.90000E+0	3.67302E+4	3.36783E+4	4.64694E+6	1.43001E+6	8.66931E+4	3.18526E+6
2.00000E+0	3.68906E+4	3.38137E+4	4.56350E+6	1.44034E+6	8.63300E+4	3.08939E+6
2.10000E+0	3.64501E+4	3.34725E+4	4.19741E+6	1.38891E+6	8.58325E+4	2.94157E+6
2.20000E+0	3.65876E+4	3.36346E+4	4.98191E+6	1.46298E+6	8.64957E+4	3.18595E+6
2.30000E+0	3.68019E+4	3.39200E+4	4.97029E+6	1.47889E+6	8.65181E+4	3.31352E+6
2.40000E+0	3.68797E+4	3.37711E+4	4.83722E+6	1.45011E+6	8.65181E+4	3.19048E+6
2.50000E+0	3.65227E+4	3.34851E+4	4.05142E+6	1.38315E+6	8.57235E+4	2.84769E+6
2.60000E+0	3.62351E+4	3.36737E+4	4.36622E+6	1.41301E+6	8.59271E+4	3.01076E+6
2.70000E+0	3.66249E+4	3.39309E+4	5.04508E+6	1.45586E+6	8.63334E+4	3.24041E+6
2.80000E+0	3.66496E+4	3.37509E+4	4.33749E+6	1.40494E+6	8.59939E+4	3.07601E+6
2.90000E+0	3.63584E+4	3.35506E+4	4.00476E+6	1.36322E+6	8.54250E+4	3.00144E+6
3.00000E+0	3.62884E+4	3.36403E+4	4.51634E+6	1.40232E+6	8.61914E+4	3.08677E+6
3.10000E+0	3.68622E+4	3.38957E+4	4.75611E+6	1.43334E+6	8.67066E+4	3.26796E+6
3.20000E+0	3.63111E+4	3.37526E+4	4.07039E+6	1.36474E+6	8.53553E+4	2.93028E+6
3.30000E+0	3.63896E+4	3.35978E+4	4.40904E+6	1.40684E+6	8.55625E+4	3.04416E+6
3.40000E+0	3.65125E+4	3.39373E+4	4.95295E+6	1.42625E+6	8.59973E+4	3.31314E+6
3.50000E+0	3.65029E+4	3.37065E+4	4.24372E+6	1.36633E+6	8.55980E+4	2.88511E+6
3.60000E+0	3.64069E+4	3.37849E+4	4.37588E+6	1.39681E+6	8.60575E+4	3.15939E+6
3.70000E+0	3.66917E+4	3.40015E+4	5.12476E+6	1.40028E+6	8.65977E+4	3.23610E+6
3.80000E+0	3.63542E+4	3.39026E+4	4.53841E+6	1.38393E+6	8.57557E+4	2.95173E+6
3.90000E+0	3.62088E+4	3.40235E+4	4.54466E+6	1.34483E+6	8.57891E+4	3.12217E+6
4.00000E+0	3.66369E+4	3.40229E+4	5.04423E+6	1.37245E+6	8.65046E+4	3.21650E+6
4.10000E+0	3.65984E+4	3.39864E+4	4.38558E+6	1.37350E+6	8.59683E+4	3.04958E+6
4.20000E+0	3.61473E+4	3.38703E+4	4.00965E+6	1.30152E+6	8.57513E+4	2.97045E+6
4.30000E+0	3.61401E+4	3.36467E+4	4.03924E+6	1.29616E+6	8.55303E+4	2.94963E+6
4.40000E+0	3.60011E+4	3.38034E+4	4.04477E+6	1.33442E+6	8.52613E+4	2.87282E+6
4.50000E+0	3.61855E+4	3.39107E+4	3.98531E+6	1.34949E+6	8.55326E+4	2.93235E+6
4.60000E+0	3.63105E+4	3.37918E+4	4.64622E+6	1.36737E+6	8.58848E+4	3.03685E+6
4.70000E+0	3.63524E+4	3.41758E+4	5.23339E+6	1.41256E+6	8.60820E+4	3.13257E+6
4.80000E+0	3.63512E+4	3.39240E+4	4.38493E+6	1.31050E+6	8.56602E+4	3.02800E+6
4.90000E+0	3.61312E+4	3.38166E+4	4.07263E+6	1.29754E+6	8.54727E+4	2.82629E+6
5.00000E+0	3.60840E+4	3.39356E+4	4.38170E+6	1.34773E+6	8.56469E+4	2.98909E+6
5.10000E+0	3.64159E+4	3.40796E+4	4.81221E+6	1.37427E+6	8.61925E+4	3.24581E+6
5.20000E+0	3.59690E+4	3.39708E+4	4.00476E+6	1.29823E+6	8.54572E+4	2.81174E+6
5.30000E+0	3.64723E+4	3.40235E+4	4.58038E+6	1.34342E+6	8.63311E+4	3.16076E+6
5.40000E+0	3.61801E+4	3.39575E+4	4.07656E+6	1.31242E+6	8.55381E+4	2.98173E+6
5.50000E+0	3.61377E+4	3.40762E+4	4.23402E+6	1.31075E+6	8.55692E+4	2.90622E+6
5.60000E+0	3.64165E+4	3.41782E+4	4.81688E+6	1.34699E+6	8.61546E+4	3.14033E+6
5.70000E+0	3.65396E+4	3.42873E+4	4.91702E+6	1.34302E+6	8.61769E+4	3.14135E+6
5.80000E+0	3.67146E+4	3.42670E+4	4.98274E+6	1.36557E+6	8.61746E+4	3.25413E+6
5.90000E+0	3.62704E+4	3.42269E+4	5.11510E+6	1.41352E+6	8.59527E+4	3.18040E+6
6.00000E+0	3.63045E+4	3.41787E+4	5.00699E+6	1.36737E+6	8.58514E+4	3.16178E+6
6.10000E+0	3.64681E+4	3.42495E+4	4.76372E+6	1.38841E+6	8.56002E+4	3.24942E+6
6.20000E+0	3.64327E+4	3.44403E+4	4.86010E+6	1.36571E+6	8.59104E+4	3.21934E+6
6.30000E+0	3.66225E+4	3.44053E+4	5.02132E+6	1.40654E+6	8.57969E+4	3.17037E+6
6.40000E+0	3.64225E+4	3.43123E+4	4.75535E+6	1.37842E+6	8.55403E+4	3.04831E+6
6.50000E+0	3.64753E+4	3.44781E+4	4.71468E+6	1.43797E+6	8.53940E+4	3.27859E+6
6.60000E+0	3.64843E+4	3.43978E+4	5.08029E+6	1.41419E+6	8.56746E+4	3.23145E+6
6.70000E+0	3.64129E+4	3.44478E+4	4.97526E+6	1.45073E+6	8.54029E+4	3.20696E+6
6.80000E+0	3.65912E+4	3.42687E+4	4.67029E+6	1.41856E+6	8.53088E+4	3.26723E+6
6.90000E+0	3.65029E+4	3.44199E+4	4.71319E+6	1.38770E+6	8.51519E+4	3.09037E+6
7.00000E+0	3.61121E+4	3.41770E+4	4.07994E+6	1.37448E+6	8.44806E+4	2.84099E+6
7.10000E+0	3.62985E+4	3.42873E+4	4.24494E+6	1.40735E+6	8.49985E+4	2.94664E+6
7.20000E+0	3.64093E+4	3.43570E+4	4.94310E+6	1.45049E+6	8.53177E+4	3.20379E+6
7.30000E+0	3.66321E+4	3.44368E+4	4.86247E+6	1.41279E+6	8.52270E+4	3.14779E+6
7.40000E+0	3.61759E+4	3.43111E+4	4.17728E+6	1.34322E+6	8.50216E+4	2.97136E+6
7.50000E+0	3.61007E+4	3.41237E+4	3.96445E+6	1.29880E+6	8.47694E+4	2.95083E+6
7.60000E+0	3.64591E+4	3.43844E+4	4.54257E+6	1.35044E+6	8.50172E+4	3.12418E+6
7.70000E+0	3.65347E+4	3.45078E+4	5.12300E+6	1.39070E+6	8.58725E+4	3.23933E+6
7.80000E+0	3.65648E+4	3.45527E+4	4.84272E+6	1.44856E+6	8.55925E+4	3.31201E+6
7.90000E+0	3.65654E+4	3.44770E+4	4.21954E+6	1.34215E+6	8.48453E+4	2.96741E+6
8.00000E+0	3.61198E+4	3.42983E+4	3.99177E+6	1.28359E+6	8.47155E+4	2.84378E+6
8.10000E+0	3.63440E+4	3.44816E+4	4.63175E+6	1.37729E+6	8.57379E+4	3.15870E+6
8.20000E+0	3.67115E+4	3.48784E+4	5.03148E+6	1.38400E+6	8.52889E+4	3.24293E+6
8.30000E+0	3.61395E+4	3.44816E+4	3.91243E+6	1.27306E+6	8.51066E+4	2.79626E+6
8.40000E+0	3.64111E+4	3.45230E+4	4.71394E+6	1.37750E+6	8.55082E+4	3.07504E+6
8.50000E+0	3.65576E+4	3.45924E+4	4.40315E+6	1.37884E+6	8.51165E+4	3.03844E+6
8.60000E+0	3.64303E+4	3.45883E+4	4.24554E+6	1.27940E+6	8.48409E+4	2.89490E+6
8.70000E+0	3.67501E+4	3.46759E+4	4.58532E+6	1.39883E+6	8.54084E+4	3.23575E+6
8.80000E+0	3.64249E+4	3.46596E+4	4.10200E+6	1.36960E+6	8.47056E+4	3.00889E+6
8.90000E+0	3.66640E+4	3.46794E+4	4.63969E+6	1.43866E+6	8.51176E+4	3.08350E+6
9.00000E+0	3.63800E+4	3.45393E+4	4.05365E+6	1.36613E+6	8.46957E+4	2.87168E+6
9.10000E+0	3.68840E+4	3.49447E+4	4.64187E+6	1.35745E+6	8.52480E+4	3.16076E+6
9.20000E+0	3.63650E+4	3.45277E+4	4.55860E+6	1.29284E+6	8.51463E+4	2.92114E+6
9.30000E+0	3.66261E+4	3.47882E+4	4.98524E+6	1.41367E+6	8.54406E+4	3.29262E+6
9.40000E+0	3.65894E+4	3.47736E+4	4.50538E+6	1.31461E+6	8.52889E+4	3.02926E+6
9.50000E+0	3.63416E+4	3.46041E+4	3.82367E+6	1.28643E+6	8.48916E+4	2.77320E+6
9.60000E+0	3.64327E+4	3.46123E+4	4.34511E+6	1.35424E+6	8.51397E+4	2.98847E+6
9.70000E+0	3.67320E+4	3.50380E+4	4.71842E+6	1.39056E+6	8.53143E+4	3.19958E+6
9.80000E+0	3.67091E+4	3.50703E+4	4.96367E+6	1.40210E+6	8.56091E+4	3.28264E+6
9.90000E+0	3.66562E+4	3.50227E+4	4.83486E+6	1.43069E+6	8.52624E+4	3.35378E+6
1.00000E+1	3.66802E+4	3.50016E+4	5.00699E+6	1.36419E+6	8.54982E+4	3.31652E+6
1.01000E+1	3.69148E+4	3.50086E+4	4.95624E+6	1.37835E+6	8.55747E+4	3.25885E+6
1.02000E+1	3.66020E+4	3.49476E+4	4.45202E+6	1.33071E+6	8.52447E+4	2.95143E+6
1.03000E+1	3.63500E+4	3.48017E+4	4.09973E+6	1.32742E+6	8.46716E+4	2.80874E+6
1.04000E+1	3.67796E+4	3.49511E+4	5.02132E+6	1.41715E+6	8.52126E+4	3.17797E+6
1.05000E+1	3.64753E+4	3.49048E+4	4.12603E+6	1.31966E+6	8.45288E+4	2.98295E+6
1.06000E+1	3.66851E+4	3.49957E+4	4.32862E+6	1.34161E+6	8.50205E+4	3.04098E+6
1.07000E+1	3.66881E+4	3.51797E+4	4.81532E+6	1.35718E+6	8.51927E+4	3.04799E+6
1.08000E+1	3.64729E+4	3.49300E+4	4.37976E+6	1.36302E+6	8.50117E+4	3.02328E+6
1.09000E+1	3.68122E+4	3.53123E+4	5.01878E+6	1.38642E+6	8.52646E+4	3.15324E+6
1.10000E+1	3.66724E+4	3.50521E+4	4.38688E+6	1.32683E+6	8.47133E+4	2.92556E+6
1.11000E+1	3.64447E+4	3.49687E+4	4.25164E+6	1.32070E+6	8.45409E+4	2.80656E+6
1.12000E+1	3.68840E+4	3.53076E+4	4.71842E+6	1.42355E+6	8.52414E+4	3.11849E+6
1.13000E+1	3.69849E+4	3.52775E+4	4.69608E+6	1.34874E+6	8.50062E+4	3.10454E+6
1.14000E+1	3.63944E+4	3.51744E+4	4.23644E+6	1.32148E+6	8.46079E+4	2.96136E+6
1.15000E+1	3.67085E+4	3.52428E+4	4.80135E+6	1.38216E+6	8.53841E+4	3.23969E+6
1.16000E+1	3.67200E+4	3.52693E+4	4.42152E+6	1.33568E+6	8.50845E+4	3.01076E+6
1.17000E+1	3.65209E+4	3.51797E+4	4.34003E+6	1.37750E+6	8.48453E+4	2.98081E+6
1.18000E+1	3.69226E+4	3.53826E+4	5.04508E+6	1.45476E+6	8.52900E+4	3.18213E+6
1.19000E+1	3.63704E+4	3.52522E+4	4.26817E+6	1.39458E+6	8.45431E+4	2.94963E+6
1.20000E+1	3.67121E+4	3.52339E+4	4.54188E+6	1.40947E+6	8.48762E+4	3.19293E+6
1.21000E+1	3.65972E+4	3.52976E+4	4.64622E+6	1.35916E+6	8.48773E+4	3.06564E+6
1.22000E+1	3.66574E+4	3.55410E+4	4.32484E+6	1.40028E+6	8.48013E+4	3.02485E+6
1.23000E+1	3.66243E+4	3.51309E+4	4.30537E+6	1.37792E+6	8.48828E+4	3.00205E+6
1.24000E+1	3.68200E+4	3.54475E+4	4.97277E+6	1.38521E+6	8.52281E+4	3.23360E+6
1.25000E+1	3.66345E+4	3.52251E+4	4.08953E+6	1.33481E+6	8.45749E+4	2.86345E+6
1.26000E+1	3.68918E+4	3.55901E+4	5.27030E+6	1.41648E+6	8.52358E+4	3.24329E+6
1.27000E+1	3.67869E+4	3.55422E+4	4.60878E+6	1.34888E+6	8.48707E+4	3.00144E+6
1.28000E+1	3.66008E+4	3.54481E+4	4.39793E+6	1.36336E+6	8.48090E+4	3.00082E+6
1.29000E+1	3.71701E+4	3.55866E+4	4.87281E+6	1.40144E+6	8.51640E+4	3.09760E+6
1.30000E+1	3.65648E+4	3.53648E+4	4.01183E+6	1.33409E+6	8.45749E+4	2.83071E+6
1.31000E+1	3.69976E+4	3.54056E+4	4.71543E+6	1.41537E+6	8.49445E+4	3.07569E+6
1.32000E+1	3.68967E+4	3.55765E+4	4.45269E+6	1.39328E+6	8.47034E+4	3.11582E+6
1.33000E+1	3.67302E+4	3.55558E+4	4.34130E+6	1.37329E+6	8.47386E+4	3.01045E+6
1.34000E+1	3.71313E+4	3.57206E+4	4.68057E+6	1.40603E+6	8.49907E+4	3.10619E+6
1.35000E+1	3.67242E+4	3.54872E+4	4.14104E+6	1.34530E+6	8.44729E+4	2.86260E+6
1.36000E+1	3.69232E+4	3.56423E+4	5.08202E+6	1.44217E+6	8.50713E+4	3.17348E+6
1.37000E+1	3.69136E+4	3.56737E+4	4.36301E+6	1.37371E+6	8.46771E+4	3.01138E+6
1.38000E+1	3.65504E+4	3.54588E+4	4.20039E+6	1.35173E+6	8.43940E+4	2.86430E+6
1.39000E+1	3.65804E+4	3.56381E+4	4.60663E+6	1.44225E+6	8.49235E+4	3.17901E+6
1.40000E+1	3.69969E+4	3.58055E+4	5.07683E+6	1.43114E+6	8.50492E+4	3.15904E+6
1.41000E+1	3.69806E+4	3.58298E+4	4.57826E+6	1.40523E+6	8.44927E+4	3.06952E+6
1.42000E+1	3.70423E+4	3.59262E+4	4.70128E+6	1.44663E+6	8.46112E+4	2.98357E+6
1.43000E+1	3.67899E+4	3.55967E+4	4.24311E+6	1.41544E+6	8.45980E+4	2.91234E+6
1.44000E+1	3.66532E+4	3.54830E+4	4.06647E+6	1.42228E+6	8.45859E+4	2.95564E+6
1.45000E+1	3.68713E+4	3.59441E+4	4.97443E+6	1.47034E+6	8.48684E+4	3.21049E+6
1.46000E+1	3.67573E+4	3.57485E+4	4.19147E+6	1.42094E+6	8.39166E+4	2.82051E+6
1.47000E+1	3.64921E+4	3.57413E+4	4.50538E+6	1.46330E+6	8.44258E+4	3.17175E+6
1.48000E+1	3.72162E+4	3.59530E+4	5.06306E+6	1.48769E+6	8.45530E+4	3.12451E+6
1.49000E+1	3.66887E+4	3.57271E+4	4.30162E+6	1.40457E+6	8.40060E+4	2.91908E+6
1.50000E+1	3.64645E+4	3.57455E+4	4.74172E+6	1.41952E+6	8.44072E+4	2.96136E+6
1.51000E+1	3.67796E+4	3.59703E+4	4.80058E+6	1.40859E+6	8.45914E+4	3.21934E+6
1.52000E+1	3.67206E+4	3.60603E+4	4.75004E+6	1.36689E+6	8.48596E+4	3.17555E+6
1.53000E+1	3.64987E+4	3.58245E+4	3.95648E+6	1.34733E+6	8.45025E+4	2.89375E+6
1.54000E+1	3.66502E+4	3.60042E+4	4.59595E+6	1.39357E+6	8.47474E+4	3.24509E+6
1.55000E+1	3.66069E+4	3.60442E+4	4.66224E+6	1.37806E+6	8.49952E+4	3.03400E+6
1.56000E+1	3.64651E+4	3.58120E+4	4.12603E+6	1.33787E+6	8.46287E+4	2.76498E+6
1.57000E+1	3.62519E+4	3.58548E+4	3.98639E+6	1.34436E+6	8.41512E+4	2.83987E+6
1.58000E+1	3.63914E+4	3.57758E+4	4.08501E+6	1.31992E+6	8.42889E+4	2.83016E+6
1.59000E+1	3.63554E+4	3.59554E+4	4.12661E+6	1.38159E+6	8.44455E+4	2.80385E+6
1.60000E+1	3.64759E+4	3.60728E+4	4.63680E+6	1.43152E+6	8.45958E+4	3.07309E+6
1.61000E+1	3.67158E+4	3.61169E+4	4.91297E+6	1.48842E+6	8.49885E+4	3.24726E+6
1.62000E+1	3.67724E+4	3.62986E+4	5.23339E+6	1.44987E+6	8.47089E+4	3.31352E+6
1.63000E+1	3.67959E+4	3.63286E+4	4.97029E+6	1.49438E+6	8.51927E+4	3.26942E+6
1.64000E+1	3.67808E+4	3.63394E+4	5.09764E+6	1.44555E+6	8.50271E+4	3.22859E+6
1.65000E+1	3.68273E+4	3.63166E+4	4.70276E+6	1.45399E+6	8.48354E+4	3.16693E+6
1.66000E+1	3.64345E+4	3.61152E+4	4.23099E+6	1.37532E+6	8.41938E+4	2.88597E+6
1.67000E+1	3.63135E+4	3.60358E+4	4.03428E+6	1.38244E+6	8.41315E+4	2.82602E+6
1.68000E+1	3.62381E+4	3.62789E+4	4.67763E+6	1.42221E+6	8.45727E+4	3.05310E+6
1.69000E+1	3.63321E+4	3.62981E+4	4.69757E+6	1.47664E+6	8.51209E+4	3.23610E+6
1.70000E+1	3.64591E+4	3.62394E+4	4.70499E+6	1.47592E+6	8.48288E+4	3.20449E+6
1.71000E+1	3.67097E+4	3.65241E+4	4.63103E+6	1.39271E+6	8.50591E+4	3.01232E+6
1.72000E+1	3.62513E+4	3.62328E+4	4.18082E+6	1.32657E+6	8.42638E+4	2.91761E+6
1.73000E+1	3.64699E+4	3.62891E+4	4.60164E+6	1.41611E+6	8.49180E+4	3.14949E+6
1.74000E+1	3.63956E+4	3.64490E+4	5.10374E+6	1.41990E+6	8.47727E+4	3.32406E+6
1.75000E+1	3.59648E+4	3.61169E+4	4.04920E+6	1.33303E+6	8.43765E+4	2.77933E+6
1.76000E+1	3.63159E+4	3.63070E+4	4.67542E+6	1.39120E+6	8.49885E+4	3.07212E+6
1.77000E+1	3.63716E+4	3.66539E+4	4.96119E+6	1.40210E+6	8.52447E+4	3.30266E+6
1.78000E+1	3.63147E+4	3.66407E+4	5.00951E+6	1.42760E+6	8.50018E+4	3.10884E+6
1.79000E+1	3.64429E+4	3.65613E+4	4.56981E+6	1.39970E+6	8.47210E+4	3.07406E+6
1.80000E+1	3.62710E+4	3.65415E+4	4.52252E+6	1.35745E+6	8.49125E+4	2.99063E+6
1.81000E+1	3.60184E+4	3.64041E+4	4.26449E+6	1.33336E+6	8.45299E+4	2.98448E+6
1.82000E+1	3.59457E+4	3.62951E+4	3.77373E+6	1.31888E+6	8.46309E+4	2.89086E+6
1.83000E+1	3.59350E+4	3.63112E+4	4.26081E+6	1.34901E+6	8.45420E+4	2.87196E+6
1.84000E+1	3.60661E+4	3.65373E+4	4.87759E+6	1.40530E+6	8.54882E+4	3.21508E+6
1.85000E+1	3.61580E+4	3.67882E+4	4.90892E+6	1.40246E+6	8.53951E+4	3.20555E+6
1.86000E+1	3.62022E+4	3.65835E+4	4.49107E+6	1.39407E+6	8.48982E+4	3.12083E+6
1.87000E+1	3.62279E+4	3.65108E+4	4.30412E+6	1.37694E+6	8.47386E+4	3.02832E+6
1.88000E+1	3.59160E+4	3.64496E+4	4.02659E+6	1.36668E+6	8.44159E+4	2.79842E+6
1.89000E+1	3.59868E+4	3.66238E+4	4.41166E+6	1.38578E+6	8.46507E+4	3.10719E+6
1.90000E+1	3.62925E+4	3.67382E+4	4.84193E+6	1.45235E+6	8.49974E+4	3.26504E+6
1.91000E+1	3.62130E+4	3.67538E+4	4.74701E+6	1.47201E+6	8.49213E+4	3.31577E+6
1.92000E+1	3.62937E+4	3.68334E+4	4.85218E+6	1.44471E+6	8.50558E+4	3.17797E+6
1.93000E+1	3.59553E+4	3.67068E+4	4.08162E+6	1.35766E+6	8.41654E+4	2.84015E+6
1.94000E+1	3.61001E+4	3.66749E+4	4.73493E+6	1.43599E+6	8.46892E+4	3.04034E+6
1.95000E+1	3.63536E+4	3.68690E+4	4.99191E+6	1.40268E+6	8.54118E+4	3.19958E+6
1.96000E+1	3.63362E+4	3.67520E+4	4.37459E+6	1.36640E+6	8.48464E+4	2.94874E+6
1.97000E+1	3.59070E+4	3.64886E+4	4.04422E+6	1.41220E+6	8.40332E+4	2.82271E+6
1.98000E+1	3.60220E+4	3.66004E+4	4.17316E+6	1.40465E+6	8.43163E+4	2.94037E+6
1.99000E+1	3.60560E+4	3.68316E+4	4.49243E+6	1.45453E+6	8.45475E+4	3.13459E+6
2.00000E+1	3.64333E+4	3.71387E+4	5.22515E+6	1.48041E+6	8.46793E+4	3.29931E+6
2.01000E+1	3.64117E+4	3.68455E+4	4.33368E+6	1.44279E+6	8.44115E+4	2.95444E+6
2.02000E+1	3.59445E+4	3.66515E+4	4.10998E+6	1.42086E+6	8.38392E+4	2.79437E+6
2.03000E+1	3.62752E+4	3.68256E+4	4.35532E+6	1.41878E+6	8.44050E+4	3.16590E+6
2.04000E+1	3.65702E+4	3.69874E+4	4.72741E+6	1.47913E+6	8.48310E+4	3.19923E+6
2.05000E+1	3.62214E+4	3.67888E+4	4.39207E+6	1.43152E+6	8.41522E+4	2.97379E+6
2.06000E+1	3.61132E+4	3.66792E+4	4.12431E+6	1.39443E+6	8.42135E+4	2.93978E+6
2.07000E+1	3.65155E+4	3.70436E+4	4.99609E+6	1.46598E+6	8.46529E+4	3.20098E+6
2.08000E+1	3.63866E+4	3.69965E+4	4.25958E+6	1.40669E+6	8.42484E+4	2.94933E+6
2.09000E+1	3.64429E+4	3.68425E+4	4.04201E+6	1.36040E+6	8.39122E+4	2.77240E+6
2.10000E+1	3.63075E+4	3.67930E+4	4.40381E+6	1.39768E+6	8.42539E+4	2.92733E+6
2.11000E+1	3.64609E+4	3.70382E+4	4.92026E+6	1.49528E+6	8.44773E+4	3.27785E+6
2.12000E+1	3.63572E+4	3.69844E+4	4.22737E+6	1.41043E+6	8.44992E+4	2.88885E+6
2.13000E+1	3.61019E+4	3.67418E+4	4.05754E+6	1.40793E+6	8.38479E+4	2.83376E+6
2.14000E+1	3.63668E+4	3.70449E+4	4.76830E+6	1.48017E+6	8.47727E+4	3.18283E+6
2.15000E+1	3.67712E+4	3.71908E+4	4.91297E+6	1.47512E+6	8.46881E+4	3.12116E+6
2.16000E+1	3.65774E+4	3.70370E+4	4.31539E+6	1.40845E+6	8.43480E+4	2.90476E+6
2.17000E+1	3.64765E+4	3.68768E+4	3.98209E+6	1.40545E+6	8.37489E+4	2.90505E+6
2.18000E+1	3.63806E+4	3.69862E+4	4.10998E+6	1.49585E+6	8.40398E+4	2.97075E+6
2.19000E+1	3.67109E+4	3.72230E+4	4.94884E+6	1.51319E+6	8.44861E+4	3.28412E+6
2.20000E+1	3.68200E+4	3.72539E+4	4.41363E+6	1.40530E+6	8.45223E+4	3.16350E+6
2.21000E+1	3.64351E+4	3.72363E+4	3.93486E+6	1.38763E+6	8.38414E+4	2.83321E+6
2.22000E+1	3.63656E+4	3.70412E+4	4.12258E+6	1.39985E+6	8.41927E+4	2.88224E+6
2.23000E+1	3.66363E+4	3.70321E+4	4.58038E+6	1.44386E+6	8.44532E+4	3.11749E+6
2.24000E+1	3.67941E+4	3.74314E+4	5.37255E+6	1.49021E+6	8.46892E+4	3.29671E+6
2.25000E+1	3.66875E+4	3.73067E+4	4.67396E+6	1.42986E+6	8.45431E+4	3.04607E+6
2.26000E+1	3.66297E+4	3.74216E+4	4.39337E+6	1.44455E+6	8.44641E+4	3.04735E+6
2.27000E+1	3.65846E+4	3.70909E+4	3.98424E+6	1.40057E+6	8.38087E+4	2.81557E+6
2.28000E+1	3.66375E+4	3.72988E+4	4.54257E+6	1.46016E+6	8.42802E+4	3.00299E+6
2.29000E+1	3.70841E+4	3.74411E+4	4.57826E+6	1.43812E+6	8.44970E+4	3.08710E+6
2.30000E+1	3.65726E+4	3.69318E+4	4.07994E+6	1.40567E+6	8.36348E+4	2.84043E+6
2.31000E+1	3.68285E+4	3.74521E+4	5.07943E+6	1.52195E+6	8.45080E+4	3.22253E+6
2.32000E+1	3.66869E+4	3.71369E+4	3.98209E+6	1.43767E+6	8.38632E+4	2.84909E+6
2.33000E+1	3.65083E+4	3.71423E+4	4.17728E+6	1.40742E+6	8.36565E+4	2.82216E+6
2.34000E+1	3.66664E+4	3.72260E+4	4.15967E+6	1.42655E+6	8.41206E+4	3.04321E+6
2.35000E+1	3.70248E+4	3.77015E+4	4.89040E+6	1.48049E+6	8.45003E+4	3.18804E+6
2.36000E+1	3.65906E+4	3.71363E+4	4.16025E+6	1.40508E+6	8.35631E+4	2.87510E+6
2.37000E+1	3.68031E+4	3.71860E+4	4.11627E+6	1.42835E+6	8.40071E+4	2.96469E+6
2.38000E+1	3.68592E+4	3.76831E+4	5.26658E+6	1.47352E+6	8.44981E+4	3.19397E+6
2.39000E+1	3.68635E+4	3.74868E+4	4.67837E+6	1.50617E+6	8.43283E+4	3.15153E+6
2.40000E+1	3.67947E+4	3.74581E+4	4.42218E+6	1.42019E+6	8.38534E+4	2.95684E+6
2.41000E+1	3.67326E+4	3.74259E+4	4.27988E+6	1.40567E+6	8.37837E+4	2.88339E+6
2.42000E+1	3.65426E+4	3.72551E+4	4.09859E+6	1.41678E+6	8.35359E+4	2.93889E+6
2.43000E+1	3.65810E+4	3.73967E+4	4.46273E+6	1.45127E+6	8.36022E+4	2.98387E+6
2.44000E+1	3.68266E+4	3.74289E+4	4.89281E+6	1.46275E+6	8.40834E+4	3.13999E+6
2.45000E+1	3.67561E+4	3.75276E+4	5.08808E+6	1.45104E+6	8.43097E+4	3.19223E+6
2.46000E+1	3.68285E+4	3.77241E+4	5.07425E+6	1.44987E+6	8.45804E+4	3.22076E+6
2.47000E+1	3.66574E+4	3.75294E+4	4.74248E+6	1.46923E+6	8.40736E+4	3.09925E+6
2.48000E+1	3.69963E+4	3.75532E+4	4.89602E+6	1.44933E+6	8.41839E+4	3.11916E+6
2.49000E+1	3.71162E+4	3.76673E+4	5.09416E+6	1.45298E+6	8.42933E+4	3.20766E+6
2.50000E+1	3.72398E+4	3.77173E+4	5.14064E+6	1.51815E+6	8.41610E+4	3.28006E+6
2.51000E+1	3.73820E+4	3.77583E+4	4.86963E+6	1.44332E+6	8.39405E+4	3.22076E+6
2.52000E+1	3.72374E+4	3.77137E+4	4.58674E+6	1.46511E+6	8.40747E+4	3.00827E+6
2.53000E+1	3.71792E+4	3.77448E+4	4.26203E+6	1.38599E+6	8.35381E+4	2.99525E+6
2.54000E+1	3.71459E+4	3.74028E+4	4.07881E+6	1.36682E+6	8.35164E+4	2.83487E+6
2.55000E+1	3.69812E+4	3.73985E+4	4.09519E+6	1.39278E+6	8.32434E+4	2.73644E+6
2.56000E+1	3.72781E+4	3.74728E+4	4.52804E+6	1.41367E+6	8.36185E+4	2.93829E+6
2.57000E+1	3.75098E+4	3.78195E+4	4.95460E+6	1.46535E+6	8.41883E+4	3.31803E+6
2.58000E+1	3.77154E+4	3.78911E+4	4.47281E+6	1.41552E+6	8.40551E+4	3.18526E+6
2.59000E+1	3.74806E+4	3.75605E+4	4.24372E+6	1.39120E+6	8.35837E+4	2.89635E+6
2.60000E+1	3.74720E+4	3.74222E+4	4.17080E+6	1.36226E+6	8.33473E+4	2.85978E+6
2.61000E+1	3.76720E+4	3.74241E+4	4.33242E+6	1.42079E+6	8.37924E+4	2.85134E+6
2.62000E+1	3.76403E+4	3.74551E+4	3.96924E+6	1.43069E+6	8.34459E+4	2.81886E+6
2.63000E+1	3.77337E+4	3.76746E+4	4.74853E+6	1.46559E+6	8.37772E+4	3.13089E+6
2.64000E+1	3.81942E+4	3.80985E+4	5.17807E+6	1.49413E+6	8.39155E+4	3.34534E+6
2.65000E+1	3.81930E+4	3.79168E+4	4.67837E+6	1.45890E+6	8.38229E+4	3.12686E+6
2.66000E+1	3.81100E+4	3.77204E+4	4.36622E+6	1.41982E+6	8.37206E+4	2.84238E+6
2.67000E+1	3.79688E+4	3.77540E+4	4.40904E+6	1.39919E+6	8.34774E+4	2.83987E+6
2.68000E+1	3.79841E+4	3.78378E+4	4.37459E+6	1.41826E+6	8.35880E+4	2.91527E+6
2.69000E+1	3.77441E+4	3.77510E+4	4.26571E+6	1.42049E+6	8.34969E+4	2.83543E+6
2.70000E+1	3.78622E+4	3.76172E+4	4.04367E+6	1.38514E+6	8.32239E+4	2.82878E+6
2.71000E+1	3.79259E+4	3.78684E+4	4.45804E+6	1.45593E+6	8.34687E+4	3.07991E+6
2.72000E+1	3.78242E+4	3.80714E+4	5.22607E+6	1.52629E+6	8.39078E+4	3.21827E+6
2.73000E+1	3.80363E+4	3.80321E+4	4.93574E+6	1.50046E+6	8.41610E+4	3.20872E+6
2.74000E+1	3.80154E+4	3.81415E+4	5.03997E+6	1.46978E+6	8.39460E+4	3.17348E+6
2.75000E+1	3.78469E+4	3.82128E+4	4.92595E+6	1.46188E+6	8.42102E+4	3.19013E+6
2.76000E+1	3.80523E+4	3.81077E+4	5.29644E+6	1.53330E+6	8.42889E+4	3.34496E+6
2.77000E+1	3.81992E+4	3.80960E+4	4.85455E+6	1.47592E+6	8.39068E+4	3.17693E+6
2.78000E+1	3.81192E+4	3.80463E+4	4.66809E+6	1.46804E+6	8.37097E+4	3.08285E+6
2.79000E+1	3.78267E+4	3.80358E+4	4.32421E+6	1.44217E+6	8.36891E+4	3.05856E+6
2.80000E+1	3.77667E+4	3.80917E+4	4.43142E+6	1.42873E+6	8.37924E+4	2.96016E+6
2.81000E+1	3.80296E+4	3.80948E+4	4.49924E+6	1.39862E+6	8.37913E+4	2.93889E+6
2.82000E+1	3.76226E+4	3.81144E+4	4.26510E+6	1.41065E+6	8.32997E+4	2.87424E+6
2.83000E+1	3.76806E+4	3.78029E+4	4.06983E+6	1.40567E+6	8.31915E+4	2.92173E+6
2.84000E+1	3.77955E+4	3.80948E+4	4.59240E+6	1.48509E+6	8.35218E+4	3.10917E+6
2.85000E+1	3.81912E+4	3.84224E+4	5.16911E+6	1.51268E+6	8.39569E+4	3.30640E+6
2.86000E+1	3.83026E+4	3.83447E+4	5.18076E+6	1.48891E+6	8.36619E+4	3.22360E+6
2.87000E+1	3.81137E+4	3.83977E+4	4.70648E+6	1.44717E+6	8.37674E+4	3.08024E+6
2.88000E+1	3.76922E+4	3.81575E+4	4.07600E+6	1.40333E+6	8.33516E+4	3.00299E+6
2.89000E+1	3.77606E+4	3.79554E+4	4.22496E+6	1.42595E+6	8.32109E+4	2.93948E+6
2.90000E+1	3.77600E+4	3.80708E+4	4.52252E+6	1.44271E+6	8.36804E+4	3.01482E+6
2.91000E+1	3.80946E+4	3.85033E+4	4.79671E+6	1.52697E+6	8.40496E+4	3.36225E+6
2.92000E+1	3.78885E+4	3.84811E+4	4.48429E+6	1.44794E+6	8.37826E+4	3.07926E+6
2.93000E+1	3.71919E+4	3.82227E+4	4.02988E+6	1.39414E+6	8.33928E+4	2.85809E+6
2.94000E+1	3.52586E+4	3.85967E+4	3.98854E+6	1.42775E+6	8.37576E+4	3.00361E+6
2.95000E+1	3.20871E+4	3.87113E+4	3.64700E+6	1.51193E+6	8.45014E+4	3.12050E+6
2.96000E+1	2.86608E+4	3.87869E+4	3.27429E+6	1.42723E+6	8.53177E+4	3.20485E+6
2.97000E+1	2.30849E+4	3.87497E+4	2.54081E+6	1.38457E+6	8.53188E+4	2.98817E+6
2.98000E+1	1.53527E+4	3.86159E+4	1.80091E+6	1.23016E+6	8.55048E+4	2.53178E+6
2.99000E+1	9.31125E+3	3.84341E+4	1.13336E+6	1.08367E+6	8.68999E+4	2.31138E+6
3.00000E+1	5.79816E+3	3.84823E+4	7.22205E+5	9.54975E+5	8.88846E+4	1.99344E+6
3.01000E+1	4.16531E+3	3.84829E+4	4.94986E+5	7.47311E+5	9.20553E+4	1.67897E+6
3.02000E+1	3.20353E+3	3.82762E+4	3.62591E+5	5.55743E+5	9.54695E+4	1.31591E+6
3.03000E+1	2.65096E+3	3.75227E+4	2.82231E+5	4.09197E+5	9.83537E+4	9.92327E+5
3.04000E+1	2.32002E+3	3.65535E+4	2.38187E+5	3.14874E+5	1.02312E+5	8.02524E+5
3.05000E+1	2.11671E+3	3.53997E+4	2.08250E+5	2.53426E+5	1.05314E+5	6.56861E+5
3.06000E+1	2.00596E+3	3.40356E+4	1.89742E+5	2.12928E+5	1.09322E+5	5.55094E+5
3.07000E+1	1.90282E+3	3.26013E+4	1.76610E+5	1.88114E+5	1.12818E+5	4.87962E+5
3.08000E+1	1.85166E+3	3.11707E+4	1.66667E+5	1.70706E+5	1.16468E+5	4.32331E+5
3.09000E+1	1.76050E+3	2.97912E+4	1.59333E+5	1.58460E+5	1.19350E+5	3.90824E+5
3.10000E+1	1.71215E+3	2.81547E+4	1.51286E+5	1.48254E+5	1.22579E+5	3.58984E+5
3.11000E+1	1.69782E+3	2.67015E+4	1.46279E+5	1.40861E+5	1.25073E+5	3.31233E+5
3.12000E+1	1.67617E+3	2.50240E+4	1.38286E+5	1.32743E+5	1.26596E+5	3.02496E+5
3.13000E+1	1.63422E+3	2.37100E+4	1.34176E+5	1.29383E+5	1.29715E+5	2.88847E+5
3.14000E+1	1.60528E+3	2.24258E+4	1.28614E+5	1.23089E+5	1.31057E+5	2.71235E+5
3.15000E+1	1.54312E+3	2.09672E+4	1.22592E+5	1.19999E+5	1.32764E+5	2.56869E+5
3.16000E+1	1.55242E+3	2.00405E+4	1.19653E+5	1.17572E+5	1.35777E+5	2.48784E+5
3.17000E+1	1.57735E+3	1.88951E+4	1.15488E+5	1.13502E+5	1.37458E+5	2.39213E+5
3.18000E+1	1.51323E+3	1.77517E+4	1.11414E+5	1.09741E+5	1.38489E+5	2.28046E+5
3.19000E+1	1.46943E+3	1.69756E+4	1.10085E+5	1.07303E+5	1.41500E+5	2.24032E+5
3.20000E+1	1.46578E+3	1.59176E+4	1.06105E+5	1.02849E+5	1.41677E+5	2.13770E+5
3.21000E+1	1.40976E+3	1.51188E+4	1.03867E+5	1.01178E+5	1.43813E+5	2.09201E+5
3.22000E+1	1.37498E+3	1.44524E+4	1.02849E+5	1.00014E+5	1.45986E+5	2.06526E+5
3.23000E+1	1.42997E+3	1.37528E+4	1.00710E+5	9.61659E+4	1.47110E+5	2.02140E+5
3.24000E+1	1.41506E+3	1.30246E+4	9.96180E+4	9.50969E+4	1.48712E+5	1.98109E+5
3.25000E+1	1.43130E+3	1.23703E+4	9.79302E+4	9.33915E+4	1.49781E+5	1.93356E+5
3.26000E+1	1.37730E+3	1.17457E+4	9.68382E+4	9.13741E+4	1.50099E+5	1.88809E+5
3.27000E+1	1.41506E+3	1.12200E+4	9.59151E+4	8.96413E+4	1.51143E+5	1.85457E+5
3.28000E+1	1.38127E+3	1.07387E+4	9.62445E+4	8.86340E+4	1.52360E+5	1.83641E+5
3.29000E+1	1.39419E+3	1.02968E+4	9.65876E+4	8.76555E+4	1.53328E+5	1.82169E+5
3.30000E+1	1.39154E+3	9.88833E+3	9.82373E+4	8.69525E+4	1.54700E+5	1.81836E+5
3.31000E+1	1.40346E+3	9.54240E+3	9.97645E+4	8.61274E+4	1.55205E+5	1.81445E+5
3.32000E+1	1.43229E+3	9.13760E+3	1.00535E+5	8.49419E+4	1.54424E+5	1.78027E+5
3.33000E+1	1.46711E+3	8.78647E+3	1.03015E+5	8.56332E+4	1.56057E+5	1.78743E+5
3.34000E+1	1.51124E+3	8.52441E+3	1.04372E+5	8.53306E+4	1.56950E+5	1.79587E+5
3.35000E+1	1.49896E+3	8.20020E+3	1.05424E+5	8.50014E+4	1.55121E+5	1.76908E+5
3.36000E+1	1.54013E+3	7.94809E+3	1.09118E+5	8.64640E+4	1.56771E+5	1.79034E+5
3.37000E+1	1.55874E+3	7.69715E+3	1.12975E+5	8.58733E+4	1.56178E+5	1.78641E+5
3.38000E+1	1.61060E+3	7.49090E+3	1.18610E+5	8.73169E+4	1.57220E+5	1.79950E+5
3.39000E+1	1.63023E+3	7.30214E+3	1.22172E+5	8.73045E+4	1.56290E+5	1.79539E+5
3.40000E+1	1.69549E+3	7.04274E+3	1.27688E+5	8.90706E+4	1.55739E+5	1.81534E+5
3.41000E+1	1.68550E+3	6.97891E+3	1.34286E+5	9.08892E+4	1.57077E+5	1.83787E+5
3.42000E+1	1.70682E+3	6.81068E+3	1.38566E+5	9.20466E+4	1.56002E+5	1.85098E+5
3.43000E+1	1.75283E+3	6.62136E+3	1.40509E+5	9.37525E+4	1.55159E+5	1.84604E+5
3.44000E+1	1.74583E+3	6.42469E+3	1.41813E+5	9.56515E+4	1.54010E+5	1.85465E+5
3.45000E+1	1.75183E+3	6.35322E+3	1.42975E+5	9.83965E+4	1.55043E+5	1.88104E+5
3.46000E+1	1.74749E+3	6.21202E+3	1.42929E+5	1.00462E+5	1.55644E+5	1.90757E+5
3.47000E+1	1.71849E+3	6.10745E+3	1.41101E+5	1.01451E+5	1.55810E+5	1.91466E+5
3.48000E+1	1.74349E+3	6.02337E+3	1.40462E+5	1.02470E+5	1.55741E+5	1.91710E+5
3.49000E+1	1.70315E+3	5.95062E+3	1.40470E+5	1.02204E+5	1.55518E+5	1.91834E+5
3.50000E+1	1.73315E+3	5.80544E+3	1.39206E+5	1.01875E+5	1.54802E+5	1.91823E+5
3.51000E+1	1.75016E+3	5.72363E+3	1.37796E+5	1.02257E+5	1.55020E+5	1.91095E+5
3.52000E+1	1.70582E+3	5.60853E+3	1.35956E+5	1.02247E+5	1.54552E+5	1.89850E+5
3.53000E+1	1.69183E+3	5.53707E+3	1.33431E+5	1.02287E+5	1.54702E+5	1.90153E+5
3.54000E+1	1.63256E+3	5.44923E+3	1.32722E+5	1.01770E+5	1.56199E+5	1.90145E+5
3.55000E+1	1.66518E+3	5.37370E+3	1.31209E+5	1.01542E+5	1.55568E+5	1.90121E+5
3.56000E+1	1.61193E+3	5.28934E+3	1.28772E+5	1.01076E+5	1.55827E+5	1.89102E+5
3.57000E+1	1.60727E+3	5.17019E+3	1.26629E+5	1.00371E+5	1.55836E+5	1.87621E+5
3.58000E+1	1.58200E+3	5.13599E+3	1.24249E+5	1.00088E+5	1.56021E+5	1.86648E+5
3.59000E+1	1.59530E+3	5.03780E+3	1.21365E+5	9.95931E+4	1.56533E+5	1.87290E+5
3.60000E+1	1.57934E+3	4.98912E+3	1.19327E+5	9.92523E+4	1.58211E+5	1.87235E+5
3.61000E+1	1.57569E+3	4.97883E+3	1.16771E+5	9.74110E+4	1.58853E+5	1.86479E+5
3.62000E+1	1.53648E+3	4.82248E+3	1.12754E+5	9.54519E+4	1.57756E+5	1.83282E+5
3.63000E+1	1.49066E+3	4.83700E+3	1.12084E+5	9.47811E+4	1.60139E+5	1.83432E+5
3.64000E+1	1.48502E+3	4.72063E+3	1.08723E+5	9.23072E+4	1.59335E+5	1.79915E+5
3.65000E+1	1.40976E+3	4.67225E+3	1.06762E+5	9.18685E+4	1.60052E+5	1.79061E+5
3.66000E+1	1.48734E+3	4.63485E+3	1.03960E+5	9.03670E+4	1.61833E+5	1.79665E+5
3.67000E+1	1.43428E+3	4.55273E+3	1.00724E+5	8.83490E+4	1.60917E+5	1.76629E+5
3.68000E+1	1.41208E+3	4.49290E+3	9.81095E+4	8.64685E+4	1.60957E+5	1.74016E+5
3.69000E+1	1.39021E+3	4.40643E+3	9.57322E+4	8.54713E+4	1.61798E+5	1.71656E+5
3.70000E+1	1.36770E+3	4.35063E+3	9.47803E+4	8.52532E+4	1.62728E+5	1.71092E+5
3.71000E+1	1.37233E+3	4.32397E+3	9.25582E+4	8.35986E+4	1.63107E+5	1.69197E+5
3.72000E+1	1.37763E+3	4.22624E+3	9.13627E+4	8.26747E+4	1.64207E+5	1.67838E+5
3.73000E+1	1.35545E+3	4.23569E+3	9.02601E+4	8.17751E+4	1.65922E+5	1.67912E+5
3.74000E+1	1.34751E+3	4.11925E+3	8.80448E+4	7.97623E+4	1.65863E+5	1.66100E+5
3.75000E+1	1.27410E+3	4.11506E+3	8.62127E+4	7.90127E+4	1.65148E+5	1.62913E+5
3.76000E+1	1.25989E+3	4.06724E+3	8.60777E+4	7.85319E+4	1.67982E+5	1.63591E+5
3.77000E+1	1.29757E+3	4.02783E+3	8.48531E+4	7.65647E+4	1.67239E+5	1.61211E+5
3.78000E+1	1.27939E+3	3.99716E+3	8.38470E+4	7.59901E+4	1.67954E+5	1.59512E+5
3.79000E+1	1.30285E+3	3.93726E+3	8.25516E+4	7.49239E+4	1.68847E+5	1.59226E+5
3.80000E+1	1.28666E+3	3.85623E+3	8.00891E+4	7.48520E+4	1.68664E+5	1.57333E+5
3.81000E+1	1.19420E+3	3.82427E+3	7.83722E+4	7.32834E+4	1.69754E+5	1.57037E+5
3.82000E+1	1.23182E+3	3.77637E+3	7.83292E+4	7.34315E+4	1.70535E+5	1.55583E+5
3.83000E+1	1.23182E+3	3.71742E+3	7.69910E+4	7.16543E+4	1.70029E+5	1.53249E+5
3.84000E+1	1.22786E+3	3.72955E+3	7.74605E+4	7.07553E+4	1.72047E+5	1.53690E+5
3.85000E+1	1.24404E+3	3.62774E+3	7.69900E+4	7.03729E+4	1.71410E+5	1.51776E+5
3.86000E+1	1.25989E+3	3.62497E+3	7.81491E+4	6.98044E+4	1.73293E+5	1.52257E+5
3.87000E+1	1.25857E+3	3.57967E+3	7.80571E+4	6.83356E+4	1.72059E+5	1.50369E+5
3.88000E+1	1.28897E+3	3.52716E+3	7.93679E+4	6.88181E+4	1.72477E+5	1.49865E+5
3.89000E+1	1.29459E+3	3.52751E+3	8.14970E+4	6.90387E+4	1.74191E+5	1.51366E+5
3.90000E+1	1.31046E+3	3.48333E+3	8.21285E+4	6.80976E+4	1.73132E+5	1.50784E+5
3.91000E+1	1.31145E+3	3.43712E+3	8.29789E+4	6.83849E+4	1.72398E+5	1.49736E+5
3.92000E+1	1.32964E+3	3.36203E+3	8.42103E+4	6.95243E+4	1.73961E+5	1.50903E+5
3.93000E+1	1.33229E+3	3.38647E+3	8.47739E+4	6.90175E+4	1.73490E+5	1.50814E+5
3.94000E+1	1.32402E+3	3.34964E+3	8.54905E+4	7.00118E+4	1.73401E+5	1.50395E+5
3.95000E+1	1.33295E+3	3.33416E+3	8.82421E+4	7.03542E+4	1.74871E+5	1.52189E+5
3.96000E+1	1.36240E+3	3.32762E+3	9.02217E+4	6.97375E+4	1.74184E+5	1.53146E+5
3.97000E+1	1.38955E+3	3.27880E+3	9.21648E+4	7.02813E+4	1.72834E+5	1.51597E+5
3.98000E+1	1.40446E+3	3.28842E+3	9.58137E+4	7.11885E+4	1.73488E+5	1.53810E+5
3.99000E+1	1.40446E+3	3.26368E+3	9.81007E+4	7.21293E+4	1.73045E+5	1.54153E+5
4.00000E+1	1.45616E+3	3.22694E+3	1.00987E+5	7.26012E+4	1.72169E+5	1.54787E+5
4.01000E+1	1.43063E+3	3.26299E+3	1.03768E+5	7.41252E+4	1.72928E+5	1.56518E+5
4.02000E+1	1.44356E+3	3.19776E+3	1.04621E+5	7.44697E+4	1.72229E+5	1.56148E+5
4.03000E+1	1.51157E+3	3.17478E+3	1.07692E+5	7.62439E+4	1.72606E+5	1.58505E+5
4.04000E+1	1.49099E+3	3.18884E+3	1.07993E+5	7.66401E+4	1.70997E+5	1.57961E+5
4.05000E+1	1.49265E+3	3.19365E+3	1.09574E+5	7.82028E+4	1.72396E+5	1.60777E+5
4.06000E+1	1.49398E+3	3.15010E+3	1.08641E+5	7.83575E+4	1.70662E+5	1.60438E+5
4.07000E+1	1.46246E+3	3.10555E+3	1.09007E+5	7.97977E+4	1.70735E+5	1.60221E+5
4.08000E+1	1.48038E+3	3.06584E+3	1.10771E+5	8.05811E+4	1.71593E+5	1.62122E+5
4.09000E+1	1.51489E+3	3.12062E+3	1.10734E+5	8.01776E+4	1.70811E+5	1.61762E+5
4.10000E+1	1.51987E+3	3.11001E+3	1.11699E+5	8.11608E+4	1.71398E+5	1.62841E+5
4.11000E+1	1.56571E+3	3.14118E+3	1.13052E+5	8.07104E+4	1.70945E+5	1.63715E+5
4.12000E+1	1.55508E+3	3.03573E+3	1.14346E+5	8.18794E+4	1.70247E+5	1.63211E+5
4.13000E+1	1.48635E+3	3.06515E+3	1.15596E+5	8.18038E+4	1.70285E+5	1.64074E+5
4.14000E+1	1.52419E+3	3.03642E+3	1.16108E+5	8.31577E+4	1.70433E+5	1.65512E+5
4.15000E+1	1.55143E+3	3.03197E+3	1.15821E+5	8.28028E+4	1.69232E+5	1.65220E+5
4.16000E+1	1.55541E+3	3.02103E+3	1.17451E+5	8.43532E+4	1.70139E+5	1.66321E+5
4.17000E+1	1.55807E+3	3.04155E+3	1.18125E+5	8.41869E+4	1.69487E+5	1.65719E+5
4.18000E+1	1.59331E+3	3.02650E+3	1.22194E+5	8.55633E+4	1.70242E+5	1.68731E+5
4.19000E+1	1.61060E+3	3.02547E+3	1.25169E+5	8.51394E+4	1.68480E+5	1.67570E+5
4.20000E+1	1.66918E+3	3.00188E+3	1.31820E+5	8.65873E+4	1.70502E+5	1.70803E+5
4.21000E+1	1.70115E+3	2.99026E+3	1.36373E+5	8.70584E+4	1.67527E+5	1.69819E+5
4.22000E+1	1.78520E+3	3.00872E+3	1.44418E+5	8.92285E+4	1.68782E+5	1.73350E+5
4.23000E+1	1.79688E+3	2.94210E+3	1.49731E+5	8.99965E+4	1.67303E+5	1.73726E+5
4.24000E+1	1.82159E+3	2.97865E+3	1.57216E+5	9.36702E+4	1.67414E+5	1.76982E+5
4.25000E+1	1.88041E+3	2.95132E+3	1.60091E+5	9.50626E+4	1.66750E+5	1.80008E+5
4.26000E+1	1.87272E+3	3.00120E+3	1.62192E+5	9.76373E+4	1.66109E+5	1.79708E+5
4.27000E+1	1.86369E+3	2.98240E+3	1.66203E+5	9.92830E+4	1.65161E+5	1.82598E+5
4.28000E+1	1.88944E+3	3.00188E+3	1.66864E+5	1.01054E+5	1.64036E+5	1.82020E+5
4.29000E+1	1.88609E+3	2.96703E+3	1.68536E+5	1.04099E+5	1.64524E+5	1.85496E+5
4.30000E+1	1.86302E+3	2.96669E+3	1.68645E+5	1.05155E+5	1.64371E+5	1.88080E+5
4.31000E+1	1.79655E+3	2.93152E+3	1.61240E+5	1.06328E+5	1.62978E+5	1.87642E+5
4.32000E+1	1.80189E+3	2.95883E+3	1.56438E+5	1.07821E+5	1.64213E+5	1.88973E+5
4.33000E+1	1.75416E+3	2.98480E+3	1.50333E+5	1.08523E+5	1.64474E+5	1.89582E+5
4.34000E+1	1.68583E+3	2.96669E+3	1.41960E+5	1.08477E+5	1.63928E+5	1.86696E+5
4.35000E+1	1.67417E+3	2.97113E+3	1.37103E+5	1.06601E+5	1.65402E+5	1.87853E+5
4.36000E+1	1.56538E+3	2.95849E+3	1.28860E+5	1.05528E+5	1.65143E+5	1.85806E+5
4.37000E+1	1.58832E+3	2.92469E+3	1.23931E+5	1.03605E+5	1.66070E+5	1.84405E+5
4.38000E+1	1.54777E+3	2.94244E+3	1.19400E+5	1.01748E+5	1.65629E+5	1.81667E+5
4.39000E+1	1.54810E+3	2.94586E+3	1.16839E+5	9.93726E+4	1.67142E+5	1.81562E+5
4.40000E+1	1.52485E+3	2.90081E+3	1.13642E+5	9.63024E+4	1.67619E+5	1.79127E+5
4.41000E+1	1.48038E+3	2.94620E+3	1.10304E+5	9.28628E+4	1.68058E+5	1.76378E+5
4.42000E+1	1.46611E+3	2.89501E+3	1.08025E+5	9.50234E+4	1.68410E+5	1.75985E+5
4.43000E+1	1.47407E+3	2.89569E+3	1.06740E+5	9.13446E+4	1.69125E+5	1.74353E+5
4.44000E+1	1.41108E+3	2.89706E+3	1.05021E+5	9.02643E+4	1.68710E+5	1.72152E+5
4.45000E+1	1.45749E+3	2.93903E+3	1.04730E+5	8.92032E+4	1.70624E+5	1.73490E+5
4.46000E+1	1.46080E+3	2.90559E+3	1.02603E+5	8.65133E+4	1.69996E+5	1.69955E+5
4.47000E+1	1.39485E+3	2.85273E+3	1.00261E+5	8.67501E+4	1.70123E+5	1.68268E+5
4.48000E+1	1.42036E+3	2.86091E+3	1.00831E+5	8.53804E+4	1.71669E+5	1.69554E+5
4.49000E+1	1.41141E+3	2.80266E+3	9.83894E+4	8.56143E+4	1.70167E+5	1.65983E+5
4.50000E+1	1.42467E+3	2.85205E+3	9.98828E+4	8.44178E+4	1.71826E+5	1.66722E+5
4.51000E+1	1.45981E+3	2.83842E+3	9.98378E+4	8.26532E+4	1.71962E+5	1.65840E+5
4.52000E+1	1.45848E+3	2.83672E+3	9.99137E+4	8.11206E+4	1.71196E+5	1.64168E+5
4.53000E+1	1.42699E+3	2.84421E+3	1.00449E+5	8.24160E+4	1.71616E+5	1.64179E+5
4.54000E+1	1.45683E+3	2.78666E+3	1.02330E+5	8.11206E+4	1.73608E+5	1.66360E+5
4.55000E+1	1.41473E+3	2.77985E+3	1.01891E+5	8.06095E+4	1.72707E+5	1.64512E+5
4.56000E+1	1.42533E+3	2.74991E+3	1.01394E+5	7.83175E+4	1.72415E+5	1.63497E+5
4.57000E+1	1.43793E+3	2.81492E+3	1.02143E+5	7.98029E+4	1.73741E+5	1.64955E+5
4.58000E+1	1.42235E+3	2.79142E+3	9.90305E+4	8.04772E+4	1.72829E+5	1.63547E+5
4.59000E+1	1.42135E+3	2.73631E+3	9.67683E+4	8.00292E+4	1.72317E+5	1.62786E+5
4.60000E+1	1.36968E+3	2.76692E+3	9.61937E+4	8.03660E+4	1.73177E+5	1.61323E+5
4.61000E+1	1.37266E+3	2.77985E+3	9.59905E+4	8.01451E+4	1.74268E+5	1.62913E+5
4.62000E+1	1.38260E+3	2.76148E+3	9.52569E+4	7.82489E+4	1.74710E+5	1.62646E+5
4.63000E+1	1.38193E+3	2.74685E+3	9.44119E+4	7.75129E+4	1.73498E+5	1.59451E+5
4.64000E+1	1.39882E+3	2.74821E+3	9.42087E+4	7.72666E+4	1.73867E+5	1.58932E+5
4.65000E+1	1.37796E+3	2.71455E+3	9.57260E+4	7.74825E+4	1.75317E+5	1.60139E+5
4.66000E+1	1.38094E+3	2.74787E+3	9.64283E+4	7.70633E+4	1.76270E+5	1.61029E+5
4.67000E+1	1.40943E+3	2.69722E+3	9.52434E+4	7.63260E+4	1.75300E+5	1.59605E+5
4.68000E+1	1.40711E+3	2.70707E+3	9.57446E+4	7.60770E+4	1.74465E+5	1.58802E+5
4.69000E+1	1.39551E+3	2.68906E+3	9.57915E+4	7.63461E+4	1.74043E+5	1.58107E+5
4.70000E+1	1.39982E+3	2.67785E+3	9.60660E+4	7.79209E+4	1.74922E+5	1.58792E+5
4.71000E+1	1.36571E+3	2.67004E+3	9.48317E+4	8.00260E+4	1.74993E+5	1.60123E+5
4.72000E+1	1.35446E+3	2.69790E+3	9.41638E+4	7.95948E+4	1.75838E+5	1.59999E+5
4.73000E+1	1.38160E+3	2.67650E+3	9.32752E+4	7.72149E+4	1.75358E+5	1.57936E+5
4.74000E+1	1.35611E+3	2.62795E+3	9.47217E+4	7.75058E+4	1.76369E+5	1.59135E+5
4.75000E+1	1.39949E+3	2.69076E+3	9.59546E+4	7.82192E+4	1.77540E+5	1.59945E+5
4.76000E+1	1.38127E+3	2.62354E+3	9.53147E+4	7.78149E+4	1.77324E+5	1.59187E+5
4.77000E+1	1.41705E+3	2.67616E+3	9.50655E+4	7.62119E+4	1.76790E+5	1.59196E+5
4.78000E+1	1.33626E+3	2.66257E+3	9.33282E+4	7.59193E+4	1.76209E+5	1.57764E+5
4.79000E+1	1.34585E+3	2.61913E+3	9.29880E+4	7.64704E+4	1.77307E+5	1.57145E+5
4.80000E+1	1.34089E+3	2.60692E+3	9.26502E+4	7.68212E+4	1.77778E+5	1.57094E+5
4.81000E+1	1.35810E+3	2.60861E+3	9.26072E+4	7.70058E+4	1.78042E+5	1.57814E+5
4.82000E+1	1.34321E+3	2.61200E+3	9.28321E+4	7.63521E+4	1.78369E+5	1.57296E+5
4.83000E+1	1.32501E+3	2.63066E+3	9.30492E+4	7.55760E+4	1.79220E+5	1.58159E+5
4.84000E+1	1.38491E+3	2.63609E+3	9.29904E+4	7.48796E+4	1.79429E+5	1.58028E+5
4.85000E+1	1.34486E+3	2.62116E+3	9.17410E+4	7.34247E+4	1.78099E+5	1.55985E+5
4.86000E+1	1.37333E+3	2.56962E+3	9.02753E+4	7.65688E+4	1.76834E+5	1.55745E+5
4.87000E+1	1.34982E+3	2.58759E+3	9.05241E+4	7.60290E+4	1.77520E+5	1.55648E+5
4.88000E+1	1.35810E+3	2.61913E+3	9.12696E+4	7.64002E+4	1.78416E+5	1.57715E+5
4.89000E+1	1.36670E+3	2.59335E+3	9.13533E+4	7.67538E+4	1.79218E+5	1.57852E+5
4.90000E+1	1.37233E+3	2.59912E+3	9.17161E+4	7.58914E+4	1.79791E+5	1.57459E+5
4.91000E+1	1.38260E+3	2.60285E+3	9.15564E+4	7.67598E+4	1.79235E+5	1.57604E+5
4.92000E+1	1.35512E+3	2.60488E+3	9.07114E+4	7.70603E+4	1.79693E+5	1.57570E+5
4.93000E+1	1.35280E+3	2.53811E+3	9.06610E+4	7.73364E+4	1.78501E+5	1.57446E+5
4.94000E+1	1.39054E+3	2.60692E+3	9.13049E+4	7.66753E+4	1.79454E+5	1.57017E+5
4.95000E+1	1.37299E+3	2.58148E+3	9.31129E+4	7.73638E+4	1.80233E+5	1.57974E+5
4.96000E+1	1.40644E+3	2.54793E+3	9.69231E+4	7.47368E+4	1.80753E+5	1.58204E+5
4.97000E+1	1.44025E+3	2.55945E+3	9.91774E+4	7.51875E+4	1.80170E+5	1.57239E+5
4.98000E+1	1.46943E+3	2.59640E+3	1.00770E+5	7.86459E+4	1.79062E+5	1.58865E+5
4.99000E+1	1.51456E+3	2.56962E+3	1.04361E+5	7.89508E+4	1.78376E+5	1.60462E+5
5.00000E+1	1.55143E+3	2.59098E+3	1.09629E+5	7.59911E+4	1.78279E+5	1.60521E+5
5.01000E+1	1.57967E+3	2.55877E+3	1.12998E+5	7.82837E+4	1.76433E+5	1.60420E+5
5.02000E+1	1.58233E+3	2.52490E+3	1.16945E+5	7.84682E+4	1.76506E+5	1.61623E+5
5.03000E+1	1.62324E+3	2.54353E+3	1.18484E+5	8.17080E+4	1.75266E+5	1.63272E+5
5.04000E+1	1.55541E+3	2.54150E+3	1.19130E+5	8.11227E+4	1.75667E+5	1.64682E+5
5.05000E+1	1.54412E+3	2.53506E+3	1.16577E+5	8.32355E+4	1.75625E+5	1.64996E+5
5.06000E+1	1.52784E+3	2.51034E+3	1.12708E+5	8.94572E+4	1.75459E+5	1.67250E+5
5.07000E+1	1.51489E+3	2.55572E+3	1.12420E+5	8.65895E+4	1.76442E+5	1.68640E+5
5.08000E+1	1.49000E+3	2.53506E+3	1.09843E+5	8.61911E+4	1.76268E+5	1.66719E+5
5.09000E+1	1.48701E+3	2.57165E+3	1.07881E+5	8.46493E+4	1.76248E+5	1.66641E+5
5.10000E+1	1.45251E+3	2.56826E+3	1.05529E+5	8.58666E+4	1.78020E+5	1.67522E+5
5.11000E+1	1.40777E+3	2.56250E+3	1.01948E+5	8.33242E+4	1.77761E+5	1.66499E+5
5.12000E+1	1.36372E+3	2.57131E+3	9.78683E+4	8.22971E+4	1.77302E+5	1.63932E+5
5.13000E+1	1.37101E+3	2.49172E+3	9.51624E+4	8.21869E+4	1.78866E+5	1.63374E+5
5.14000E+1	1.36770E+3	2.53811E+3	9.27244E+4	8.09506E+4	1.79336E+5	1.63504E+5
5.15000E+1	1.33692E+3	2.54488E+3	9.04937E+4	8.01619E+4	1.80314E+5	1.62280E+5
5.16000E+1	1.33890E+3	2.53472E+3	8.67640E+4	8.04740E+4	1.79542E+5	1.60392E+5
5.17000E+1	1.31410E+3	2.55979E+3	8.61134E+4	7.63080E+4	1.79804E+5	1.59220E+5
5.18000E+1	1.33130E+3	2.46872E+3	8.47189E+4	7.50048E+4	1.80218E+5	1.56777E+5
5.19000E+1	1.28368E+3	2.49748E+3	8.30630E+4	7.44383E+4	1.80188E+5	1.55620E+5
5.20000E+1	1.27476E+3	2.45417E+3	8.17680E+4	7.42415E+4	1.80578E+5	1.54326E+5
5.21000E+1	1.25130E+3	2.48902E+3	8.16872E+4	7.36887E+4	1.82599E+5	1.55355E+5
5.22000E+1	1.27542E+3	2.50628E+3	8.24647E+4	7.09952E+4	1.83712E+5	1.54207E+5
5.23000E+1	1.27641E+3	2.44437E+3	8.16032E+4	7.07703E+4	1.82152E+5	1.52241E+5
5.24000E+1	1.26650E+3	2.48597E+3	8.29551E+4	7.04581E+4	1.83683E+5	1.52544E+5
5.25000E+1	1.27906E+3	2.46702E+3	8.31700E+4	7.13615E+4	1.83891E+5	1.53293E+5
5.26000E+1	1.30087E+3	2.48699E+3	8.26881E+4	7.13350E+4	1.84450E+5	1.53702E+5
5.27000E+1	1.27146E+3	2.45722E+3	8.26333E+4	7.06286E+4	1.84289E+5	1.52044E+5
5.28000E+1	1.26716E+3	2.44910E+3	8.23832E+4	6.98248E+4	1.83238E+5	1.50901E+5
5.29000E+1	1.26848E+3	2.45011E+3	8.13041E+4	7.06023E+4	1.85056E+5	1.52442E+5
5.30000E+1	1.26055E+3	2.47413E+3	8.14408E+4	6.94845E+4	1.85565E+5	1.52146E+5
5.31000E+1	1.29327E+3	2.45417E+3	8.23222E+4	6.91354E+4	1.85360E+5	1.51450E+5
5.32000E+1	1.30980E+3	2.44673E+3	8.34525E+4	6.84607E+4	1.84918E+5	1.51436E+5
5.33000E+1	1.31244E+3	2.43186E+3	8.44796E+4	6.83721E+4	1.84247E+5	1.50709E+5
5.34000E+1	1.32700E+3	2.43355E+3	8.51409E+4	6.81177E+4	1.83494E+5	1.50218E+5
5.35000E+1	1.31674E+3	2.45586E+3	8.61669E+4	6.77733E+4	1.83808E+5	1.50411E+5
5.36000E+1	1.31112E+3	2.46195E+3	8.65451E+4	6.84552E+4	1.83842E+5	1.50930E+5
5.37000E+1	1.31310E+3	2.46161E+3	8.60654E+4	6.88208E+4	1.84055E+5	1.51460E+5
5.38000E+1	1.31377E+3	2.41192E+3	8.61692E+4	6.89237E+4	1.84510E+5	1.51350E+5
5.39000E+1	1.34354E+3	2.45113E+3	8.63357E+4	6.92747E+4	1.84696E+5	1.52251E+5
5.40000E+1	1.33163E+3	2.45113E+3	8.68899E+4	6.92369E+4	1.85423E+5	1.52134E+5
5.41000E+1	1.32666E+3	2.38219E+3	8.65855E+4	6.90553E+4	1.85633E+5	1.52378E+5
5.42000E+1	1.32336E+3	2.41597E+3	8.65788E+4	6.94799E+4	1.86126E+5	1.52970E+5
5.43000E+1	1.33096E+3	2.37949E+3	8.61614E+4	7.01824E+4	1.86474E+5	1.51742E+5
5.44000E+1	1.31740E+3	2.39638E+3	8.54130E+4	6.98044E+4	1.86453E+5	1.51872E+5
5.45000E+1	1.31344E+3	2.36396E+3	8.48520E+4	6.94456E+4	1.85476E+5	1.50510E+5
5.46000E+1	1.34651E+3	2.37611E+3	8.42792E+4	6.86804E+4	1.85657E+5	1.50510E+5
5.47000E+1	1.30649E+3	2.40685E+3	8.47959E+4	6.87116E+4	1.85828E+5	1.50919E+5
5.48000E+1	1.33130E+3	2.41327E+3	8.49225E+4	6.84434E+4	1.86604E+5	1.50796E+5
5.49000E+1	1.29558E+3	2.37341E+3	8.44226E+4	6.85733E+4	1.86245E+5	1.49943E+5
5.50000E+1	1.31079E+3	2.36767E+3	8.40890E+4	6.80030E+4	1.85633E+5	1.49678E+5
5.51000E+1	1.32303E+3	2.38354E+3	8.42300E+4	6.81122E+4	1.85891E+5	1.49143E+5
5.52000E+1	1.32633E+3	2.34641E+3	8.56092E+4	6.86548E+4	1.86398E+5	1.50436E+5
5.53000E+1	1.31840E+3	2.40009E+3	8.74497E+4	6.93920E+4	1.87437E+5	1.51011E+5
5.54000E+1	1.34916E+3	2.36801E+3	8.81462E+4	6.92119E+4	1.87738E+5	1.51617E+5
5.55000E+1	1.35115E+3	2.38185E+3	8.88307E+4	6.92332E+4	1.87904E+5	1.51737E+5
5.56000E+1	1.34221E+3	2.37544E+3	8.93745E+4	6.96086E+4	1.87336E+5	1.51997E+5
5.57000E+1	1.36406E+3	2.37307E+3	8.97240E+4	6.93874E+4	1.87517E+5	1.52983E+5
5.58000E+1	1.38359E+3	2.37544E+3	9.03208E+4	6.93680E+4	1.87163E+5	1.53012E+5
5.59000E+1	1.36472E+3	2.39232E+3	9.06036E+4	6.92378E+4	1.86622E+5	1.53241E+5
5.60000E+1	1.38624E+3	2.37071E+3	9.15044E+4	6.94299E+4	1.86728E+5	1.53433E+5
5.61000E+1	1.40512E+3	2.36160E+3	9.24913E+4	6.96596E+4	1.86456E+5	1.53131E+5
5.62000E+1	1.37366E+3	2.35923E+3	9.32054E+4	6.95891E+4	1.84714E+5	1.52122E+5
5.63000E+1	1.38326E+3	2.33055E+3	9.48390E+4	6.98573E+4	1.83953E+5	1.51789E+5
5.64000E+1	1.42036E+3	2.34270E+3	9.58199E+4	7.06718E+4	1.84383E+5	1.52769E+5
5.65000E+1	1.42599E+3	2.34303E+3	9.73337E+4	7.10564E+4	1.84294E+5	1.53080E+5
5.66000E+1	1.43196E+3	2.35417E+3	9.85556E+4	7.20415E+4	1.83194E+5	1.53280E+5
5.67000E+1	1.43395E+3	2.35316E+3	1.01189E+5	7.36158E+4	1.85043E+5	1.56114E+5
5.68000E+1	1.44986E+3	2.30997E+3	1.02841E+5	7.39456E+4	1.84474E+5	1.56866E+5
5.69000E+1	1.46445E+3	2.35316E+3	1.05089E+5	7.47103E+4	1.84153E+5	1.57100E+5
5.70000E+1	1.50062E+3	2.32110E+3	1.07107E+5	7.49062E+4	1.82431E+5	1.57848E+5
5.71000E+1	1.50593E+3	2.30728E+3	1.10481E+5	7.60350E+4	1.82872E+5	1.58654E+5
5.72000E+1	1.53781E+3	2.38523E+3	1.12741E+5	7.68202E+4	1.82262E+5	1.59044E+5
5.73000E+1	1.51456E+3	2.33224E+3	1.15569E+5	7.74784E+4	1.81660E+5	1.60149E+5
5.74000E+1	1.57402E+3	2.36295E+3	1.18558E+5	7.86757E+4	1.81698E+5	1.62350E+5
5.75000E+1	1.54777E+3	2.35856E+3	1.20203E+5	7.97425E+4	1.80112E+5	1.61967E+5
5.76000E+1	1.54844E+3	2.34742E+3	1.20870E+5	8.00991E+4	1.79200E+5	1.63024E+5
5.77000E+1	1.59065E+3	2.36700E+3	1.21119E+5	8.20587E+4	1.80586E+5	1.66499E+5
5.78000E+1	1.53847E+3	2.34809E+3	1.18632E+5	8.32550E+4	1.79771E+5	1.65122E+5
5.79000E+1	1.52851E+3	2.35113E+3	1.17227E+5	8.33394E+4	1.79268E+5	1.65662E+5
5.80000E+1	1.53050E+3	2.37915E+3	1.16724E+5	8.44112E+4	1.80332E+5	1.66616E+5
5.81000E+1	1.50493E+3	2.34809E+3	1.13885E+5	8.40035E+4	1.78659E+5	1.66157E+5
5.82000E+1	1.51788E+3	2.40786E+3	1.12042E+5	8.29881E+4	1.78776E+5	1.64901E+5
5.83000E+1	1.48933E+3	2.36632E+3	1.11750E+5	8.41781E+4	1.79935E+5	1.66655E+5
5.84000E+1	1.49730E+3	2.37645E+3	1.11228E+5	8.42448E+4	1.80474E+5	1.66516E+5
5.85000E+1	1.49498E+3	2.34371E+3	1.09566E+5	8.34423E+4	1.79514E+5	1.64184E+5
5.86000E+1	1.46213E+3	2.35856E+3	1.08391E+5	8.26081E+4	1.78814E+5	1.65007E+5
5.87000E+1	1.46313E+3	2.37240E+3	1.09201E+5	8.33730E+4	1.80125E+5	1.65592E+5
5.88000E+1	1.47308E+3	2.35619E+3	1.08184E+5	8.26511E+4	1.78731E+5	1.62906E+5
5.89000E+1	1.49730E+3	2.31706E+3	1.08908E+5	8.21944E+4	1.78239E+5	1.63878E+5
5.90000E+1	1.52220E+3	2.35484E+3	1.09825E+5	8.20298E+4	1.78584E+5	1.63809E+5
5.91000E+1	1.51058E+3	2.38996E+3	1.11727E+5	8.27188E+4	1.79691E+5	1.66029E+5
5.92000E+1	1.53216E+3	2.35991E+3	1.13948E+5	8.34304E+4	1.79971E+5	1.66253E+5
5.93000E+1	1.52220E+3	2.37713E+3	1.15634E+5	8.34185E+4	1.78596E+5	1.64742E+5
5.94000E+1	1.58300E+3	2.34101E+3	1.18735E+5	8.29957E+4	1.77597E+5	1.65437E+5
5.95000E+1	1.59730E+3	2.35451E+3	1.21480E+5	8.33004E+4	1.77237E+5	1.66394E+5
5.96000E+1	1.58932E+3	2.36025E+3	1.24325E+5	8.41006E+4	1.76531E+5	1.67287E+5
5.97000E+1	1.59563E+3	2.33865E+3	1.25460E+5	8.52090E+4	1.76918E+5	1.68146E+5
5.98000E+1	1.60062E+3	2.37510E+3	1.25834E+5	8.65996E+4	1.76837E+5	1.70362E+5
5.99000E+1	1.60494E+3	2.39435E+3	1.26122E+5	8.77577E+4	1.77297E+5	1.71269E+5
6.00000E+1	1.55774E+3	2.37274E+3	1.26073E+5	8.93359E+4	1.77590E+5	1.72145E+5
6.01000E+1	1.60827E+3	2.36126E+3	1.24791E+5	8.98141E+4	1.76951E+5	1.70879E+5
6.02000E+1	1.56804E+3	2.33865E+3	1.22132E+5	8.94954E+4	1.76037E+5	1.71006E+5
6.03000E+1	1.59597E+3	2.39908E+3	1.24312E+5	8.94306E+4	1.76182E+5	1.71099E+5
6.04000E+1	1.66518E+3	2.39503E+3	1.30560E+5	8.96448E+4	1.77758E+5	1.73283E+5
6.05000E+1	1.67550E+3	2.39975E+3	1.37644E+5	9.06137E+4	1.78099E+5	1.75789E+5
6.06000E+1	1.70882E+3	2.38591E+3	1.44890E+5	9.16127E+4	1.76857E+5	1.77133E+5
6.07000E+1	1.80022E+3	2.36058E+3	1.52141E+5	9.22988E+4	1.76396E+5	1.77046E+5
6.08000E+1	1.84965E+3	2.37679E+3	1.61593E+5	9.38747E+4	1.75136E+5	1.78666E+5
6.09000E+1	1.97111E+3	2.41158E+3	1.70865E+5	9.48141E+4	1.73645E+5	1.79675E+5
6.10000E+1	2.05560E+3	2.42206E+3	1.82918E+5	9.73282E+4	1.72731E+5	1.82192E+5
6.11000E+1	2.08077E+3	2.43524E+3	1.95221E+5	9.96355E+4	1.72131E+5	1.85483E+5
6.12000E+1	2.24385E+3	2.48529E+3	2.11089E+5	1.03023E+5	1.72288E+5	1.90115E+5
6.13000E+1	2.29473E+3	2.46127E+3	2.27083E+5	1.07081E+5	1.72138E+5	1.95057E+5
6.14000E+1	2.44430E+3	2.44335E+3	2.41728E+5	1.10636E+5	1.69627E+5	1.96370E+5
6.15000E+1	2.50418E+3	2.48428E+3	2.56362E+5	1.13422E+5	1.67483E+5	1.97998E+5
6.16000E+1	2.64723E+3	2.47345E+3	2.75826E+5	1.17739E+5	1.67013E+5	2.03134E+5
6.17000E+1	2.71346E+3	2.45350E+3	2.97371E+5	1.23229E+5	1.67131E+5	2.09750E+5
6.18000E+1	2.86187E+3	2.47616E+3	3.17561E+5	1.28723E+5	1.66274E+5	2.13143E+5
6.19000E+1	2.95433E+3	2.49477E+3	3.33184E+5	1.31920E+5	1.63755E+5	2.14463E+5
6.20000E+1	3.09590E+3	2.50154E+3	3.53149E+5	1.36975E+5	1.61857E+5	2.19181E+5
6.21000E+1	3.23202E+3	2.54251E+3	3.80195E+5	1.42735E+5	1.61187E+5	2.22870E+5
6.22000E+1	3.37848E+3	2.51068E+3	4.01678E+5	1.48365E+5	1.59723E+5	2.27278E+5
6.23000E+1	3.48533E+3	2.53879E+3	4.27341E+5	1.54047E+5	1.58308E+5	2.32000E+5
6.24000E+1	3.68478E+3	2.56420E+3	4.56539E+5	1.60509E+5	1.58329E+5	2.39971E+5
6.25000E+1	3.75341E+3	2.55945E+3	4.94679E+5	1.69533E+5	1.58262E+5	2.46731E+5
6.26000E+1	3.91214E+3	2.53980E+3	5.17819E+5	1.75348E+5	1.56411E+5	2.49157E+5
6.27000E+1	4.05043E+3	2.60081E+3	5.37499E+5	1.80425E+5	1.54050E+5	2.51952E+5
6.28000E+1	4.25417E+3	2.60251E+3	5.78897E+5	1.90511E+5	1.54930E+5	2.63220E+5
6.29000E+1	4.34529E+3	2.59742E+3	6.05804E+5	1.98812E+5	1.52637E+5	2.65780E+5
6.30000E+1	4.52344E+3	2.63100E+3	6.26605E+5	2.06069E+5	1.50922E+5	2.70252E+5
6.31000E+1	4.85853E+3	2.67616E+3	6.61079E+5	2.14415E+5	1.50582E+5	2.78418E+5
6.32000E+1	4.94007E+3	2.70062E+3	6.98433E+5	2.23816E+5	1.49892E+5	2.86244E+5
6.33000E+1	5.13236E+3	2.67853E+3	7.42353E+5	2.34963E+5	1.50000E+5	2.94541E+5
6.34000E+1	5.27606E+3	2.66461E+3	7.74190E+5	2.44445E+5	1.48607E+5	3.00218E+5
6.35000E+1	5.42874E+3	2.63779E+3	7.81789E+5	2.50347E+5	1.45877E+5	3.01949E+5
6.36000E+1	5.70016E+3	2.70809E+3	8.20627E+5	2.61418E+5	1.45817E+5	3.10507E+5
6.37000E+1	5.94187E+3	2.76182E+3	8.86677E+5	2.74464E+5	1.45977E+5	3.22861E+5
6.38000E+1	6.03452E+3	2.70231E+3	8.89130E+5	2.81538E+5	1.43696E+5	3.23409E+5
6.39000E+1	6.34950E+3	2.75910E+3	9.30199E+5	2.91796E+5	1.42948E+5	3.29508E+5
6.40000E+1	6.46806E+3	2.76080E+3	9.74007E+5	3.03826E+5	1.42347E+5	3.42161E+5
6.41000E+1	6.68176E+3	2.80572E+3	9.88966E+5	3.11869E+5	1.41116E+5	3.45525E+5
6.42000E+1	6.92135E+3	2.81219E+3	1.07247E+6	3.29205E+5	1.41322E+5	3.59480E+5
6.43000E+1	7.17572E+3	2.81321E+3	1.05626E+6	3.35076E+5	1.39318E+5	3.60489E+5
6.44000E+1	7.40045E+3	2.84217E+3	1.12103E+6	3.49166E+5	1.39578E+5	3.73888E+5
6.45000E+1	7.57800E+3	2.84251E+3	1.11950E+6	3.54574E+5	1.37571E+5	3.74142E+5
6.46000E+1	7.77186E+3	2.83297E+3	1.14799E+6	3.68205E+5	1.36670E+5	3.83183E+5
6.47000E+1	8.10592E+3	2.90183E+3	1.19646E+6	3.82296E+5	1.36780E+5	3.96985E+5
6.48000E+1	8.41895E+3	2.86125E+3	1.27333E+6	3.94136E+5	1.36287E+5	4.07931E+5
6.49000E+1	8.67594E+3	2.91139E+3	1.31955E+6	4.06472E+5	1.35705E+5	4.19180E+5
6.50000E+1	8.75095E+3	2.92231E+3	1.29080E+6	4.15283E+5	1.34202E+5	4.25002E+5
6.51000E+1	9.08345E+3	2.89979E+3	1.29574E+6	4.21771E+5	1.33072E+5	4.25864E+5
6.52000E+1	9.28893E+3	2.95610E+3	1.33770E+6	4.35166E+5	1.33028E+5	4.38649E+5
6.53000E+1	9.57636E+3	2.94961E+3	1.42808E+6	4.52828E+5	1.32904E+5	4.52573E+5
6.54000E+1	9.99261E+3	2.99539E+3	1.49261E+6	4.73268E+5	1.32101E+5	4.66211E+5
6.55000E+1	1.00410E+4	2.93562E+3	1.48537E+6	4.79919E+5	1.31100E+5	4.71917E+5
6.56000E+1	1.04191E+4	3.02581E+3	1.43831E+6	4.87482E+5	1.29474E+5	4.73365E+5
6.57000E+1	1.07038E+4	3.06173E+3	1.54852E+6	5.04613E+5	1.29359E+5	4.93958E+5
6.58000E+1	1.08521E+4	3.01863E+3	1.56131E+6	5.18651E+5	1.29255E+5	5.06279E+5
6.59000E+1	1.12195E+4	3.05592E+3	1.54791E+6	5.18935E+5	1.27685E+5	5.07703E+5
6.60000E+1	1.14271E+4	3.05523E+3	1.63806E+6	5.39952E+5	1.27633E+5	5.18924E+5
6.61000E+1	1.17018E+4	3.14358E+3	1.73462E+6	5.56561E+5	1.27269E+5	5.38768E+5
6.62000E+1	1.19342E+4	3.07234E+3	1.60343E+6	5.59098E+5	1.25210E+5	5.36894E+5
6.63000E+1	1.21688E+4	3.13844E+3	1.66815E+6	5.68294E+5	1.24955E+5	5.47131E+5
6.64000E+1	1.25760E+4	3.22247E+3	1.74608E+6	5.87081E+5	1.25463E+5	5.73034E+5
6.65000E+1	1.28421E+4	3.19022E+3	1.86468E+6	6.07922E+5	1.25298E+5	5.83663E+5
6.66000E+1	1.29998E+4	3.20531E+3	1.83263E+6	6.15445E+5	1.23967E+5	6.00637E+5
6.67000E+1	1.31836E+4	3.19502E+3	1.76639E+6	6.17827E+5	1.22769E+5	6.06249E+5
6.68000E+1	1.35359E+4	3.24857E+3	1.78487E+6	6.22977E+5	1.22114E+5	6.06169E+5
6.69000E+1	1.38165E+4	3.18816E+3	1.93661E+6	6.60960E+5	1.22305E+5	6.33260E+5
6.70000E+1	1.40117E+4	3.24822E+3	1.89000E+6	6.48212E+5	1.20792E+5	6.36531E+5
6.71000E+1	1.42492E+4	3.27261E+3	1.83263E+6	6.57506E+5	1.19978E+5	6.35223E+5
6.72000E+1	1.44455E+4	3.31249E+3	1.87054E+6	6.66144E+5	1.19370E+5	6.45858E+5
6.73000E+1	1.48024E+4	3.34207E+3	1.90594E+6	6.83530E+5	1.19276E+5	6.66392E+5
6.74000E+1	1.51260E+4	3.36409E+3	2.08684E+6	7.15414E+5	1.19573E+5	6.91504E+5
6.75000E+1	1.53352E+4	3.39198E+3	2.11193E+6	7.20284E+5	1.18650E+5	7.12790E+5
6.76000E+1	1.54759E+4	3.35411E+3	2.02210E+6	7.25432E+5	1.18089E+5	7.14945E+5
6.77000E+1	1.56364E+4	3.36994E+3	1.93194E+6	7.18942E+5	1.16943E+5	7.15673E+5
6.78000E+1	1.59443E+4	3.39026E+3	1.98113E+6	7.35002E+5	1.16934E+5	7.28541E+5
6.79000E+1	1.63311E+4	3.45160E+3	2.17549E+6	7.62640E+5	1.16820E+5	7.70652E+5
6.80000E+1	1.64843E+4	3.45608E+3	2.24689E+6	7.70601E+5	1.16749E+5	7.90178E+5
6.81000E+1	1.66322E+4	3.48505E+3	2.11161E+6	7.76006E+5	1.15800E+5	7.77891E+5
6.82000E+1	1.68390E+4	3.51059E+3	2.03114E+6	7.66759E+5	1.14470E+5	7.74134E+5
6.83000E+1	1.71433E+4	3.51715E+3	2.13696E+6	7.89690E+5	1.14459E+5	7.99125E+5
6.84000E+1	1.74114E+4	3.57794E+3	2.22023E+6	7.97096E+5	1.14465E+5	8.21959E+5
6.85000E+1	1.76543E+4	3.56654E+3	2.33604E+6	8.23081E+5	1.14106E+5	8.35463E+5
6.86000E+1	1.78616E+4	3.58347E+3	2.29932E+6	8.25751E+5	1.13667E+5	8.63514E+5
6.87000E+1	1.80463E+4	3.63189E+3	2.29451E+6	8.34334E+5	1.13361E+5	8.63603E+5
6.88000E+1	1.82838E+4	3.66823E+3	2.40646E+6	8.51169E+5	1.12909E+5	9.00341E+5
6.89000E+1	1.85074E+4	3.62324E+3	2.47786E+6	8.74216E+5	1.12792E+5	9.12215E+5
6.90000E+1	1.85051E+4	3.68416E+3	2.30322E+6	8.55444E+5	1.11567E+5	8.89057E+5
6.91000E+1	1.86501E+4	3.70772E+3	2.25866E+6	8.44541E+5	1.10991E+5	8.99729E+5
6.92000E+1	1.90049E+4	3.72401E+3	2.26784E+6	8.52570E+5	1.10563E+5	9.12116E+5
6.93000E+1	1.91291E+4	3.78088E+3	2.28000E+6	8.70803E+5	1.09957E+5	9.21677E+5
6.94000E+1	1.94657E+4	3.78817E+3	2.51016E+6	9.03605E+5	1.10776E+5	9.63254E+5
6.95000E+1	1.96079E+4	3.79615E+3	2.49684E+6	9.22852E+5	1.10250E+5	9.94870E+5
6.96000E+1	1.96268E+4	3.80934E+3	2.42666E+6	9.06664E+5	1.09228E+5	9.91520E+5
6.97000E+1	1.97389E+4	3.79511E+3	2.32728E+6	9.14926E+5	1.08581E+5	9.83368E+5
6.98000E+1	1.98601E+4	3.80865E+3	2.32254E+6	8.91423E+5	1.08335E+5	9.88535E+5
6.99000E+1	2.03256E+4	3.87743E+3	2.51500E+6	9.26947E+5	1.08769E+5	1.05884E+6
7.00000E+1	2.04139E+4	3.91464E+3	2.63216E+6	9.36653E+5	1.08449E+5	1.07268E+6
7.01000E+1	2.05233E+4	3.96859E+3	2.62305E+6	9.69515E+5	1.08219E+5	1.08313E+6
7.02000E+1	2.07587E+4	3.89586E+3	2.63505E+6	9.70511E+5	1.07926E+5	1.09149E+6
7.03000E+1	2.09290E+4	3.93657E+3	2.62688E+6	9.70252E+5	1.07585E+5	1.10776E+6
7.04000E+1	2.11669E+4	3.99193E+3	2.74120E+6	9.77161E+5	1.07387E+5	1.14307E+6
7.05000E+1	2.12829E+4	4.04561E+3	2.73678E+6	9.97149E+5	1.07414E+5	1.13550E+6
7.06000E+1	2.14333E+4	4.05189E+3	2.79904E+6	9.98314E+5	1.07239E+5	1.17175E+6
7.07000E+1	2.16193E+4	4.02888E+3	2.82334E+6	1.00646E+6	1.06443E+5	1.18464E+6
7.08000E+1	2.15646E+4	4.12834E+3	2.72928E+6	9.98547E+5	1.06110E+5	1.16666E+6
7.09000E+1	2.17276E+4	4.05678E+3	2.64109E+6	9.90826E+5	1.05193E+5	1.16863E+6
7.10000E+1	2.18581E+4	4.12030E+3	2.58675E+6	9.81740E+5	1.05001E+5	1.18046E+6
7.11000E+1	2.20296E+4	4.12414E+3	2.73161E+6	1.01420E+6	1.04794E+5	1.20341E+6
7.12000E+1	2.21809E+4	4.18600E+3	2.68761E+6	1.00496E+6	1.04797E+5	1.20298E+6
7.13000E+1	2.21179E+4	4.16048E+3	2.53789E+6	1.00038E+6	1.04235E+5	1.20539E+6
7.14000E+1	2.24846E+4	4.19195E+3	2.59937E+6	1.02040E+6	1.03442E+5	1.21803E+6
7.15000E+1	2.23682E+4	4.23289E+3	2.58722E+6	1.01213E+6	1.02848E+5	1.22897E+6
7.16000E+1	2.25978E+4	4.19545E+3	2.51522E+6	1.00520E+6	1.02844E+5	1.21212E+6
7.17000E+1	2.28098E+4	4.28962E+3	2.58885E+6	1.02116E+6	1.02738E+5	1.24504E+6
7.18000E+1	2.28754E+4	4.30749E+3	2.53252E+6	1.03068E+6	1.02730E+5	1.26461E+6
7.19000E+1	2.30854E+4	4.39941E+3	2.80964E+6	1.04731E+6	1.02468E+5	1.33013E+6
7.20000E+1	2.33765E+4	4.42962E+3	2.92682E+6	1.07815E+6	1.03069E+5	1.38103E+6
7.21000E+1	2.33800E+4	4.37168E+3	2.94613E+6	1.09959E+6	1.02670E+5	1.37491E+6
7.22000E+1	2.33986E+4	4.39836E+3	2.80828E+6	1.06914E+6	1.01981E+5	1.35330E+6
7.23000E+1	2.34393E+4	4.38607E+3	2.64812E+6	1.05388E+6	1.01268E+5	1.34202E+6
7.24000E+1	2.35071E+4	4.48657E+3	2.68711E+6	1.05050E+6	1.01237E+5	1.35924E+6
7.25000E+1	2.38644E+4	4.53125E+3	3.09047E+6	1.09309E+6	1.02000E+5	1.43168E+6
7.26000E+1	2.40198E+4	4.48692E+3	3.15129E+6	1.11172E+6	1.01413E+5	1.45696E+6
7.27000E+1	2.40060E+4	4.56295E+3	3.16360E+6	1.12381E+6	1.01352E+5	1.46979E+6
7.28000E+1	2.40892E+4	4.55801E+3	3.04457E+6	1.11590E+6	1.00571E+5	1.44149E+6
7.29000E+1	2.41637E+4	4.64685E+3	2.84554E+6	1.08716E+6	9.99973E+4	1.41931E+6
7.30000E+1	2.42741E+4	4.64367E+3	3.09113E+6	1.12236E+6	1.00510E+5	1.49948E+6
7.31000E+1	2.43398E+4	4.64685E+3	2.86269E+6	1.11021E+6	1.00064E+5	1.44926E+6
7.32000E+1	2.45508E+4	4.67508E+3	2.84302E+6	1.08920E+6	9.96628E+4	1.46583E+6
7.33000E+1	2.46629E+4	4.74820E+3	3.08949E+6	1.14093E+6	1.00240E+5	1.52638E+6
7.34000E+1	2.46093E+4	4.78497E+3	2.75295E+6	1.09488E+6	9.92028E+4	1.49717E+6
7.35000E+1	2.49197E+4	4.78780E+3	2.86722E+6	1.11509E+6	9.91785E+4	1.49717E+6
7.36000E+1	2.50043E+4	4.83735E+3	2.92682E+6	1.13742E+6	9.98557E+4	1.55924E+6
7.37000E+1	2.51767E+4	4.84054E+3	3.22906E+6	1.14696E+6	9.92719E+4	1.59503E+6
7.38000E+1	2.50420E+4	4.83027E+3	2.91331E+6	1.13148E+6	9.83157E+4	1.51336E+6
7.39000E+1	2.51035E+4	4.89546E+3	2.78369E+6	1.11895E+6	9.81195E+4	1.52154E+6
7.40000E+1	2.52590E+4	4.92347E+3	2.96751E+6	1.12865E+6	9.82372E+4	1.57582E+6
7.41000E+1	2.55869E+4	4.95824E+3	3.36817E+6	1.16459E+6	9.85784E+4	1.63405E+6
7.42000E+1	2.54078E+4	4.96285E+3	3.09474E+6	1.16094E+6	9.85479E+4	1.65344E+6
7.43000E+1	2.53794E+4	4.98060E+3	3.01335E+6	1.11781E+6	9.73223E+4	1.56969E+6
7.44000E+1	2.55757E+4	5.00759E+3	2.91185E+6	1.15386E+6	9.75685E+4	1.61545E+6
7.45000E+1	2.58517E+4	5.13955E+3	3.13267E+6	1.17713E+6	9.78796E+4	1.66994E+6
7.46000E+1	2.58129E+4	5.10787E+3	3.19268E+6	1.18858E+6	9.74666E+4	1.69005E+6
7.47000E+1	2.58150E+4	5.10751E+3	2.89095E+6	1.13870E+6	9.69342E+4	1.57899E+6
7.48000E+1	2.61647E+4	5.18908E+3	3.26260E+6	1.20434E+6	9.72445E+4	1.71613E+6
7.49000E+1	2.62376E+4	5.24115E+3	3.42089E+6	1.20891E+6	9.71493E+4	1.74769E+6
7.50000E+1	2.60009E+4	5.20797E+3	3.02400E+6	1.17540E+6	9.65762E+4	1.62059E+6
7.51000E+1	2.62268E+4	5.25257E+3	3.10828E+6	1.18618E+6	9.67008E+4	1.71836E+6
7.52000E+1	2.63774E+4	5.34080E+3	3.36933E+6	1.24614E+6	9.69167E+4	1.78483E+6
7.53000E+1	2.65557E+4	5.27649E+3	3.63303E+6	1.23016E+6	9.68043E+4	1.84142E+6
7.54000E+1	2.65934E+4	5.31935E+3	3.20848E+6	1.20918E+6	9.64332E+4	1.76939E+6
7.55000E+1	2.64042E+4	5.37405E+3	2.99411E+6	1.18320E+6	9.55496E+4	1.68152E+6
7.56000E+1	2.66864E+4	5.41449E+3	3.05384E+6	1.20210E+6	9.58593E+4	1.76121E+6
7.57000E+1	2.68567E+4	5.45174E+3	3.43855E+6	1.25762E+6	9.62506E+4	1.84069E+6
7.58000E+1	2.68536E+4	5.42129E+3	3.29310E+6	1.24860E+6	9.58593E+4	1.84020E+6
7.59000E+1	2.68427E+4	5.55573E+3	3.04203E+6	1.18543E+6	9.52544E+4	1.76501E+6
7.60000E+1	2.69797E+4	5.59523E+3	3.25859E+6	1.21367E+6	9.53920E+4	1.82887E+6
7.61000E+1	2.70988E+4	5.58518E+3	3.38531E+6	1.29277E+6	9.59199E+4	1.88856E+6
7.62000E+1	2.71024E+4	5.59487E+3	3.40617E+6	1.28075E+6	9.56383E+4	1.88157E+6
7.63000E+1	2.70702E+4	5.59631E+3	3.10894E+6	1.22709E+6	9.50090E+4	1.77165E+6
7.64000E+1	2.70062E+4	5.66857E+3	3.26005E+6	1.21512E+6	9.49001E+4	1.75976E+6
7.65000E+1	2.72775E+4	5.72976E+3	3.60098E+6	1.24831E+6	9.49968E+4	1.91163E+6
7.66000E+1	2.73710E+4	5.75281E+3	3.18815E+6	1.23917E+6	9.45495E+4	1.85943E+6
7.67000E+1	2.75951E+4	5.80580E+3	3.54535E+6	1.29115E+6	9.53994E+4	1.93831E+6
7.68000E+1	2.76004E+4	5.73732E+3	3.31739E+6	1.25384E+6	9.47350E+4	1.90954E+6
7.69000E+1	2.75264E+4	5.82348E+3	3.08982E+6	1.22982E+6	9.40423E+4	1.79600E+6
7.70000E+1	2.76780E+4	5.90399E+3	3.13267E+6	1.22291E+6	9.41442E+4	1.82171E+6
7.71000E+1	2.78110E+4	5.90761E+3	3.28459E+6	1.25828E+6	9.40120E+4	1.88919E+6
7.72000E+1	2.82308E+4	5.92965E+3	3.55049E+6	1.30475E+6	9.46361E+4	1.96489E+6
7.73000E+1	2.81398E+4	5.95858E+3	3.54621E+6	1.29691E+6	9.42876E+4	1.99372E+6
7.74000E+1	2.82266E+4	6.10455E+3	3.55436E+6	1.31274E+6	9.47631E+4	2.03358E+6
7.75000E+1	2.80034E+4	6.11978E+3	3.57252E+6	1.27051E+6	9.43229E+4	1.98682E+6
7.76000E+1	2.79607E+4	6.07880E+3	3.35697E+6	1.27824E+6	9.39938E+4	1.91450E+6
7.77000E+1	2.79586E+4	6.07409E+3	3.18919E+6	1.26425E+6	9.33618E+4	1.89957E+6
7.78000E+1	2.81869E+4	6.07445E+3	3.17669E+6	1.26377E+6	9.33979E+4	1.89585E+6
7.79000E+1	2.81742E+4	6.23492E+3	3.25968E+6	1.26419E+6	9.31656E+4	1.91633E+6
7.80000E+1	2.84978E+4	6.26947E+3	3.40064E+6	1.29165E+6	9.33822E+4	1.98879E+6
7.81000E+1	2.86624E+4	6.26329E+3	3.52915E+6	1.31050E+6	9.34389E+4	2.07013E+6
7.82000E+1	2.85692E+4	6.31024E+3	3.77711E+6	1.29484E+6	9.35414E+4	2.05267E+6
7.83000E+1	2.84149E+4	6.28366E+3	3.44866E+6	1.26012E+6	9.32534E+4	1.94894E+6
7.84000E+1	2.84314E+4	6.35650E+3	3.16704E+6	1.23975E+6	9.30155E+4	1.90720E+6
7.85000E+1	2.85878E+4	6.38785E+3	3.20530E+6	1.21584E+6	9.28500E+4	1.92991E+6
7.86000E+1	2.87788E+4	6.44695E+3	3.32078E+6	1.27276E+6	9.28727E+4	1.98094E+6
7.87000E+1	2.89136E+4	6.52696E+3	3.48804E+6	1.29365E+6	9.30395E+4	2.02293E+6
7.88000E+1	2.90186E+4	6.52184E+3	3.84612E+6	1.31927E+6	9.33437E+4	2.11820E+6
7.89000E+1	2.89280E+4	6.52184E+3	3.57339E+6	1.28792E+6	9.28308E+4	2.02090E+6
7.90000E+1	2.88082E+4	6.60342E+3	3.56169E+6	1.29453E+6	9.26609E+4	2.02148E+6
7.91000E+1	2.89682E+4	6.59830E+3	3.38962E+6	1.24521E+6	9.23826E+4	2.05207E+6
7.92000E+1	2.90529E+4	6.66020E+3	3.32531E+6	1.27586E+6	9.20493E+4	1.95804E+6
7.93000E+1	2.92771E+4	6.73429E+3	3.51689E+6	1.33230E+6	9.22778E+4	2.11393E+6
7.94000E+1	2.94210E+4	6.79488E+3	3.99393E+6	1.38279E+6	9.28620E+4	2.15593E+6
7.95000E+1	2.92706E+4	6.69173E+3	3.38413E+6	1.31377E+6	9.20684E+4	2.05357E+6
7.96000E+1	2.94372E+4	6.80480E+3	3.34469E+6	1.25443E+6	9.18203E+4	1.99570E+6
7.97000E+1	2.97304E+4	6.86290E+3	3.90622E+6	1.30653E+6	9.26836E+4	2.19039E+6
7.98000E+1	2.97179E+4	6.87063E+3	3.45110E+6	1.29679E+6	9.22206E+4	2.12600E+6
7.99000E+1	2.96675E+4	6.93027E+3	3.31513E+6	1.25650E+6	9.18891E+4	2.04775E+6
8.00000E+1	3.00309E+4	7.00436E+3	3.52746E+6	1.32526E+6	9.21635E+4	2.11789E+6
8.01000E+1	3.01847E+4	6.99993E+3	3.76072E+6	1.38499E+6	9.21504E+4	2.23256E+6
8.02000E+1	3.00707E+4	7.10886E+3	3.56212E+6	1.35855E+6	9.19793E+4	2.16218E+6
8.03000E+1	2.99694E+4	7.10405E+3	3.32568E+6	1.31933E+6	9.13154E+4	2.03667E+6
8.04000E+1	3.01514E+4	7.15767E+3	3.40538E+6	1.32900E+6	9.12341E+4	2.10921E+6
8.05000E+1	3.04062E+4	7.19097E+3	3.61827E+6	1.35234E+6	9.15327E+4	2.11235E+6
8.06000E+1	3.04912E+4	7.22022E+3	3.87136E+6	1.35937E+6	9.14263E+4	2.18701E+6
8.07000E+1	3.05044E+4	7.27581E+3	3.94643E+6	1.40859E+6	9.18760E+4	2.24065E+6
8.08000E+1	3.04939E+4	7.31586E+3	3.63618E+6	1.36398E+6	9.14181E+4	2.19581E+6
8.09000E+1	3.06648E+4	7.32811E+3	3.39315E+6	1.33415E+6	9.08919E+4	2.17261E+6
8.10000E+1	3.06285E+4	7.36337E+3	3.68354E+6	1.35951E+6	9.13414E+4	2.21309E+6
8.11000E+1	3.08438E+4	7.47787E+3	3.89899E+6	1.40173E+6	9.12730E+4	2.31213E+6
8.12000E+1	3.08879E+4	7.50579E+3	4.14104E+6	1.43228E+6	9.15220E+4	2.38652E+6
8.13000E+1	3.07672E+4	7.50952E+3	3.81378E+6	1.38955E+6	9.14925E+4	2.26670E+6
8.14000E+1	3.07583E+4	7.56428E+3	3.81921E+6	1.37581E+6	9.12494E+4	2.25933E+6
8.15000E+1	3.08151E+4	7.52851E+3	3.63798E+6	1.36557E+6	9.08778E+4	2.21844E+6
8.16000E+1	3.07617E+4	7.55385E+3	3.70627E+6	1.38357E+6	9.09154E+4	2.22435E+6
8.17000E+1	3.07710E+4	7.68631E+3	3.51605E+6	1.34881E+6	9.08297E+4	2.15135E+6
8.18000E+1	3.10487E+4	7.71695E+3	3.70068E+6	1.36953E+6	9.06913E+4	2.20313E+6
8.19000E+1	3.11678E+4	7.75360E+3	3.76793E+6	1.37990E+6	9.09095E+4	2.26652E+6
8.20000E+1	3.11844E+4	7.78915E+3	4.15850E+6	1.42670E+6	9.11858E+4	2.40924E+6
8.21000E+1	3.11257E+4	7.84233E+3	4.13757E+6	1.41345E+6	9.12400E+4	2.34905E+6
8.22000E+1	3.10122E+4	7.84495E+3	3.52661E+6	1.33727E+6	9.06679E+4	2.22139E+6
8.23000E+1	3.12676E+4	7.93720E+3	4.22797E+6	1.43326E+6	9.14027E+4	2.42044E+6
8.24000E+1	3.12610E+4	7.94096E+3	4.17492E+6	1.41286E+6	9.12047E+4	2.33675E+6
8.25000E+1	3.10039E+4	7.97024E+3	4.12143E+6	1.38713E+6	9.08966E+4	2.36755E+6
8.26000E+1	3.10399E+4	8.07249E+3	3.61560E+6	1.36109E+6	9.03802E+4	2.28489E+6
8.27000E+1	3.10620E+4	8.00969E+3	3.48059E+6	1.32278E+6	9.03966E+4	2.18180E+6
8.28000E+1	3.11152E+4	8.11804E+3	3.57122E+6	1.33687E+6	9.00841E+4	2.24578E+6
8.29000E+1	3.12887E+4	8.21077E+3	3.93224E+6	1.37898E+6	9.07230E+4	2.31984E+6
8.30000E+1	3.12971E+4	8.23454E+3	3.82665E+6	1.33954E+6	9.07066E+4	2.27758E+6
8.31000E+1	3.11645E+4	8.23944E+3	3.55092E+6	1.38756E+6	9.01773E+4	2.27685E+6
8.32000E+1	3.14505E+4	8.30856E+3	4.07656E+6	1.36647E+6	9.07488E+4	2.42085E+6
8.33000E+1	3.13132E+4	8.42244E+3	4.13757E+6	1.43675E+6	9.09036E+4	2.46226E+6
8.34000E+1	3.13482E+4	8.48041E+3	4.12603E+6	1.40057E+6	9.08308E+4	2.46121E+6
8.35000E+1	3.15324E+4	8.48420E+3	4.02769E+6	1.41604E+6	9.06164E+4	2.39271E+6
8.36000E+1	3.13960E+4	8.56996E+3	4.27618E+6	1.40567E+6	9.08766E+4	2.50200E+6
8.37000E+1	3.11944E+4	8.65509E+3	4.17964E+6	1.41168E+6	9.05824E+4	2.46121E+6
8.38000E+1	3.13132E+4	8.58933E+3	3.79560E+6	1.37729E+6	9.03277E+4	2.34192E+6
8.39000E+1	3.13860E+4	8.64863E+3	4.27063E+6	1.42206E+6	9.05684E+4	2.42557E+6
8.40000E+1	3.14817E+4	8.78799E+3	3.91763E+6	1.38841E+6	9.04024E+4	2.39492E+6
8.41000E+1	3.12499E+4	8.72931E+3	3.56212E+6	1.34571E+6	8.98667E+4	2.28856E+6
8.42000E+1	3.09509E+4	8.76970E+3	3.70487E+6	1.34915E+6	8.98678E+4	2.31833E+6
8.43000E+1	3.10836E+4	8.78151E+3	3.84512E+6	1.41863E+6	9.01575E+4	2.39151E+6
8.44000E+1	3.12160E+4	8.82118E+3	4.00259E+6	1.36026E+6	9.01039E+4	2.40944E+6
8.45000E+1	3.11695E+4	8.92008E+3	3.64881E+6	1.35424E+6	8.98098E+4	2.23168E+6
8.46000E+1	3.11279E+4	8.97629E+3	3.55436E+6	1.34665E+6	8.95004E+4	2.27304E+6
8.47000E+1	3.11423E+4	8.98318E+3	3.50722E+6	1.34014E+6	8.96822E+4	2.29335E+6
8.48000E+1	3.13560E+4	9.02682E+3	3.60939E+6	1.34625E+6	8.97854E+4	2.29908E+6
8.49000E+1	3.12016E+4	9.15679E+3	3.44501E+6	1.31011E+6	8.93409E+4	2.24773E+6
8.50000E+1	3.11201E+4	9.12993E+3	3.65017E+6	1.35889E+6	8.95791E+4	2.25969E+6
8.51000E+1	3.15558E+4	9.21671E+3	3.95436E+6	1.41028E+6	8.99968E+4	2.47097E+6
8.52000E+1	3.16719E+4	9.29247E+3	4.29912E+6	1.42941E+6	9.02332E+4	2.45952E+6
8.53000E+1	3.15971E+4	9.31633E+3	4.28174E+6	1.40363E+6	9.03697E+4	2.50725E+6
8.54000E+1	3.16457E+4	9.39724E+3	4.39012E+6	1.43690E+6	9.03440E+4	2.56226E+6
8.55000E+1	3.16909E+4	9.43967E+3	4.24859E+6	1.43455E+6	9.04083E+4	2.56958E+6
8.56000E+1	3.16099E+4	9.51380E+3	4.27618E+6	1.41693E+6	9.02845E+4	2.57880E+6
8.57000E+1	3.17529E+4	9.51226E+3	4.07095E+6	1.43069E+6	9.00899E+4	2.51383E+6
8.58000E+1	3.17412E+4	9.62674E+3	4.30912E+6	1.40144E+6	9.04854E+4	2.60872E+6
8.59000E+1	3.18134E+4	9.63062E+3	4.28112E+6	1.44164E+6	9.02192E+4	2.64271E+6
8.60000E+1	3.20320E+4	9.70850E+3	4.28421E+6	1.42918E+6	9.02892E+4	2.52644E+6
8.61000E+1	3.17860E+4	9.69416E+3	4.33052E+6	1.42027E+6	9.01190E+4	2.55884E+6
8.62000E+1	3.19075E+4	9.79737E+3	4.35149E+6	1.41330E+6	9.03254E+4	2.59251E+6
8.63000E+1	3.18839E+4	9.75816E+3	4.23886E+6	1.41448E+6	9.00783E+4	2.52377E+6
8.64000E+1	3.17792E+4	9.81796E+3	3.73023E+6	1.36911E+6	8.98156E+4	2.38832E+6
8.65000E+1	3.19260E+4	9.89533E+3	3.84712E+6	1.38180E+6	8.97251E+4	2.43942E+6
8.66000E+1	3.20882E+4	9.99152E+3	4.23099E+6	1.45235E+6	9.01982E+4	2.60424E+6
8.67000E+1	3.21017E+4	9.99152E+3	4.31791E+6	1.41028E+6	8.99027E+4	2.54366E+6
8.68000E+1	3.20073E+4	1.00777E+4	4.04865E+6	1.45080E+6	8.98179E+4	2.49179E+6
8.69000E+1	3.19271E+4	1.01117E+4	4.14801E+6	1.41990E+6	8.97912E+4	2.51361E+6
8.70000E+1	3.19563E+4	1.01891E+4	4.23644E+6	1.44956E+6	9.02624E+4	2.52134E+6
8.71000E+1	3.17541E+4	1.02458E+4	3.79560E+6	1.38535E+6	8.94969E+4	2.40095E+6
8.72000E+1	3.16719E+4	1.02466E+4	3.71986E+6	1.33190E+6	8.92439E+4	2.34751E+6
8.73000E+1	3.16222E+4	1.02725E+4	3.94802E+6	1.38414E+6	8.95119E+4	2.34809E+6
8.74000E+1	3.18050E+4	1.02858E+4	4.20636E+6	1.41574E+6	8.98272E+4	2.60778E+6
8.75000E+1	3.20433E+4	1.04149E+4	4.26264E+6	1.41065E+6	8.97935E+4	2.61583E+6
8.76000E+1	3.18951E+4	1.04679E+4	3.84111E+6	1.37870E+6	8.92554E+4	2.36520E+6
8.77000E+1	3.15954E+4	1.05013E+4	3.66062E+6	1.33230E+6	8.92427E+4	2.32779E+6
8.78000E+1	3.17535E+4	1.04754E+4	3.67342E+6	1.33415E+6	8.90836E+4	2.33484E+6
8.79000E+1	3.16518E+4	1.05383E+4	3.76168E+6	1.37085E+6	8.93004E+4	2.40075E+6
8.80000E+1	3.20393E+4	1.06921E+4	4.39533E+6	1.39407E+6	9.01505E+4	2.61369E+6
8.81000E+1	3.21501E+4	1.06944E+4	3.75448E+6	1.34456E+6	8.95582E+4	2.48166E+6
8.82000E+1	3.18559E+4	1.06806E+4	3.57905E+6	1.34625E+6	8.91355E+4	2.36109E+6
8.83000E+1	3.19058E+4	1.06767E+4	3.81773E+6	1.38166E+6	8.89122E+4	2.40964E+6
8.84000E+1	3.19518E+4	1.08253E+4	4.02878E+6	1.37504E+6	8.92093E+4	2.50856E+6
8.85000E+1	3.21450E+4	1.09140E+4	4.49175E+6	1.42027E+6	8.96625E+4	2.63546E+6
8.86000E+1	3.23106E+4	1.10878E+4	4.41954E+6	1.43485E+6	8.99550E+4	2.63666E+6
8.87000E+1	3.22469E+4	1.10902E+4	4.43208E+6	1.41700E+6	8.97216E+4	2.58854E+6
8.88000E+1	3.25021E+4	1.10572E+4	4.50811E+6	1.46772E+6	8.97390E+4	2.62968E+6
8.89000E+1	3.24258E+4	1.11531E+4	4.42548E+6	1.46606E+6	8.96254E+4	2.65439E+6
8.90000E+1	3.23676E+4	1.11547E+4	4.41823E+6	1.47408E+6	8.95524E+4	2.69733E+6
8.91000E+1	3.23665E+4	1.12706E+4	4.36815E+6	1.43432E+6	8.96185E+4	2.68679E+6
8.92000E+1	3.22154E+4	1.12391E+4	4.33432E+6	1.43379E+6	8.94541E+4	2.56867E+6
8.93000E+1	3.20461E+4	1.12618E+4	3.95489E+6	1.38663E+6	8.90756E+4	2.47374E+6
8.94000E+1	3.19815E+4	1.12710E+4	3.68400E+6	1.34652E+6	8.88053E+4	2.36833E+6
8.95000E+1	3.21557E+4	1.13033E+4	3.79463E+6	1.39630E+6	8.88834E+4	2.46015E+6
8.96000E+1	3.21664E+4	1.14684E+4	4.01674E+6	1.40079E+6	8.87364E+4	2.40034E+6
8.97000E+1	3.23738E+4	1.16243E+4	3.99988E+6	1.40348E+6	8.89973E+4	2.51537E+6
8.98000E+1	3.23541E+4	1.16079E+4	4.13584E+6	1.40815E+6	8.90710E+4	2.51780E+6
8.99000E+1	3.23704E+4	1.16420E+4	4.02823E+6	1.40845E+6	8.90192E+4	2.53491E+6
9.00000E+1	3.23738E+4	1.16653E+4	3.87391E+6	1.39847E+6	8.87077E+4	2.49287E+6
9.01000E+1	3.24670E+4	1.17147E+4	4.10428E+6	1.41908E+6	8.90410E+4	2.58506E+6
9.02000E+1	3.27043E+4	1.18298E+4	4.45069E+6	1.49249E+6	8.91874E+4	2.67508E+6
9.03000E+1	3.25740E+4	1.18456E+4	4.73493E+6	1.46031E+6	8.90859E+4	2.72972E+6
9.04000E+1	3.26091E+4	1.18915E+4	4.66443E+6	1.47600E+6	8.94194E+4	2.77427E+6
9.05000E+1	3.24840E+4	1.19557E+4	4.40185E+6	1.44663E+6	8.92243E+4	2.69054E+6
9.06000E+1	3.24043E+4	1.19577E+4	3.92336E+6	1.41345E+6	8.86332E+4	2.51273E+6
9.07000E+1	3.24331E+4	1.19791E+4	3.75544E+6	1.37092E+6	8.81587E+4	2.50353E+6
9.08000E+1	3.25259E+4	1.20280E+4	3.59086E+6	1.35896E+6	8.85862E+4	2.37918E+6
9.09000E+1	3.25491E+4	1.21571E+4	3.72268E+6	1.36523E+6	8.87009E+4	2.36441E+6
9.10000E+1	3.27736E+4	1.22293E+4	4.07488E+6	1.43296E+6	8.87996E+4	2.56546E+6
9.11000E+1	3.27662E+4	1.23118E+4	3.94538E+6	1.42191E+6	8.88099E+4	2.56752E+6
9.12000E+1	3.29032E+4	1.23455E+4	4.52804E+6	1.45648E+6	8.92347E+4	2.69054E+6
9.13000E+1	3.25910E+4	1.22728E+4	3.84712E+6	1.40130E+6	8.86894E+4	2.53670E+6
9.14000E+1	3.26425E+4	1.22663E+4	3.83661E+6	1.37245E+6	8.82648E+4	2.42969E+6
9.15000E+1	3.28111E+4	1.25064E+4	4.06312E+6	1.38549E+6	8.85484E+4	2.52577E+6
9.16000E+1	3.31084E+4	1.25402E+4	4.60378E+6	1.46251E+6	8.89260E+4	2.65464E+6
9.17000E+1	3.32215E+4	1.25019E+4	4.50265E+6	1.48001E+6	8.88777E+4	2.72843E+6
9.18000E+1	3.29795E+4	1.26374E+4	4.20337E+6	1.43896E+6	8.84580E+4	2.59134E+6
9.19000E+1	3.29613E+4	1.25916E+4	4.16728E+6	1.41567E+6	8.86424E+4	2.60589E+6
9.20000E+1	3.30861E+4	1.27176E+4	3.85820E+6	1.43843E+6	8.83768E+4	2.60024E+6
9.21000E+1	3.30701E+4	1.27008E+4	3.94907E+6	1.43228E+6	8.83231E+4	2.42537E+6
9.22000E+1	3.28600E+4	1.27581E+4	3.67618E+6	1.40014E+6	8.77910E+4	2.46396E+6
9.23000E+1	3.31107E+4	1.27761E+4	3.67296E+6	1.41006E+6	8.77228E+4	2.40985E+6
9.24000E+1	3.30604E+4	1.28413E+4	3.72268E+6	1.39731E+6	8.79536E+4	2.39492E+6
9.25000E+1	3.33623E+4	1.28668E+4	4.16787E+6	1.40538E+6	8.79855E+4	2.49157E+6
9.26000E+1	3.31050E+4	1.29830E+4	3.90725E+6	1.40874E+6	8.80082E+4	2.45530E+6
9.27000E+1	3.32352E+4	1.30320E+4	4.18141E+6	1.47584E+6	8.80321E+4	2.51714E+6
9.28000E+1	3.32495E+4	1.30658E+4	3.73591E+6	1.41367E+6	8.76729E+4	2.43258E+6
9.29000E+1	3.34036E+4	1.31861E+4	3.86984E+6	1.42154E+6	8.76627E+4	2.48682E+6
9.30000E+1	3.37260E+4	1.33130E+4	4.58320E+6	1.51067E+6	8.84992E+4	2.74894E+6
9.31000E+1	3.37179E+4	1.33713E+4	4.66662E+6	1.55366E+6	8.87536E+4	2.75576E+6
9.32000E+1	3.36057E+4	1.34750E+4	4.54883E+6	1.51537E+6	8.83916E+4	2.74346E+6
9.33000E+1	3.37813E+4	1.34153E+4	4.85297E+6	1.52051E+6	8.85690E+4	2.83210E+6
9.34000E+1	3.36448E+4	1.34128E+4	4.22435E+6	1.49634E+6	8.82146E+4	2.63233E+6
9.35000E+1	3.35534E+4	1.35289E+4	3.98692E+6	1.45197E+6	8.77910E+4	2.48984E+6
9.36000E+1	3.37352E+4	1.35842E+4	3.71048E+6	1.43417E+6	8.78796E+4	2.47480E+6
9.37000E+1	3.37467E+4	1.36079E+4	3.91555E+6	1.41960E+6	8.78228E+4	2.51032E+6
9.38000E+1	3.38633E+4	1.36669E+4	3.93591E+6	1.42941E+6	8.77194E+4	2.49482E+6
9.39000E+1	3.40917E+4	1.37507E+4	4.05087E+6	1.44486E+6	8.81347E+4	2.58482E+6
9.40000E+1	3.40917E+4	1.38487E+4	4.21534E+6	1.44887E+6	8.77160E+4	2.52844E+6
9.41000E+1	3.40552E+4	1.37932E+4	3.90725E+6	1.43706E+6	8.75062E+4	2.44733E+6
9.42000E+1	3.41328E+4	1.39085E+4	3.84111E+6	1.45042E+6	8.73885E+4	2.49873E+6
9.43000E+1	3.41502E+4	1.38592E+4	4.19028E+6	1.45127E+6	8.76173E+4	2.55157E+6
9.44000E+1	3.44413E+4	1.40152E+4	4.38493E+6	1.50976E+6	8.81598E+4	2.64416E+6
9.45000E+1	3.46904E+4	1.41640E+4	4.85455E+6	1.52637E+6	8.81324E+4	2.80249E+6
9.46000E+1	3.45970E+4	1.41200E+4	4.73267E+6	1.55790E+6	8.78580E+4	2.71611E+6
9.47000E+1	3.43186E+4	1.41611E+4	4.06368E+6	1.47720E+6	8.76763E+4	2.61512E+6
9.48000E+1	3.45754E+4	1.41854E+4	4.25897E+6	1.51865E+6	8.78887E+4	2.70745E+6
9.49000E+1	3.45765E+4	1.43023E+4	4.60806E+6	1.51857E+6	8.79001E+4	2.73644E+6
9.50000E+1	3.46256E+4	1.42868E+4	4.51565E+6	1.48801E+6	8.79843E+4	2.79734E+6
9.51000E+1	3.46647E+4	1.43765E+4	4.46340E+6	1.51335E+6	8.79490E+4	2.76948E+6
9.52000E+1	3.47618E+4	1.43849E+4	4.38883E+6	1.47129E+6	8.76956E+4	2.79626E+6
9.53000E+1	3.49047E+4	1.45533E+4	4.64622E+6	1.53193E+6	8.81917E+4	2.78522E+6
9.54000E+1	3.50585E+4	1.45309E+4	4.71692E+6	1.50834E+6	8.79092E+4	2.69986E+6
9.55000E+1	3.49094E+4	1.46125E+4	4.49107E+6	1.50286E+6	8.77580E+4	2.67210E+6
9.56000E+1	3.48203E+4	1.45935E+4	4.01838E+6	1.45804E+6	8.73184E+4	2.55202E+6
9.57000E+1	3.50826E+4	1.48101E+4	4.52804E+6	1.53373E+6	8.77660E+4	2.72509E+6
9.58000E+1	3.53087E+4	1.48131E+4	4.94884E+6	1.55561E+6	8.77807E+4	2.81612E+6
9.59000E+1	3.55101E+4	1.48683E+4	4.93329E+6	1.58811E+6	8.80720E+4	2.82134E+6
9.60000E+1	3.54344E+4	1.48475E+4	4.95624E+6	1.57971E+6	8.81074E+4	2.90302E+6
9.61000E+1	3.53689E+4	1.49249E+4	4.67689E+6	1.54081E+6	8.74994E+4	2.85218E+6
9.62000E+1	3.53565E+4	1.50493E+4	4.50948E+6	1.53494E+6	8.75980E+4	2.76657E+6
9.63000E+1	3.50878E+4	1.49938E+4	4.63247E+6	1.53900E+6	8.76808E+4	2.80466E+6
9.64000E+1	3.52279E+4	1.50881E+4	4.38299E+6	1.53399E+6	8.71986E+4	2.68979E+6
9.65000E+1	3.53340E+4	1.51308E+4	4.38948E+6	1.49585E+6	8.74066E+4	2.64829E+6
9.66000E+1	3.52279E+4	1.51978E+4	4.42086E+6	1.51235E+6	8.71140E+4	2.65000E+6
9.67000E+1	3.52939E+4	1.52530E+4	4.35021E+6	1.53537E+6	8.73410E+4	2.74476E+6
9.68000E+1	3.54421E+4	1.53344E+4	4.65276E+6	1.52936E+6	8.75232E+4	2.85218E+6
9.69000E+1	3.54439E+4	1.52530E+4	4.50606E+6	1.49569E+6	8.71433E+4	2.67508E+6
9.70000E+1	3.52839E+4	1.53725E+4	4.08444E+6	1.48227E+6	8.71050E+4	2.60849E+6
9.71000E+1	3.54522E+4	1.55035E+4	3.94432E+6	1.46725E+6	8.72190E+4	2.64732E+6
9.72000E+1	3.55095E+4	1.55775E+4	4.19682E+6	1.46251E+6	8.71648E+4	2.56134E+6
9.73000E+1	3.59201E+4	1.57184E+4	4.51634E+6	1.51747E+6	8.73105E+4	2.77400E+6
9.74000E+1	3.60363E+4	1.57701E+4	4.99024E+6	1.56833E+6	8.75425E+4	2.96318E+6
9.75000E+1	3.59285E+4	1.58099E+4	5.00447E+6	1.55120E+6	8.77035E+4	2.99679E+6
9.76000E+1	3.57240E+4	1.59219E+4	4.96367E+6	1.57989E+6	8.76910E+4	2.85950E+6
9.77000E+1	3.58690E+4	1.59150E+4	4.95624E+6	1.55375E+6	8.75810E+4	2.90011E+6
9.78000E+1	3.57264E+4	1.58306E+4	4.48429E+6	1.49249E+6	8.72585E+4	2.78254E+6
9.79000E+1	3.56404E+4	1.59154E+4	4.26449E+6	1.48356E+6	8.71219E+4	2.59836E+6
9.80000E+1	3.57436E+4	1.60649E+4	4.32231E+6	1.47945E+6	8.71761E+4	2.69784E+6
9.81000E+1	3.58452E+4	1.61549E+4	5.10461E+6	1.56243E+6	8.76173E+4	2.85696E+6
9.82000E+1	3.59279E+4	1.61870E+4	4.91702E+6	1.57066E+6	8.76990E+4	2.97593E+6
9.83000E+1	3.60411E+4	1.62688E+4	5.43698E+6	1.56797E+6	8.76672E+4	2.98909E+6
9.84000E+1	3.59821E+4	1.63752E+4	4.80368E+6	1.53141E+6	8.75765E+4	2.93324E+6
9.85000E+1	3.61455E+4	1.64093E+4	5.38416E+6	1.59078E+6	8.74858E+4	2.99772E+6
9.86000E+1	3.59457E+4	1.64770E+4	4.81844E+6	1.53485E+6	8.77296E+4	2.93680E+6
9.87000E+1	3.57852E+4	1.64027E+4	4.28236E+6	1.50875E+6	8.72755E+4	2.81093E+6
9.88000E+1	3.58981E+4	1.64210E+4	4.17551E+6	1.45360E+6	8.71253E+4	2.58181E+6
9.89000E+1	3.62070E+4	1.66630E+4	4.79440E+6	1.54264E+6	8.72981E+4	2.94574E+6
9.90000E+1	3.61981E+4	1.66236E+4	4.96698E+6	1.57022E+6	8.74949E+4	2.95684E+6
9.91000E+1	3.60810E+4	1.67626E+4	4.94146E+6	1.57680E+6	8.75244E+4	3.00020E+6
9.92000E+1	3.59189E+4	1.67547E+4	4.92677E+6	1.50145E+6	8.74507E+4	2.93948E+6
9.93000E+1	3.59809E+4	1.66569E+4	4.44669E+6	1.48388E+6	8.68156E+4	2.68179E+6
9.94000E+1	3.59547E+4	1.67499E+4	4.21054E+6	1.47050E+6	8.66808E+4	2.71637E+6
9.95000E+1	3.61168E+4	1.67477E+4	4.24798E+6	1.44156E+6	8.67493E+4	2.60825E+6
9.96000E+1	3.60834E+4	1.68127E+4	4.36173E+6	1.47712E+6	8.70396E+4	2.69860E+6
9.97000E+1	3.60858E+4	1.70060E+4	4.12546E+6	1.46448E+6	8.65629E+4	2.71509E+6
9.98000E+1	3.65996E+4	1.69844E+4	5.31338E+6	1.57563E+6	8.76377E+4	3.04352E+6
9.99000E+1	3.62453E+4	1.69337E+4	4.29975E+6	1.49519E+6	8.68763E+4	2.65708E+6
1.00000E+2	3.64321E+4	1.72009E+4	4.42746E+6	1.49315E+6	8.69168E+4	2.84182E+6
1.00100E+2	3.64525E+4	1.72048E+4	5.12828E+6	1.53227E+6	8.71603E+4	2.82767E+6
1.00200E+2	3.64813E+4	1.72602E+4	4.11914E+6	1.48461E+6	8.66258E+4	2.58204E+6
1.00300E+2	3.68061E+4	1.73795E+4	5.04508E+6	1.53718E+6	8.74813E+4	3.04799E+6
1.00400E+2	3.63524E+4	1.73617E+4	4.61092E+6	1.50418E+6	8.68156E+4	2.86034E+6
1.00500E+2	3.65420E+4	1.74123E+4	3.96764E+6	1.44011E+6	8.66583E+4	2.69431E+6
1.00600E+2	3.67899E+4	1.76304E+4	5.30302E+6	1.56851E+6	8.74055E+4	2.94335E+6
1.00700E+2	3.67423E+4	1.75644E+4	5.00028E+6	1.53796E+6	8.69709E+4	2.89867E+6
1.00800E+2	3.64999E+4	1.74848E+4	4.33368E+6	1.47768E+6	8.66819E+4	2.70873E+6
1.00900E+2	3.68339E+4	1.76014E+4	4.22496E+6	1.46016E+6	8.68572E+4	2.72431E+6
1.01000E+2	3.68876E+4	1.77870E+4	4.76983E+6	1.50917E+6	8.72495E+4	2.90476E+6
1.01100E+2	3.72769E+4	1.79128E+4	5.39581E+6	1.54333E+6	8.76604E+4	3.04703E+6
1.01200E+2	3.68641E+4	1.78107E+4	5.05877E+6	1.54595E+6	8.73614E+4	2.99772E+6
1.01300E+2	3.66405E+4	1.78711E+4	4.16728E+6	1.47568E+6	8.65282E+4	2.64222E+6
1.01400E+2	3.69951E+4	1.80828E+4	5.07683E+6	1.54752E+6	8.73602E+4	3.02674E+6
1.01500E+2	3.65948E+4	1.79782E+4	4.43539E+6	1.44918E+6	8.67616E+4	2.73670E+6
1.01600E+2	3.69287E+4	1.80715E+4	4.62167E+6	1.50609E+6	8.69788E+4	2.72689E+6
1.01700E+2	3.71495E+4	1.81691E+4	4.86010E+6	1.51975E+6	8.69112E+4	2.85302E+6
1.01800E+2	3.71374E+4	1.82569E+4	4.98274E+6	1.55190E+6	8.73885E+4	2.93889E+6
1.01900E+2	3.72793E+4	1.81713E+4	5.44094E+6	1.58738E+6	8.72969E+4	3.02895E+6
1.02000E+2	3.71204E+4	1.83999E+4	5.34663E+6	1.56842E+6	8.73715E+4	3.05310E+6
1.02100E+2	3.71853E+4	1.84545E+4	5.06994E+6	1.53133E+6	8.73534E+4	2.91059E+6
1.02200E+2	3.72587E+4	1.84161E+4	4.65859E+6	1.53305E+6	8.67627E+4	2.87168E+6
1.02300E+2	3.72417E+4	1.85378E+4	4.64332E+6	1.52586E+6	8.67706E+4	2.85837E+6
1.02400E+2	3.72927E+4	1.85976E+4	5.34854E+6	1.60658E+6	8.70047E+4	2.88683E+6
1.02500E+2	3.71937E+4	1.86189E+4	5.07166E+6	1.55296E+6	8.69033E+4	3.01045E+6
1.02600E+2	3.73242E+4	1.87023E+4	5.02978E+6	1.56137E+6	8.70441E+4	3.01388E+6
1.02700E+2	3.74361E+4	1.87755E+4	5.56740E+6	1.57671E+6	8.71027E+4	3.06532E+6
1.02800E+2	3.72702E+4	1.87518E+4	5.56843E+6	1.57057E+6	8.74745E+4	3.07731E+6
1.02900E+2	3.68942E+4	1.87877E+4	4.67469E+6	1.55366E+6	8.68145E+4	2.86034E+6
1.03000E+2	3.70417E+4	1.87332E+4	4.39207E+6	1.48631E+6	8.64576E+4	2.70517E+6
1.03100E+2	3.74599E+4	1.89379E+4	5.20785E+6	1.55693E+6	8.69292E+4	3.11216E+6
1.03200E+2	3.75232E+4	1.91054E+4	5.39095E+6	1.60115E+6	8.70035E+4	3.13594E+6
1.03300E+2	3.74118E+4	1.89352E+4	5.20332E+6	1.57283E+6	8.69292E+4	3.13257E+6
1.03400E+2	3.72617E+4	1.89079E+4	4.80290E+6	1.57716E+6	8.68358E+4	2.98786E+6
1.03500E+2	3.73127E+4	1.90027E+4	4.45269E+6	1.49930E+6	8.64307E+4	2.85978E+6
1.03600E+2	3.71865E+4	1.90657E+4	4.30287E+6	1.49054E+6	8.62696E+4	2.73101E+6
1.03700E+2	3.72131E+4	1.91800E+4	4.35660E+6	1.45992E+6	8.61490E+4	2.73360E+6
1.03800E+2	3.72690E+4	1.93000E+4	4.59311E+6	1.48517E+6	8.62372E+4	2.75918E+6
1.03900E+2	3.72714E+4	1.91598E+4	4.27988E+6	1.49462E+6	8.59349E+4	2.74763E+6
1.04000E+2	3.78395E+4	1.96094E+4	5.20422E+6	1.56690E+6	8.71783E+4	3.07796E+6
1.04100E+2	3.74970E+4	1.93954E+4	4.57263E+6	1.55164E+6	8.64363E+4	2.93176E+6
1.04200E+2	3.73808E+4	1.94106E+4	4.35980E+6	1.47010E+6	8.62428E+4	2.76842E+6
1.04300E+2	3.75768E+4	1.95182E+4	4.52735E+6	1.49070E+6	8.61121E+4	2.74372E+6
1.04400E+2	3.79216E+4	1.96260E+4	4.97029E+6	1.53848E+6	8.65035E+4	3.03558E+6
1.04500E+2	3.80173E+4	1.97113E+4	5.42024E+6	1.59697E+6	8.67302E+4	3.19607E+6
1.04600E+2	3.77527E+4	1.95619E+4	4.61665E+6	1.54038E+6	8.62506E+4	2.92969E+6
1.04700E+2	3.76568E+4	1.96453E+4	4.49787E+6	1.46677E+6	8.58380E+4	2.71944E+6
1.04800E+2	3.79989E+4	1.98329E+4	5.03997E+6	1.54630E+6	8.64341E+4	3.07666E+6
1.04900E+2	3.80731E+4	1.98787E+4	5.30678E+6	1.58536E+6	8.66987E+4	3.17521E+6
1.05000E+2	3.79627E+4	1.99783E+4	5.14064E+6	1.55835E+6	8.65315E+4	3.29114E+6
1.05100E+2	3.79333E+4	1.99834E+4	4.88719E+6	1.52484E+6	8.64083E+4	3.02454E+6
1.05200E+2	3.79848E+4	1.99426E+4	5.04594E+6	1.56279E+6	8.61613E+4	3.01138E+6
1.05300E+2	3.79480E+4	2.00651E+4	4.92026E+6	1.56797E+6	8.63983E+4	2.91673E+6
1.05400E+2	3.79535E+4	2.00247E+4	4.87122E+6	1.54168E+6	8.60184E+4	3.00702E+6
1.05500E+2	3.78034E+4	2.00066E+4	4.50743E+6	1.50377E+6	8.59672E+4	2.75733E+6
1.05600E+2	3.81008E+4	2.02363E+4	4.38818E+6	1.50426E+6	8.58236E+4	2.87767E+6
1.05700E+2	3.78132E+4	2.01971E+4	4.37330E+6	1.49544E+6	8.58948E+4	2.82988E+6
1.05800E+2	3.79970E+4	2.04107E+4	4.63825E+6	1.46701E+6	8.58414E+4	2.94754E+6
1.05900E+2	3.79664E+4	2.03789E+4	4.31791E+6	1.44972E+6	8.55303E+4	2.78442E+6
1.06000E+2	3.78548E+4	2.03551E+4	4.39533E+6	1.46212E+6	8.55448E+4	2.71970E+6
1.06100E+2	3.81401E+4	2.05510E+4	4.62239E+6	1.52654E+6	8.58881E+4	2.91205E+6
1.06200E+2	3.81795E+4	2.06109E+4	4.92026E+6	1.49692E+6	8.60073E+4	2.96741E+6
1.06300E+2	3.84803E+4	2.06133E+4	5.29738E+6	1.53494E+6	8.63345E+4	3.06081E+6
1.06400E+2	3.84797E+4	2.07475E+4	5.51207E+6	1.57283E+6	8.65585E+4	3.16281E+6
1.06500E+2	3.81739E+4	2.05791E+4	5.53960E+6	1.54945E+6	8.60987E+4	3.08546E+6
1.06600E+2	3.78297E+4	2.06180E+4	4.67616E+6	1.46126E+6	8.57002E+4	2.82629E+6
1.06700E+2	3.82022E+4	2.06409E+4	4.38429E+6	1.46685E+6	8.55825E+4	2.80684E+6
1.06800E+2	3.81893E+4	2.08707E+4	4.84351E+6	1.49651E+6	8.58225E+4	2.91732E+6
1.06900E+2	3.82798E+4	2.09319E+4	5.01709E+6	1.56297E+6	8.60396E+4	3.04735E+6
1.07000E+2	3.85050E+4	2.09564E+4	5.12300E+6	1.57635E+6	8.61479E+4	3.32293E+6
1.07100E+2	3.82786E+4	2.10578E+4	5.24625E+6	1.58765E+6	8.61813E+4	3.15017E+6
1.07200E+2	3.81063E+4	2.09526E+4	4.54327E+6	1.46851E+6	8.56357E+4	2.80113E+6
1.07300E+2	3.80308E+4	2.09880E+4	4.45536E+6	1.47233E+6	8.57991E+4	2.79113E+6
1.07400E+2	3.81862E+4	2.09856E+4	4.49924E+6	1.47153E+6	8.56580E+4	2.78120E+6
1.07500E+2	3.80197E+4	2.10271E+4	4.33876E+6	1.47026E+6	8.54683E+4	2.79086E+6
1.07600E+2	3.80038E+4	2.10583E+4	4.45804E+6	1.49119E+6	8.55314E+4	2.79896E+6
1.07700E+2	3.79412E+4	2.11623E+4	4.32926E+6	1.43546E+6	8.54417E+4	2.77028E+6
1.07800E+2	3.78218E+4	2.13247E+4	4.16318E+6	1.44355E+6	8.54993E+4	2.71842E+6
1.07900E+2	3.80885E+4	2.14904E+4	4.64549E+6	1.52484E+6	8.56036E+4	2.87681E+6
1.08000E+2	3.81309E+4	2.16123E+4	5.25917E+6	1.51537E+6	8.62271E+4	3.14338E+6
1.08100E+2	3.79743E+4	2.16609E+4	4.79517E+6	1.48956E+6	8.59315E+4	3.02077E+6
1.08200E+2	3.78144E+4	2.15247E+4	4.53011E+6	1.50850E+6	8.54095E+4	2.79248E+6
1.08300E+2	3.79106E+4	2.15237E+4	4.25591E+6	1.52305E+6	8.53298E+4	2.81284E+6
1.08400E+2	3.78200E+4	2.15389E+4	4.40642E+6	1.47824E+6	8.54550E+4	2.80005E+6
1.08500E+2	3.79179E+4	2.15613E+4	4.42482E+6	1.46843E+6	8.52889E+4	2.79410E+6
1.08600E+2	3.80848E+4	2.18247E+4	4.97194E+6	1.56306E+6	8.56691E+4	2.97654E+6
1.08700E+2	3.81469E+4	2.18577E+4	5.22607E+6	1.57004E+6	8.59728E+4	3.29077E+6
1.08800E+2	3.79228E+4	2.18543E+4	5.19698E+6	1.54508E+6	8.60820E+4	3.12786E+6
1.08900E+2	3.78640E+4	2.18428E+4	4.87759E+6	1.49192E+6	8.57046E+4	2.88827E+6
1.09000E+2	3.75988E+4	2.18151E+4	4.44270E+6	1.44455E+6	8.55093E+4	2.89548E+6
1.09100E+2	3.77459E+4	2.18639E+4	4.22435E+6	1.43835E+6	8.54140E+4	2.80276E+6
1.09200E+2	3.78977E+4	2.19889E+4	4.69164E+6	1.46598E+6	8.55436E+4	2.80520E+6
1.09300E+2	3.80111E+4	2.21324E+4	5.04423E+6	1.57807E+6	8.62964E+4	3.15699E+6
1.09400E+2	3.78242E+4	2.21478E+4	5.18976E+6	1.52680E+6	8.63423E+4	3.06597E+6
1.09500E+2	3.76903E+4	2.21694E+4	4.66736E+6	1.48883E+6	8.58069E+4	2.80711E+6
1.09600E+2	3.76214E+4	2.21190E+4	4.35852E+6	1.43265E+6	8.54727E+4	2.79923E+6
1.09700E+2	3.77643E+4	2.24760E+4	4.71767E+6	1.48372E+6	8.60006E+4	2.93651E+6
1.09800E+2	3.79063E+4	2.24427E+4	5.39678E+6	1.55711E+6	8.63266E+4	3.26613E+6
1.09900E+2	3.78102E+4	2.25558E+4	5.89004E+6	1.55906E+6	8.65147E+4	3.27675E+6
1.10000E+2	3.75805E+4	2.25335E+4	5.28988E+6	1.54892E+6	8.64722E+4	3.19642E+6
1.10100E+2	3.75549E+4	2.24465E+4	4.64477E+6	1.45843E+6	8.56868E+4	2.88310E+6
1.10200E+2	3.73984E+4	2.25379E+4	4.38883E+6	1.45173E+6	8.57891E+4	2.85555E+6
1.10300E+2	3.78304E+4	2.27837E+4	4.99024E+6	1.54125E+6	8.61679E+4	3.07601E+6
1.10400E+2	3.76879E+4	2.28177E+4	5.68464E+6	1.54717E+6	8.65248E+4	3.16041E+6
1.10500E+2	3.72939E+4	2.26139E+4	4.83016E+6	1.45617E+6	8.59427E+4	2.89461E+6
1.10600E+2	3.72562E+4	2.27453E+4	4.20039E+6	1.43069E+6	8.59594E+4	2.87139E+6
1.10700E+2	3.77166E+4	2.29597E+4	4.62958E+6	1.48348E+6	8.63803E+4	2.95053E+6
1.10800E+2	3.76018E+4	2.29958E+4	5.09938E+6	1.51764E+6	8.64139E+4	3.19572E+6
1.10900E+2	3.72914E+4	2.28600E+4	4.68869E+6	1.46717E+6	8.61479E+4	2.83487E+6
1.11000E+2	3.70720E+4	2.30543E+4	4.28607E+6	1.40911E+6	8.58859E+4	2.80602E+6
1.11100E+2	3.74507E+4	2.32840E+4	5.22333E+6	1.53064E+6	8.65058E+4	3.16728E+6
1.11200E+2	3.72580E+4	2.31989E+4	4.86247E+6	1.49168E+6	8.63434E+4	2.91468E+6
1.11300E+2	3.71598E+4	2.33335E+4	4.79671E+6	1.49258E+6	8.64856E+4	2.96651E+6
1.11400E+2	3.71253E+4	2.33364E+4	4.88319E+6	1.51486E+6	8.64923E+4	3.16590E+6
1.11500E+2	3.70883E+4	2.32855E+4	4.36622E+6	1.47145E+6	8.61479E+4	2.90186E+6
1.11600E+2	3.68236E+4	2.33683E+4	4.64477E+6	1.47704E+6	8.62987E+4	2.92762E+6
1.11700E+2	3.66556E+4	2.32718E+4	4.45469E+6	1.49873E+6	8.60530E+4	2.88597E+6
1.11800E+2	3.66905E+4	2.34610E+4	4.53149E+6	1.44694E+6	8.63512E+4	2.93354E+6
1.11900E+2	3.66502E+4	2.33531E+4	4.77059E+6	1.46883E+6	8.61970E+4	2.88856E+6
1.12000E+2	3.65990E+4	2.34728E+4	4.11398E+6	1.40043E+6	8.60943E+4	2.87453E+6
1.12100E+2	3.69492E+4	2.37223E+4	4.38429E+6	1.46764E+6	8.64419E+4	2.95865E+6
1.12200E+2	3.68810E+4	2.37046E+4	4.84193E+6	1.49086E+6	8.65719E+4	3.08514E+6
1.12300E+2	3.68025E+4	2.38527E+4	4.76830E+6	1.52885E+6	8.65394E+4	3.11516E+6
1.12400E+2	3.65966E+4	2.38626E+4	4.52942E+6	1.45953E+6	8.65327E+4	2.95143E+6
1.12500E+2	3.63674E+4	2.36799E+4	4.13931E+6	1.42109E+6	8.60463E+4	2.87681E+6
1.12600E+2	3.63524E+4	2.37682E+4	4.38040E+6	1.43281E+6	8.61244E+4	2.79006E+6
1.12700E+2	3.61658E+4	2.37450E+4	4.40904E+6	1.47816E+6	8.61713E+4	2.85414E+6
1.12800E+2	3.61532E+4	2.37682E+4	4.47416E+6	1.44517E+6	8.62741E+4	2.95353E+6
1.12900E+2	3.61288E+4	2.38532E+4	4.38623E+6	1.42542E+6	8.61746E+4	2.92290E+6
1.13000E+2	3.59719E+4	2.38779E+4	4.42482E+6	1.47712E+6	8.61534E+4	2.95323E+6
1.13100E+2	3.60130E+4	2.41479E+4	5.03148E+6	1.53167E+6	8.65035E+4	3.04831E+6
1.13200E+2	3.59136E+4	2.41226E+4	4.70723E+6	1.47600E+6	8.65842E+4	2.97106E+6
1.13300E+2	3.59838E+4	2.42279E+4	5.11861E+6	1.51840E+6	8.68763E+4	3.23360E+6
1.13400E+2	3.63344E+4	2.43085E+4	5.36773E+6	1.50112E+6	8.67650E+4	3.17797E+6
1.13500E+2	3.60554E+4	2.45369E+4	5.15483E+6	1.51034E+6	8.67920E+4	3.12451E+6
1.13600E+2	3.58482E+4	2.42901E+4	4.80523E+6	1.45601E+6	8.67055E+4	3.04321E+6
1.13700E+2	3.58012E+4	2.42796E+4	4.43274E+6	1.42602E+6	8.67470E+4	2.92969E+6
1.13800E+2	3.56920E+4	2.42906E+4	4.19444E+6	1.40421E+6	8.58391E+4	2.71229E+6
1.13900E+2	3.58321E+4	2.44416E+4	4.24494E+6	1.41360E+6	8.63278E+4	2.87168E+6
1.14000E+2	3.59213E+4	2.44805E+4	4.56210E+6	1.40654E+6	8.63848E+4	2.90098E+6
1.14100E+2	3.58143E+4	2.45634E+4	4.48768E+6	1.44871E+6	8.67751E+4	2.96560E+6
1.14200E+2	3.58850E+4	2.47121E+4	4.75535E+6	1.44424E+6	8.69326E+4	2.99772E+6
1.14300E+2	3.58470E+4	2.47301E+4	5.27960E+6	1.55147E+6	8.67864E+4	3.15119E+6
1.14400E+2	3.55533E+4	2.46444E+4	4.68942E+6	1.51001E+6	8.63759E+4	3.00144E+6
1.14500E+2	3.55202E+4	2.45609E+4	4.10257E+6	1.44171E+6	8.63389E+4	2.74973E+6
1.14600E+2	3.57965E+4	2.47406E+4	4.41494E+6	1.43516E+6	8.63334E+4	2.82464E+6
1.14700E+2	3.58945E+4	2.48837E+4	4.98857E+6	1.50509E+6	8.66403E+4	3.15699E+6
1.14800E+2	3.57056E+4	2.48826E+4	5.26287E+6	1.49290E+6	8.69821E+4	3.05952E+6
1.14900E+2	3.53647E+4	2.48565E+4	4.67763E+6	1.47288E+6	8.65080E+4	2.95865E+6
1.15000E+2	3.54072E+4	2.49133E+4	4.03043E+6	1.43432E+6	8.59794E+4	2.77666E+6
1.15100E+2	3.54841E+4	2.48440E+4	4.16494E+6	1.41522E+6	8.62093E+4	2.76208E+6
1.15200E+2	3.52680E+4	2.49661E+4	4.18141E+6	1.40698E+6	8.61211E+4	2.70542E+6
1.15300E+2	3.53872E+4	2.49787E+4	3.99501E+6	1.40006E+6	8.62808E+4	2.72869E+6
1.15400E+2	3.56368E+4	2.51349E+4	4.38883E+6	1.47848E+6	8.62473E+4	2.89288E+6
1.15500E+2	3.53996E+4	2.51596E+4	4.41297E+6	1.48420E+6	8.65899E+4	2.91030E+6
1.15600E+2	3.53093E+4	2.52045E+4	4.54814E+6	1.47456E+6	8.64554E+4	2.98786E+6
1.15700E+2	3.52680E+4	2.50421E+4	4.40381E+6	1.41109E+6	8.63367E+4	2.85752E+6
1.15800E+2	3.54315E+4	2.52450E+4	4.27741E+6	1.40057E+6	8.62763E+4	2.85386E+6
1.15900E+2	3.56362E+4	2.53998E+4	4.79671E+6	1.50567E+6	8.68291E+4	3.07147E+6
1.16000E+2	3.53559E+4	2.51899E+4	4.52115E+6	1.41161E+6	8.62294E+4	2.85978E+6
1.16100E+2	3.56279E+4	2.55692E+4	4.79131E+6	1.47376E+6	8.69754E+4	3.11083E+6
1.16200E+2	3.52297E+4	2.53659E+4	4.35660E+6	1.42206E+6	8.64576E+4	2.87909E+6
1.16300E+2	3.51196E+4	2.52803E+4	4.11570E+6	1.39530E+6	8.59070E+4	2.74502E+6
1.16400E+2	3.55894E+4	2.54910E+4	4.65130E+6	1.44956E+6	8.65899E+4	2.94335E+6
1.16500E+2	3.55983E+4	2.56816E+4	5.16107E+6	1.50684E+6	8.67111E+4	3.03305E+6
1.16600E+2	3.56173E+4	2.57778E+4	5.05021E+6	1.48997E+6	8.71806E+4	3.04895E+6
1.16700E+2	3.55279E+4	2.56444E+4	5.00951E+6	1.48931E+6	8.69720E+4	3.12753E+6
1.16800E+2	3.52521E+4	2.56770E+4	4.46877E+6	1.45251E+6	8.64419E+4	2.82381E+6
1.16900E+2	3.52256E+4	2.55357E+4	4.09519E+6	1.39256E+6	8.62327E+4	2.78442E+6
1.17000E+2	3.53028E+4	2.57274E+4	4.08106E+6	1.41819E+6	8.62741E+4	2.71790E+6
1.17100E+2	3.51837E+4	2.56953E+4	4.11971E+6	1.43713E+6	8.60921E+4	2.77453E+6
1.17200E+2	3.51578E+4	2.57585E+4	3.92492E+6	1.41190E+6	8.63020E+4	2.83154E+6
1.17300E+2	3.52668E+4	2.57722E+4	3.85114E+6	1.39645E+6	8.62417E+4	2.68754E+6
1.17400E+2	3.53069E+4	2.58436E+4	3.95966E+6	1.40735E+6	8.65786E+4	2.64951E+6
1.17500E+2	3.56564E+4	2.59923E+4	4.61736E+6	1.43311E+6	8.65315E+4	2.78683E+6
1.17600E+2	3.55752E+4	2.60532E+4	4.47214E+6	1.47488E+6	8.65685E+4	2.89490E+6
1.17700E+2	3.56499E+4	2.61731E+4	4.60592E+6	1.45057E+6	8.70385E+4	2.94186E+6
1.17800E+2	3.56463E+4	2.61095E+4	4.96202E+6	1.45749E+6	8.66998E+4	2.96923E+6
1.17900E+2	3.58624E+4	2.63544E+4	4.97692E+6	1.49462E+6	8.71919E+4	3.16110E+6
1.18000E+2	3.57923E+4	2.64027E+4	4.97277E+6	1.53090E+6	8.72235E+4	3.17451E+6
1.18100E+2	3.57881E+4	2.63477E+4	5.03997E+6	1.51832E+6	8.68493E+4	3.13594E+6
1.18200E+2	3.54592E+4	2.62470E+4	4.91783E+6	1.48364E+6	8.70712E+4	2.99710E+6
1.18300E+2	3.55598E+4	2.64166E+4	4.64985E+6	1.48469E+6	8.71095E+4	3.04575E+6
1.18400E+2	3.55669E+4	2.64697E+4	4.97194E+6	1.48534E+6	8.70644E+4	3.12351E+6
1.18500E+2	3.53458E+4	2.63590E+4	4.63680E+6	1.48793E+6	8.67987E+4	3.03907E+6
1.18600E+2	3.52155E+4	2.63019E+4	4.40054E+6	1.45562E+6	8.65876E+4	2.79329E+6
1.18700E+2	3.51367E+4	2.64589E+4	3.98962E+6	1.41256E+6	8.61389E+4	2.71458E+6
1.18800E+2	3.51890E+4	2.64310E+4	4.02988E+6	1.39731E+6	8.61791E+4	2.72175E+6
1.18900E+2	3.52880E+4	2.66431E+4	4.25958E+6	1.43713E+6	8.68471E+4	2.79491E+6
1.19000E+2	3.53736E+4	2.67144E+4	4.61092E+6	1.46962E+6	8.67470E+4	2.87938E+6
1.19100E+2	3.51296E+4	2.66219E+4	4.19385E+6	1.42535E+6	8.63848E+4	2.77987E+6
1.19200E+2	3.49498E+4	2.66446E+4	4.24554E+6	1.43054E+6	8.64834E+4	2.82933E+6
1.19300E+2	3.52097E+4	2.68190E+4	4.69979E+6	1.51436E+6	8.70216E+4	3.02643E+6
1.19400E+2	3.55971E+4	2.69445E+4	5.24073E+6	1.51714E+6	8.74609E+4	3.09464E+6
1.19500E+2	3.56985E+4	2.69881E+4	4.99275E+6	1.49823E+6	8.71275E+4	3.16178E+6
1.19600E+2	3.54805E+4	2.70313E+4	5.37255E+6	1.51967E+6	8.71806E+4	3.14135E+6
1.19700E+2	3.52314E+4	2.68978E+4	4.49175E+6	1.45953E+6	8.68223E+4	2.90331E+6
1.19800E+2	3.51255E+4	2.68952E+4	4.46541E+6	1.44325E+6	8.65237E+4	2.88339E+6
1.19900E+2	3.52332E+4	2.70474E+4	4.77288E+6	1.49086E+6	8.68100E+4	3.06629E+6
1.20000E+2	3.55326E+4	2.70775E+4	4.86883E+6	1.51865E+6	8.73602E+4	3.09136E+6
1.20100E+2	3.54155E+4	2.70417E+4	4.66736E+6	1.48931E+6	8.67223E+4	2.92644E+6
1.20200E+2	3.52892E+4	2.71098E+4	4.15325E+6	1.42738E+6	8.66763E+4	2.71178E+6
1.20300E+2	3.51367E+4	2.70968E+4	4.13468E+6	1.42333E+6	8.64722E+4	2.65244E+6
1.20400E+2	3.54539E+4	2.72907E+4	4.42020E+6	1.45228E+6	8.67976E+4	2.98940E+6
1.20500E+2	3.53246E+4	2.70994E+4	4.25713E+6	1.38428E+6	8.65753E+4	2.81120E+6
1.20600E+2	3.54025E+4	2.72176E+4	4.19801E+6	1.40720E+6	8.63378E+4	2.71790E+6
1.20700E+2	3.55723E+4	2.70963E+4	4.07375E+6	1.40333E+6	8.63770E+4	2.69482E+6
1.20800E+2	3.53895E+4	2.72599E+4	4.34193E+6	1.40166E+6	8.67156E+4	2.78898E+6
1.20900E+2	3.52120E+4	2.72489E+4	4.07769E+6	1.41374E+6	8.64744E+4	2.77613E+6
1.21000E+2	3.53376E+4	2.73743E+4	4.31854E+6	1.41434E+6	8.64733E+4	2.90040E+6
1.21100E+2	3.54805E+4	2.75396E+4	5.03912E+6	1.50909E+6	8.70261E+4	3.13729E+6
1.21200E+2	3.57074E+4	2.75061E+4	4.99777E+6	1.50335E+6	8.72913E+4	3.15324E+6
1.21300E+2	3.56131E+4	2.77034E+4	5.15128E+6	1.51344E+6	8.70892E+4	3.09925E+6
1.21400E+2	3.58155E+4	2.76771E+4	4.88960E+6	1.49062E+6	8.72427E+4	3.13190E+6
1.21500E+2	3.57365E+4	2.78085E+4	5.10112E+6	1.49495E+6	8.72088E+4	3.04990E+6
1.21600E+2	3.58708E+4	2.77281E+4	4.93084E+6	1.50884E+6	8.74745E+4	3.21827E+6
1.21700E+2	3.58060E+4	2.78480E+4	5.03657E+6	1.50750E+6	8.77694E+4	3.16418E+6
1.21800E+2	3.57887E+4	2.79502E+4	5.28240E+6	1.49225E+6	8.72269E+4	3.14169E+6
1.21900E+2	3.55012E+4	2.79761E+4	4.80135E+6	1.50402E+6	8.71354E+4	3.22289E+6
1.22000E+2	3.54829E+4	2.77664E+4	4.64694E+6	1.47296E+6	8.72201E+4	2.98755E+6
1.22100E+2	3.55403E+4	2.77859E+4	4.26203E+6	1.38791E+6	8.67246E+4	2.75339E+6
1.22200E+2	3.54037E+4	2.77822E+4	4.12949E+6	1.41938E+6	8.64195E+4	2.74894E+6
1.22300E+2	3.53382E+4	2.79017E+4	4.35340E+6	1.43782E+6	8.66954E+4	2.78442E+6
1.22400E+2	3.56439E+4	2.80030E+4	4.42218E+6	1.46527E+6	8.68572E+4	2.99494E+6
1.22500E+2	3.56659E+4	2.80574E+4	4.91945E+6	1.48283E+6	8.69574E+4	3.10917E+6
1.22600E+2	3.56813E+4	2.80791E+4	4.87600E+6	1.50104E+6	8.68021E+4	3.08350E+6
1.22700E+2	3.55101E+4	2.79618E+4	4.52873E+6	1.46740E+6	8.67481E+4	2.91088E+6
1.22800E+2	3.56007E+4	2.80838E+4	4.09746E+6	1.41900E+6	8.64128E+4	2.70517E+6
1.22900E+2	3.57673E+4	2.81669E+4	4.32421E+6	1.43508E+6	8.65159E+4	2.84322E+6
1.23000E+2	3.59672E+4	2.84262E+4	5.09242E+6	1.48251E+6	8.71862E+4	3.10288E+6
1.23100E+2	3.60792E+4	2.84974E+4	4.92514E+6	1.51444E+6	8.72675E+4	3.14270E+6
1.23200E+2	3.60936E+4	2.85783E+4	4.96449E+6	1.52944E+6	8.70588E+4	3.22218E+6
1.23300E+2	3.60434E+4	2.85858E+4	5.21694E+6	1.50385E+6	8.71490E+4	3.17832E+6
1.23400E+2	3.59743E+4	2.83147E+4	5.13445E+6	1.50443E+6	8.70249E+4	3.14575E+6
1.23500E+2	3.56872E+4	2.83847E+4	4.47888E+6	1.44202E+6	8.67875E+4	2.96348E+6
1.23600E+2	3.59576E+4	2.82442E+4	4.20218E+6	1.40166E+6	8.65360E+4	2.77800E+6
1.23700E+2	3.60518E+4	2.84846E+4	4.40642E+6	1.44018E+6	8.70655E+4	2.88540E+6
1.23800E+2	3.61461E+4	2.86177E+4	5.06735E+6	1.52458E+6	8.70903E+4	3.16900E+6
1.23900E+2	3.58000E+4	2.83004E+4	4.13468E+6	1.41264E+6	8.63121E+4	2.77960E+6
1.24000E+2	3.63746E+4	2.86572E+4	4.60093E+6	1.46661E+6	8.67425E+4	3.00578E+6
1.24100E+2	3.60405E+4	2.85176E+4	4.52252E+6	1.49045E+6	8.66067E+4	2.96106E+6
1.24200E+2	3.58850E+4	2.84815E+4	4.31980E+6	1.39522E+6	8.62629E+4	2.80086E+6
1.24300E+2	3.63644E+4	2.87896E+4	4.67616E+6	1.49364E+6	8.65966E+4	3.05342E+6
1.24400E+2	3.61383E+4	2.88339E+4	5.14595E+6	1.53640E+6	8.71614E+4	3.19502E+6
1.24500E+2	3.59672E+4	2.88061E+4	4.60449E+6	1.44802E+6	8.63445E+4	2.98878E+6
1.24600E+2	3.62884E+4	2.88714E+4	4.33368E+6	1.42303E+6	8.64923E+4	2.84182E+6
1.24700E+2	3.64453E+4	2.89538E+4	5.30678E+6	1.51478E+6	8.73060E+4	3.16076E+6
1.24800E+2	3.62172E+4	2.87495E+4	4.80445E+6	1.47034E+6	8.69833E+4	3.07244E+6
1.24900E+2	3.59422E+4	2.86988E+4	4.21894E+6	1.37539E+6	8.63020E+4	2.81886E+6
1.25000E+2	3.64099E+4	2.89699E+4	4.61593E+6	1.44448E+6	8.64766E+4	2.95986E+6
1.25100E+2	3.63482E+4	2.90616E+4	4.98857E+6	1.50617E+6	8.64878E+4	2.96923E+6
1.25200E+2	3.62854E+4	2.91588E+4	4.70202E+6	1.46236E+6	8.63815E+4	2.91879E+6
1.25300E+2	3.64111E+4	2.92153E+4	4.92026E+6	1.48307E+6	8.66370E+4	3.18595E+6
1.25400E+2	3.64885E+4	2.92572E+4	4.99525E+6	1.52987E+6	8.69574E+4	3.22431E+6
1.25500E+2	3.65546E+4	2.91508E+4	5.13269E+6	1.51285E+6	8.69686E+4	3.29819E+6
1.25600E+2	3.61192E+4	2.92476E+4	4.77212E+6	1.52876E+6	8.67942E+4	3.05824E+6
1.25700E+2	3.59249E+4	2.89329E+4	4.53633E+6	1.46567E+6	8.61657E+4	2.83876E+6
1.25800E+2	3.59475E+4	2.89817E+4	4.09122E+6	1.39501E+6	8.60932E+4	2.73644E+6
1.25900E+2	3.60697E+4	2.91126E+4	4.02878E+6	1.42333E+6	8.62070E+4	2.70593E+6
1.26000E+2	3.63291E+4	2.94038E+4	4.67910E+6	1.47864E+6	8.64834E+4	3.10818E+6
1.26100E+2	3.63015E+4	2.94227E+4	5.22150E+6	1.50443E+6	8.69551E+4	3.06629E+6
1.26200E+2	3.60238E+4	2.92605E+4	4.25836E+6	1.40457E+6	8.59304E+4	2.82436E+6
1.26300E+2	3.65335E+4	2.95350E+4	4.59666E+6	1.44286E+6	8.64274E+4	2.97989E+6
1.26400E+2	3.65648E+4	2.96481E+4	5.45085E+6	1.51344E+6	8.68392E+4	3.14779E+6
1.26500E+2	3.64765E+4	2.94195E+4	5.03317E+6	1.52996E+6	8.67987E+4	3.24005E+6
1.26600E+2	3.60268E+4	2.93396E+4	4.09632E+6	1.44702E+6	8.62629E+4	2.88914E+6
1.26700E+2	3.65702E+4	2.96768E+4	4.60449E+6	1.47776E+6	8.61959E+4	2.94365E+6
1.26800E+2	3.66682E+4	2.96915E+4	5.11773E+6	1.49782E+6	8.66808E+4	3.26030E+6
1.26900E+2	3.65137E+4	2.94545E+4	4.78823E+6	1.48550E+6	8.62528E+4	2.95474E+6
1.27000E+2	3.64795E+4	2.97440E+4	4.19979E+6	1.44011E+6	8.61490E+4	2.89635E+6
1.27100E+2	3.67977E+4	2.98966E+4	5.18346E+6	1.49881E+6	8.66572E+4	3.24041E+6
1.27200E+2	3.67031E+4	2.96985E+4	5.09155E+6	1.50725E+6	8.67178E+4	3.05054E+6
1.27300E+2	3.62363E+4	2.96714E+4	4.32357E+6	1.47161E+6	8.61601E+4	3.06274E+6
1.27400E+2	3.60536E+4	2.95453E+4	4.22797E+6	1.41626E+6	8.58903E+4	2.83681E+6
1.27500E+2	3.56321E+4	2.96747E+4	4.28917E+6	1.40501E+6	8.62193E+4	2.77055E+6
1.27600E+2	3.57929E+4	2.98521E+4	4.48497E+6	1.45765E+6	8.60564E+4	2.94784E+6
1.27700E+2	3.58648E+4	2.99722E+4	4.99024E+6	1.52637E+6	8.68842E+4	3.12485E+6
1.27800E+2	3.58214E+4	3.00975E+4	5.23706E+6	1.52433E+6	8.68032E+4	3.22503E+6
1.27900E+2	3.55829E+4	2.98667E+4	4.30224E+6	1.45570E+6	8.60508E+4	2.86430E+6
1.28000E+2	3.56641E+4	3.01281E+4	4.50538E+6	1.46298E+6	8.65383E+4	3.04767E+6
1.28100E+2	3.59308E+4	3.01046E+4	5.27216E+6	1.53683E+6	8.67717E+4	3.33353E+6
1.28200E+2	3.57988E+4	3.03204E+4	5.23706E+6	1.51251E+6	8.68538E+4	3.30715E+6
1.28300E+2	3.53854E+4	3.00555E+4	4.74550E+6	1.48485E+6	8.65831E+4	3.09070E+6
