0.00000E+0	3.71500E+4	4.03066E+4	4.12385E+6	1.24455E+6	8.48343E+4	2.74341E+6
1.00000E-1	3.32391E+4	3.64948E+4	4.04267E+6	1.21393E+6	8.07802E+4	2.77714E+6
2.00000E-1	3.30780E+4	3.61261E+4	3.70964E+6	1.18265E+6	8.04009E+4	2.61864E+6
3.00000E-1	3.33015E+4	3.63222E+4	4.12327E+6	1.20300E+6	8.06750E+4	2.81388E+6
4.00000E-1	3.32294E+4	3.62970E+4	4.01248E+6	1.20213E+6	8.04901E+4	2.71581E+6
5.00000E-1	3.30814E+4	3.63905E+4	4.02834E+6	1.19210E+6	8.08824E+4	2.65214E+6
6.00000E-1	3.29976E+4	3.62821E+4	3.69520E+6	1.19113E+6	8.02762E+4	2.63734E+6
7.00000E-1	3.31505E+4	3.65128E+4	3.94022E+6	1.21800E+6	8.09794E+4	2.83260E+6
8.00000E-1	3.32797E+4	3.66619E+4	4.17269E+6	1.21873E+6	8.07602E+4	2.84820E+6
9.00000E-1	3.30210E+4	3.63977E+4	3.92607E+6	1.15975E+6	8.02919E+4	2.58780E+6
1.00000E+0	3.29298E+4	3.63917E+4	3.75985E+6	1.18563E+6	8.04712E+4	2.74029E+6
1.10000E+0	3.30991E+4	3.65092E+4	4.21306E+6	1.21370E+6	8.06992E+4	2.81634E+6
1.20000E+0	3.34138E+4	3.66589E+4	4.33381E+6	1.22701E+6	8.09805E+4	2.88908E+6
1.30000E+0	3.33244E+4	3.66541E+4	3.93182E+6	1.24443E+6	8.05216E+4	2.85296E+6
1.40000E+0	3.32786E+4	3.66836E+4	3.96402E+6	1.22193E+6	8.05636E+4	2.78544E+6
1.50000E+0	3.34447E+4	3.68716E+4	4.12787E+6	1.21281E+6	8.08023E+4	2.79189E+6
1.60000E+0	3.35786E+4	3.64456E+4	3.72890E+6	1.20520E+6	8.03820E+4	2.71020E+6
1.70000E+0	3.33496E+4	3.67974E+4	3.73932E+6	1.18797E+6	8.03621E+4	2.71096E+6
1.80000E+0	3.36591E+4	3.68970E+4	4.10382E+6	1.23719E+6	8.07771E+4	2.84512E+6
1.90000E+0	3.39255E+4	3.70293E+4	4.10212E+6	1.22441E+6	8.06119E+4	2.81306E+6
2.00000E+0	3.39272E+4	3.67805E+4	4.09530E+6	1.21526E+6	8.05142E+4	2.78705E+6
2.10000E+0	3.38095E+4	3.68692E+4	4.22267E+6	1.19777E+6	8.02804E+4	2.74315E+6
2.20000E+0	3.39319E+4	3.70795E+4	4.35993E+6	1.22356E+6	8.06266E+4	2.81360E+6
2.30000E+0	3.40597E+4	3.70106E+4	3.82328E+6	1.18755E+6	8.02689E+4	2.73122E+6
2.40000E+0	3.39642E+4	3.69175E+4	4.29800E+6	1.22565E+6	8.05667E+4	2.86538E+6
2.50000E+0	3.43632E+4	3.73981E+4	4.49393E+6	1.22798E+6	8.03674E+4	2.97678E+6
2.60000E+0	3.40690E+4	3.71334E+4	3.94654E+6	1.18611E+6	8.01873E+4	2.68050E+6
2.70000E+0	3.41217E+4	3.70305E+4	4.03439E+6	1.19464E+6	7.99178E+4	2.61840E+6
2.80000E+0	3.43324E+4	3.73361E+4	4.24384E+6	1.25411E+6	8.05090E+4	2.82845E+6
2.90000E+0	3.44482E+4	3.71007E+4	4.11124E+6	1.21281E+6	8.02354E+4	2.73432E+6
3.00000E+0	3.44278E+4	3.74669E+4	4.03715E+6	1.28141E+6	8.04869E+4	2.78356E+6
3.10000E+0	3.43318E+4	3.72517E+4	3.99620E+6	1.20806E+6	8.00639E+4	2.74315E+6
3.20000E+0	3.46634E+4	3.73622E+4	4.30174E+6	1.23817E+6	8.03223E+4	2.88821E+6
3.30000E+0	3.44825E+4	3.72978E+4	3.98757E+6	1.22662E+6	8.03338E+4	2.77554E+6
3.40000E+0	3.49221E+4	3.74967E+4	4.60036E+6	1.24089E+6	8.02406E+4	2.94568E+6
3.50000E+0	3.46266E+4	3.73604E+4	3.87096E+6	1.20300E+6	7.98251E+4	2.67925E+6
3.60000E+0	3.49057E+4	3.74395E+4	4.79532E+6	1.23782E+6	8.04597E+4	3.07660E+6
3.70000E+0	3.48360E+4	3.76436E+4	4.38442E+6	1.24431E+6	8.02553E+4	2.84708E+6
3.80000E+0	3.49926E+4	3.76113E+4	4.24749E+6	1.26105E+6	8.01141E+4	2.79810E+6
3.90000E+0	3.50525E+4	3.77255E+4	4.29551E+6	1.22809E+6	8.02490E+4	3.08834E+6
4.00000E+0	3.50666E+4	3.73920E+4	4.03605E+6	1.20476E+6	7.96429E+4	2.79647E+6
4.10000E+0	3.50172E+4	3.76308E+4	4.29302E+6	1.25808E+6	8.00577E+4	2.87761E+6
4.20000E+0	3.52325E+4	3.76845E+4	4.46018E+6	1.26747E+6	8.00180E+4	2.97678E+6
4.30000E+0	3.52231E+4	3.77591E+4	4.46018E+6	1.22940E+6	7.99533E+4	3.05914E+6
4.40000E+0	3.51007E+4	3.77120E+4	3.97149E+6	1.20564E+6	7.98845E+4	2.69451E+6
4.50000E+0	3.48266E+4	3.75107E+4	3.87096E+6	1.21254E+6	7.96013E+4	2.67304E+6
4.60000E+0	3.50607E+4	3.75625E+4	3.83571E+6	1.19799E+6	7.95390E+4	2.67850E+6
4.70000E+0	3.48805E+4	3.77279E+4	4.19694E+6	1.21482E+6	7.96679E+4	2.86339E+6
4.80000E+0	3.49761E+4	3.78796E+4	4.37665E+6	1.27218E+6	8.00817E+4	2.83565E+6
4.90000E+0	3.54048E+4	3.79605E+4	4.78223E+6	1.26512E+6	8.01381E+4	2.98412E+6
5.00000E+0	3.52626E+4	3.80157E+4	4.64564E+6	1.25157E+6	7.98730E+4	2.79999E+6
5.10000E+0	3.48899E+4	3.78239E+4	3.73837E+6	1.22872E+6	7.94373E+4	2.76625E+6
5.20000E+0	3.50237E+4	3.78466E+4	4.14116E+6	1.21465E+6	7.96450E+4	2.74758E+6
5.30000E+0	3.48788E+4	3.80004E+4	4.35801E+6	1.24257E+6	7.99835E+4	2.79783E+6
5.40000E+0	3.48635E+4	3.80974E+4	4.43354E+6	1.27480E+6	8.00368E+4	3.04824E+6
5.50000E+0	3.48219E+4	3.80728E+4	4.51922E+6	1.25499E+6	7.99366E+4	2.77634E+6
5.60000E+0	3.50225E+4	3.79526E+4	3.83521E+6	1.20833E+6	7.95743E+4	2.74967E+6
5.70000E+0	3.44336E+4	3.81177E+4	4.02889E+6	1.22345E+6	7.96897E+4	2.77235E+6
5.80000E+0	3.43876E+4	3.80771E+4	4.14929E+6	1.20175E+6	8.00034E+4	2.80951E+6
5.90000E+0	3.45053E+4	3.84930E+4	4.25237E+6	1.25772E+6	7.99147E+4	2.98014E+6
6.00000E+0	3.47716E+4	3.85264E+4	4.46353E+6	1.25695E+6	7.99189E+4	2.95768E+6
6.10000E+0	3.44558E+4	3.83270E+4	3.98596E+6	1.21761E+6	7.97209E+4	2.78597E+6
6.20000E+0	3.43987E+4	3.81275E+4	4.20230E+6	1.22159E+6	7.97574E+4	2.72812E+6
6.30000E+0	3.43603E+4	3.83658E+4	4.36763E+6	1.24071E+6	8.02187E+4	2.96372E+6
6.40000E+0	3.44662E+4	3.86687E+4	4.44549E+6	1.24123E+6	8.04020E+4	2.91345E+6
6.50000E+0	3.43161E+4	3.83664E+4	3.99404E+6	1.23420E+6	7.99105E+4	2.75965E+6
6.60000E+0	3.40342E+4	3.81042E+4	3.95235E+6	1.19837E+6	7.93419E+4	2.63036E+6
6.70000E+0	3.41570E+4	3.82610E+4	3.90684E+6	1.17021E+6	7.95546E+4	2.70233E+6
6.80000E+0	3.39324E+4	3.83843E+4	3.87045E+6	1.20372E+6	7.97876E+4	2.76652E+6
6.90000E+0	3.40626E+4	3.83288E+4	3.82278E+6	1.19001E+6	7.95847E+4	2.75991E+6
7.00000E+0	3.40418E+4	3.86154E+4	4.27199E+6	1.22974E+6	7.97678E+4	2.89890E+6
7.10000E+0	3.40279E+4	3.85319E+4	4.34460E+6	1.21498E+6	7.99512E+4	2.81360E+6
7.20000E+0	3.39330E+4	3.84720E+4	4.08286E+6	1.18680E+6	7.95380E+4	2.71530E+6
7.30000E+0	3.37962E+4	3.86613E+4	4.19159E+6	1.20426E+6	8.00493E+4	2.78731E+6
7.40000E+0	3.40134E+4	3.88200E+4	4.51373E+6	1.22114E+6	7.99376E+4	2.95257E+6
7.50000E+0	3.38920E+4	3.88368E+4	4.27939E+6	1.23043E+6	8.02406E+4	2.92491E+6
7.60000E+0	3.39382E+4	3.86637E+4	4.18389E+6	1.19642E+6	7.97241E+4	2.80216E+6
7.70000E+0	3.36113E+4	3.84936E+4	3.91773E+6	1.16334E+6	7.96346E+4	2.72452E+6
7.80000E+0	3.34700E+4	3.87245E+4	3.90064E+6	1.16897E+6	7.96388E+4	2.64484E+6
7.90000E+0	3.35970E+4	3.89847E+4	4.35417E+6	1.21448E+6	8.00566E+4	2.85972E+6
8.00000E+0	3.38880E+4	3.89275E+4	4.45349E+6	1.20657E+6	7.98719E+4	2.92727E+6
8.10000E+0	3.34907E+4	3.88244E+4	3.81635E+6	1.15760E+6	7.96149E+4	2.69829E+6
8.20000E+0	3.34935E+4	3.90757E+4	4.43155E+6	1.21951E+6	7.98553E+4	2.81716E+6
8.30000E+0	3.36355E+4	3.90694E+4	4.46689E+6	1.20432E+6	8.00295E+4	2.95137E+6
8.40000E+0	3.35837E+4	3.90788E+4	4.08851E+6	1.19496E+6	7.97792E+4	2.77076E+6
8.50000E+0	3.35021E+4	3.90047E+4	3.90477E+6	1.16534E+6	7.94466E+4	2.71453E+6
8.60000E+0	3.36200E+4	3.91623E+4	4.23716E+6	1.21783E+6	7.97532E+4	2.92786E+6
8.70000E+0	3.32454E+4	3.89406E+4	4.05098E+6	1.18281E+6	7.94674E+4	2.76890E+6
8.80000E+0	3.32998E+4	3.89922E+4	4.09077E+6	1.18985E+6	7.97948E+4	2.89774E+6
8.90000E+0	3.33066E+4	3.88573E+4	3.94180E+6	1.18958E+6	7.97043E+4	2.63420E+6
9.00000E+0	3.33742E+4	3.89717E+4	4.36763E+6	1.18867E+6	7.97980E+4	2.83982E+6
9.10000E+0	3.30849E+4	3.89785E+4	3.82278E+6	1.16736E+6	7.96107E+4	2.63276E+6
9.20000E+0	3.30997E+4	3.89941E+4	4.50962E+6	1.20806E+6	7.98949E+4	2.91316E+6
9.30000E+0	3.33662E+4	3.93710E+4	4.46420E+6	1.21259E+6	8.01298E+4	2.98167E+6
9.40000E+0	3.31797E+4	3.90165E+4	3.76418E+6	1.18339E+6	7.97792E+4	2.69401E+6
9.50000E+0	3.31385E+4	3.90906E+4	4.81315E+6	1.20977E+6	7.98417E+4	2.88333E+6
9.60000E+0	3.29150E+4	3.91336E+4	3.98381E+6	1.17459E+6	7.97386E+4	2.66341E+6
9.70000E+0	3.30096E+4	3.90632E+4	3.89190E+6	1.16814E+6	7.97334E+4	2.68399E+6
9.80000E+0	3.32717E+4	3.91967E+4	3.93339E+6	1.19049E+6	7.99470E+4	2.76970E+6
9.90000E+0	3.29259E+4	3.92579E+4	3.95659E+6	1.17172E+6	7.95608E+4	2.76123E+6
1.00000E+1	3.28849E+4	3.91374E+4	4.06323E+6	1.20147E+6	7.97022E+4	2.78517E+6
1.01000E+1	3.30010E+4	3.93817E+4	3.96668E+6	1.17601E+6	7.99700E+4	2.97282E+6
1.02000E+1	3.29293E+4	3.93122E+4	3.73316E+6	1.15384E+6	7.94176E+4	2.66366E+6
1.03000E+1	3.28292E+4	3.93892E+4	4.37989E+6	1.18611E+6	8.01402E+4	2.83954E+6
1.04000E+1	3.27865E+4	3.94650E+4	4.04821E+6	1.17068E+6	7.97574E+4	2.75728E+6
1.05000E+1	3.28093E+4	3.94224E+4	4.05042E+6	1.17617E+6	7.96752E+4	2.79431E+6
1.06000E+1	3.30381E+4	3.94781E+4	4.17151E+6	1.18931E+6	7.98501E+4	2.86878E+6
1.07000E+1	3.27122E+4	3.94386E+4	3.85779E+6	1.15725E+6	7.94352E+4	2.65556E+6
1.08000E+1	3.26356E+4	3.93279E+4	3.73363E+6	1.14905E+6	7.93150E+4	2.60090E+6
1.09000E+1	3.29145E+4	3.94606E+4	3.80207E+6	1.20300E+6	7.97480E+4	2.65948E+6
1.10000E+1	3.29429E+4	3.97437E+4	4.05265E+6	1.19124E+6	7.98928E+4	2.82018E+6
1.11000E+1	3.27740E+4	3.94393E+4	4.00161E+6	1.16154E+6	7.97189E+4	2.60631E+6
1.12000E+1	3.28382E+4	3.96331E+4	3.96243E+6	1.16643E+6	7.98011E+4	2.69628E+6
1.13000E+1	3.29566E+4	3.96966E+4	4.45282E+6	1.20006E+6	7.96304E+4	2.75177E+6
1.14000E+1	3.26345E+4	3.94668E+4	3.97309E+6	1.16679E+6	7.95556E+4	2.65312E+6
1.15000E+1	3.27485E+4	3.96878E+4	4.42429E+6	1.18803E+6	7.97251E+4	2.74185E+6
1.16000E+1	3.28400E+4	3.97853E+4	3.81388E+6	1.16241E+6	7.94083E+4	2.65459E+6
1.17000E+1	3.24449E+4	3.96080E+4	4.09417E+6	1.19550E+6	7.96221E+4	2.74758E+6
1.18000E+1	3.29116E+4	3.97123E+4	3.91929E+6	1.17732E+6	7.97948E+4	2.75203E+6
1.19000E+1	3.24460E+4	3.94224E+4	3.81437E+6	1.15465E+6	7.96201E+4	2.66662E+6
1.20000E+1	3.25937E+4	3.97683E+4	4.07443E+6	1.18239E+6	7.94228E+4	2.69100E+6
1.21000E+1	3.28815E+4	4.00180E+4	4.32812E+6	1.19539E+6	7.98011E+4	2.78302E+6
1.22000E+1	3.30415E+4	3.98892E+4	4.39546E+6	1.20240E+6	7.99762E+4	2.82762E+6
1.23000E+1	3.30415E+4	3.99100E+4	4.26277E+6	1.17832E+6	7.97626E+4	2.75965E+6
1.24000E+1	3.25688E+4	3.97211E+4	4.11696E+6	1.17177E+6	7.94466E+4	2.64242E+6
1.25000E+1	3.26617E+4	3.99693E+4	4.37989E+6	1.22940E+6	8.01570E+4	2.76123E+6
1.26000E+1	3.27718E+4	3.99390E+4	4.50278E+6	1.20553E+6	7.97813E+4	2.64581E+6
1.27000E+1	3.24963E+4	3.97299E+4	3.90219E+6	1.15918E+6	7.95172E+4	2.65679E+6
1.28000E+1	3.25608E+4	4.02261E+4	4.28248E+6	1.20927E+6	7.95027E+4	2.78463E+6
1.29000E+1	3.23410E+4	3.97821E+4	3.93549E+6	1.16149E+6	7.92963E+4	2.67057E+6
1.30000E+1	3.26226E+4	4.01539E+4	4.16857E+6	1.17276E+6	7.96232E+4	2.74784E+6
1.31000E+1	3.24195E+4	3.99902E+4	4.01575E+6	1.16375E+6	7.97699E+4	2.66933E+6
1.32000E+1	3.25631E+4	4.01419E+4	4.39546E+6	1.19022E+6	7.98532E+4	2.76996E+6
1.33000E+1	3.23890E+4	4.00571E+4	3.83222E+6	1.16277E+6	7.93450E+4	2.61864E+6
1.34000E+1	3.24873E+4	4.00331E+4	4.02889E+6	1.17465E+6	7.96835E+4	2.72272E+6
1.35000E+1	3.26674E+4	4.02825E+4	4.20170E+6	1.18787E+6	7.96263E+4	2.79081E+6
1.36000E+1	3.24607E+4	4.01703E+4	3.99458E+6	1.15056E+6	7.94103E+4	2.75387E+6
1.37000E+1	3.23308E+4	3.99208E+4	3.79131E+6	1.14810E+6	7.93626E+4	2.64145E+6
1.38000E+1	3.24274E+4	4.01646E+4	4.21546E+6	1.18552E+6	7.97012E+4	2.80270E+6
1.39000E+1	3.25359E+4	4.01419E+4	3.93235E+6	1.15026E+6	7.94767E+4	2.56427E+6
1.40000E+1	3.25218E+4	4.02178E+4	4.09247E+6	1.19642E+6	7.97126E+4	2.71555E+6
1.41000E+1	3.28468E+4	4.05664E+4	4.40263E+6	1.22503E+6	7.99794E+4	2.73951E+6
1.42000E+1	3.25467E+4	4.02552E+4	3.83272E+6	1.17276E+6	7.93523E+4	2.55970E+6
1.43000E+1	3.26832E+4	4.03478E+4	4.33065E+6	1.19151E+6	7.97823E+4	2.75282E+6
1.44000E+1	3.25846E+4	4.01349E+4	3.81931E+6	1.14795E+6	7.93305E+4	2.53957E+6
1.45000E+1	3.25937E+4	4.05429E+4	4.39871E+6	1.21398E+6	7.98521E+4	2.78195E+6
1.46000E+1	3.24878E+4	4.04164E+4	3.99188E+6	1.15939E+6	7.95743E+4	2.61270E+6
1.47000E+1	3.26651E+4	4.04869E+4	4.03494E+6	1.17685E+6	7.95930E+4	2.67776E+6
1.48000E+1	3.24488E+4	4.04354E+4	4.05932E+6	1.19881E+6	7.94383E+4	2.69880E+6
1.49000E+1	3.26095E+4	4.06308E+4	4.09021E+6	1.17355E+6	7.95297E+4	2.68149E+6
1.50000E+1	3.27536E+4	4.06384E+4	4.11811E+6	1.19178E+6	7.98907E+4	2.65679E+6
1.51000E+1	3.24963E+4	4.04920E+4	4.07330E+6	1.18398E+6	7.95390E+4	2.72890E+6
1.52000E+1	3.25257E+4	4.05524E+4	3.93707E+6	1.18627E+6	7.94373E+4	2.61888E+6
1.53000E+1	3.25054E+4	4.05359E+4	4.35481E+6	1.20966E+6	7.96658E+4	2.78008E+6
1.54000E+1	3.26486E+4	4.07468E+4	3.96402E+6	1.21065E+6	7.95068E+4	2.58501E+6
1.55000E+1	3.25676E+4	4.05607E+4	3.79962E+6	1.15975E+6	7.94342E+4	2.57714E+6
1.56000E+1	3.28587E+4	4.06276E+4	4.48104E+6	1.22030E+6	7.97064E+4	2.90180E+6
1.57000E+1	3.25988E+4	4.07009E+4	3.70497E+6	1.18749E+6	7.94373E+4	2.57552E+6
1.58000E+1	3.26985E+4	4.07736E+4	3.98273E+6	1.16524E+6	7.98021E+4	2.69301E+6
1.59000E+1	3.26725E+4	4.06556E+4	3.95182E+6	1.19092E+6	7.96076E+4	2.70740E+6
1.60000E+1	3.26515E+4	4.07034E+4	4.23595E+6	1.21420E+6	7.96149E+4	2.81881E+6
1.61000E+1	3.27525E+4	4.10179E+4	4.19694E+6	1.21287E+6	7.98136E+4	2.74706E+6
1.62000E+1	3.25942E+4	4.07902E+4	3.85477E+6	1.14509E+6	7.90843E+4	2.45484E+6
1.63000E+1	3.26022E+4	4.08618E+4	4.03770E+6	1.18680E+6	7.95473E+4	2.82073E+6
1.64000E+1	3.27173E+4	4.09289E+4	4.15628E+6	1.20300E+6	7.95224E+4	2.73044E+6
1.65000E+1	3.24409E+4	4.07104E+4	4.01794E+6	1.16850E+6	7.91184E+4	2.60066E+6
1.66000E+1	3.25439E+4	4.12740E+4	4.09417E+6	1.20098E+6	7.95338E+4	2.68549E+6
1.67000E+1	3.27031E+4	4.08976E+4	4.02944E+6	1.17016E+6	7.96824E+4	2.63976E+6
1.68000E+1	3.26781E+4	4.07417E+4	3.84071E+6	1.15349E+6	7.94352E+4	2.58571E+6
1.69000E+1	3.27303E+4	4.10237E+4	4.30174E+6	1.20690E+6	7.94798E+4	2.81033E+6
1.70000E+1	3.25824E+4	4.09846E+4	4.21906E+6	1.18525E+6	7.97178E+4	2.75020E+6
1.71000E+1	3.24873E+4	4.07577E+4	3.76514E+6	1.17177E+6	7.94466E+4	2.64024E+6
1.72000E+1	3.24432E+4	4.12329E+4	4.35673E+6	1.20175E+6	7.95297E+4	2.79323E+6
1.73000E+1	3.23788E+4	4.10583E+4	3.86893E+6	1.15720E+6	7.93678E+4	2.58687E+6
1.74000E+1	3.25354E+4	4.13345E+4	4.33888E+6	1.21137E+6	7.97386E+4	2.75675E+6
1.75000E+1	3.23466E+4	4.08036E+4	4.03715E+6	1.14840E+6	7.93689E+4	2.59457E+6
1.76000E+1	3.23619E+4	4.09526E+4	3.86386E+6	1.17386E+6	7.93129E+4	2.61270E+6
1.77000E+1	3.24771E+4	4.13081E+4	4.28557E+6	1.24834E+6	8.00681E+4	2.81224E+6
1.78000E+1	3.23856E+4	4.12862E+4	4.19694E+6	1.17339E+6	7.98209E+4	2.65899E+6
1.79000E+1	3.21747E+4	4.10090E+4	3.79815E+6	1.18643E+6	7.93285E+4	2.66810E+6
1.80000E+1	3.23997E+4	4.13609E+4	4.07330E+6	1.18339E+6	7.96450E+4	2.83260E+6
1.81000E+1	3.23788E+4	4.12547E+4	4.15920E+6	1.19458E+6	8.00107E+4	2.69728E+6
1.82000E+1	3.22592E+4	4.12586E+4	4.14871E+6	1.18186E+6	7.96960E+4	2.60938E+6
1.83000E+1	3.21010E+4	4.12181E+4	4.16975E+6	1.19124E+6	7.96731E+4	2.70132E+6
1.84000E+1	3.23015E+4	4.13313E+4	3.89858E+6	1.18260E+6	7.94176E+4	2.70817E+6
1.85000E+1	3.18357E+4	4.12946E+4	4.01739E+6	1.18228E+6	7.97844E+4	2.60019E+6
1.86000E+1	3.22434E+4	4.12875E+4	3.69705E+6	1.18371E+6	7.96138E+4	2.66292E+6
1.87000E+1	3.21173E+4	4.13010E+4	4.19991E+6	1.19189E+6	7.98303E+4	2.82403E+6
1.88000E+1	3.19472E+4	4.12008E+4	3.90322E+6	1.16980E+6	7.93720E+4	2.65410E+6
1.89000E+1	3.20128E+4	4.16919E+4	4.04322E+6	1.19350E+6	7.97730E+4	2.70233E+6
1.90000E+1	3.19747E+4	4.13409E+4	3.98596E+6	1.17995E+6	7.97761E+4	2.52996E+6
1.91000E+1	3.18709E+4	4.13918E+4	4.22870E+6	1.19253E+6	7.96918E+4	2.73847E+6
1.92000E+1	3.19074E+4	4.12515E+4	3.71995E+6	1.17261E+6	7.95390E+4	2.59176E+6
1.93000E+1	3.17993E+4	4.15672E+4	4.23414E+6	1.17543E+6	7.98178E+4	2.75020E+6
1.94000E+1	3.19130E+4	4.15130E+4	4.06938E+6	1.17250E+6	7.96429E+4	2.55993E+6
1.95000E+1	3.16020E+4	4.15582E+4	4.04821E+6	1.17063E+6	7.97116E+4	2.82266E+6
1.96000E+1	3.17176E+4	4.16357E+4	4.12327E+6	1.16164E+6	7.99648E+4	2.80352E+6
1.97000E+1	3.16383E+4	4.15123E+4	3.64981E+6	1.14724E+6	7.97230E+4	2.56679E+6
1.98000E+1	3.16277E+4	4.14188E+4	3.75123E+6	1.17732E+6	7.98126E+4	2.59667E+6
1.99000E+1	3.17059E+4	4.18272E+4	4.11639E+6	1.18318E+6	7.95681E+4	2.72324E+6
2.00000E+1	3.17417E+4	4.14994E+4	3.77189E+6	1.16540E+6	7.97917E+4	2.52174E+6
2.01000E+1	3.18351E+4	4.16137E+4	4.21306E+6	1.18691E+6	7.98240E+4	2.71785E+6
2.02000E+1	3.15964E+4	4.18830E+4	4.00487E+6	1.16359E+6	7.93751E+4	2.63036E+6
2.03000E+1	3.15708E+4	4.17929E+4	3.95182E+6	1.16328E+6	7.92342E+4	2.59644E+6
2.04000E+1	3.17361E+4	4.18642E+4	4.13711E+6	1.19237E+6	7.98605E+4	2.71913E+6
2.05000E+1	3.16975E+4	4.19063E+4	3.70777E+6	1.14131E+6	7.98230E+4	2.60891E+6
2.06000E+1	3.16489E+4	4.15252E+4	4.06994E+6	1.15076E+6	7.94923E+4	2.56587E+6
2.07000E+1	3.16947E+4	4.18020E+4	4.15862E+6	1.17136E+6	7.96627E+4	2.67280E+6
2.08000E+1	3.15931E+4	4.16667E+4	3.84572E+6	1.14825E+6	7.96221E+4	2.56267E+6
2.09000E+1	3.16215E+4	4.18058E+4	3.92033E+6	1.17848E+6	7.95027E+4	2.58199E+6
2.10000E+1	3.16221E+4	4.20239E+4	4.28805E+6	1.17480E+6	7.99105E+4	2.65459E+6
2.11000E+1	3.16227E+4	4.17735E+4	3.78303E+6	1.17370E+6	7.93440E+4	2.58547E+6
2.12000E+1	3.16779E+4	4.17761E+4	4.04046E+6	1.16169E+6	7.95619E+4	2.66047E+6
2.13000E+1	3.16372E+4	4.19018E+4	4.12040E+6	1.16689E+6	7.98501E+4	2.70031E+6
2.14000E+1	3.16567E+4	4.18953E+4	3.78400E+6	1.15354E+6	7.94695E+4	2.62652E+6
2.15000E+1	3.18502E+4	4.19316E+4	3.86690E+6	1.15959E+6	7.98824E+4	2.60608E+6
2.16000E+1	3.18749E+4	4.18642E+4	4.01794E+6	1.17256E+6	7.97022E+4	2.56977E+6
2.17000E+1	3.15496E+4	4.20232E+4	3.78254E+6	1.15516E+6	7.96648E+4	2.57184E+6
2.18000E+1	3.18368E+4	4.17864E+4	3.84421E+6	1.15006E+6	7.94394E+4	2.63927E+6
2.19000E+1	3.19629E+4	4.20934E+4	4.28557E+6	1.17381E+6	7.98334E+4	2.75518E+6
2.20000E+1	3.17830E+4	4.19602E+4	3.83921E+6	1.13725E+6	7.92497E+4	2.53062E+6
2.21000E+1	3.20482E+4	4.20876E+4	4.30424E+6	1.19935E+6	7.98480E+4	2.78302E+6
2.22000E+1	3.19455E+4	4.20369E+4	3.91461E+6	1.17527E+6	7.93088E+4	2.55334E+6
2.23000E+1	3.20415E+4	4.20453E+4	4.24810E+6	1.18090E+6	7.97126E+4	2.75492E+6
2.24000E+1	3.20774E+4	4.19115E+4	3.81141E+6	1.16036E+6	7.94311E+4	2.63084E+6
2.25000E+1	3.21106E+4	4.20941E+4	4.05154E+6	1.18127E+6	7.93989E+4	2.69577E+6
2.26000E+1	3.21460E+4	4.22464E+4	4.21126E+6	1.18990E+6	7.97053E+4	2.69552E+6
2.27000E+1	3.19376E+4	4.22810E+4	4.12845E+6	1.16144E+6	7.96284E+4	2.61578E+6
2.28000E+1	3.20954E+4	4.22719E+4	4.11639E+6	1.19124E+6	7.96523E+4	2.67950E+6
2.29000E+1	3.18368E+4	4.20700E+4	3.79179E+6	1.16226E+6	7.96367E+4	2.58757E+6
2.30000E+1	3.19971E+4	4.22823E+4	3.97683E+6	1.17858E+6	7.96731E+4	2.64266E+6
2.31000E+1	3.18726E+4	4.21552E+4	4.00378E+6	1.17816E+6	7.99856E+4	2.69728E+6
2.32000E+1	3.18256E+4	4.23508E+4	3.99080E+6	1.15202E+6	7.96263E+4	2.62102E+6
2.33000E+1	3.17098E+4	4.24527E+4	4.28805E+6	1.20186E+6	7.97324E+4	2.76176E+6
2.34000E+1	3.15596E+4	4.22073E+4	3.91357E+6	1.17063E+6	7.96242E+4	2.66391E+6
2.35000E+1	3.18021E+4	4.23371E+4	4.07106E+6	1.18595E+6	8.00316E+4	2.78597E+6
2.36000E+1	3.15044E+4	4.23828E+4	3.77866E+6	1.14131E+6	7.92560E+4	2.57806E+6
2.37000E+1	3.16377E+4	4.24599E+4	4.06938E+6	1.18760E+6	7.97178E+4	2.72555E+6
2.38000E+1	3.15775E+4	4.22412E+4	3.95394E+6	1.15959E+6	7.93430E+4	2.61033E+6
2.39000E+1	3.15619E+4	4.24305E+4	3.95924E+6	1.17261E+6	7.96242E+4	2.66612E+6
2.40000E+1	3.15039E+4	4.21663E+4	3.77431E+6	1.16272E+6	7.94456E+4	2.58803E+6
2.41000E+1	3.13842E+4	4.23613E+4	4.23172E+6	1.14225E+6	7.95941E+4	2.57690E+6
2.42000E+1	3.13208E+4	4.22100E+4	3.99350E+6	1.15308E+6	7.95172E+4	2.57621E+6
2.43000E+1	3.14376E+4	4.24050E+4	4.34906E+6	1.17042E+6	7.95089E+4	2.66169E+6
2.44000E+1	3.14076E+4	4.24567E+4	3.82725E+6	1.14805E+6	7.95920E+4	2.67181E+6
2.45000E+1	3.14643E+4	4.25142E+4	3.97737E+6	1.16236E+6	7.98667E+4	2.57875E+6
2.46000E+1	3.14855E+4	4.25332E+4	3.92294E+6	1.13829E+6	7.95899E+4	2.57598E+6
2.47000E+1	3.11162E+4	4.26288E+4	3.91565E+6	1.15898E+6	7.98469E+4	2.74523E+6
2.48000E+1	3.12897E+4	4.27521E+4	3.88012E+6	1.16710E+6	7.98646E+4	2.55902E+6
2.49000E+1	3.08773E+4	4.28126E+4	3.82228E+6	1.16576E+6	8.00149E+4	2.65019E+6
2.50000E+1	2.87605E+4	4.29316E+4	3.46914E+6	1.16617E+6	8.03464E+4	2.74863E+6
2.51000E+1	2.45897E+4	4.28790E+4	2.89101E+6	1.13834E+6	8.04576E+4	2.49869E+6
2.52000E+1	2.07557E+4	4.30475E+4	2.42137E+6	1.10493E+6	8.13855E+4	2.56839E+6
2.53000E+1	1.53235E+4	4.28619E+4	1.68938E+6	1.04976E+6	8.22899E+4	2.37854E+6
2.54000E+1	9.54766E+3	4.29184E+4	9.21862E+5	9.37090E+5	8.36445E+4	2.14936E+6
2.55000E+1	5.94795E+3	4.26839E+4	5.47111E+5	7.60669E+5	8.68010E+4	1.79644E+6
2.56000E+1	4.15929E+3	4.25391E+4	3.85689E+5	5.46437E+5	9.07992E+4	1.43522E+6
2.57000E+1	3.26320E+3	4.19940E+4	3.08888E+5	3.88841E+5	9.51120E+4	1.15002E+6
2.58000E+1	2.84714E+3	4.10698E+4	2.62734E+5	2.85685E+5	9.88735E+4	9.18386E+5
2.59000E+1	2.54068E+3	4.00154E+4	2.36403E+5	2.29364E+5	1.03108E+5	7.77440E+5
2.60000E+1	2.35707E+3	3.86229E+4	2.17352E+5	1.95956E+5	1.06376E+5	6.49348E+5
2.61000E+1	2.24446E+3	3.71559E+4	2.06712E+5	1.73759E+5	1.09771E+5	5.63535E+5
2.62000E+1	2.23503E+3	3.55548E+4	1.99454E+5	1.59528E+5	1.12469E+5	5.05827E+5
2.63000E+1	2.15226E+3	3.39086E+4	1.94994E+5	1.50233E+5	1.14508E+5	4.52797E+5
2.64000E+1	2.08641E+3	3.23995E+4	1.92236E+5	1.42814E+5	1.16758E+5	4.22869E+5
2.65000E+1	2.04916E+3	3.05491E+4	1.88177E+5	1.38270E+5	1.18502E+5	3.87775E+5
2.66000E+1	2.05688E+3	2.90258E+4	1.82782E+5	1.34867E+5	1.20389E+5	3.63866E+5
2.67000E+1	1.98813E+3	2.77067E+4	1.78392E+5	1.32160E+5	1.22472E+5	3.45351E+5
2.68000E+1	1.95028E+3	2.60927E+4	1.74337E+5	1.28602E+5	1.23880E+5	3.27407E+5
2.69000E+1	1.95028E+3	2.47623E+4	1.72914E+5	1.26444E+5	1.25195E+5	3.12690E+5
2.70000E+1	1.95061E+3	2.35777E+4	1.73392E+5	1.24572E+5	1.26770E+5	3.00356E+5
2.71000E+1	1.96435E+3	2.24163E+4	1.72287E+5	1.21337E+5	1.27536E+5	2.88413E+5
2.72000E+1	1.98847E+3	2.12381E+4	1.72914E+5	1.19793E+5	1.29203E+5	2.81674E+5
2.73000E+1	1.93823E+3	2.02494E+4	1.72816E+5	1.19135E+5	1.30057E+5	2.76955E+5
2.74000E+1	1.87867E+3	1.91769E+4	1.72179E+5	1.16471E+5	1.30628E+5	2.67190E+5
2.75000E+1	1.89874E+3	1.83856E+4	1.73667E+5	1.16033E+5	1.31827E+5	2.61991E+5
2.76000E+1	1.90275E+3	1.76055E+4	1.73725E+5	1.15596E+5	1.32342E+5	2.57777E+5
2.77000E+1	1.88335E+3	1.68313E+4	1.71498E+5	1.15115E+5	1.33257E+5	2.52543E+5
2.78000E+1	1.88737E+3	1.60972E+4	1.68697E+5	1.13881E+5	1.34174E+5	2.48564E+5
2.79000E+1	1.84825E+3	1.54727E+4	1.68729E+5	1.13594E+5	1.35118E+5	2.47246E+5
2.80000E+1	1.81484E+3	1.48412E+4	1.65339E+5	1.11236E+5	1.35913E+5	2.41718E+5
2.81000E+1	1.81150E+3	1.43522E+4	1.62814E+5	1.10313E+5	1.36515E+5	2.38558E+5
2.82000E+1	1.77645E+3	1.37408E+4	1.60231E+5	1.09477E+5	1.37933E+5	2.35978E+5
2.83000E+1	1.76844E+3	1.32267E+4	1.55546E+5	1.07816E+5	1.38764E+5	2.30955E+5
2.84000E+1	1.69609E+3	1.26805E+4	1.52352E+5	1.05953E+5	1.39405E+5	2.28372E+5
2.85000E+1	1.69776E+3	1.22696E+4	1.51115E+5	1.04105E+5	1.40975E+5	2.26105E+5
2.86000E+1	1.68743E+3	1.18691E+4	1.49573E+5	1.01496E+5	1.41277E+5	2.21574E+5
2.87000E+1	1.74276E+3	1.14141E+4	1.49934E+5	1.00408E+5	1.42381E+5	2.21305E+5
2.88000E+1	1.69909E+3	1.09751E+4	1.49625E+5	9.88867E+4	1.42963E+5	2.17798E+5
2.89000E+1	1.74209E+3	1.06504E+4	1.50582E+5	9.74143E+4	1.43629E+5	2.15050E+5
2.90000E+1	1.72542E+3	1.02507E+4	1.50560E+5	9.73565E+4	1.44158E+5	2.14692E+5
2.91000E+1	1.73009E+3	9.97410E+3	1.51270E+5	9.74093E+4	1.44760E+5	2.13374E+5
2.92000E+1	1.73009E+3	9.60286E+3	1.50404E+5	9.68496E+4	1.44706E+5	2.11284E+5
2.93000E+1	1.75043E+3	9.32530E+3	1.51046E+5	9.66812E+4	1.45467E+5	2.10710E+5
2.94000E+1	1.72475E+3	9.02693E+3	1.52496E+5	9.59722E+4	1.45611E+5	2.07469E+5
2.95000E+1	1.75743E+3	8.78658E+3	1.52201E+5	9.57893E+4	1.45945E+5	2.08297E+5
2.96000E+1	1.76244E+3	8.53515E+3	1.53766E+5	9.60873E+4	1.46529E+5	2.07527E+5
2.97000E+1	1.76544E+3	8.32190E+3	1.56109E+5	9.58955E+4	1.46892E+5	2.07095E+5
2.98000E+1	1.74643E+3	8.10310E+3	1.57477E+5	9.62311E+4	1.46896E+5	2.07092E+5
2.99000E+1	1.76444E+3	7.87017E+3	1.57189E+5	9.69546E+4	1.47337E+5	2.05202E+5
3.00000E+1	1.80149E+3	7.70324E+3	1.57084E+5	9.68247E+4	1.47104E+5	2.05376E+5
3.01000E+1	1.72309E+3	7.50442E+3	1.54973E+5	9.70884E+4	1.47467E+5	2.05355E+5
3.02000E+1	1.76644E+3	7.33564E+3	1.51849E+5	9.66663E+4	1.47653E+5	2.03959E+5
3.03000E+1	1.74009E+3	7.20293E+3	1.50261E+5	9.65082E+4	1.49654E+5	2.04481E+5
3.04000E+1	1.68876E+3	6.98861E+3	1.46930E+5	9.51823E+4	1.48750E+5	2.01353E+5
3.05000E+1	1.65979E+3	6.89245E+3	1.45636E+5	9.42783E+4	1.49602E+5	2.02230E+5
3.06000E+1	1.63682E+3	6.74394E+3	1.42945E+5	9.33392E+4	1.49875E+5	1.99391E+5
3.07000E+1	1.66212E+3	6.62660E+3	1.40675E+5	9.23460E+4	1.50614E+5	1.98915E+5
3.08000E+1	1.64314E+3	6.46130E+3	1.39018E+5	9.04530E+4	1.52038E+5	1.96931E+5
3.09000E+1	1.68776E+3	6.35624E+3	1.37112E+5	9.01811E+4	1.51895E+5	1.96341E+5
3.10000E+1	1.64780E+3	6.19904E+3	1.34646E+5	8.91773E+4	1.52483E+5	1.93686E+5
3.11000E+1	1.58127E+3	6.03832E+3	1.33453E+5	8.79346E+4	1.52911E+5	1.94218E+5
3.12000E+1	1.61685E+3	5.92795E+3	1.32183E+5	8.68879E+4	1.52981E+5	1.91471E+5
3.13000E+1	1.62883E+3	5.92940E+3	1.30427E+5	8.60522E+4	1.52938E+5	1.90158E+5
3.14000E+1	1.63848E+3	5.75400E+3	1.30831E+5	8.50771E+4	1.53829E+5	1.89139E+5
3.15000E+1	1.62783E+3	5.65932E+3	1.32063E+5	8.50550E+4	1.54456E+5	1.89344E+5
3.16000E+1	1.62384E+3	5.60324E+3	1.31653E+5	8.41318E+4	1.54698E+5	1.87412E+5
3.17000E+1	1.60588E+3	5.48948E+3	1.31829E+5	8.44097E+4	1.55186E+5	1.87847E+5
3.18000E+1	1.59956E+3	5.35127E+3	1.32622E+5	8.41559E+4	1.55385E+5	1.87412E+5
3.19000E+1	1.60953E+3	5.33054E+3	1.32698E+5	8.42608E+4	1.55398E+5	1.86709E+5
3.20000E+1	1.60654E+3	5.20737E+3	1.33810E+5	8.41996E+4	1.55751E+5	1.86362E+5
3.21000E+1	1.61486E+3	5.11794E+3	1.35675E+5	8.44437E+4	1.56584E+5	1.87205E+5
3.22000E+1	1.66778E+3	5.05675E+3	1.36460E+5	8.43724E+4	1.55825E+5	1.86069E+5
3.23000E+1	1.65479E+3	4.92641E+3	1.36397E+5	8.44864E+4	1.55705E+5	1.85724E+5
3.24000E+1	1.65979E+3	4.87607E+3	1.37023E+5	8.57105E+4	1.56381E+5	1.86582E+5
3.25000E+1	1.61319E+3	4.84808E+3	1.36195E+5	8.47994E+4	1.55891E+5	1.85598E+5
3.26000E+1	1.63881E+3	4.75361E+3	1.35700E+5	8.50639E+4	1.57267E+5	1.85727E+5
3.27000E+1	1.63582E+3	4.70520E+3	1.34208E+5	8.53335E+4	1.56782E+5	1.85601E+5
3.28000E+1	1.58759E+3	4.65965E+3	1.31916E+5	8.40041E+4	1.57084E+5	1.85456E+5
3.29000E+1	1.56432E+3	4.60569E+3	1.30065E+5	8.38004E+4	1.57973E+5	1.84056E+5
3.30000E+1	1.58659E+3	4.54932E+3	1.28219E+5	8.32005E+4	1.58555E+5	1.83377E+5
3.31000E+1	1.55867E+3	4.48737E+3	1.26325E+5	8.22089E+4	1.58796E+5	1.82569E+5
3.32000E+1	1.52678E+3	4.42375E+3	1.24692E+5	8.10853E+4	1.58402E+5	1.80577E+5
3.33000E+1	1.53143E+3	4.42410E+3	1.23358E+5	8.06185E+4	1.59439E+5	1.80607E+5
3.34000E+1	1.54571E+3	4.43359E+3	1.22967E+5	8.02692E+4	1.59856E+5	1.80336E+5
3.35000E+1	1.55701E+3	4.32934E+3	1.22877E+5	7.95528E+4	1.59815E+5	1.78745E+5
3.36000E+1	1.58426E+3	4.29078E+3	1.22947E+5	7.87504E+4	1.60137E+5	1.78911E+5
3.37000E+1	1.55800E+3	4.19450E+3	1.24382E+5	7.88514E+4	1.60961E+5	1.79654E+5
3.38000E+1	1.54870E+3	4.17247E+3	1.24850E+5	7.90929E+4	1.61141E+5	1.78650E+5
3.39000E+1	1.59656E+3	4.14242E+3	1.24492E+5	7.91094E+4	1.60087E+5	1.77907E+5
3.40000E+1	1.52047E+3	4.15395E+3	1.24928E+5	7.89256E+4	1.60771E+5	1.78056E+5
3.41000E+1	1.57728E+3	4.07084E+3	1.24988E+5	7.97160E+4	1.61871E+5	1.78815E+5
3.42000E+1	1.57994E+3	4.05618E+3	1.24993E+5	7.91197E+4	1.61126E+5	1.78078E+5
3.43000E+1	1.59390E+3	3.96974E+3	1.26509E+5	7.93153E+4	1.60694E+5	1.77350E+5
3.44000E+1	1.56465E+3	4.00528E+3	1.28953E+5	7.99953E+4	1.61440E+5	1.78490E+5
3.45000E+1	1.59324E+3	3.90397E+3	1.30601E+5	8.03949E+4	1.60817E+5	1.77118E+5
3.46000E+1	1.62683E+3	3.85147E+3	1.33095E+5	8.06721E+4	1.61060E+5	1.79264E+5
3.47000E+1	1.64847E+3	3.90153E+3	1.36828E+5	8.20945E+4	1.61427E+5	1.80078E+5
3.48000E+1	1.69976E+3	3.82334E+3	1.39184E+5	8.28939E+4	1.60725E+5	1.80765E+5
3.49000E+1	1.62251E+3	3.82438E+3	1.43681E+5	8.41974E+4	1.60659E+5	1.81874E+5
3.50000E+1	1.68243E+3	3.73243E+3	1.46708E+5	8.53789E+4	1.59760E+5	1.82811E+5
3.51000E+1	1.74342E+3	3.78931E+3	1.49765E+5	8.67249E+4	1.59962E+5	1.83167E+5
3.52000E+1	1.74909E+3	3.74734E+3	1.51457E+5	8.81567E+4	1.59910E+5	1.85951E+5
3.53000E+1	1.70742E+3	3.76052E+3	1.51506E+5	8.93031E+4	1.59508E+5	1.86770E+5
3.54000E+1	1.70642E+3	3.66037E+3	1.51710E+5	9.01974E+4	1.59346E+5	1.86823E+5
3.55000E+1	1.73709E+3	3.69743E+3	1.51182E+5	9.07690E+4	1.59149E+5	1.87184E+5
3.56000E+1	1.67011E+3	3.67353E+3	1.50760E+5	9.08981E+4	1.58577E+5	1.87505E+5
3.57000E+1	1.68476E+3	3.67284E+3	1.49824E+5	9.02289E+4	1.58456E+5	1.87322E+5
3.58000E+1	1.66278E+3	3.67457E+3	1.47847E+5	9.04296E+4	1.58928E+5	1.87495E+5
3.59000E+1	1.63782E+3	3.60813E+3	1.45155E+5	9.02837E+4	1.59586E+5	1.87946E+5
3.60000E+1	1.61885E+3	3.54902E+3	1.41193E+5	8.88034E+4	1.59040E+5	1.86114E+5
3.61000E+1	1.64414E+3	3.54971E+3	1.38248E+5	8.82834E+4	1.59257E+5	1.84694E+5
3.62000E+1	1.58991E+3	3.57217E+3	1.35559E+5	8.70332E+4	1.59902E+5	1.86025E+5
3.63000E+1	1.60222E+3	3.56146E+3	1.32999E+5	8.59341E+4	1.60104E+5	1.83905E+5
3.64000E+1	1.56432E+3	3.51311E+3	1.30896E+5	8.45555E+4	1.59291E+5	1.82572E+5
3.65000E+1	1.59390E+3	3.50551E+3	1.29736E+5	8.42313E+4	1.60207E+5	1.82140E+5
3.66000E+1	1.58393E+3	3.47205E+3	1.30355E+5	8.39321E+4	1.60736E+5	1.82212E+5
3.67000E+1	1.60953E+3	3.41241E+3	1.29899E+5	8.34614E+4	1.60711E+5	1.80331E+5
3.68000E+1	1.58360E+3	3.47343E+3	1.31149E+5	8.28799E+4	1.61256E+5	1.80986E+5
3.69000E+1	1.57462E+3	3.43412E+3	1.31330E+5	8.26894E+4	1.60974E+5	1.80724E+5
3.70000E+1	1.59457E+3	3.42826E+3	1.31452E+5	8.23181E+4	1.60751E+5	1.80473E+5
3.71000E+1	1.55900E+3	3.38726E+3	1.30201E+5	8.27076E+4	1.60898E+5	1.79481E+5
3.72000E+1	1.53674E+3	3.40448E+3	1.29429E+5	8.26765E+4	1.61251E+5	1.78685E+5
3.73000E+1	1.56033E+3	3.35249E+3	1.28505E+5	8.22442E+4	1.61809E+5	1.78230E+5
3.74000E+1	1.55933E+3	3.34561E+3	1.28187E+5	8.20764E+4	1.61879E+5	1.78805E+5
3.75000E+1	1.60388E+3	3.32497E+3	1.28945E+5	8.15238E+4	1.61368E+5	1.77209E+5
3.76000E+1	1.60055E+3	3.31569E+3	1.29785E+5	8.16045E+4	1.61992E+5	1.77999E+5
3.77000E+1	1.60288E+3	3.30606E+3	1.30281E+5	8.19750E+4	1.61762E+5	1.76799E+5
3.78000E+1	1.58991E+3	3.28131E+3	1.30661E+5	8.16576E+4	1.61698E+5	1.78086E+5
3.79000E+1	1.61153E+3	3.25898E+3	1.32644E+5	8.13096E+4	1.61344E+5	1.77011E+5
3.80000E+1	1.64381E+3	3.28474E+3	1.36027E+5	8.28056E+4	1.62032E+5	1.78933E+5
3.81000E+1	1.62584E+3	3.21537E+3	1.39033E+5	8.28917E+4	1.61130E+5	1.78443E+5
3.82000E+1	1.67377E+3	3.22670E+3	1.41758E+5	8.36622E+4	1.61080E+5	1.78615E+5
3.83000E+1	1.73676E+3	3.27684E+3	1.46838E+5	8.55584E+4	1.61357E+5	1.81751E+5
3.84000E+1	1.68643E+3	3.21091E+3	1.51325E+5	8.67901E+4	1.60196E+5	1.81098E+5
3.85000E+1	1.74976E+3	3.19547E+3	1.55714E+5	8.75088E+4	1.59749E+5	1.81943E+5
3.86000E+1	1.76978E+3	3.22223E+3	1.63364E+5	8.96072E+4	1.59127E+5	1.84384E+5
3.87000E+1	1.84591E+3	3.19272E+3	1.68839E+5	9.20937E+4	1.58196E+5	1.86175E+5
3.88000E+1	1.90041E+3	3.17729E+3	1.75237E+5	9.43720E+4	1.57750E+5	1.87436E+5
3.89000E+1	1.90008E+3	3.17900E+3	1.81510E+5	9.63279E+4	1.56865E+5	1.88996E+5
3.90000E+1	1.91747E+3	3.19409E+3	1.88325E+5	9.91099E+4	1.56593E+5	1.92124E+5
3.91000E+1	1.92283E+3	3.18483E+3	1.91369E+5	1.01805E+5	1.55459E+5	1.93469E+5
3.92000E+1	1.97808E+3	3.17077E+3	1.93238E+5	1.03870E+5	1.55419E+5	1.95503E+5
3.93000E+1	1.95530E+3	3.18037E+3	1.92396E+5	1.05416E+5	1.55066E+5	1.97315E+5
3.94000E+1	1.90643E+3	3.17351E+3	1.89627E+5	1.06829E+5	1.54364E+5	1.98152E+5
3.95000E+1	1.88636E+3	3.09538E+3	1.85052E+5	1.07105E+5	1.54802E+5	1.98642E+5
3.96000E+1	1.84992E+3	3.15980E+3	1.81268E+5	1.07413E+5	1.54612E+5	1.98792E+5
3.97000E+1	1.82754E+3	3.25760E+3	1.76931E+5	1.06431E+5	1.54767E+5	1.98453E+5
3.98000E+1	1.79581E+3	3.14163E+3	1.71900E+5	1.05660E+5	1.54589E+5	1.98944E+5
3.99000E+1	1.78980E+3	3.15603E+3	1.67410E+5	1.03678E+5	1.54652E+5	1.97628E+5
4.00000E+1	1.73942E+3	3.14197E+3	1.63407E+5	1.01686E+5	1.54993E+5	1.97224E+5
4.01000E+1	1.78913E+3	3.13820E+3	1.60745E+5	1.00748E+5	1.55808E+5	1.96588E+5
4.02000E+1	1.76210E+3	3.09915E+3	1.60155E+5	9.94707E+4	1.55787E+5	1.95340E+5
4.03000E+1	1.80048E+3	3.10840E+3	1.60172E+5	9.76229E+4	1.55914E+5	1.93903E+5
4.04000E+1	1.77812E+3	3.15191E+3	1.60894E+5	9.79506E+4	1.56432E+5	1.94304E+5
4.05000E+1	1.74743E+3	3.10463E+3	1.59309E+5	9.72023E+4	1.55950E+5	1.93889E+5
4.06000E+1	1.76711E+3	3.15465E+3	1.57475E+5	9.69121E+4	1.56620E+5	1.94271E+5
4.07000E+1	1.76044E+3	3.11011E+3	1.54841E+5	9.65779E+4	1.56436E+5	1.94167E+5
4.08000E+1	1.69609E+3	3.11353E+3	1.50382E+5	9.56831E+4	1.56417E+5	1.91567E+5
4.09000E+1	1.72175E+3	3.08888E+3	1.48528E+5	9.41956E+4	1.57658E+5	1.91305E+5
4.10000E+1	1.66944E+3	3.12758E+3	1.45502E+5	9.34851E+4	1.57769E+5	1.91606E+5
4.11000E+1	1.64381E+3	3.04644E+3	1.41270E+5	9.12510E+4	1.57904E+5	1.89007E+5
4.12000E+1	1.69043E+3	3.10566E+3	1.39888E+5	9.02872E+4	1.58898E+5	1.88004E+5
4.13000E+1	1.68343E+3	3.08443E+3	1.37542E+5	8.97695E+4	1.59374E+5	1.86616E+5
4.14000E+1	1.61719E+3	3.07450E+3	1.36239E+5	8.83474E+4	1.59369E+5	1.86035E+5
4.15000E+1	1.61486E+3	3.06800E+3	1.32899E+5	8.76744E+4	1.59828E+5	1.84775E+5
4.16000E+1	1.56399E+3	3.05020E+3	1.30533E+5	8.64826E+4	1.60106E+5	1.84054E+5
4.17000E+1	1.53442E+3	3.03926E+3	1.28160E+5	8.51621E+4	1.60307E+5	1.82510E+5
4.18000E+1	1.52113E+3	3.07108E+3	1.26375E+5	8.45094E+4	1.61091E+5	1.82654E+5
4.19000E+1	1.51715E+3	3.01190E+3	1.23993E+5	8.36123E+4	1.61359E+5	1.80648E+5
4.20000E+1	1.54571E+3	3.03310E+3	1.22329E+5	8.21758E+4	1.61531E+5	1.79287E+5
4.21000E+1	1.57861E+3	3.06320E+3	1.20995E+5	8.13880E+4	1.62460E+5	1.78051E+5
4.22000E+1	1.51317E+3	3.01805E+3	1.20016E+5	8.02766E+4	1.62209E+5	1.76530E+5
4.23000E+1	1.53475E+3	2.96064E+3	1.19599E+5	8.00131E+4	1.63312E+5	1.75871E+5
4.24000E+1	1.48827E+3	2.95655E+3	1.19482E+5	7.94293E+4	1.63744E+5	1.75668E+5
4.25000E+1	1.52346E+3	2.93947E+3	1.20339E+5	7.93381E+4	1.63616E+5	1.75426E+5
4.26000E+1	1.58559E+3	2.99925E+3	1.22200E+5	7.90753E+4	1.63681E+5	1.74639E+5
4.27000E+1	1.57728E+3	2.98832E+3	1.22885E+5	7.87381E+4	1.63796E+5	1.73825E+5
4.28000E+1	1.56066E+3	2.94938E+3	1.24463E+5	7.87968E+4	1.64114E+5	1.73542E+5
4.29000E+1	1.57761E+3	2.92446E+3	1.26184E+5	7.96557E+4	1.63973E+5	1.74627E+5
4.30000E+1	1.56631E+3	2.97362E+3	1.27047E+5	8.00465E+4	1.64043E+5	1.74120E+5
4.31000E+1	1.56897E+3	2.93879E+3	1.27099E+5	8.02002E+4	1.63413E+5	1.73772E+5
4.32000E+1	1.56498E+3	2.92309E+3	1.29000E+5	8.11953E+4	1.64150E+5	1.75367E+5
4.33000E+1	1.56731E+3	2.89750E+3	1.27520E+5	8.09544E+4	1.63587E+5	1.73740E+5
4.34000E+1	1.59656E+3	2.91524E+3	1.29383E+5	8.14558E+4	1.63755E+5	1.74877E+5
4.35000E+1	1.61486E+3	2.90910E+3	1.29564E+5	8.20550E+4	1.63232E+5	1.73731E+5
4.36000E+1	1.63149E+3	2.90773E+3	1.30024E+5	8.17438E+4	1.64315E+5	1.74486E+5
4.37000E+1	1.63615E+3	2.91865E+3	1.32908E+5	8.21758E+4	1.63118E+5	1.74612E+5
4.38000E+1	1.63382E+3	2.87567E+3	1.33618E+5	8.26872E+4	1.63223E+5	1.74413E+5
4.39000E+1	1.66411E+3	2.88863E+3	1.35888E+5	8.32589E+4	1.63576E+5	1.75992E+5
4.40000E+1	1.67277E+3	2.86817E+3	1.36692E+5	8.40543E+4	1.62895E+5	1.75960E+5
4.41000E+1	1.65080E+3	2.84329E+3	1.37453E+5	8.40598E+4	1.62711E+5	1.75031E+5
4.42000E+1	1.66445E+3	2.86681E+3	1.38910E+5	8.55151E+4	1.63971E+5	1.76599E+5
4.43000E+1	1.65479E+3	2.86340E+3	1.36953E+5	8.52682E+4	1.62991E+5	1.76488E+5
4.44000E+1	1.63515E+3	2.86647E+3	1.36953E+5	8.55107E+4	1.63158E+5	1.76404E+5
4.45000E+1	1.60188E+3	2.86204E+3	1.35958E+5	8.56361E+4	1.63225E+5	1.76602E+5
4.46000E+1	1.61153E+3	2.88284E+3	1.34605E+5	8.53866E+4	1.62967E+5	1.76533E+5
4.47000E+1	1.63682E+3	2.83784E+3	1.35044E+5	8.55662E+4	1.62875E+5	1.76572E+5
4.48000E+1	1.65180E+3	2.82353E+3	1.35177E+5	8.49051E+4	1.62591E+5	1.76853E+5
4.49000E+1	1.63648E+3	2.85829E+3	1.35125E+5	8.50286E+4	1.62746E+5	1.75815E+5
4.50000E+1	1.59124E+3	2.85965E+3	1.35263E+5	8.46598E+4	1.62978E+5	1.76678E+5
4.51000E+1	1.64847E+3	2.86545E+3	1.34745E+5	8.44732E+4	1.63726E+5	1.75879E+5
4.52000E+1	1.61519E+3	2.81366E+3	1.33813E+5	8.48005E+4	1.63514E+5	1.76259E+5
4.53000E+1	1.62950E+3	2.81570E+3	1.32374E+5	8.41559E+4	1.62442E+5	1.75641E+5
4.54000E+1	1.62617E+3	2.84159E+3	1.32218E+5	8.44338E+4	1.63677E+5	1.75658E+5
4.55000E+1	1.62816E+3	2.77008E+3	1.30903E+5	8.42969E+4	1.63659E+5	1.75717E+5
4.56000E+1	1.58060E+3	2.83682E+3	1.29940E+5	8.33130E+4	1.64207E+5	1.74870E+5
4.57000E+1	1.57263E+3	2.81638E+3	1.27347E+5	8.31183E+4	1.64252E+5	1.73902E+5
4.58000E+1	1.56731E+3	2.79731E+3	1.25561E+5	8.26217E+4	1.63755E+5	1.74478E+5
4.59000E+1	1.54106E+3	2.79187E+3	1.24972E+5	8.22828E+4	1.64700E+5	1.73518E+5
4.60000E+1	1.53209E+3	2.77349E+3	1.23832E+5	8.09892E+4	1.64942E+5	1.72603E+5
4.61000E+1	1.60488E+3	2.83035E+3	1.23657E+5	8.07300E+4	1.64989E+5	1.73576E+5
4.62000E+1	1.53276E+3	2.77042E+3	1.22420E+5	8.06133E+4	1.65427E+5	1.71397E+5
4.63000E+1	1.55867E+3	2.75171E+3	1.22097E+5	8.01426E+4	1.64912E+5	1.71342E+5
4.64000E+1	1.55368E+3	2.77077E+3	1.22062E+5	8.01384E+4	1.65549E+5	1.71248E+5
4.65000E+1	1.56066E+3	2.77247E+3	1.22256E+5	7.97379E+4	1.65055E+5	1.69896E+5
4.66000E+1	1.57994E+3	2.77553E+3	1.22620E+5	7.94469E+4	1.65347E+5	1.70011E+5
4.67000E+1	1.55900E+3	2.71567E+3	1.23400E+5	7.96495E+4	1.65570E+5	1.70409E+5
4.68000E+1	1.49956E+3	2.78029E+3	1.22938E+5	7.90598E+4	1.65458E+5	1.69498E+5
4.69000E+1	1.54073E+3	2.72077E+3	1.23695E+5	7.95331E+4	1.66530E+5	1.70152E+5
4.70000E+1	1.56598E+3	2.73097E+3	1.22029E+5	7.89937E+4	1.64540E+5	1.69285E+5
4.71000E+1	1.55535E+3	2.74015E+3	1.22218E+5	7.88875E+4	1.65738E+5	1.69294E+5
4.72000E+1	1.53442E+3	2.75341E+3	1.21441E+5	7.91921E+4	1.66402E+5	1.69271E+5
4.73000E+1	1.51018E+3	2.71839E+3	1.21263E+5	7.89205E+4	1.66326E+5	1.69250E+5
4.74000E+1	1.50752E+3	2.72485E+3	1.20794E+5	7.87968E+4	1.66013E+5	1.69662E+5
4.75000E+1	1.55302E+3	2.68543E+3	1.20199E+5	7.87062E+4	1.66592E+5	1.68588E+5
4.76000E+1	1.53575E+3	2.67965E+3	1.20551E+5	7.81339E+4	1.66294E+5	1.68379E+5
4.77000E+1	1.54837E+3	2.72315E+3	1.21577E+5	7.80491E+4	1.66221E+5	1.67116E+5
4.78000E+1	1.53940E+3	2.71975E+3	1.22907E+5	7.80471E+4	1.67043E+5	1.68113E+5
4.79000E+1	1.56532E+3	2.70853E+3	1.23846E+5	7.83151E+4	1.66548E+5	1.67826E+5
4.80000E+1	1.60754E+3	2.69120E+3	1.26096E+5	7.86003E+4	1.66264E+5	1.68275E+5
4.81000E+1	1.60455E+3	2.68237E+3	1.27871E+5	7.88658E+4	1.66146E+5	1.67731E+5
4.82000E+1	1.63216E+3	2.69664E+3	1.31616E+5	7.97150E+4	1.66093E+5	1.69299E+5
4.83000E+1	1.65945E+3	2.73301E+3	1.35980E+5	8.03059E+4	1.65802E+5	1.69257E+5
4.84000E+1	1.63083E+3	2.69290E+3	1.40271E+5	8.18875E+4	1.65833E+5	1.70928E+5
4.85000E+1	1.65046E+3	2.68509E+3	1.42563E+5	8.29845E+4	1.65007E+5	1.71395E+5
4.86000E+1	1.69376E+3	2.68849E+3	1.46483E+5	8.44798E+4	1.64797E+5	1.73063E+5
4.87000E+1	1.72109E+3	2.66471E+3	1.49591E+5	8.56350E+4	1.63402E+5	1.72610E+5
4.88000E+1	1.76244E+3	2.70955E+3	1.52761E+5	8.69476E+4	1.64072E+5	1.75719E+5
4.89000E+1	1.73075E+3	2.66947E+3	1.54655E+5	8.89160E+4	1.63702E+5	1.74938E+5
4.90000E+1	1.78880E+3	2.66267E+3	1.55919E+5	8.98554E+4	1.63442E+5	1.78480E+5
4.91000E+1	1.75076E+3	2.68713E+3	1.54231E+5	9.07151E+4	1.62764E+5	1.77009E+5
4.92000E+1	1.73375E+3	2.69460E+3	1.51890E+5	9.12946E+4	1.62143E+5	1.76510E+5
4.93000E+1	1.71609E+3	2.68917E+3	1.49056E+5	9.16418E+4	1.62320E+5	1.79156E+5
4.94000E+1	1.64614E+3	2.71363E+3	1.45254E+5	9.14196E+4	1.62597E+5	1.77767E+5
4.95000E+1	1.69609E+3	2.66233E+3	1.40310E+5	9.02522E+4	1.62440E+5	1.77688E+5
4.96000E+1	1.63482E+3	2.67965E+3	1.36763E+5	9.05033E+4	1.63888E+5	1.77792E+5
4.97000E+1	1.57728E+3	2.70140E+3	1.31154E+5	8.82560E+4	1.63634E+5	1.75392E+5
4.98000E+1	1.52512E+3	2.66539E+3	1.26200E+5	8.71821E+4	1.63849E+5	1.73237E+5
4.99000E+1	1.51914E+3	2.68543E+3	1.22029E+5	8.57116E+4	1.65078E+5	1.73982E+5
5.00000E+1	1.50122E+3	2.67558E+3	1.16639E+5	8.30805E+4	1.65139E+5	1.70711E+5
5.01000E+1	1.46405E+3	2.66913E+3	1.13747E+5	8.16927E+4	1.66527E+5	1.69727E+5
5.02000E+1	1.44582E+3	2.68169E+3	1.11094E+5	7.90619E+4	1.66408E+5	1.67164E+5
5.03000E+1	1.44018E+3	2.66437E+3	1.10189E+5	7.75551E+4	1.68626E+5	1.67720E+5
5.04000E+1	1.46804E+3	2.63212E+3	1.08576E+5	7.58332E+4	1.67538E+5	1.64643E+5
5.05000E+1	1.43852E+3	2.64400E+3	1.09155E+5	7.53178E+4	1.69046E+5	1.64817E+5
5.06000E+1	1.44184E+3	2.65079E+3	1.08156E+5	7.38050E+4	1.68431E+5	1.62810E+5
5.07000E+1	1.46969E+3	2.63925E+3	1.08130E+5	7.36009E+4	1.69543E+5	1.62388E+5
5.08000E+1	1.41367E+3	2.56904E+3	1.07336E+5	7.34059E+4	1.69419E+5	1.61799E+5
5.09000E+1	1.44350E+3	2.62839E+3	1.08876E+5	7.32211E+4	1.70747E+5	1.62144E+5
5.10000E+1	1.45145E+3	2.60566E+3	1.08506E+5	7.27506E+4	1.69230E+5	1.61841E+5
5.11000E+1	1.47566E+3	2.61211E+3	1.10304E+5	7.29162E+4	1.70064E+5	1.61165E+5
5.12000E+1	1.48462E+3	2.57684E+3	1.10983E+5	7.27429E+4	1.69560E+5	1.60378E+5
5.13000E+1	1.45344E+3	2.54465E+3	1.13060E+5	7.35174E+4	1.70671E+5	1.62523E+5
5.14000E+1	1.48927E+3	2.61923E+3	1.13985E+5	7.31351E+4	1.69567E+5	1.61277E+5
5.15000E+1	1.48960E+3	2.60464E+3	1.15964E+5	7.37690E+4	1.69876E+5	1.62934E+5
5.16000E+1	1.50852E+3	2.56260E+3	1.19897E+5	7.42421E+4	1.69450E+5	1.62038E+5
5.17000E+1	1.53409E+3	2.59311E+3	1.26863E+5	7.45409E+4	1.69436E+5	1.63282E+5
5.18000E+1	1.60521E+3	2.57006E+3	1.33565E+5	7.57446E+4	1.68197E+5	1.62636E+5
5.19000E+1	1.66811E+3	2.55007E+3	1.42364E+5	7.75450E+4	1.69368E+5	1.65730E+5
5.20000E+1	1.70675E+3	2.57243E+3	1.49000E+5	7.88617E+4	1.67651E+5	1.66808E+5
5.21000E+1	1.81351E+3	2.55108E+3	1.58405E+5	8.18886E+4	1.68452E+5	1.68784E+5
5.22000E+1	1.89640E+3	2.57481E+3	1.66466E+5	8.37383E+4	1.65918E+5	1.71456E+5
5.23000E+1	1.91948E+3	2.57175E+3	1.77335E+5	8.77516E+4	1.65927E+5	1.73989E+5
5.24000E+1	2.05688E+3	2.56464E+3	1.90728E+5	9.14279E+4	1.65474E+5	1.76915E+5
5.25000E+1	2.10119E+3	2.58396E+3	2.01291E+5	9.46169E+4	1.63274E+5	1.78335E+5
5.26000E+1	2.18455E+3	2.60702E+3	2.17076E+5	1.00101E+5	1.62349E+5	1.82066E+5
5.27000E+1	2.30444E+3	2.58362E+3	2.32479E+5	1.04554E+5	1.62300E+5	1.86151E+5
5.28000E+1	2.37767E+3	2.60702E+3	2.45640E+5	1.09795E+5	1.59891E+5	1.88881E+5
5.29000E+1	2.51427E+3	2.63382E+3	2.62934E+5	1.15136E+5	1.59105E+5	1.92298E+5
5.30000E+1	2.54475E+3	2.64570E+3	2.85163E+5	1.22509E+5	1.58443E+5	1.96743E+5
5.31000E+1	2.68213E+3	2.60125E+3	3.01972E+5	1.27907E+5	1.56623E+5	2.00179E+5
5.32000E+1	2.80286E+3	2.64943E+3	3.19175E+5	1.34828E+5	1.54529E+5	2.02166E+5
5.33000E+1	2.89487E+3	2.67320E+3	3.45183E+5	1.42586E+5	1.54865E+5	2.08288E+5
5.34000E+1	2.99594E+3	2.67728E+3	3.67089E+5	1.49828E+5	1.52323E+5	2.11809E+5
5.35000E+1	3.14447E+3	2.73845E+3	3.86009E+5	1.58259E+5	1.50675E+5	2.14983E+5
5.36000E+1	3.29757E+3	2.67796E+3	4.18326E+5	1.67571E+5	1.50420E+5	2.21998E+5
5.37000E+1	3.42595E+3	2.71533E+3	4.35365E+5	1.74407E+5	1.48800E+5	2.24584E+5
5.38000E+1	3.59059E+3	2.72689E+3	4.65288E+5	1.84461E+5	1.47688E+5	2.31125E+5
5.39000E+1	3.73323E+3	2.74219E+3	4.89385E+5	1.93000E+5	1.46896E+5	2.35270E+5
5.40000E+1	3.82518E+3	2.69834E+3	5.21371E+5	2.04044E+5	1.44998E+5	2.41654E+5
5.41000E+1	3.97542E+3	2.78744E+3	5.43849E+5	2.12235E+5	1.43694E+5	2.46170E+5
5.42000E+1	4.10165E+3	2.70683E+3	5.80150E+5	2.24593E+5	1.42942E+5	2.50909E+5
5.43000E+1	4.32278E+3	2.79936E+3	6.11943E+5	2.34175E+5	1.41419E+5	2.55067E+5
5.44000E+1	4.44072E+3	2.82387E+3	6.48006E+5	2.47020E+5	1.41067E+5	2.63462E+5
5.45000E+1	4.62307E+3	2.78097E+3	6.66023E+5	2.56036E+5	1.39108E+5	2.66409E+5
5.46000E+1	4.85740E+3	2.82456E+3	7.09346E+5	2.68811E+5	1.38520E+5	2.76658E+5
5.47000E+1	4.97123E+3	2.84670E+3	7.33066E+5	2.79517E+5	1.37025E+5	2.78136E+5
5.48000E+1	5.20854E+3	2.80957E+3	7.73703E+5	2.94112E+5	1.36389E+5	2.86902E+5
5.49000E+1	5.40612E+3	2.88454E+3	7.98358E+5	3.04413E+5	1.35029E+5	2.92638E+5
5.50000E+1	5.61198E+3	2.92343E+3	8.48310E+5	3.18542E+5	1.34181E+5	2.98209E+5
5.51000E+1	5.83560E+3	2.88215E+3	8.66469E+5	3.30124E+5	1.33068E+5	3.05985E+5
5.52000E+1	5.93891E+3	2.91456E+3	9.13455E+5	3.42833E+5	1.31822E+5	3.14221E+5
5.53000E+1	6.21987E+3	2.97636E+3	9.15643E+5	3.54159E+5	1.30206E+5	3.18476E+5
5.54000E+1	6.43221E+3	2.96508E+3	9.82971E+5	3.71932E+5	1.30322E+5	3.28003E+5
5.55000E+1	6.73231E+3	2.92241E+3	1.00751E+6	3.81784E+5	1.28593E+5	3.33127E+5
5.56000E+1	6.91097E+3	2.98251E+3	1.06517E+6	3.96242E+5	1.28021E+5	3.45051E+5
5.57000E+1	7.22267E+3	2.99002E+3	1.07952E+6	4.07686E+5	1.26843E+5	3.49406E+5
5.58000E+1	7.45168E+3	3.00985E+3	1.12737E+6	4.21452E+5	1.26226E+5	3.57838E+5
5.59000E+1	7.67010E+3	3.05568E+3	1.15776E+6	4.36374E+5	1.25306E+5	3.66396E+5
5.60000E+1	7.83955E+3	3.07073E+3	1.18787E+6	4.51615E+5	1.24425E+5	3.75004E+5
5.61000E+1	8.12317E+3	3.08511E+3	1.20246E+6	4.63226E+5	1.23242E+5	3.80623E+5
5.62000E+1	8.28952E+3	3.12244E+3	1.25122E+6	4.76522E+5	1.22932E+5	3.90186E+5
5.63000E+1	8.70250E+3	3.16974E+3	1.27932E+6	4.88871E+5	1.21768E+5	4.00308E+5
5.64000E+1	8.91419E+3	3.10223E+3	1.29169E+6	5.06463E+5	1.20701E+5	4.07705E+5
5.65000E+1	9.29462E+3	3.14094E+3	1.37194E+6	5.25327E+5	1.20553E+5	4.19404E+5
5.66000E+1	9.51558E+3	3.17591E+3	1.38036E+6	5.31548E+5	1.20132E+5	4.28486E+5
5.67000E+1	9.80731E+3	3.17077E+3	1.38128E+6	5.44117E+5	1.18309E+5	4.34437E+5
5.68000E+1	1.00713E+4	3.22292E+3	1.47837E+6	5.59976E+5	1.18264E+5	4.49548E+5
5.69000E+1	1.04096E+4	3.24146E+3	1.45512E+6	5.67498E+5	1.17052E+5	4.53813E+5
5.70000E+1	1.06730E+4	3.29574E+3	1.52549E+6	5.78069E+5	1.16793E+5	4.68803E+5
5.71000E+1	1.09590E+4	3.26756E+3	1.52651E+6	5.89150E+5	1.15636E+5	4.72707E+5
5.72000E+1	1.12242E+4	3.27031E+3	1.53758E+6	5.93786E+5	1.14127E+5	4.85740E+5
5.73000E+1	1.16065E+4	3.36454E+3	1.63720E+6	6.21005E+5	1.14465E+5	5.02885E+5
5.74000E+1	1.18273E+4	3.31362E+3	1.61446E+6	6.26286E+5	1.13131E+5	5.06052E+5
5.75000E+1	1.21809E+4	3.34458E+3	1.71778E+6	6.46118E+5	1.13193E+5	5.21238E+5
5.76000E+1	1.24483E+4	3.38830E+3	1.64747E+6	6.47736E+5	1.12326E+5	5.24023E+5
5.77000E+1	1.27465E+4	3.37246E+3	1.72612E+6	6.58628E+5	1.12026E+5	5.40876E+5
5.78000E+1	1.30471E+4	3.39622E+3	1.72119E+6	6.70147E+5	1.11159E+5	5.51899E+5
5.79000E+1	1.33993E+4	3.39174E+3	1.77941E+6	6.86002E+5	1.10661E+5	5.68595E+5
5.80000E+1	1.36668E+4	3.46584E+3	1.75338E+6	6.91050E+5	1.09541E+5	5.73104E+5
5.81000E+1	1.39342E+4	3.51138E+3	1.81347E+6	7.01509E+5	1.09327E+5	5.85547E+5
5.82000E+1	1.42639E+4	3.53521E+3	1.84940E+6	7.12247E+5	1.08379E+5	5.96187E+5
5.83000E+1	1.46403E+4	3.50068E+3	1.91417E+6	7.29437E+5	1.08564E+5	6.10562E+5
5.84000E+1	1.47611E+4	3.54764E+3	1.88900E+6	7.28751E+5	1.07502E+5	6.18424E+5
5.85000E+1	1.51430E+4	3.52899E+3	1.90222E+6	7.38331E+5	1.07041E+5	6.34819E+5
5.86000E+1	1.53179E+4	3.59360E+3	1.90649E+6	7.51135E+5	1.06401E+5	6.42163E+5
5.87000E+1	1.56949E+4	3.61020E+3	1.94711E+6	7.66290E+5	1.06221E+5	6.65047E+5
5.88000E+1	1.60461E+4	3.65380E+3	2.06189E+6	7.77036E+5	1.05799E+5	6.70899E+5
5.89000E+1	1.62922E+4	3.64480E+3	1.93384E+6	7.71789E+5	1.04817E+5	6.81241E+5
5.90000E+1	1.65686E+4	3.78272E+3	2.05110E+6	7.87899E+5	1.04694E+5	7.00832E+5
5.91000E+1	1.68433E+4	3.71129E+3	2.05110E+6	7.89425E+5	1.03993E+5	7.09859E+5
5.92000E+1	1.71348E+4	3.76572E+3	2.16094E+6	7.99269E+5	1.03686E+5	7.31889E+5
5.93000E+1	1.73846E+4	3.82403E+3	2.14670E+6	8.22000E+5	1.03278E+5	7.40130E+5
5.94000E+1	1.76578E+4	3.80910E+3	2.11007E+6	8.16772E+5	1.02573E+5	7.52943E+5
5.95000E+1	1.77752E+4	3.77370E+3	2.05155E+6	8.13077E+5	1.02185E+5	7.53811E+5
5.96000E+1	1.82162E+4	3.82611E+3	2.25476E+6	8.43037E+5	1.01998E+5	7.71307E+5
5.97000E+1	1.82499E+4	3.85425E+3	2.22443E+6	8.36691E+5	1.01571E+5	7.86081E+5
5.98000E+1	1.87812E+4	3.90397E+3	2.20322E+6	8.43238E+5	1.01327E+5	8.04966E+5
5.99000E+1	1.89050E+4	3.96522E+3	2.28132E+6	8.52500E+5	1.00816E+5	8.18543E+5
6.00000E+1	1.91235E+4	3.91892E+3	2.12752E+6	8.42980E+5	1.00015E+5	8.30410E+5
6.01000E+1	1.93627E+4	4.02968E+3	2.32561E+6	8.73287E+5	9.99754E+4	8.52275E+5
6.02000E+1	1.94817E+4	4.00528E+3	2.25566E+6	8.68761E+5	9.95101E+4	8.75315E+5
6.03000E+1	1.97777E+4	4.04537E+3	2.22391E+6	8.72860E+5	9.91836E+4	8.74213E+5
6.04000E+1	2.00603E+4	4.07084E+3	2.30289E+6	8.84087E+5	9.88544E+4	8.89776E+5
6.05000E+1	2.01951E+4	4.14486E+3	2.39402E+6	8.82467E+5	9.85047E+4	9.04803E+5
6.06000E+1	2.05620E+4	4.15360E+3	2.33226E+6	9.04046E+5	9.79843E+4	9.28032E+5
6.07000E+1	2.07088E+4	4.19730E+3	2.30587E+6	9.13686E+5	9.77799E+4	9.15421E+5
6.08000E+1	2.09091E+4	4.16059E+3	2.42609E+6	9.06423E+5	9.73248E+4	9.41659E+5
6.09000E+1	2.13482E+4	4.22739E+3	2.41993E+6	9.17408E+5	9.73286E+4	9.69216E+5
6.10000E+1	2.14555E+4	4.28062E+3	2.42732E+6	9.18342E+5	9.68118E+4	9.73692E+5
6.11000E+1	2.14627E+4	4.25680E+3	2.45751E+6	9.35533E+5	9.71794E+4	9.88947E+5
6.12000E+1	2.17141E+4	4.32758E+3	2.40085E+6	9.17708E+5	9.59953E+4	9.95829E+5
6.13000E+1	2.18513E+4	4.29603E+3	2.52101E+6	9.50426E+5	9.62159E+4	1.02213E+6
6.14000E+1	2.19355E+4	4.27361E+3	2.37809E+6	9.30821E+5	9.52703E+4	1.03660E+6
6.15000E+1	2.24401E+4	4.43464E+3	2.54018E+6	9.55319E+5	9.51476E+4	1.06065E+6
6.16000E+1	2.24633E+4	4.43324E+3	2.49645E+6	9.49858E+5	9.50066E+4	1.05118E+6
6.17000E+1	2.26374E+4	4.42937E+3	2.46364E+6	9.62362E+5	9.49882E+4	1.07600E+6
6.18000E+1	2.27000E+4	4.44624E+3	2.54851E+6	9.54494E+5	9.47240E+4	1.10583E+6
6.19000E+1	2.30453E+4	4.48737E+3	2.58983E+6	9.62544E+5	9.46324E+4	1.12400E+6
6.20000E+1	2.31000E+4	4.52502E+3	2.56603E+6	9.69242E+5	9.42536E+4	1.11418E+6
6.21000E+1	2.33392E+4	4.61732E+3	2.61002E+6	9.79243E+5	9.37323E+4	1.12245E+6
6.22000E+1	2.34795E+4	4.57468E+3	2.64017E+6	9.86458E+5	9.36464E+4	1.15920E+6
6.23000E+1	2.35567E+4	4.63143E+3	2.52455E+6	9.74908E+5	9.29915E+4	1.14871E+6
6.24000E+1	2.36635E+4	4.67518E+3	2.64331E+6	9.86762E+5	9.29687E+4	1.17844E+6
6.25000E+1	2.38026E+4	4.61627E+3	2.61809E+6	9.91808E+5	9.28739E+4	1.17273E+6
6.26000E+1	2.40648E+4	4.72251E+3	2.58540E+6	1.00149E+6	9.27446E+4	1.21155E+6
6.27000E+1	2.41100E+4	4.76810E+3	2.74021E+6	9.91770E+5	9.25879E+4	1.22777E+6
6.28000E+1	2.40931E+4	4.80383E+3	2.67470E+6	1.00834E+6	9.22254E+4	1.24009E+6
6.29000E+1	2.43287E+4	4.82224E+3	2.65476E+6	9.94272E+5	9.21349E+4	1.24352E+6
6.30000E+1	2.45532E+4	4.84419E+3	2.65696E+6	1.01439E+6	9.21004E+4	1.26514E+6
6.31000E+1	2.45177E+4	4.93989E+3	2.68992E+6	1.01679E+6	9.17800E+4	1.28093E+6
6.32000E+1	2.46142E+4	4.94060E+3	2.77760E+6	1.00988E+6	9.13449E+4	1.28928E+6
6.33000E+1	2.48388E+4	4.93351E+3	2.80616E+6	1.02030E+6	9.16450E+4	1.31822E+6
6.34000E+1	2.48784E+4	4.96651E+3	2.69444E+6	1.00984E+6	9.11611E+4	1.30151E+6
6.35000E+1	2.49614E+4	5.11936E+3	2.85907E+6	1.04514E+6	9.12235E+4	1.32356E+6
6.36000E+1	2.50853E+4	5.05995E+3	2.66827E+6	1.01901E+6	9.06187E+4	1.32519E+6
6.37000E+1	2.51261E+4	5.10050E+3	2.82947E+6	1.02493E+6	9.06562E+4	1.33084E+6
6.38000E+1	2.53085E+4	5.16317E+3	2.90026E+6	1.03750E+6	9.05298E+4	1.38307E+6
6.39000E+1	2.54198E+4	5.18919E+3	2.88784E+6	1.03892E+6	9.03580E+4	1.38719E+6
6.40000E+1	2.55634E+4	5.17564E+3	2.77147E+6	1.03355E+6	9.02612E+4	1.37224E+6
6.41000E+1	2.57272E+4	5.19738E+3	2.84867E+6	1.03513E+6	9.01714E+4	1.42078E+6
6.42000E+1	2.56442E+4	5.21058E+3	2.84643E+6	1.05395E+6	9.00818E+4	1.42414E+6
6.43000E+1	2.59246E+4	5.28873E+3	2.89736E+6	1.03846E+6	8.97483E+4	1.40049E+6
6.44000E+1	2.60125E+4	5.33840E+3	3.02658E+6	1.04565E+6	8.97239E+4	1.46985E+6
6.45000E+1	2.60304E+4	5.41424E+3	2.82892E+6	1.05713E+6	8.96092E+4	1.44524E+6
6.46000E+1	2.61857E+4	5.46403E+3	2.79937E+6	1.06697E+6	8.94449E+4	1.47439E+6
6.47000E+1	2.62719E+4	5.49163E+3	2.86190E+6	1.05588E+6	8.91747E+4	1.50004E+6
6.48000E+1	2.62884E+4	5.49916E+3	2.99355E+6	1.06216E+6	8.91989E+4	1.49724E+6
6.49000E+1	2.65308E+4	5.57020E+3	2.90986E+6	1.07283E+6	8.91620E+4	1.50492E+6
6.50000E+1	2.65654E+4	5.62409E+3	2.86501E+6	1.04687E+6	8.86837E+4	1.50268E+6
6.51000E+1	2.67204E+4	5.67587E+3	3.05390E+6	1.06943E+6	8.89225E+4	1.54359E+6
6.52000E+1	2.67007E+4	5.57020E+3	2.90374E+6	1.06025E+6	8.82865E+4	1.50235E+6
6.53000E+1	2.70051E+4	5.75364E+3	3.17331E+6	1.08496E+6	8.85702E+4	1.57961E+6
6.54000E+1	2.68131E+4	5.76012E+3	2.96393E+6	1.08492E+6	8.83813E+4	1.54167E+6
6.55000E+1	2.70108E+4	5.80519E+3	3.01341E+6	1.08316E+6	8.87846E+4	1.59975E+6
6.56000E+1	2.69261E+4	5.76121E+3	2.92866E+6	1.08055E+6	8.82180E+4	1.54944E+6
6.57000E+1	2.72122E+4	5.88026E+3	3.10636E+6	1.07938E+6	8.84442E+4	1.67722E+6
6.58000E+1	2.74321E+4	5.93338E+3	2.85794E+6	1.07970E+6	8.79194E+4	1.59335E+6
6.59000E+1	2.73265E+4	5.90229E+3	3.08008E+6	1.08005E+6	8.78137E+4	1.64426E+6
6.60000E+1	2.73417E+4	5.97316E+3	2.97608E+6	1.07518E+6	8.76763E+4	1.62958E+6
6.61000E+1	2.75206E+4	6.00863E+3	3.01716E+6	1.09417E+6	8.75697E+4	1.65879E+6
6.62000E+1	2.77110E+4	6.07637E+3	3.03226E+6	1.08673E+6	8.74689E+4	1.70607E+6
6.63000E+1	2.78083E+4	6.11518E+3	3.17400E+6	1.09238E+6	8.73761E+4	1.63840E+6
6.64000E+1	2.76958E+4	6.13404E+3	3.04910E+6	1.09791E+6	8.73048E+4	1.68385E+6
6.65000E+1	2.78815E+4	6.20595E+3	3.03543E+6	1.09078E+6	8.71693E+4	1.66921E+6
6.66000E+1	2.80831E+4	6.25467E+3	3.08693E+6	1.10511E+6	8.73433E+4	1.70292E+6
6.67000E+1	2.80186E+4	6.30306E+3	3.05551E+6	1.11066E+6	8.67717E+4	1.71335E+6
6.68000E+1	2.81397E+4	6.33584E+3	3.09711E+6	1.09252E+6	8.69675E+4	1.70010E+6
6.69000E+1	2.82567E+4	6.31763E+3	3.23449E+6	1.10793E+6	8.71603E+4	1.75840E+6
6.70000E+1	2.81375E+4	6.41276E+3	3.04177E+6	1.09234E+6	8.68100E+4	1.69968E+6
6.71000E+1	2.82339E+4	6.47335E+3	3.11999E+6	1.09911E+6	8.69585E+4	1.77524E+6
6.72000E+1	2.83559E+4	6.42042E+3	3.19975E+6	1.10896E+6	8.67459E+4	1.76667E+6
6.73000E+1	2.84935E+4	6.58267E+3	3.04942E+6	1.10287E+6	8.65887E+4	1.74789E+6
6.74000E+1	2.85701E+4	6.56364E+3	3.26924E+6	1.13548E+6	8.64408E+4	1.80330E+6
6.75000E+1	2.85941E+4	6.59255E+3	3.23163E+6	1.10469E+6	8.62730E+4	1.79598E+6
6.76000E+1	2.86714E+4	6.59365E+3	3.14626E+6	1.12095E+6	8.63266E+4	1.77649E+6
6.77000E+1	2.87653E+4	6.68707E+3	3.20045E+6	1.13464E+6	8.62037E+4	1.82156E+6
6.78000E+1	2.86623E+4	6.76560E+3	3.12971E+6	1.09744E+6	8.62372E+4	1.82945E+6
6.79000E+1	2.91194E+4	6.77148E+3	3.14762E+6	1.11128E+6	8.60396E+4	1.81705E+6
6.80000E+1	2.90072E+4	6.82292E+3	3.39126E+6	1.15939E+6	8.62428E+4	1.82490E+6
6.81000E+1	2.90678E+4	6.90754E+3	3.12736E+6	1.09316E+6	8.58302E+4	1.83667E+6
6.82000E+1	2.91484E+4	6.91012E+3	3.29801E+6	1.12620E+6	8.59371E+4	1.86512E+6
6.83000E+1	2.92005E+4	6.91822E+3	3.24960E+6	1.12485E+6	8.56357E+4	1.86636E+6
6.84000E+1	2.93012E+4	7.08310E+3	3.18996E+6	1.13878E+6	8.53885E+4	1.87801E+6
6.85000E+1	2.95716E+4	7.14742E+3	3.39716E+6	1.14315E+6	8.54583E+4	1.89787E+6
6.86000E+1	2.95046E+4	7.10860E+3	3.31445E+6	1.12650E+6	8.56024E+4	1.87839E+6
6.87000E+1	2.95143E+4	7.23219E+3	3.26851E+6	1.14865E+6	8.54084E+4	1.84176E+6
6.88000E+1	2.94036E+4	7.21848E+3	3.31445E+6	1.14469E+6	8.50801E+4	1.92896E+6
6.89000E+1	2.96105E+4	7.28667E+3	3.38187E+6	1.12645E+6	8.49852E+4	1.94016E+6
6.90000E+1	2.95754E+4	7.27888E+3	3.44469E+6	1.16103E+6	8.51817E+4	1.90991E+6
6.91000E+1	2.96728E+4	7.32970E+3	3.34362E+6	1.16287E+6	8.51220E+4	1.94527E+6
6.92000E+1	2.99067E+4	7.41253E+3	3.31746E+6	1.13789E+6	8.50040E+4	2.00748E+6
6.93000E+1	2.99094E+4	7.41104E+3	3.21349E+6	1.16082E+6	8.47551E+4	1.90666E+6
6.94000E+1	2.98904E+4	7.48915E+3	3.37991E+6	1.14639E+6	8.50238E+4	1.92525E+6
6.95000E+1	2.99856E+4	7.58304E+3	3.41061E+6	1.16876E+6	8.50646E+4	1.98553E+6
6.96000E+1	2.99992E+4	7.57856E+3	3.27034E+6	1.14539E+6	8.46035E+4	1.97674E+6
6.97000E+1	3.00368E+4	7.69576E+3	3.33981E+6	1.15207E+6	8.45760E+4	2.00006E+6
6.98000E+1	3.00673E+4	7.67484E+3	3.28725E+6	1.16021E+6	8.44598E+4	2.03004E+6
6.99000E+1	2.98855E+4	7.74586E+3	3.37135E+6	1.16262E+6	8.42692E+4	1.92077E+6
7.00000E+1	3.03163E+4	7.88329E+3	3.42537E+6	1.17073E+6	8.49037E+4	1.99751E+6
7.01000E+1	3.03004E+4	7.87430E+3	3.46668E+6	1.16046E+6	8.45815E+4	2.03062E+6
7.02000E+1	3.02239E+4	7.93206E+3	3.44631E+6	1.16829E+6	8.45025E+4	2.01135E+6
7.03000E+1	3.03201E+4	8.06132E+3	3.43782E+6	1.16990E+6	8.42659E+4	1.99822E+6
7.04000E+1	3.02775E+4	8.07336E+3	3.47531E+6	1.14265E+6	8.43874E+4	2.02290E+6
7.05000E+1	3.06482E+4	8.07900E+3	3.50228E+6	1.17334E+6	8.43174E+4	1.96968E+6
7.06000E+1	3.04132E+4	8.13774E+3	3.51529E+6	1.18170E+6	8.43732E+4	2.03870E+6
7.07000E+1	3.06718E+4	8.19504E+3	3.61436E+6	1.19092E+6	8.43239E+4	2.08169E+6
7.08000E+1	3.07373E+4	8.21352E+3	3.47284E+6	1.17769E+6	8.41971E+4	2.10009E+6
7.09000E+1	3.06883E+4	8.22031E+3	3.45037E+6	1.20208E+6	8.41249E+4	2.05100E+6
7.10000E+1	3.07533E+4	8.40248E+3	3.50856E+6	1.18239E+6	8.40212E+4	2.06164E+6
7.11000E+1	3.07346E+4	8.41005E+3	3.38187E+6	1.16328E+6	8.41217E+4	2.03150E+6
7.12000E+1	3.08525E+4	8.47787E+3	3.77141E+6	1.17125E+6	8.40878E+4	2.11185E+6
7.13000E+1	3.09458E+4	8.52338E+3	3.66802E+6	1.16928E+6	8.39831E+4	2.06934E+6
7.14000E+1	3.10912E+4	8.61718E+3	3.46382E+6	1.17769E+6	8.38000E+4	2.08492E+6
7.15000E+1	3.08608E+4	8.64608E+3	3.49852E+6	1.19902E+6	8.38262E+4	2.13077E+6
7.16000E+1	3.10016E+4	8.67385E+3	3.47490E+6	1.18627E+6	8.37685E+4	2.08892E+6
7.17000E+1	3.09872E+4	8.71191E+3	3.48688E+6	1.18038E+6	8.40267E+4	2.17108E+6
7.18000E+1	3.09602E+4	8.80908E+3	3.60107E+6	1.18191E+6	8.37804E+4	2.06949E+6
7.19000E+1	3.10082E+4	8.83503E+3	3.44348E+6	1.16431E+6	8.37250E+4	2.13237E+6
7.20000E+1	3.09662E+4	8.89230E+3	3.58613E+6	1.17837E+6	8.37794E+4	2.10713E+6
7.21000E+1	3.11971E+4	8.94848E+3	3.62819E+6	1.16808E+6	8.35110E+4	2.16594E+6
7.22000E+1	3.13014E+4	8.99860E+3	3.60593E+6	1.17932E+6	8.35924E+4	2.19713E+6
7.23000E+1	3.12120E+4	9.05949E+3	3.66802E+6	1.18739E+6	8.34231E+4	2.22118E+6
7.24000E+1	3.12464E+4	9.13004E+3	3.40467E+6	1.17334E+6	8.32726E+4	2.11264E+6
7.25000E+1	3.10658E+4	9.20837E+3	3.48812E+6	1.16452E+6	8.34199E+4	2.09994E+6
7.26000E+1	3.13675E+4	9.34572E+3	3.73505E+6	1.20087E+6	8.36065E+4	2.20686E+6
7.27000E+1	3.13397E+4	9.35843E+3	3.60284E+6	1.18387E+6	8.35501E+4	2.18429E+6
7.28000E+1	3.13186E+4	9.43747E+3	3.50312E+6	1.16933E+6	8.29496E+4	2.20037E+6
7.29000E+1	3.14015E+4	9.46796E+3	3.54458E+6	1.18493E+6	8.30316E+4	2.18563E+6
7.30000E+1	3.16601E+4	9.43824E+3	3.43299E+6	1.17266E+6	8.29938E+4	2.19137E+6
7.31000E+1	3.14805E+4	9.52629E+3	3.64890E+6	1.17564E+6	8.30975E+4	2.13510E+6
7.32000E+1	3.15178E+4	9.54600E+3	3.73269E+6	1.19756E+6	8.31450E+4	2.23744E+6
7.33000E+1	3.15897E+4	9.66133E+3	3.52119E+6	1.19173E+6	8.29938E+4	2.15606E+6
7.34000E+1	3.15351E+4	9.66443E+3	3.73743E+6	1.22368E+6	8.29863E+4	2.22762E+6
7.35000E+1	3.16388E+4	9.83595E+3	3.65752E+6	1.17575E+6	8.30284E+4	2.22101E+6
7.36000E+1	3.16701E+4	9.84722E+3	3.48688E+6	1.20514E+6	8.26493E+4	2.14334E+6
7.37000E+1	3.15490E+4	9.85655E+3	3.73032E+6	1.21320E+6	8.28311E+4	2.18681E+6
7.38000E+1	3.16171E+4	9.96007E+3	3.74741E+6	1.19626E+6	8.27902E+4	2.16247E+6
7.39000E+1	3.16388E+4	9.98111E+3	3.72183E+6	1.18541E+6	8.27084E+4	2.13865E+6
7.40000E+1	3.16266E+4	1.00205E+4	3.68733E+6	1.19237E+6	8.26837E+4	2.23621E+6
7.41000E+1	3.16098E+4	1.01912E+4	3.64393E+6	1.20806E+6	8.26536E+4	2.21858E+6
7.42000E+1	3.18144E+4	1.01650E+4	3.65843E+6	1.19805E+6	8.24721E+4	2.21616E+6
7.43000E+1	3.16522E+4	1.02945E+4	3.75076E+6	1.20279E+6	8.26579E+4	2.19306E+6
7.44000E+1	3.18133E+4	1.02507E+4	3.69056E+6	1.18122E+6	8.24721E+4	2.23761E+6
7.45000E+1	3.14744E+4	1.04362E+4	3.70077E+6	1.19205E+6	8.23049E+4	2.22919E+6
7.46000E+1	3.19051E+4	1.03993E+4	3.58132E+6	1.19984E+6	8.27762E+4	2.26234E+6
7.47000E+1	3.17780E+4	1.05270E+4	3.68640E+6	1.21021E+6	8.22996E+4	2.27137E+6
7.48000E+1	3.16260E+4	1.06180E+4	3.77866E+6	1.21204E+6	8.22760E+4	2.31867E+6
7.49000E+1	3.15078E+4	1.06196E+4	3.64981E+6	1.21682E+6	8.23981E+4	2.29276E+6
7.50000E+1	3.16718E+4	1.07214E+4	3.62238E+6	1.19345E+6	8.24635E+4	2.24415E+6
7.51000E+1	3.15546E+4	1.07720E+4	3.61836E+6	1.19404E+6	8.24528E+4	2.28577E+6
7.52000E+1	3.14799E+4	1.07961E+4	3.72607E+6	1.17948E+6	8.27181E+4	2.30872E+6
7.53000E+1	3.16852E+4	1.08606E+4	3.83921E+6	1.21582E+6	8.23199E+4	2.33843E+6
7.54000E+1	3.14660E+4	1.08574E+4	3.67397E+6	1.18990E+6	8.23488E+4	2.21013E+6
7.55000E+1	3.14699E+4	1.11011E+4	3.74170E+6	1.18717E+6	8.22814E+4	2.31547E+6
7.56000E+1	3.15552E+4	1.11114E+4	3.54415E+6	1.18483E+6	8.19565E+4	2.24468E+6
7.57000E+1	3.13870E+4	1.11289E+4	3.64709E+6	1.19049E+6	8.21776E+4	2.24185E+6
7.58000E+1	3.14126E+4	1.12624E+4	3.75028E+6	1.19388E+6	8.20846E+4	2.27101E+6
7.59000E+1	3.15602E+4	1.14081E+4	3.60505E+6	1.19810E+6	8.23617E+4	2.29904E+6
7.60000E+1	3.14521E+4	1.14057E+4	3.83721E+6	1.18260E+6	8.21209E+4	2.23357E+6
7.61000E+1	3.14872E+4	1.14181E+4	3.69845E+6	1.18456E+6	8.26503E+4	2.30985E+6
7.62000E+1	3.12470E+4	1.13913E+4	3.75698E+6	1.19951E+6	8.23338E+4	2.29331E+6
7.63000E+1	3.13425E+4	1.15162E+4	3.76803E+6	1.17465E+6	8.22118E+4	2.27882E+6
7.64000E+1	3.12659E+4	1.15454E+4	3.78060E+6	1.18547E+6	8.23745E+4	2.26234E+6
7.65000E+1	3.14287E+4	1.15763E+4	3.57827E+6	1.18589E+6	8.19619E+4	2.24379E+6
7.66000E+1	3.14476E+4	1.16783E+4	3.79228E+6	1.17417E+6	8.22172E+4	2.35696E+6
7.67000E+1	3.15379E+4	1.18791E+4	3.74551E+6	1.17365E+6	8.20793E+4	2.34419E+6
7.68000E+1	3.14187E+4	1.17502E+4	3.65889E+6	1.17690E+6	8.19768E+4	2.25303E+6
7.69000E+1	3.13003E+4	1.18598E+4	3.63043E+6	1.18011E+6	8.18318E+4	2.20071E+6
7.70000E+1	3.14593E+4	1.20532E+4	3.48978E+6	1.17042E+6	8.19309E+4	2.25036E+6
7.71000E+1	3.16026E+4	1.21147E+4	3.76658E+6	1.17764E+6	8.17339E+4	2.28522E+6
7.72000E+1	3.16160E+4	1.21625E+4	3.69334E+6	1.19001E+6	8.20665E+4	2.36771E+6
7.73000E+1	3.15658E+4	1.21788E+4	3.66117E+6	1.17779E+6	8.20451E+4	2.27500E+6
7.74000E+1	3.16193E+4	1.22619E+4	3.71760E+6	1.18276E+6	8.17477E+4	2.27827E+6
7.75000E+1	3.16740E+4	1.22826E+4	3.74980E+6	1.18797E+6	8.18808E+4	2.36614E+6
7.76000E+1	3.16601E+4	1.23688E+4	3.65798E+6	1.18584E+6	8.17924E+4	2.29091E+6
7.77000E+1	3.17819E+4	1.24946E+4	3.86740E+6	1.18143E+6	8.21819E+4	2.39428E+6
7.78000E+1	3.17271E+4	1.25775E+4	3.77963E+6	1.18101E+6	8.17903E+4	2.35871E+6
7.79000E+1	3.19685E+4	1.25889E+4	3.68455E+6	1.18483E+6	8.18904E+4	2.30443E+6
7.80000E+1	3.19276E+4	1.27619E+4	3.67397E+6	1.18377E+6	8.18670E+4	2.40232E+6
7.81000E+1	3.18345E+4	1.27373E+4	3.79131E+6	1.20257E+6	8.19213E+4	2.32472E+6
7.82000E+1	3.17886E+4	1.27902E+4	3.81783E+6	1.16339E+6	8.17105E+4	2.28907E+6
7.83000E+1	3.19713E+4	1.30066E+4	3.72466E+6	1.18239E+6	8.17573E+4	2.42081E+6
7.84000E+1	3.20022E+4	1.28985E+4	3.81783E+6	1.20855E+6	8.17264E+4	2.32680E+6
7.85000E+1	3.21213E+4	1.29906E+4	3.64032E+6	1.16850E+6	8.14386E+4	2.29756E+6
7.86000E+1	3.20280E+4	1.31166E+4	4.02231E+6	1.20295E+6	8.15797E+4	2.34246E+6
7.87000E+1	3.19988E+4	1.31269E+4	3.90943E+6	1.17732E+6	8.15564E+4	2.33003E+6
7.88000E+1	3.17333E+4	1.31784E+4	3.78449E+6	1.17115E+6	8.16180E+4	2.31528E+6
7.89000E+1	3.21022E+4	1.32631E+4	3.80846E+6	1.19103E+6	8.15160E+4	2.36928E+6
7.90000E+1	3.21916E+4	1.33831E+4	3.95924E+6	1.19653E+6	8.13537E+4	2.26649E+6
7.91000E+1	3.20112E+4	1.34344E+4	3.60726E+6	1.19437E+6	8.16445E+4	2.40373E+6
7.92000E+1	3.19046E+4	1.34593E+4	3.77673E+6	1.18675E+6	8.15585E+4	2.35774E+6
7.93000E+1	3.20831E+4	1.35174E+4	3.72513E+6	1.19012E+6	8.15489E+4	2.31943E+6
7.94000E+1	3.19820E+4	1.35959E+4	3.89087E+6	1.22120E+6	8.18798E+4	2.42184E+6
7.95000E+1	3.20965E+4	1.36608E+4	3.92033E+6	1.20158E+6	8.15128E+4	2.31735E+6
7.96000E+1	3.20881E+4	1.36796E+4	3.74122E+6	1.20701E+6	8.12489E+4	2.32718E+6
7.97000E+1	3.22288E+4	1.39128E+4	3.94918E+6	1.20767E+6	8.13474E+4	2.40414E+6
7.98000E+1	3.21787E+4	1.37758E+4	3.80600E+6	1.20011E+6	8.12150E+4	2.33614E+6
7.99000E+1	3.24901E+4	1.39132E+4	3.83921E+6	1.19892E+6	8.12531E+4	2.36692E+6
8.00000E+1	3.22716E+4	1.40647E+4	4.04599E+6	1.18313E+6	8.14322E+4	2.38688E+6
8.01000E+1	3.22463E+4	1.41079E+4	3.97149E+6	1.19280E+6	8.12764E+4	2.44604E+6
8.02000E+1	3.22744E+4	1.41385E+4	3.87859E+6	1.17927E+6	8.15298E+4	2.34786E+6
8.03000E+1	3.23754E+4	1.44053E+4	4.03384E+6	1.18931E+6	8.12584E+4	2.37282E+6
8.04000E+1	3.23060E+4	1.43147E+4	3.93812E+6	1.18600E+6	8.13103E+4	2.38251E+6
8.05000E+1	3.24426E+4	1.44424E+4	3.77866E+6	1.19788E+6	8.13198E+4	2.37065E+6
8.06000E+1	3.24398E+4	1.44833E+4	4.03549E+6	1.19054E+6	8.11495E+4	2.40212E+6
8.07000E+1	3.25506E+4	1.44821E+4	3.85981E+6	1.19859E+6	8.13940E+4	2.40192E+6
8.08000E+1	3.26095E+4	1.45949E+4	4.11868E+6	1.19593E+6	8.11061E+4	2.44520E+6
8.09000E+1	3.27712E+4	1.46546E+4	3.94548E+6	1.20470E+6	8.09351E+4	2.36301E+6
8.10000E+1	3.28036E+4	1.46631E+4	3.94865E+6	1.19599E+6	8.10840E+4	2.43958E+6
8.11000E+1	3.27655E+4	1.48485E+4	4.04488E+6	1.20828E+6	8.11104E+4	2.47241E+6
8.12000E+1	3.27315E+4	1.48536E+4	3.69242E+6	1.19437E+6	8.11823E+4	2.37676E+6
8.13000E+1	3.28138E+4	1.50673E+4	3.94759E+6	1.20164E+6	8.09541E+4	2.34189E+6
8.14000E+1	3.28292E+4	1.50281E+4	3.85779E+6	1.22069E+6	8.10174E+4	2.47562E+6
8.15000E+1	3.29367E+4	1.50588E+4	3.89601E+6	1.20509E+6	8.10480E+4	2.35385E+6
8.16000E+1	3.28940E+4	1.51505E+4	4.22930E+6	1.20740E+6	8.10734E+4	2.42944E+6
8.17000E+1	3.31608E+4	1.52437E+4	3.74789E+6	1.23134E+6	8.13103E+4	2.45716E+6
8.18000E+1	3.31123E+4	1.52690E+4	3.78497E+6	1.21265E+6	8.09151E+4	2.42389E+6
8.19000E+1	3.30746E+4	1.52390E+4	3.85628E+6	1.20651E+6	8.11675E+4	2.42841E+6
8.20000E+1	3.31579E+4	1.54220E+4	4.01412E+6	1.21945E+6	8.10818E+4	2.50567E+6
8.21000E+1	3.29389E+4	1.55789E+4	3.85024E+6	1.18350E+6	8.08213E+4	2.34477E+6
8.22000E+1	3.31757E+4	1.55987E+4	4.16857E+6	1.20894E+6	8.11590E+4	2.41367E+6
8.23000E+1	3.31265E+4	1.56551E+4	4.13653E+6	1.20706E+6	8.08476E+4	2.40778E+6
8.24000E+1	3.33238E+4	1.57565E+4	3.78060E+6	1.20142E+6	8.07528E+4	2.41918E+6
8.25000E+1	3.33324E+4	1.59342E+4	4.13711E+6	1.19518E+6	8.07760E+4	2.46349E+6
8.26000E+1	3.33450E+4	1.59428E+4	3.96668E+6	1.21482E+6	8.09309E+4	2.44229E+6
8.27000E+1	3.33547E+4	1.60382E+4	4.05042E+6	1.21021E+6	8.09488E+4	2.45800E+6
8.28000E+1	3.33989E+4	1.61815E+4	4.12270E+6	1.21867E+6	8.08940E+4	2.44041E+6
8.29000E+1	3.34281E+4	1.61515E+4	4.09871E+6	1.20383E+6	8.07402E+4	2.45337E+6
8.30000E+1	3.36056E+4	1.63043E+4	4.00107E+6	1.19685E+6	8.07392E+4	2.41652E+6
8.31000E+1	3.35303E+4	1.63435E+4	4.16505E+6	1.21448E+6	8.07108E+4	2.48915E+6
8.32000E+1	3.33759E+4	1.63422E+4	3.93235E+6	1.21165E+6	8.08877E+4	2.42676E+6
8.33000E+1	3.35217E+4	1.64644E+4	3.82774E+6	1.22860E+6	8.04995E+4	2.34323E+6
8.34000E+1	3.36389E+4	1.65208E+4	3.87655E+6	1.21951E+6	8.07423E+4	2.54204E+6
8.35000E+1	3.36056E+4	1.65265E+4	3.90995E+6	1.21962E+6	8.04691E+4	2.44646E+6
8.36000E+1	3.38516E+4	1.67140E+4	4.11181E+6	1.21509E+6	8.06203E+4	2.52773E+6
8.37000E+1	3.35136E+4	1.66912E+4	3.86183E+6	1.19275E+6	8.06004E+4	2.54272E+6
8.38000E+1	3.36090E+4	1.67751E+4	4.06546E+6	1.22798E+6	8.07139E+4	2.44270E+6
8.39000E+1	3.36372E+4	1.68947E+4	4.22628E+6	1.20350E+6	8.07665E+4	2.50327E+6
8.40000E+1	3.37253E+4	1.69502E+4	4.06044E+6	1.22311E+6	8.05846E+4	2.50917E+6
8.41000E+1	3.37455E+4	1.70710E+4	4.02780E+6	1.21259E+6	8.05216E+4	2.47797E+6
8.42000E+1	3.37979E+4	1.70618E+4	4.04101E+6	1.21783E+6	8.09910E+4	2.48333E+6
8.43000E+1	3.37847E+4	1.71886E+4	4.00813E+6	1.20104E+6	8.05258E+4	2.46328E+6
8.44000E+1	3.38002E+4	1.73601E+4	4.00053E+6	1.24315E+6	8.05090E+4	2.46943E+6
8.45000E+1	3.39030E+4	1.72772E+4	4.09984E+6	1.23157E+6	8.06140E+4	2.50589E+6
8.46000E+1	3.37899E+4	1.74885E+4	4.09984E+6	1.21065E+6	8.04292E+4	2.47754E+6
8.47000E+1	3.39608E+4	1.74698E+4	4.19218E+6	1.24414E+6	8.02051E+4	2.53129E+6
8.48000E+1	3.39261E+4	1.76724E+4	4.16154E+6	1.22934E+6	8.04691E+4	2.52129E+6
8.49000E+1	3.39001E+4	1.77394E+4	4.14290E+6	1.21359E+6	8.02940E+4	2.45673E+6
8.50000E+1	3.40458E+4	1.77805E+4	4.03770E+6	1.23627E+6	8.02323E+4	2.53554E+6
8.51000E+1	3.39683E+4	1.78999E+4	4.08117E+6	1.23880E+6	8.02741E+4	2.51643E+6
8.52000E+1	3.42499E+4	1.78449E+4	4.21306E+6	1.25122E+6	8.04083E+4	2.43688E+6
8.53000E+1	3.41895E+4	1.78690E+4	4.22207E+6	1.24193E+6	8.02773E+4	2.50174E+6
8.54000E+1	3.42632E+4	1.81841E+4	4.35417E+6	1.23231E+6	8.03108E+4	2.54677E+6
8.55000E+1	3.41333E+4	1.80820E+4	4.11753E+6	1.21632E+6	8.01319E+4	2.45232E+6
8.56000E+1	3.43603E+4	1.82561E+4	4.19991E+6	1.25375E+6	8.03003E+4	2.56564E+6
8.57000E+1	3.40916E+4	1.81841E+4	4.15686E+6	1.25493E+6	8.04104E+4	2.52373E+6
8.58000E+1	3.40198E+4	1.83197E+4	4.12040E+6	1.23638E+6	8.00055E+4	2.52773E+6
8.59000E+1	3.43824E+4	1.83116E+4	4.31426E+6	1.22855E+6	8.01057E+4	2.58246E+6
8.60000E+1	3.41675E+4	1.84791E+4	4.04433E+6	1.22951E+6	8.00180E+4	2.47818E+6
8.61000E+1	3.43295E+4	1.84732E+4	4.07274E+6	1.22317E+6	8.00692E+4	2.48807E+6
8.62000E+1	3.45286E+4	1.86136E+4	4.26461E+6	1.24858E+6	8.04555E+4	2.52840E+6
8.63000E+1	3.43458E+4	1.87461E+4	4.05487E+6	1.22418E+6	8.01277E+4	2.52617E+6
8.64000E+1	3.44558E+4	1.87947E+4	4.04987E+6	1.23351E+6	8.00076E+4	2.60160E+6
8.65000E+1	3.45222E+4	1.88547E+4	4.46420E+6	1.26183E+6	7.98834E+4	2.54407E+6
8.66000E+1	3.44278E+4	1.89659E+4	4.21486E+6	1.24181E+6	8.00107E+4	2.64557E+6
8.67000E+1	3.44138E+4	1.89882E+4	4.20289E+6	1.26994E+6	8.00545E+4	2.54362E+6
8.68000E+1	3.43527E+4	1.91257E+4	4.08174E+6	1.25570E+6	8.01737E+4	2.57276E+6
8.69000E+1	3.44272E+4	1.91856E+4	4.06882E+6	1.27158E+6	7.98251E+4	2.53196E+6
8.70000E+1	3.44884E+4	1.91920E+4	4.14116E+6	1.24286E+6	7.99627E+4	2.55130E+6
8.71000E+1	3.44802E+4	1.94107E+4	4.11524E+6	1.24123E+6	7.96679E+4	2.63445E+6
8.72000E+1	3.45863E+4	1.94475E+4	4.09304E+6	1.25352E+6	7.98709E+4	2.57345E+6
8.73000E+1	3.43225E+4	1.95754E+4	4.17327E+6	1.23111E+6	8.00556E+4	2.56679E+6
8.74000E+1	3.44499E+4	1.95473E+4	4.21966E+6	1.24542E+6	7.99783E+4	2.62365E+6
8.75000E+1	3.43475E+4	1.96718E+4	4.29676E+6	1.24280E+6	7.97990E+4	2.51621E+6
8.76000E+1	3.43312E+4	1.98020E+4	4.11639E+6	1.22622E+6	7.98032E+4	2.57299E+6
8.77000E+1	3.43336E+4	1.98154E+4	4.00541E+6	1.22662E+6	8.00514E+4	2.55379E+6
8.78000E+1	3.42638E+4	1.97207E+4	3.90116E+6	1.22520E+6	7.98073E+4	2.51864E+6
8.79000E+1	3.42197E+4	1.98867E+4	4.14696E+6	1.25748E+6	7.98636E+4	2.59106E+6
8.80000E+1	3.41820E+4	1.99557E+4	4.02122E+6	1.20938E+6	7.98813E+4	2.57414E+6
8.81000E+1	3.41333E+4	2.00481E+4	4.53509E+6	1.24864E+6	8.01089E+4	2.58084E+6
8.82000E+1	3.39157E+4	2.01363E+4	4.04654E+6	1.26512E+6	8.00796E+4	2.51027E+6
8.83000E+1	3.39781E+4	2.02024E+4	4.21186E+6	1.24112E+6	7.99366E+4	2.53487E+6
8.84000E+1	3.39278E+4	2.02452E+4	4.20289E+6	1.24571E+6	8.00337E+4	2.56450E+6
8.85000E+1	3.40748E+4	2.04006E+4	4.21726E+6	1.24361E+6	8.00848E+4	2.56084E+6
8.86000E+1	3.41385E+4	2.04655E+4	4.00595E+6	1.22713E+6	8.01601E+4	2.60207E+6
8.87000E+1	3.40481E+4	2.04870E+4	4.13769E+6	1.23725E+6	8.02689E+4	2.54497E+6
8.88000E+1	3.40128E+4	2.06298E+4	3.95235E+6	1.22582E+6	7.97844E+4	2.56679E+6
8.89000E+1	3.38429E+4	2.08026E+4	4.15745E+6	1.23100E+6	7.97397E+4	2.56198E+6
8.90000E+1	3.39538E+4	2.08840E+4	4.28992E+6	1.24245E+6	7.96991E+4	2.56335E+6
8.91000E+1	3.39723E+4	2.07636E+4	4.20230E+6	1.23151E+6	7.99679E+4	2.57829E+6
8.92000E+1	3.37034E+4	2.07932E+4	3.97042E+6	1.23123E+6	7.98761E+4	2.57829E+6
8.93000E+1	3.38325E+4	2.10462E+4	4.25237E+6	1.26368E+6	8.01413E+4	2.68349E+6
8.94000E+1	3.37674E+4	2.09622E+4	4.29800E+6	1.22787E+6	7.97563E+4	2.52684E+6
8.95000E+1	3.37789E+4	2.11719E+4	4.06044E+6	1.24274E+6	7.99314E+4	2.65508E+6
8.96000E+1	3.35630E+4	2.10858E+4	4.25542E+6	1.23615E+6	7.98136E+4	2.53129E+6
8.97000E+1	3.35469E+4	2.12485E+4	4.16388E+6	1.22781E+6	7.98959E+4	2.62413E+6
8.98000E+1	3.36309E+4	2.14521E+4	4.21726E+6	1.22243E+6	8.01590E+4	2.68824E+6
8.99000E+1	3.35073E+4	2.13206E+4	4.25420E+6	1.22159E+6	8.02375E+4	2.62221E+6
9.00000E+1	3.32923E+4	2.15724E+4	4.00433E+6	1.21906E+6	7.98646E+4	2.53531E+6
9.01000E+1	3.35912E+4	2.15724E+4	4.26829E+6	1.23627E+6	7.98865E+4	2.60113E+6
9.02000E+1	3.33461E+4	2.16544E+4	4.06155E+6	1.21026E+6	8.01130E+4	2.60396E+6
9.03000E+1	3.33450E+4	2.16940E+4	3.96562E+6	1.21521E+6	7.99773E+4	2.53375E+6
9.04000E+1	3.33696E+4	2.19253E+4	4.14638E+6	1.23014E+6	7.97980E+4	2.68824E+6
9.05000E+1	3.33278E+4	2.18004E+4	4.07724E+6	1.22097E+6	7.98167E+4	2.51952E+6
9.06000E+1	3.33376E+4	2.19617E+4	4.10781E+6	1.21482E+6	8.00347E+4	2.54542E+6
9.07000E+1	3.32168E+4	2.19220E+4	4.24263E+6	1.21889E+6	7.98136E+4	2.50655E+6
9.08000E+1	3.32431E+4	2.21258E+4	4.49597E+6	1.21615E+6	7.99961E+4	2.56862E+6
9.09000E+1	3.33559E+4	2.21970E+4	4.18744E+6	1.21677E+6	7.99710E+4	2.54813E+6
9.10000E+1	3.34516E+4	2.21970E+4	4.03880E+6	1.22758E+6	7.99376E+4	2.64363E+6
9.11000E+1	3.31791E+4	2.22860E+4	4.22568E+6	1.22951E+6	7.98897E+4	2.57760E+6
9.12000E+1	3.30472E+4	2.23646E+4	3.91669E+6	1.20613E+6	7.95972E+4	2.53040E+6
9.13000E+1	3.31962E+4	2.24892E+4	4.23474E+6	1.22588E+6	7.99481E+4	2.60962E+6
9.14000E+1	3.30067E+4	2.24945E+4	4.27014E+6	1.24303E+6	7.98428E+4	2.59480E+6
9.15000E+1	3.33267E+4	2.25003E+4	3.97362E+6	1.20883E+6	7.97501E+4	2.51864E+6
9.16000E+1	3.30997E+4	2.27794E+4	4.04267E+6	1.20695E+6	7.98730E+4	2.59808E+6
9.17000E+1	3.32666E+4	2.26669E+4	4.08738E+6	1.21710E+6	8.00169E+4	2.50589E+6
9.18000E+1	3.31345E+4	2.29190E+4	4.28992E+6	1.20322E+6	7.99262E+4	2.54768E+6
9.19000E+1	3.31522E+4	2.29472E+4	4.06267E+6	1.22328E+6	7.99303E+4	2.60090E+6
9.20000E+1	3.32814E+4	2.29511E+4	4.27075E+6	1.20999E+6	7.99909E+4	2.62174E+6
9.21000E+1	3.31631E+4	2.30496E+4	4.09871E+6	1.21822E+6	8.00483E+4	2.58176E+6
9.22000E+1	3.32317E+4	2.30515E+4	4.25664E+6	1.23054E+6	7.99084E+4	2.59902E+6
9.23000E+1	3.33341E+4	2.30910E+4	4.22749E+6	1.20988E+6	7.97782E+4	2.55606E+6
9.24000E+1	3.34000E+4	2.31565E+4	4.12903E+6	1.20910E+6	7.99199E+4	2.60513E+6
9.25000E+1	3.32202E+4	2.33920E+4	4.12557E+6	1.21571E+6	7.98292E+4	2.58107E+6
9.26000E+1	3.33187E+4	2.33361E+4	3.92137E+6	1.19707E+6	7.97428E+4	2.47797E+6
9.27000E+1	3.33507E+4	2.34877E+4	4.19813E+6	1.23185E+6	7.99627E+4	2.55356E+6
9.28000E+1	3.32832E+4	2.35998E+4	4.11925E+6	1.22193E+6	8.01130E+4	2.64363E+6
9.29000E+1	3.32128E+4	2.36279E+4	4.23414E+6	1.21331E+6	7.95307E+4	2.54114E+6
9.30000E+1	3.35372E+4	2.38098E+4	3.93287E+6	1.20476E+6	7.96918E+4	2.59293E+6
9.31000E+1	3.33553E+4	2.38360E+4	4.09360E+6	1.21571E+6	7.97928E+4	2.55039E+6
9.32000E+1	3.34861E+4	2.37763E+4	4.22026E+6	1.22108E+6	7.97511E+4	2.57000E+6
9.33000E+1	3.33473E+4	2.39151E+4	4.11696E+6	1.20153E+6	7.97032E+4	2.54520E+6
9.34000E+1	3.35337E+4	2.39651E+4	4.14232E+6	1.23800E+6	7.96658E+4	2.59761E+6
9.35000E+1	3.34310E+4	2.41759E+4	4.22749E+6	1.22588E+6	7.96606E+4	2.52218E+6
9.36000E+1	3.35131E+4	2.42251E+4	4.36442E+6	1.21688E+6	7.96866E+4	2.63879E+6
9.37000E+1	3.37409E+4	2.40667E+4	4.36892E+6	1.21049E+6	7.95795E+4	2.61959E+6
9.38000E+1	3.36994E+4	2.42678E+4	4.25176E+6	1.22227E+6	7.96804E+4	2.53129E+6
9.39000E+1	3.34671E+4	2.42007E+4	3.95977E+6	1.20553E+6	7.94238E+4	2.53152E+6
9.40000E+1	3.37074E+4	2.43739E+4	4.13306E+6	1.23748E+6	7.99011E+4	2.65044E+6
9.41000E+1	3.37351E+4	2.43699E+4	4.10610E+6	1.21309E+6	7.96523E+4	2.57000E+6
9.42000E+1	3.35797E+4	2.46291E+4	4.18981E+6	1.22283E+6	7.96367E+4	2.57069E+6
9.43000E+1	3.38833E+4	2.45661E+4	4.16975E+6	1.21409E+6	7.97022E+4	2.55742E+6
9.44000E+1	3.37587E+4	2.46266E+4	4.18094E+6	1.23730E+6	7.95484E+4	2.63252E+6
9.45000E+1	3.39775E+4	2.45626E+4	4.09021E+6	1.20596E+6	7.95110E+4	2.60443E+6
9.46000E+1	3.38966E+4	2.48908E+4	4.34015E+6	1.23673E+6	7.98021E+4	2.62389E+6
9.47000E+1	3.39192E+4	2.47217E+4	4.33825E+6	1.23610E+6	7.94415E+4	2.63903E+6
9.48000E+1	3.40684E+4	2.48602E+4	4.01248E+6	1.21694E+6	7.91018E+4	2.55198E+6
9.49000E+1	3.41223E+4	2.49300E+4	4.26093E+6	1.25299E+6	7.98365E+4	2.62820E+6
9.50000E+1	3.39573E+4	2.49693E+4	4.15220E+6	1.26046E+6	7.96554E+4	2.58362E+6
9.51000E+1	3.40487E+4	2.52456E+4	4.19040E+6	1.22097E+6	7.94435E+4	2.60584E+6
9.52000E+1	3.40013E+4	2.52572E+4	4.10610E+6	1.22024E+6	7.94363E+4	2.59386E+6
9.53000E+1	3.39388E+4	2.52557E+4	4.15745E+6	1.23191E+6	7.91329E+4	2.57737E+6
9.54000E+1	3.42743E+4	2.52729E+4	4.03494E+6	1.23151E+6	7.94103E+4	2.62031E+6
9.55000E+1	3.42191E+4	2.54587E+4	4.25726E+6	1.23340E+6	7.94964E+4	2.64048E+6
9.56000E+1	3.42046E+4	2.54577E+4	4.30925E+6	1.21705E+6	7.93751E+4	2.66440E+6
9.57000E+1	3.41785E+4	2.55176E+4	4.24810E+6	1.24245E+6	7.94249E+4	2.63758E+6
9.58000E+1	3.44243E+4	2.55917E+4	4.33952E+6	1.22684E+6	7.92270E+4	2.62772E+6
9.59000E+1	3.42598E+4	2.55933E+4	4.08117E+6	1.22798E+6	7.91949E+4	2.60749E+6
9.60000E+1	3.43650E+4	2.58198E+4	4.17151E+6	1.21320E+6	7.92042E+4	2.62245E+6
9.61000E+1	3.41878E+4	2.58377E+4	4.34206E+6	1.22849E+6	7.96606E+4	2.68149E+6
9.62000E+1	3.42760E+4	2.58632E+4	4.28062E+6	1.23254E+6	7.91887E+4	2.72016E+6
9.63000E+1	3.42226E+4	2.59525E+4	4.26277E+6	1.23898E+6	7.93554E+4	2.71147E+6
9.64000E+1	3.40927E+4	2.58693E+4	4.54132E+6	1.23363E+6	7.95068E+4	2.69981E+6
9.65000E+1	3.42487E+4	2.60656E+4	4.06658E+6	1.23512E+6	7.90925E+4	2.66391E+6
9.66000E+1	3.41066E+4	2.60656E+4	4.27137E+6	1.23610E+6	7.94176E+4	2.65434E+6
9.67000E+1	3.40458E+4	2.62158E+4	4.21426E+6	1.23707E+6	7.93906E+4	2.65899E+6
9.68000E+1	3.41246E+4	2.62117E+4	4.02177E+6	1.21666E+6	7.92270E+4	2.60749E+6
9.69000E+1	3.42342E+4	2.63694E+4	4.06379E+6	1.22543E+6	7.94290E+4	2.67032E+6
9.70000E+1	3.43847E+4	2.65250E+4	4.42165E+6	1.21766E+6	7.92435E+4	2.64898E+6
9.71000E+1	3.43126E+4	2.64827E+4	4.15045E+6	1.22974E+6	7.90130E+4	2.60608E+6
9.72000E+1	3.42964E+4	2.65430E+4	4.14754E+6	1.22747E+6	7.92063E+4	2.65654E+6
9.73000E+1	3.43318E+4	2.66117E+4	4.06714E+6	1.20927E+6	7.92684E+4	2.56061E+6
9.74000E+1	3.43527E+4	2.66996E+4	4.12155E+6	1.23552E+6	7.91215E+4	2.65361E+6
9.75000E+1	3.44849E+4	2.67787E+4	4.15162E+6	1.21929E+6	7.91484E+4	2.58524E+6
9.76000E+1	3.44010E+4	2.69447E+4	4.26032E+6	1.24332E+6	7.92601E+4	2.66465E+6
9.77000E+1	3.43900E+4	2.68663E+4	4.23959E+6	1.22390E+6	7.90554E+4	2.61270E+6
9.78000E+1	3.45094E+4	2.69145E+4	4.33128E+6	1.23518E+6	7.90874E+4	2.65801E+6
9.79000E+1	3.45094E+4	2.70397E+4	4.04101E+6	1.22866E+6	7.89036E+4	2.66391E+6
9.80000E+1	3.45000E+4	2.70439E+4	4.35034E+6	1.26231E+6	7.92943E+4	2.60490E+6
9.81000E+1	3.45484E+4	2.70725E+4	4.05209E+6	1.24170E+6	7.91463E+4	2.70006E+6
9.82000E+1	3.44400E+4	2.73175E+4	4.31741E+6	1.22052E+6	7.90894E+4	2.67701E+6
9.83000E+1	3.46342E+4	2.72559E+4	4.49257E+6	1.22946E+6	7.88768E+4	2.71555E+6
9.84000E+1	3.45344E+4	2.72288E+4	4.23414E+6	1.25134E+6	7.88624E+4	2.59691E+6
9.85000E+1	3.44458E+4	2.75660E+4	4.26154E+6	1.23088E+6	7.91442E+4	2.75229E+6
9.86000E+1	3.43748E+4	2.74298E+4	4.31866E+6	1.23904E+6	7.89738E+4	2.66341E+6
9.87000E+1	3.44482E+4	2.74927E+4	4.43089E+6	1.24495E+6	7.90068E+4	2.64898E+6
9.88000E+1	3.45420E+4	2.75529E+4	4.27939E+6	1.24899E+6	7.89274E+4	2.68474E+6
9.89000E+1	3.45537E+4	2.76473E+4	4.31113E+6	1.21649E+6	7.89697E+4	2.65581E+6
9.90000E+1	3.46103E+4	2.77787E+4	4.29489E+6	1.23060E+6	7.90636E+4	2.67776E+6
9.91000E+1	3.47605E+4	2.77345E+4	4.10496E+6	1.21560E+6	7.88964E+4	2.66391E+6
9.92000E+1	3.45210E+4	2.78819E+4	4.16505E+6	1.24106E+6	7.92705E+4	2.67627E+6
9.93000E+1	3.48471E+4	2.79203E+4	4.22749E+6	1.22667E+6	7.88191E+4	2.64557E+6
9.94000E+1	3.45589E+4	2.79842E+4	4.01030E+6	1.22002E+6	7.88789E+4	2.64218E+6
9.95000E+1	3.48313E+4	2.80850E+4	4.06658E+6	1.22232E+6	7.88645E+4	2.67255E+6
9.96000E+1	3.47002E+4	2.80835E+4	4.09984E+6	1.24152E+6	7.88810E+4	2.76493E+6
9.97000E+1	3.48272E+4	2.83265E+4	4.24993E+6	1.25428E+6	7.91246E+4	2.72941E+6
9.98000E+1	3.45881E+4	2.81898E+4	4.40590E+6	1.24083E+6	7.88861E+4	2.59620E+6
9.99000E+1	3.48155E+4	2.83483E+4	4.20289E+6	1.22475E+6	7.91318E+4	2.78597E+6
1.00000E+2	3.48958E+4	2.85098E+4	4.16154E+6	1.24239E+6	7.92094E+4	2.66096E+6
1.00100E+2	3.47722E+4	2.84460E+4	4.25848E+6	1.24565E+6	7.92166E+4	2.79593E+6
1.00200E+2	3.45070E+4	2.85348E+4	4.11524E+6	1.21198E+6	7.84644E+4	2.62772E+6
1.00300E+2	3.48530E+4	2.87267E+4	4.18212E+6	1.23840E+6	7.90853E+4	2.71760E+6
1.00400E+2	3.46950E+4	2.85992E+4	4.26277E+6	1.21582E+6	7.89562E+4	2.74994E+6
1.00500E+2	3.46038E+4	2.85966E+4	4.05376E+6	1.22413E+6	7.85609E+4	2.82679E+6
1.00600E+2	3.47043E+4	2.87999E+4	4.40721E+6	1.23477E+6	7.88707E+4	2.61294E+6
1.00700E+2	3.46611E+4	2.89722E+4	4.18803E+6	1.21415E+6	7.86524E+4	2.64072E+6
1.00800E+2	3.44686E+4	2.88758E+4	4.27014E+6	1.25523E+6	7.89686E+4	2.61294E+6
1.00900E+2	3.47657E+4	2.89224E+4	4.25603E+6	1.22667E+6	7.88315E+4	2.65117E+6
1.01000E+2	3.46681E+4	2.91568E+4	4.34524E+6	1.23163E+6	7.90667E+4	2.71760E+6
1.01100E+2	3.45251E+4	2.90693E+4	4.23959E+6	1.22322E+6	7.85003E+4	2.65044E+6
1.01200E+2	3.44756E+4	2.93242E+4	4.18330E+6	1.22097E+6	7.89160E+4	2.75151E+6
1.01300E+2	3.45578E+4	2.92789E+4	4.33381E+6	1.22855E+6	7.89170E+4	2.72041E+6
1.01400E+2	3.42412E+4	2.92628E+4	4.12270E+6	1.20850E+6	7.87121E+4	2.66268E+6
1.01500E+2	3.45963E+4	2.92649E+4	4.41705E+6	1.22176E+6	7.92435E+4	2.84400E+6
1.01600E+2	3.43498E+4	2.93786E+4	4.14696E+6	1.23800E+6	7.87193E+4	2.73174E+6
1.01700E+2	3.41565E+4	2.95271E+4	4.13827E+6	1.21800E+6	7.87028E+4	2.62868E+6
1.01800E+2	3.44802E+4	2.96158E+4	4.46823E+6	1.26261E+6	7.88686E+4	2.77155E+6
1.01900E+2	3.44080E+4	2.95877E+4	4.17504E+6	1.19038E+6	7.87069E+4	2.71709E+6
1.02000E+2	3.44354E+4	2.96954E+4	4.66092E+6	1.24106E+6	7.89645E+4	2.79377E+6
1.02100E+2	3.41994E+4	2.95833E+4	4.12730E+6	1.20087E+6	7.89542E+4	2.61673E+6
1.02200E+2	3.44458E+4	2.99615E+4	3.97630E+6	1.23437E+6	7.92135E+4	2.66785E+6
1.02300E+2	3.42313E+4	2.98479E+4	4.20887E+6	1.23707E+6	7.89872E+4	2.67527E+6
1.02400E+2	3.41211E+4	2.98701E+4	3.94707E+6	1.20955E+6	7.86668E+4	2.61057E+6
1.02500E+2	3.42900E+4	3.01953E+4	4.08230E+6	1.22963E+6	7.89387E+4	2.67230E+6
1.02600E+2	3.41304E+4	3.01178E+4	4.31741E+6	1.19615E+6	7.87975E+4	2.74029E+6
1.02700E+2	3.41136E+4	3.02019E+4	4.18626E+6	1.21643E+6	7.87254E+4	2.72016E+6
1.02800E+2	3.40736E+4	3.01926E+4	4.30737E+6	1.21426E+6	7.89397E+4	2.71479E+6
1.02900E+2	3.40551E+4	3.02183E+4	4.32307E+6	1.21426E+6	7.87975E+4	2.63927E+6
1.03000E+2	3.40180E+4	3.01992E+4	4.09871E+6	1.23088E+6	7.89593E+4	2.67329E+6
1.03100E+2	3.39509E+4	3.03692E+4	4.31992E+6	1.23552E+6	7.86401E+4	2.77288E+6
1.03200E+2	3.41310E+4	3.05194E+4	4.07106E+6	1.19815E+6	7.87851E+4	2.63228E+6
