0.00000E+0	8.62919E+4	1.43541E+5	7.03640E+6	2.47795E+6	9.84669E+4	5.31074E+6
1.00000E-1	8.05183E+4	1.35232E+5	5.85031E+6	2.16891E+6	9.39916E+4	4.96962E+6
2.00000E-1	8.10089E+4	1.35725E+5	7.19061E+6	2.32205E+6	9.44120E+4	5.69349E+6
3.00000E-1	8.06213E+4	1.34713E+5	5.76375E+6	2.17857E+6	9.36346E+4	4.69179E+6
4.00000E-1	8.14915E+4	1.35603E+5	6.30061E+6	2.35655E+6	9.44230E+4	5.20622E+6
5.00000E-1	8.08243E+4	1.34919E+5	6.18527E+6	2.21080E+6	9.43767E+4	4.97543E+6
6.00000E-1	8.14947E+4	1.36197E+5	6.90751E+6	2.32318E+6	9.45875E+4	5.41848E+6
7.00000E-1	8.11525E+4	1.35976E+5	6.45747E+6	2.26954E+6	9.42295E+4	5.31451E+6
8.00000E-1	8.14406E+4	1.35682E+5	6.09495E+6	2.29662E+6	9.46217E+4	4.86581E+6
9.00000E-1	8.21304E+4	1.36272E+5	6.52323E+6	2.30274E+6	9.48575E+4	5.14259E+6
1.00000E+0	8.23669E+4	1.36555E+5	7.21294E+6	2.36592E+6	9.53087E+4	5.37951E+6
1.10000E+0	8.19191E+4	1.35471E+5	6.31517E+6	2.28648E+6	9.46424E+4	4.77610E+6
1.20000E+0	8.19340E+4	1.35439E+5	6.04588E+6	2.30628E+6	9.48440E+4	4.84918E+6
1.30000E+0	8.25106E+4	1.35312E+5	6.91385E+6	2.54743E+6	9.49762E+4	5.74146E+6
1.40000E+0	8.20866E+4	1.34558E+5	6.04588E+6	2.30983E+6	9.41797E+4	4.85392E+6
1.50000E+0	8.27158E+4	1.35164E+5	7.01025E+6	2.42346E+6	9.47817E+4	5.25012E+6
1.60000E+0	8.20696E+4	1.33843E+5	6.75432E+6	2.22761E+6	9.42453E+4	4.61607E+6
1.70000E+0	8.28805E+4	1.33786E+5	6.86819E+6	2.30497E+6	9.38729E+4	4.83502E+6
1.80000E+0	8.34458E+4	1.34325E+5	7.17523E+6	2.38826E+6	9.39746E+4	5.56864E+6
1.90000E+0	8.23766E+4	1.32979E+5	6.12102E+6	2.28630E+6	9.33451E+4	4.79532E+6
2.00000E+0	8.25568E+4	1.32785E+5	5.84689E+6	2.22848E+6	9.30829E+4	4.57840E+6
2.10000E+0	8.34783E+4	1.33661E+5	7.02330E+6	2.36847E+6	9.35887E+4	5.07787E+6
2.20000E+0	8.39524E+4	1.34058E+5	7.49012E+6	2.45209E+6	9.43694E+4	5.61772E+6
2.30000E+0	8.30466E+4	1.32489E+5	6.71669E+6	2.33516E+6	9.36769E+4	4.89860E+6
2.40000E+0	8.35554E+4	1.32515E+5	6.33112E+6	2.37753E+6	9.34705E+4	4.75247E+6
2.50000E+0	8.40866E+4	1.32757E+5	7.34270E+6	2.42757E+6	9.35573E+4	5.10566E+6
2.60000E+0	8.33764E+4	1.31903E+5	6.05685E+6	2.25301E+6	9.30841E+4	4.60464E+6
2.70000E+0	8.37792E+4	1.31299E+5	6.09742E+6	2.28905E+6	9.28310E+4	4.60107E+6
2.80000E+0	8.41696E+4	1.32110E+5	8.08236E+6	2.51421E+6	9.33186E+4	5.28072E+6
2.90000E+0	8.41631E+4	1.31156E+5	6.18781E+6	2.30181E+6	9.26049E+4	4.80306E+6
3.00000E+0	8.39655E+4	1.30570E+5	5.82871E+6	2.17406E+6	9.23662E+4	4.67263E+6
3.10000E+0	8.45287E+4	1.31276E+5	7.40932E+6	2.35636E+6	9.27927E+4	5.13286E+6
3.20000E+0	8.39295E+4	1.29996E+5	6.64118E+6	2.25408E+6	9.19486E+4	4.75626E+6
3.30000E+0	8.45430E+4	1.29948E+5	7.18206E+6	2.39326E+6	9.23650E+4	5.18184E+6
3.40000E+0	8.40670E+4	1.29002E+5	5.92773E+6	2.20479E+6	9.18004E+4	4.63478E+6
3.50000E+0	8.53319E+4	1.29613E+5	7.18377E+6	2.32773E+6	9.20520E+4	4.99041E+6
3.60000E+0	8.54360E+4	1.29933E+5	7.53117E+6	2.33803E+6	9.19285E+4	5.11703E+6
3.70000E+0	8.42330E+4	1.28343E+5	6.12352E+6	2.20650E+6	9.15506E+4	4.69549E+6
3.80000E+0	8.49036E+4	1.28341E+5	6.11231E+6	2.20942E+6	9.12992E+4	4.65072E+6
3.90000E+0	8.55424E+4	1.29547E+5	7.96962E+6	2.42777E+6	9.15967E+4	5.19084E+6
4.00000E+0	8.48595E+4	1.27952E+5	6.89961E+6	2.19084E+6	9.12343E+4	4.63117E+6
4.10000E+0	8.53242E+4	1.28147E+5	6.43263E+6	2.28044E+6	9.13145E+4	4.76998E+6
4.20000E+0	8.53995E+4	1.28064E+5	6.75281E+6	2.28869E+6	9.10319E+4	4.76083E+6
4.30000E+0	8.61310E+4	1.28540E+5	7.94035E+6	2.42736E+6	9.12343E+4	5.04185E+6
4.40000E+0	8.53508E+4	1.27152E+5	6.18145E+6	2.24590E+6	9.07525E+4	4.55594E+6
4.50000E+0	8.60841E+4	1.28096E+5	7.56888E+6	2.41752E+6	9.08158E+4	5.15946E+6
4.60000E+0	8.58045E+4	1.27286E+5	6.27564E+6	2.31715E+6	9.06108E+4	4.64056E+6
4.70000E+0	8.63254E+4	1.27735E+5	7.88656E+6	2.50849E+6	9.10225E+4	5.16214E+6
4.80000E+0	8.58168E+4	1.26752E+5	6.30458E+6	2.21373E+6	9.04763E+4	4.54897E+6
4.90000E+0	8.65505E+4	1.27316E+5	7.45134E+6	2.42202E+6	9.06693E+4	5.13551E+6
5.00000E+0	8.59114E+4	1.26745E+5	6.61058E+6	2.22482E+6	9.02346E+4	4.55594E+6
5.10000E+0	8.65729E+4	1.27107E+5	7.86811E+6	2.38288E+6	9.07349E+4	4.90101E+6
5.20000E+0	8.59760E+4	1.26009E+5	6.52323E+6	2.30702E+6	9.02591E+4	4.51099E+6
5.30000E+0	8.66167E+4	1.26702E+5	6.94889E+6	2.35694E+6	9.02066E+4	4.94901E+6
5.40000E+0	8.58735E+4	1.25539E+5	6.37674E+6	2.30908E+6	9.00529E+4	4.63478E+6
5.50000E+0	8.69246E+4	1.26725E+5	7.68818E+6	2.46517E+6	9.04213E+4	4.87297E+6
5.60000E+0	8.62181E+4	1.25639E+5	6.97298E+6	2.28044E+6	8.98657E+4	4.52473E+6
5.70000E+0	8.66122E+4	1.26098E+5	6.89173E+6	2.35792E+6	9.00308E+4	4.56504E+6
5.80000E+0	8.73873E+4	1.26249E+5	7.32135E+6	2.33116E+6	9.02171E+4	5.23999E+6
5.90000E+0	8.62036E+4	1.24882E+5	6.05441E+6	2.16427E+6	8.95782E+4	4.54202E+6
6.00000E+0	8.71004E+4	1.25609E+5	7.39482E+6	2.34514E+6	9.01134E+4	4.94163E+6
6.10000E+0	8.65595E+4	1.25469E+5	6.70921E+6	2.29477E+6	8.98611E+4	4.65727E+6
6.20000E+0	8.66795E+4	1.24638E+5	6.33245E+6	2.22865E+6	8.98460E+4	4.72156E+6
6.30000E+0	8.67975E+4	1.24999E+5	7.26500E+6	2.25641E+6	8.97648E+4	5.10391E+6
6.40000E+0	8.68323E+4	1.24970E+5	7.43301E+6	2.31114E+6	9.02311E+4	4.75019E+6
6.50000E+0	8.65382E+4	1.25112E+5	6.80003E+6	2.31846E+6	8.97914E+4	4.76387E+6
6.60000E+0	8.62952E+4	1.23972E+5	5.90441E+6	2.25605E+6	8.94058E+4	4.44749E+6
6.70000E+0	8.67469E+4	1.24960E+5	7.49941E+6	2.41426E+6	8.96488E+4	4.80073E+6
6.80000E+0	8.61623E+4	1.23988E+5	6.16370E+6	2.28979E+6	8.89745E+4	4.46689E+6
6.90000E+0	8.61980E+4	1.23618E+5	6.23659E+6	2.23584E+6	8.89665E+4	4.38053E+6
7.00000E+0	8.68087E+4	1.24596E+5	8.62762E+6	2.43852E+6	8.97195E+4	5.41260E+6
7.10000E+0	8.58646E+4	1.23443E+5	5.97968E+6	2.25408E+6	8.91472E+4	4.69179E+6
7.20000E+0	8.63377E+4	1.24101E+5	6.86819E+6	2.33363E+6	8.92683E+4	4.89779E+6
7.30000E+0	8.63567E+4	1.23337E+5	6.30194E+6	2.36729E+6	8.89676E+4	4.37859E+6
7.40000E+0	8.65752E+4	1.24104E+5	7.40751E+6	2.32413E+6	8.91115E+4	4.77457E+6
7.50000E+0	8.65796E+4	1.23644E+5	7.05615E+6	2.38249E+6	8.93261E+4	5.01726E+6
7.60000E+0	8.62013E+4	1.23115E+5	6.64998E+6	2.32073E+6	8.88745E+4	4.62613E+6
7.70000E+0	8.66492E+4	1.23625E+5	7.24061E+6	2.35578E+6	8.93342E+4	5.02148E+6
7.80000E+0	8.63400E+4	1.22960E+5	6.73169E+6	2.33039E+6	8.85200E+4	4.38183E+6
7.90000E+0	8.66750E+4	1.23138E+5	6.80924E+6	2.36045E+6	8.88412E+4	4.81470E+6
8.00000E+0	8.63970E+4	1.22332E+5	5.66358E+6	2.29237E+6	8.84777E+4	4.41573E+6
8.10000E+0	8.71884E+4	1.23229E+5	7.77312E+6	2.36886E+6	8.86747E+4	4.87536E+6
8.20000E+0	8.62561E+4	1.22994E+5	6.67798E+6	2.34225E+6	8.88044E+4	4.80926E+6
8.30000E+0	8.60139E+4	1.22149E+5	6.29271E+6	2.23338E+6	8.86025E+4	4.30487E+6
8.40000E+0	8.67964E+4	1.22728E+5	7.32135E+6	2.34861E+6	8.87952E+4	5.00296E+6
8.50000E+0	8.66526E+4	1.22226E+5	6.40525E+6	2.30852E+6	8.84250E+4	4.58617E+6
8.60000E+0	8.69640E+4	1.22854E+5	7.19233E+6	2.38507E+6	8.89239E+4	5.05294E+6
8.70000E+0	8.66066E+4	1.22173E+5	6.55019E+6	2.35054E+6	8.85933E+4	4.76007E+6
8.80000E+0	8.62639E+4	1.22294E+5	5.99161E+6	2.29625E+6	8.82057E+4	4.39937E+6
8.90000E+0	8.71669E+4	1.22761E+5	7.24930E+6	2.39406E+6	8.87252E+4	5.00296E+6
9.00000E+0	8.58401E+4	1.21978E+5	6.02527E+6	2.24519E+6	8.81954E+4	4.40002E+6
9.10000E+0	8.64967E+4	1.22332E+5	6.86662E+6	2.32111E+6	8.84639E+4	4.83502E+6
9.20000E+0	8.66458E+4	1.22821E+5	7.11939E+6	2.43645E+6	8.88193E+4	4.97958E+6
9.30000E+0	8.63221E+4	1.22501E+5	6.52182E+6	2.29773E+6	8.83096E+4	4.83659E+6
9.40000E+0	8.56701E+4	1.21345E+5	5.74168E+6	2.25194E+6	8.83061E+4	4.33191E+6
9.50000E+0	8.67357E+4	1.22235E+5	6.48529E+6	2.33154E+6	8.85372E+4	4.60535E+6
9.60000E+0	8.66818E+4	1.22861E+5	8.35655E+6	2.42983E+6	8.87826E+4	5.04355E+6
9.70000E+0	8.63724E+4	1.21817E+5	6.25085E+6	2.22708E+6	8.82993E+4	4.38506E+6
9.80000E+0	8.69527E+4	1.22452E+5	7.26150E+6	2.38070E+6	8.86621E+4	4.84760E+6
9.90000E+0	8.68110E+4	1.22284E+5	6.31119E+6	2.28887E+6	8.84388E+4	4.46555E+6
1.00000E+1	8.71568E+4	1.22599E+5	6.73470E+6	2.39326E+6	8.86988E+4	5.02571E+6
1.01000E+1	8.60852E+4	1.21994E+5	5.95477E+6	2.26809E+6	8.86334E+4	4.35098E+6
1.02000E+1	8.67379E+4	1.23200E+5	7.47900E+6	2.34437E+6	8.91334E+4	4.70514E+6
1.03000E+1	8.62874E+4	1.22571E+5	6.19164E+6	2.26071E+6	8.85647E+4	4.32938E+6
1.04000E+1	8.73443E+4	1.23168E+5	7.69992E+6	2.53105E+6	8.92799E+4	4.91070E+6
1.05000E+1	8.67919E+4	1.22129E+5	7.03640E+6	2.32697E+6	8.88274E+4	4.65727E+6
1.06000E+1	8.69854E+4	1.22797E+5	7.35521E+6	2.40170E+6	8.92533E+4	4.88015E+6
1.07000E+1	8.68098E+4	1.23441E+5	6.59033E+6	2.30665E+6	8.87964E+4	4.71782E+6
1.08000E+1	8.70293E+4	1.23393E+5	6.97943E+6	2.47495E+6	8.93492E+4	4.86105E+6
1.09000E+1	8.70158E+4	1.23329E+5	6.21339E+6	2.36260E+6	8.95909E+4	4.59042E+6
1.10000E+1	8.71635E+4	1.23878E+5	6.86037E+6	2.42572E+6	8.95481E+4	4.94163E+6
1.11000E+1	8.69190E+4	1.23498E+5	6.57738E+6	2.33726E+6	8.91334E+4	4.58405E+6
1.12000E+1	8.70203E+4	1.24142E+5	7.30895E+6	2.42860E+6	8.96801E+4	4.99626E+6
1.13000E+1	8.63825E+4	1.23059E+5	6.08015E+6	2.27680E+6	8.90908E+4	4.48578E+6
1.14000E+1	8.68706E+4	1.23978E+5	7.45502E+6	2.41365E+6	8.94775E+4	5.20259E+6
1.15000E+1	8.59359E+4	1.23305E+5	6.07154E+6	2.26305E+6	8.91726E+4	4.59965E+6
1.16000E+1	8.67480E+4	1.23469E+5	6.73319E+6	2.31621E+6	8.93561E+4	4.54967E+6
1.17000E+1	8.68931E+4	1.23651E+5	8.42624E+6	2.49216E+6	8.97636E+4	5.12846E+6
1.18000E+1	8.60696E+4	1.22845E+5	6.14731E+6	2.32224E+6	8.90654E+4	4.47564E+6
1.19000E+1	8.63332E+4	1.23226E+5	7.07766E+6	2.35383E+6	8.93838E+4	4.76235E+6
1.20000E+1	8.63556E+4	1.23228E+5	6.64851E+6	2.33001E+6	8.91334E+4	4.79610E+6
1.21000E+1	8.60562E+4	1.22856E+5	6.22110E+6	2.28318E+6	8.93099E+4	4.58334E+6
1.22000E+1	8.63109E+4	1.22825E+5	6.43538E+6	2.27008E+6	8.90608E+4	4.58122E+6
1.23000E+1	8.64575E+4	1.23319E+5	7.58026E+6	2.38906E+6	8.92683E+4	5.07183E+6
1.24000E+1	8.63623E+4	1.23128E+5	6.31119E+6	2.33154E+6	8.89193E+4	4.78993E+6
1.25000E+1	8.63612E+4	1.22116E+5	6.97459E+6	2.31301E+6	8.88584E+4	4.70514E+6
1.26000E+1	8.66167E+4	1.23612E+5	7.85994E+6	2.33363E+6	8.91519E+4	4.80848E+6
1.27000E+1	8.63008E+4	1.22428E+5	6.46718E+6	2.32849E+6	8.90113E+4	4.57206E+6
1.28000E+1	8.65931E+4	1.23186E+5	6.87758E+6	2.37931E+6	8.92441E+4	4.89377E+6
1.29000E+1	8.59860E+4	1.22017E+5	6.19674E+6	2.26467E+6	8.87172E+4	4.25603E+6
1.30000E+1	8.72268E+4	1.22704E+5	7.57077E+6	2.43935E+6	8.91588E+4	4.95394E+6
1.31000E+1	8.63030E+4	1.22261E+5	6.23530E+6	2.25355E+6	8.86644E+4	4.56434E+6
1.32000E+1	8.65909E+4	1.22375E+5	6.67059E+6	2.33230E+6	8.89596E+4	4.77151E+6
1.33000E+1	8.68076E+4	1.22947E+5	7.12275E+6	2.39687E+6	8.92234E+4	4.89940E+6
1.34000E+1	8.63422E+4	1.22544E+5	6.85102E+6	2.40816E+6	8.93122E+4	4.98707E+6
1.35000E+1	8.66907E+4	1.22450E+5	6.20569E+6	2.21373E+6	8.89791E+4	4.36121E+6
1.36000E+1	8.68323E+4	1.22923E+5	6.53740E+6	2.32508E+6	8.92003E+4	4.82250E+6
1.37000E+1	8.64440E+4	1.23486E+5	7.89068E+6	2.46347E+6	8.94428E+4	5.15323E+6
1.38000E+1	8.60061E+4	1.22477E+5	6.02647E+6	2.19270E+6	8.89734E+4	4.55106E+6
1.39000E+1	8.63981E+4	1.23263E+5	7.73141E+6	2.43998E+6	8.94428E+4	4.95806E+6
1.40000E+1	8.62963E+4	1.22885E+5	6.30194E+6	2.19237E+6	8.87837E+4	4.45349E+6
1.41000E+1	8.69482E+4	1.23232E+5	7.33913E+6	2.42633E+6	8.96419E+4	5.08392E+6
1.42000E+1	8.64138E+4	1.22563E+5	6.31782E+6	2.31809E+6	8.91622E+4	4.41114E+6
1.43000E+1	8.69786E+4	1.23111E+5	6.95851E+6	2.28630E+6	8.91115E+4	4.67117E+6
1.44000E+1	8.68582E+4	1.23799E+5	7.37676E+6	2.51487E+6	8.99994E+4	4.95312E+6
1.45000E+1	8.68886E+4	1.23330E+5	6.32313E+6	2.30274E+6	8.96326E+4	4.50962E+6
1.46000E+1	8.72087E+4	1.24573E+5	7.48455E+6	2.47303E+6	9.00529E+4	5.10653E+6
1.47000E+1	8.67784E+4	1.24067E+5	6.33378E+6	2.35616E+6	9.00564E+4	4.46488E+6
1.48000E+1	8.71297E+4	1.23990E+5	7.69404E+6	2.44143E+6	9.00715E+4	4.75702E+6
1.49000E+1	8.70046E+4	1.24544E+5	7.68232E+6	2.58731E+6	9.02253E+4	5.21621E+6
1.50000E+1	8.62114E+4	1.23573E+5	6.14480E+6	2.39165E+6	8.97010E+4	4.62325E+6
1.51000E+1	8.64877E+4	1.22800E+5	5.81290E+6	2.29477E+6	8.94752E+4	4.15686E+6
1.52000E+1	8.64608E+4	1.23465E+5	6.10609E+6	2.36435E+6	8.94393E+4	4.42627E+6
1.53000E+1	8.70440E+4	1.24007E+5	7.84975E+6	2.48439E+6	8.99715E+4	5.10304E+6
1.54000E+1	8.69843E+4	1.24161E+5	7.95287E+6	2.56424E+6	8.98820E+4	5.19355E+6
1.55000E+1	8.68222E+4	1.23807E+5	7.62230E+6	2.54540E+6	8.98193E+4	5.30980E+6
1.56000E+1	8.67469E+4	1.23395E+5	7.27725E+6	2.42038E+6	8.95851E+4	4.79532E+6
1.57000E+1	8.60295E+4	1.22490E+5	6.27957E+6	2.33421E+6	8.90044E+4	4.51236E+6
1.58000E+1	8.60685E+4	1.22378E+5	6.29139E+6	2.21424E+6	8.88549E+4	4.33888E+6
1.59000E+1	8.63377E+4	1.22441E+5	6.90277E+6	2.35345E+6	8.92430E+4	4.54480E+6
1.60000E+1	8.70091E+4	1.23281E+5	7.82539E+6	2.40149E+6	8.93989E+4	5.20440E+6
1.61000E+1	8.59214E+4	1.22364E+5	6.29798E+6	2.34764E+6	8.90977E+4	4.58759E+6
1.62000E+1	8.58424E+4	1.21544E+5	5.65931E+6	2.24254E+6	8.86025E+4	4.43089E+6
1.63000E+1	8.58001E+4	1.21348E+5	5.73400E+6	2.24254E+6	8.86804E+4	4.34843E+6
1.64000E+1	8.59726E+4	1.21762E+5	5.90673E+6	2.25373E+6	8.87355E+4	4.45951E+6
1.65000E+1	8.65931E+4	1.22718E+5	7.49941E+6	2.46093E+6	8.90482E+4	4.96714E+6
1.66000E+1	8.67964E+4	1.22920E+5	7.88246E+6	2.40008E+6	8.89147E+4	5.04099E+6
1.67000E+1	8.65326E+4	1.22375E+5	7.27900E+6	2.48891E+6	8.92303E+4	5.14082E+6
1.68000E+1	8.57990E+4	1.21387E+5	6.40116E+6	2.29902E+6	8.88228E+4	4.45216E+6
1.69000E+1	8.57067E+4	1.20992E+5	6.17003E+6	2.28428E+6	8.83313E+4	4.34142E+6
1.70000E+1	8.60875E+4	1.21427E+5	6.96815E+6	2.30181E+6	8.86254E+4	4.53025E+6
1.71000E+1	8.67649E+4	1.22257E+5	7.43484E+6	2.45230E+6	8.88354E+4	4.96714E+6
1.72000E+1	8.62259E+4	1.21428E+5	6.19036E+6	2.27407E+6	8.84433E+4	4.50551E+6
1.73000E+1	8.59437E+4	1.20946E+5	6.37404E+6	2.27953E+6	8.81076E+4	4.34270E+6
1.74000E+1	8.67480E+4	1.21651E+5	7.37136E+6	2.46814E+6	8.89872E+4	4.92449E+6
1.75000E+1	8.68875E+4	1.21688E+5	7.35163E+6	2.49411E+6	8.85945E+4	4.96301E+6
1.76000E+1	8.62136E+4	1.20974E+5	6.29007E+6	2.22743E+6	8.82148E+4	4.48307E+6
1.77000E+1	8.61332E+4	1.20148E+5	5.94769E+6	2.18058E+6	8.79049E+4	4.16096E+6
1.78000E+1	8.63153E+4	1.20680E+5	6.16623E+6	2.25230E+6	8.80278E+4	4.45082E+6
1.79000E+1	8.72460E+4	1.21151E+5	6.83239E+6	2.35093E+6	8.81965E+4	4.81004E+6
1.80000E+1	8.73771E+4	1.21662E+5	7.75122E+6	2.44351E+6	8.84868E+4	5.23082E+6
1.81000E+1	8.67604E+4	1.20370E+5	6.17637E+6	2.22743E+6	8.78662E+4	4.37665E+6
1.82000E+1	8.73228E+4	1.21201E+5	7.84364E+6	2.42716E+6	8.85899E+4	5.06495E+6
1.83000E+1	8.67851E+4	1.20366E+5	6.49229E+6	2.27534E+6	8.79709E+4	4.60963E+6
1.84000E+1	8.74563E+4	1.21069E+5	6.57738E+6	2.29403E+6	8.83153E+4	4.50551E+6
1.85000E+1	8.68053E+4	1.20398E+5	6.42165E+6	2.27353E+6	8.81144E+4	4.38247E+6
1.86000E+1	8.76773E+4	1.20925E+5	7.36059E+6	2.41141E+6	8.82605E+4	4.67925E+6
1.87000E+1	8.69922E+4	1.20712E+5	6.68836E+6	2.27935E+6	8.81635E+4	4.66311E+6
1.88000E+1	8.73307E+4	1.21487E+5	7.64736E+6	2.40210E+6	8.84090E+4	4.81626E+6
1.89000E+1	8.70857E+4	1.21244E+5	7.35342E+6	2.34842E+6	8.82662E+4	4.60464E+6
1.90000E+1	8.57512E+4	1.20800E+5	6.18527E+6	2.29736E+6	8.80062E+4	4.38312E+6
1.91000E+1	8.13960E+4	1.21532E+5	7.34985E+6	2.44372E+6	8.88860E+4	4.89699E+6
1.92000E+1	7.35461E+4	1.20528E+5	5.52468E+6	2.23813E+6	8.81623E+4	4.47834E+6
1.93000E+1	6.56594E+4	1.21327E+5	5.50437E+6	2.42161E+6	8.89642E+4	5.03334E+6
1.94000E+1	5.31368E+4	1.21121E+5	3.92304E+6	2.19865E+6	8.88929E+4	4.23474E+6
1.95000E+1	3.92311E+4	1.20855E+5	2.70763E+6	2.02783E+6	8.92603E+4	4.06658E+6
1.96000E+1	2.75918E+4	1.20899E+5	1.86374E+6	1.90108E+6	9.04891E+4	3.91617E+6
1.97000E+1	1.96566E+4	1.19802E+5	1.14871E+6	1.58169E+6	9.12945E+4	3.21597E+6
1.98000E+1	1.43897E+4	1.20547E+5	7.97765E+5	1.36266E+6	9.37531E+4	3.09810E+6
1.99000E+1	1.08223E+4	1.18709E+5	5.42506E+5	1.05641E+6	9.54329E+4	2.42547E+6
2.00000E+1	8.68267E+3	1.18215E+5	4.04224E+5	8.28154E+5	9.85138E+4	2.10254E+6
2.01000E+1	7.21300E+3	1.16096E+5	3.17255E+5	6.21897E+5	1.01001E+5	1.69031E+6
2.02000E+1	6.33118E+3	1.14348E+5	2.66374E+5	4.81329E+5	1.04547E+5	1.45124E+6
2.03000E+1	5.67126E+3	1.10771E+5	2.27436E+5	3.73135E+5	1.07271E+5	1.15725E+6
2.04000E+1	5.27024E+3	1.08284E+5	2.07131E+5	3.04261E+5	1.11227E+5	1.00189E+6
2.05000E+1	5.03513E+3	1.04504E+5	1.92772E+5	2.58061E+5	1.14558E+5	8.84743E+5
2.06000E+1	4.78869E+3	9.99021E+4	1.80602E+5	2.25940E+5	1.16851E+5	7.54956E+5
2.07000E+1	4.76040E+3	9.63997E+4	1.75120E+5	2.06389E+5	1.20330E+5	6.93680E+5
2.08000E+1	4.67102E+3	9.17375E+4	1.67445E+5	1.89279E+5	1.21940E+5	6.09486E+5
2.09000E+1	4.54939E+3	8.84878E+4	1.64543E+5	1.79468E+5	1.24873E+5	5.76238E+5
2.10000E+1	4.40520E+3	8.38252E+4	1.57247E+5	1.72156E+5	1.26898E+5	5.19560E+5
2.11000E+1	4.30486E+3	7.98074E+4	1.47966E+5	1.63631E+5	1.28167E+5	4.80121E+5
2.12000E+1	4.21101E+3	7.60834E+4	1.41712E+5	1.56768E+5	1.30562E+5	4.53583E+5
2.13000E+1	4.17709E+3	7.26707E+4	1.37824E+5	1.52531E+5	1.32978E+5	4.28871E+5
2.14000E+1	4.08905E+3	6.86716E+4	1.33828E+5	1.44802E+5	1.33896E+5	4.00612E+5
2.15000E+1	4.12502E+3	6.57498E+4	1.33472E+5	1.41911E+5	1.36732E+5	3.91022E+5
2.16000E+1	4.08626E+3	6.20640E+4	1.31581E+5	1.36655E+5	1.37438E+5	3.68704E+5
2.17000E+1	4.10930E+3	5.93762E+4	1.33939E+5	1.33805E+5	1.39401E+5	3.59851E+5
2.18000E+1	4.14214E+3	5.63206E+4	1.35747E+5	1.31589E+5	1.40148E+5	3.47094E+5
2.19000E+1	4.16380E+3	5.35347E+4	1.37537E+5	1.29273E+5	1.40789E+5	3.37280E+5
2.20000E+1	4.25372E+3	5.16022E+4	1.42495E+5	1.29665E+5	1.42643E+5	3.37508E+5
2.21000E+1	4.19667E+3	4.91051E+4	1.45297E+5	1.29954E+5	1.42565E+5	3.27459E+5
2.22000E+1	4.28874E+3	4.68665E+4	1.50304E+5	1.29741E+5	1.43007E+5	3.21143E+5
2.23000E+1	4.32134E+3	4.51021E+4	1.55391E+5	1.31574E+5	1.43819E+5	3.21331E+5
2.24000E+1	4.30276E+3	4.31751E+4	1.58212E+5	1.32024E+5	1.43679E+5	3.16012E+5
2.25000E+1	4.33712E+3	4.19046E+4	1.63765E+5	1.34292E+5	1.44846E+5	3.19028E+5
2.26000E+1	4.38203E+3	4.02200E+4	1.68365E+5	1.36908E+5	1.45049E+5	3.15745E+5
2.27000E+1	4.44982E+3	3.88364E+4	1.71136E+5	1.37764E+5	1.44397E+5	3.15761E+5
2.28000E+1	4.42768E+3	3.74586E+4	1.76274E+5	1.40580E+5	1.45268E+5	3.16794E+5
2.29000E+1	4.50926E+3	3.63146E+4	1.78450E+5	1.40772E+5	1.45111E+5	3.12184E+5
2.30000E+1	4.53037E+3	3.52585E+4	1.82829E+5	1.44299E+5	1.46606E+5	3.17647E+5
2.31000E+1	4.53037E+3	3.41107E+4	1.83804E+5	1.46413E+5	1.46160E+5	3.15350E+5
2.32000E+1	4.52861E+3	3.28576E+4	1.82793E+5	1.45853E+5	1.45759E+5	3.12118E+5
2.33000E+1	4.52193E+3	3.20601E+4	1.83833E+5	1.46255E+5	1.45893E+5	3.14130E+5
2.34000E+1	4.52967E+3	3.12426E+4	1.83617E+5	1.49068E+5	1.46673E+5	3.15244E+5
2.35000E+1	4.52263E+3	3.03470E+4	1.82281E+5	1.49357E+5	1.47083E+5	3.12584E+5
2.36000E+1	4.54657E+3	2.94614E+4	1.78760E+5	1.48403E+5	1.47266E+5	3.12896E+5
2.37000E+1	4.51805E+3	2.86629E+4	1.77630E+5	1.48099E+5	1.47692E+5	3.12584E+5
2.38000E+1	4.53108E+3	2.79844E+4	1.80189E+5	1.47828E+5	1.48952E+5	3.13584E+5
2.39000E+1	4.57757E+3	2.72457E+4	1.81756E+5	1.47458E+5	1.48932E+5	3.12113E+5
2.40000E+1	4.55185E+3	2.66016E+4	1.84212E+5	1.47859E+5	1.49392E+5	3.12885E+5
2.41000E+1	4.62692E+3	2.59880E+4	1.87167E+5	1.47503E+5	1.50489E+5	3.14684E+5
2.42000E+1	4.61775E+3	2.53454E+4	1.89838E+5	1.49184E+5	1.50450E+5	3.13375E+5
2.43000E+1	4.69185E+3	2.49408E+4	1.93159E+5	1.50589E+5	1.51129E+5	3.18565E+5
2.44000E+1	4.68161E+3	2.42546E+4	1.94474E+5	1.50477E+5	1.51261E+5	3.15817E+5
2.45000E+1	4.65796E+3	2.36704E+4	1.98274E+5	1.52453E+5	1.51026E+5	3.15405E+5
2.46000E+1	4.78161E+3	2.32628E+4	2.02248E+5	1.54689E+5	1.51826E+5	3.19679E+5
2.47000E+1	4.67914E+3	2.27005E+4	2.02189E+5	1.54873E+5	1.51113E+5	3.18192E+5
2.48000E+1	4.77171E+3	2.23976E+4	2.02752E+5	1.56238E+5	1.52143E+5	3.23158E+5
2.49000E+1	4.68055E+3	2.18499E+4	1.99749E+5	1.57379E+5	1.51512E+5	3.21532E+5
2.50000E+1	4.72788E+3	2.15602E+4	1.99218E+5	1.58662E+5	1.52887E+5	3.23481E+5
2.51000E+1	4.67984E+3	2.10345E+4	1.93989E+5	1.58017E+5	1.52084E+5	3.21120E+5
2.52000E+1	4.67067E+3	2.07901E+4	1.95928E+5	1.57571E+5	1.53709E+5	3.22042E+5
2.53000E+1	4.71551E+3	2.02780E+4	1.94209E+5	1.56249E+5	1.52879E+5	3.22231E+5
2.54000E+1	4.69644E+3	1.99040E+4	1.95174E+5	1.56251E+5	1.53322E+5	3.21841E+5
2.55000E+1	4.70774E+3	1.95986E+4	1.97115E+5	1.55067E+5	1.53664E+5	3.23516E+5
2.56000E+1	4.72929E+3	1.91574E+4	1.97056E+5	1.54812E+5	1.53554E+5	3.21080E+5
2.57000E+1	4.74237E+3	1.88376E+4	1.97389E+5	1.56331E+5	1.54123E+5	3.24408E+5
2.58000E+1	4.66149E+3	1.84838E+4	1.94070E+5	1.54330E+5	1.53116E+5	3.20418E+5
2.59000E+1	4.67914E+3	1.82531E+4	1.93586E+5	1.54682E+5	1.53990E+5	3.24164E+5
2.60000E+1	4.67137E+3	1.79503E+4	1.89695E+5	1.54009E+5	1.54052E+5	3.21131E+5
2.61000E+1	4.62797E+3	1.76071E+4	1.84139E+5	1.52824E+5	1.53992E+5	3.20800E+5
2.62000E+1	4.55960E+3	1.73305E+4	1.79417E+5	1.51071E+5	1.54308E+5	3.19470E+5
2.63000E+1	4.51629E+3	1.70063E+4	1.74284E+5	1.49373E+5	1.54573E+5	3.16218E+5
2.64000E+1	4.45510E+3	1.68210E+4	1.70328E+5	1.47359E+5	1.54887E+5	3.16062E+5
2.65000E+1	4.33712E+3	1.63986E+4	1.62432E+5	1.45185E+5	1.54857E+5	3.09076E+5
2.66000E+1	4.31959E+3	1.61334E+4	1.53999E+5	1.41051E+5	1.55697E+5	3.07878E+5
2.67000E+1	4.29750E+3	1.59036E+4	1.46054E+5	1.39319E+5	1.57114E+5	3.05194E+5
2.68000E+1	4.19947E+3	1.57139E+4	1.37537E+5	1.34715E+5	1.57545E+5	2.99402E+5
2.69000E+1	4.13515E+3	1.53956E+4	1.30383E+5	1.29077E+5	1.58063E+5	2.94032E+5
2.70000E+1	4.10162E+3	1.50888E+4	1.26641E+5	1.25441E+5	1.59069E+5	2.90778E+5
2.71000E+1	4.03742E+3	1.48210E+4	1.22526E+5	1.19879E+5	1.59355E+5	2.83659E+5
2.72000E+1	4.01580E+3	1.45887E+4	1.20885E+5	1.17943E+5	1.60605E+5	2.82232E+5
2.73000E+1	3.99838E+3	1.42871E+4	1.17853E+5	1.13448E+5	1.61263E+5	2.76278E+5
2.74000E+1	3.99211E+3	1.41341E+4	1.18082E+5	1.12670E+5	1.62738E+5	2.76022E+5
2.75000E+1	3.91238E+3	1.38148E+4	1.16145E+5	1.10183E+5	1.61741E+5	2.70741E+5
2.76000E+1	3.95449E+3	1.36256E+4	1.17143E+5	1.08673E+5	1.63442E+5	2.71197E+5
2.77000E+1	3.97190E+3	1.34097E+4	1.18646E+5	1.08475E+5	1.63628E+5	2.68125E+5
2.78000E+1	3.98096E+3	1.30636E+4	1.18666E+5	1.06784E+5	1.62655E+5	2.63695E+5
2.79000E+1	3.96877E+3	1.30240E+4	1.20474E+5	1.07701E+5	1.64470E+5	2.66473E+5
2.80000E+1	3.95380E+3	1.27772E+4	1.20026E+5	1.06679E+5	1.63469E+5	2.62222E+5
2.81000E+1	3.96006E+3	1.26540E+4	1.21287E+5	1.06749E+5	1.64407E+5	2.63912E+5
2.82000E+1	3.99315E+3	1.24048E+4	1.22263E+5	1.06434E+5	1.63756E+5	2.59933E+5
2.83000E+1	4.00779E+3	1.22333E+4	1.24720E+5	1.07213E+5	1.64892E+5	2.62180E+5
2.84000E+1	4.04195E+3	1.20558E+4	1.26097E+5	1.06788E+5	1.64915E+5	2.60305E+5
2.85000E+1	3.98723E+3	1.18011E+4	1.27746E+5	1.07473E+5	1.64131E+5	2.58955E+5
2.86000E+1	4.02417E+3	1.17267E+4	1.30230E+5	1.08704E+5	1.64827E+5	2.61977E+5
2.87000E+1	4.07056E+3	1.15183E+4	1.31368E+5	1.08450E+5	1.63590E+5	2.59958E+5
2.88000E+1	4.07719E+3	1.14639E+4	1.34950E+5	1.10397E+5	1.64342E+5	2.62159E+5
2.89000E+1	4.07405E+3	1.12370E+4	1.37239E+5	1.10262E+5	1.62940E+5	2.59412E+5
2.90000E+1	4.15437E+3	1.11792E+4	1.41169E+5	1.11344E+5	1.63980E+5	2.64566E+5
2.91000E+1	4.16101E+3	1.10174E+4	1.43406E+5	1.12802E+5	1.62820E+5	2.61593E+5
2.92000E+1	4.17674E+3	1.08509E+4	1.46646E+5	1.14650E+5	1.62951E+5	2.64570E+5
2.93000E+1	4.18933E+3	1.07571E+4	1.48200E+5	1.14259E+5	1.61615E+5	2.62815E+5
2.94000E+1	4.18653E+3	1.06020E+4	1.50631E+5	1.16301E+5	1.61818E+5	2.65704E+5
2.95000E+1	4.22641E+3	1.05244E+4	1.51929E+5	1.17461E+5	1.61838E+5	2.66516E+5
2.96000E+1	4.23586E+3	1.03814E+4	1.51616E+5	1.17827E+5	1.60535E+5	2.64305E+5
2.97000E+1	4.30346E+3	1.03190E+4	1.53145E+5	1.19340E+5	1.61683E+5	2.66915E+5
2.98000E+1	4.21766E+3	1.02089E+4	1.52704E+5	1.19987E+5	1.60679E+5	2.66663E+5
2.99000E+1	4.23726E+3	1.01507E+4	1.55639E+5	1.20360E+5	1.61311E+5	2.68077E+5
3.00000E+1	4.26808E+3	1.00378E+4	1.57935E+5	1.20992E+5	1.60622E+5	2.68321E+5
3.01000E+1	4.31854E+3	9.92285E+3	1.60739E+5	1.21072E+5	1.60303E+5	2.68518E+5
3.02000E+1	4.31713E+3	9.84543E+3	1.64140E+5	1.22250E+5	1.60935E+5	2.69237E+5
3.03000E+1	4.40626E+3	9.81240E+3	1.67258E+5	1.23456E+5	1.60489E+5	2.71397E+5
3.04000E+1	4.38835E+3	9.70645E+3	1.70183E+5	1.24925E+5	1.60576E+5	2.72802E+5
3.05000E+1	4.38484E+3	9.66459E+3	1.72636E+5	1.27304E+5	1.61078E+5	2.77201E+5
3.06000E+1	4.39292E+3	9.58870E+3	1.73001E+5	1.28100E+5	1.60495E+5	2.74430E+5
3.07000E+1	4.41644E+3	9.51678E+3	1.73169E+5	1.30591E+5	1.60883E+5	2.76465E+5
3.08000E+1	4.39537E+3	9.46541E+3	1.74173E+5	1.31285E+5	1.61135E+5	2.79021E+5
3.09000E+1	4.36519E+3	9.43454E+3	1.73328E+5	1.32154E+5	1.61368E+5	2.78762E+5
3.10000E+1	4.39783E+3	9.31853E+3	1.69586E+5	1.31555E+5	1.60782E+5	2.78180E+5
3.11000E+1	4.41328E+3	9.25158E+3	1.69542E+5	1.32947E+5	1.61611E+5	2.80872E+5
3.12000E+1	4.38449E+3	9.21929E+3	1.66302E+5	1.31525E+5	1.61461E+5	2.79289E+5
3.13000E+1	4.39818E+3	9.24350E+3	1.67662E+5	1.32373E+5	1.62945E+5	2.82227E+5
3.14000E+1	4.35045E+3	9.04470E+3	1.65394E+5	1.31198E+5	1.62323E+5	2.80647E+5
3.15000E+1	4.39362E+3	9.04087E+3	1.66941E+5	1.31631E+5	1.63000E+5	2.81842E+5
3.16000E+1	4.41223E+3	9.00794E+3	1.65732E+5	1.30490E+5	1.62983E+5	2.82694E+5
3.17000E+1	4.39643E+3	8.94405E+3	1.66934E+5	1.31199E+5	1.63049E+5	2.82448E+5
3.18000E+1	4.38344E+3	8.88061E+3	1.68082E+5	1.30703E+5	1.63574E+5	2.83403E+5
3.19000E+1	4.42768E+3	8.88519E+3	1.67369E+5	1.29997E+5	1.63355E+5	2.81513E+5
3.20000E+1	4.39046E+3	8.79017E+3	1.67932E+5	1.31883E+5	1.64196E+5	2.84891E+5
3.21000E+1	4.38730E+3	8.79474E+3	1.66962E+5	1.31335E+5	1.63958E+5	2.84552E+5
3.22000E+1	4.40310E+3	8.68922E+3	1.67604E+5	1.31279E+5	1.63747E+5	2.83630E+5
3.23000E+1	4.44033E+3	8.71015E+3	1.71150E+5	1.32383E+5	1.65096E+5	2.87413E+5
3.24000E+1	4.48709E+3	8.67019E+3	1.72632E+5	1.32455E+5	1.64470E+5	2.86410E+5
3.25000E+1	4.50292E+3	8.62304E+3	1.76875E+5	1.34610E+5	1.65766E+5	2.91760E+5
3.26000E+1	4.50503E+3	8.58352E+3	1.77031E+5	1.34660E+5	1.65575E+5	2.90542E+5
3.27000E+1	4.53249E+3	8.55238E+3	1.78923E+5	1.37375E+5	1.66658E+5	2.93338E+5
3.28000E+1	4.46775E+3	8.52961E+3	1.79244E+5	1.37422E+5	1.66532E+5	2.93952E+5
3.29000E+1	4.52474E+3	8.47461E+3	1.80711E+5	1.39162E+5	1.66642E+5	2.95735E+5
3.30000E+1	4.50996E+3	8.44581E+3	1.78308E+5	1.38169E+5	1.65848E+5	2.94363E+5
3.31000E+1	4.46459E+3	8.43217E+3	1.76357E+5	1.39911E+5	1.67292E+5	2.98162E+5
3.32000E+1	4.48463E+3	8.39014E+3	1.71150E+5	1.38967E+5	1.66267E+5	2.94583E+5
3.33000E+1	4.44104E+3	8.40415E+3	1.68041E+5	1.37814E+5	1.66773E+5	2.94719E+5
3.34000E+1	4.44350E+3	8.31185E+3	1.67072E+5	1.38512E+5	1.68720E+5	2.98776E+5
3.35000E+1	4.39537E+3	8.26840E+3	1.62352E+5	1.36417E+5	1.67649E+5	2.94925E+5
3.36000E+1	4.38168E+3	8.25481E+3	1.57503E+5	1.34113E+5	1.68443E+5	2.94293E+5
3.37000E+1	4.30942E+3	8.21028E+3	1.55176E+5	1.33530E+5	1.69396E+5	2.95362E+5
3.38000E+1	4.28594E+3	8.15184E+3	1.50314E+5	1.31700E+5	1.68939E+5	2.92230E+5
3.39000E+1	4.25582E+3	8.13187E+3	1.45726E+5	1.29193E+5	1.70095E+5	2.90002E+5
3.40000E+1	4.23516E+3	8.12283E+3	1.43775E+5	1.27848E+5	1.71112E+5	2.91133E+5
3.41000E+1	4.16905E+3	8.05620E+3	1.39437E+5	1.25096E+5	1.70691E+5	2.86222E+5
3.42000E+1	4.16835E+3	8.02612E+3	1.38537E+5	1.24254E+5	1.71969E+5	2.87824E+5
3.43000E+1	4.19597E+3	7.99718E+3	1.36998E+5	1.21837E+5	1.72124E+5	2.84896E+5
3.44000E+1	4.16101E+3	7.92170E+3	1.35240E+5	1.20697E+5	1.71781E+5	2.81734E+5
3.45000E+1	4.10546E+3	7.88382E+3	1.33045E+5	1.18145E+5	1.71986E+5	2.80265E+5
3.46000E+1	4.12746E+3	7.87407E+3	1.32116E+5	1.17508E+5	1.72801E+5	2.80853E+5
3.47000E+1	4.09080E+3	7.81936E+3	1.30215E+5	1.16998E+5	1.72981E+5	2.78508E+5
3.48000E+1	4.05241E+3	7.78529E+3	1.27871E+5	1.15302E+5	1.73428E+5	2.76666E+5
3.49000E+1	4.05486E+3	7.72993E+3	1.25002E+5	1.13947E+5	1.73643E+5	2.73089E+5
3.50000E+1	4.04300E+3	7.76658E+3	1.22468E+5	1.12638E+5	1.75027E+5	2.74869E+5
3.51000E+1	3.99002E+3	7.69591E+3	1.17573E+5	1.12163E+5	1.75826E+5	2.71548E+5
3.52000E+1	3.94718E+3	7.62534E+3	1.14754E+5	1.09647E+5	1.76559E+5	2.69325E+5
3.53000E+1	3.93952E+3	7.54926E+3	1.12002E+5	1.07608E+5	1.75890E+5	2.65313E+5
3.54000E+1	3.90508E+3	7.56231E+3	1.11034E+5	1.05655E+5	1.77104E+5	2.63635E+5
3.55000E+1	3.83278E+3	7.47218E+3	1.10517E+5	1.05072E+5	1.77449E+5	2.65076E+5
3.56000E+1	3.86475E+3	7.44056E+3	1.09855E+5	1.02531E+5	1.77483E+5	2.60112E+5
3.57000E+1	3.89256E+3	7.45098E+3	1.11305E+5	1.02184E+5	1.76981E+5	2.59941E+5
3.58000E+1	3.93709E+3	7.37255E+3	1.13645E+5	1.01017E+5	1.77995E+5	2.59491E+5
3.59000E+1	3.92908E+3	7.33542E+3	1.14984E+5	1.01030E+5	1.76879E+5	2.57158E+5
3.60000E+1	3.90264E+3	7.34024E+3	1.15921E+5	1.01513E+5	1.77161E+5	2.58234E+5
3.61000E+1	3.93291E+3	7.26643E+3	1.14468E+5	1.00635E+5	1.76544E+5	2.54948E+5
3.62000E+1	3.91691E+3	7.18272E+3	1.14598E+5	1.01812E+5	1.77446E+5	2.56821E+5
3.63000E+1	3.93048E+3	7.19826E+3	1.13154E+5	1.01042E+5	1.76677E+5	2.53666E+5
3.64000E+1	3.90299E+3	7.19123E+3	1.14243E+5	1.01239E+5	1.77610E+5	2.54636E+5
3.65000E+1	3.88282E+3	7.12279E+3	1.13874E+5	9.99696E+4	1.76541E+5	2.51615E+5
3.66000E+1	3.89534E+3	7.11651E+3	1.15495E+5	1.00312E+5	1.76679E+5	2.52710E+5
3.67000E+1	3.90995E+3	7.06663E+3	1.17608E+5	1.00151E+5	1.77050E+5	2.51898E+5
3.68000E+1	3.96180E+3	7.05555E+3	1.20283E+5	9.98267E+4	1.76453E+5	2.51763E+5
3.69000E+1	3.92073E+3	6.98876E+3	1.21701E+5	1.00517E+5	1.76300E+5	2.52398E+5
3.70000E+1	3.95275E+3	6.96111E+3	1.22935E+5	1.00859E+5	1.75608E+5	2.51229E+5
3.71000E+1	3.96250E+3	6.97844E+3	1.23474E+5	1.02358E+5	1.76458E+5	2.53469E+5
3.72000E+1	3.98758E+3	6.93347E+3	1.24239E+5	1.02251E+5	1.75647E+5	2.52194E+5
3.73000E+1	3.95902E+3	6.88229E+3	1.23140E+5	1.01804E+5	1.74784E+5	2.50642E+5
3.74000E+1	3.96738E+3	6.88781E+3	1.25391E+5	1.03762E+5	1.75794E+5	2.53276E+5
3.75000E+1	3.98479E+3	6.86021E+3	1.24512E+5	1.02981E+5	1.75120E+5	2.52562E+5
3.76000E+1	3.95797E+3	6.79440E+3	1.24337E+5	1.03311E+5	1.74482E+5	2.49686E+5
3.77000E+1	3.95902E+3	6.80984E+3	1.24608E+5	1.03813E+5	1.75452E+5	2.51870E+5
3.78000E+1	3.95101E+3	6.75327E+3	1.22328E+5	1.03247E+5	1.74492E+5	2.49828E+5
3.79000E+1	3.95101E+3	6.71253E+3	1.20684E+5	1.03335E+5	1.75418E+5	2.49931E+5
3.80000E+1	3.94335E+3	6.74262E+3	1.18973E+5	1.02716E+5	1.75491E+5	2.49729E+5
3.81000E+1	3.90577E+3	6.71436E+3	1.18081E+5	1.03081E+5	1.75283E+5	2.48364E+5
3.82000E+1	3.85606E+3	6.65569E+3	1.17152E+5	1.02002E+5	1.75425E+5	2.48078E+5
3.83000E+1	3.90403E+3	6.61393E+3	1.16035E+5	1.01194E+5	1.75288E+5	2.45648E+5
3.84000E+1	3.91238E+3	6.65020E+3	1.16448E+5	1.01039E+5	1.76357E+5	2.47486E+5
3.85000E+1	3.89812E+3	6.54513E+3	1.16341E+5	1.00064E+5	1.76431E+5	2.45264E+5
3.86000E+1	3.89291E+3	6.57952E+3	1.17783E+5	9.98267E+4	1.76783E+5	2.45976E+5
3.87000E+1	3.92073E+3	6.51223E+3	1.17240E+5	9.96288E+4	1.75880E+5	2.43472E+5
3.88000E+1	3.90195E+3	6.48519E+3	1.18454E+5	9.90668E+4	1.75422E+5	2.42823E+5
3.89000E+1	3.91760E+3	6.48920E+3	1.20283E+5	9.88143E+4	1.75674E+5	2.44226E+5
3.90000E+1	3.98827E+3	6.48080E+3	1.24217E+5	1.00259E+5	1.76628E+5	2.45956E+5
3.91000E+1	3.99873E+3	6.42786E+3	1.26547E+5	1.00582E+5	1.75354E+5	2.44780E+5
3.92000E+1	4.03498E+3	6.43188E+3	1.31575E+5	1.01347E+5	1.75704E+5	2.46985E+5
3.93000E+1	4.09429E+3	6.34400E+3	1.36390E+5	1.03344E+5	1.75352E+5	2.48782E+5
3.94000E+1	4.06114E+3	6.36368E+3	1.39308E+5	1.03790E+5	1.73986E+5	2.47233E+5
3.95000E+1	4.09953E+3	6.38628E+3	1.42374E+5	1.05226E+5	1.74737E+5	2.50682E+5
3.96000E+1	4.10930E+3	6.37789E+3	1.45744E+5	1.08122E+5	1.74915E+5	2.53707E+5
3.97000E+1	4.18548E+3	6.31450E+3	1.45549E+5	1.09357E+5	1.73197E+5	2.51842E+5
3.98000E+1	4.12118E+3	6.33744E+3	1.46485E+5	1.10494E+5	1.73493E+5	2.53360E+5
3.99000E+1	4.15576E+3	6.32287E+3	1.46364E+5	1.11985E+5	1.74228E+5	2.55831E+5
4.00000E+1	4.11454E+3	6.31231E+3	1.44011E+5	1.11228E+5	1.72870E+5	2.54361E+5
4.01000E+1	4.11629E+3	6.30940E+3	1.43865E+5	1.13108E+5	1.74121E+5	2.57100E+5
4.02000E+1	4.11559E+3	6.26936E+3	1.42183E+5	1.11797E+5	1.73067E+5	2.54940E+5
4.03000E+1	4.05974E+3	6.25226E+3	1.41160E+5	1.12326E+5	1.72928E+5	2.56514E+5
4.04000E+1	4.08661E+3	6.22754E+3	1.40481E+5	1.11179E+5	1.73585E+5	2.55363E+5
4.05000E+1	4.07405E+3	6.23081E+3	1.40431E+5	1.11658E+5	1.73113E+5	2.55322E+5
4.06000E+1	4.10930E+3	6.26609E+3	1.40750E+5	1.11556E+5	1.73626E+5	2.56944E+5
4.07000E+1	4.07509E+3	6.20755E+3	1.39837E+5	1.11383E+5	1.72986E+5	2.54466E+5
4.08000E+1	4.12991E+3	6.25517E+3	1.41543E+5	1.10887E+5	1.73720E+5	2.56522E+5
4.09000E+1	4.13969E+3	6.15669E+3	1.42700E+5	1.11521E+5	1.73945E+5	2.56752E+5
4.10000E+1	4.14039E+3	6.17594E+3	1.44817E+5	1.11759E+5	1.73974E+5	2.57117E+5
4.11000E+1	4.16136E+3	6.16396E+3	1.47774E+5	1.13068E+5	1.74434E+5	2.58623E+5
4.12000E+1	4.17289E+3	6.17521E+3	1.48691E+5	1.13183E+5	1.73469E+5	2.57710E+5
4.13000E+1	4.22851E+3	6.16432E+3	1.52037E+5	1.14861E+5	1.74898E+5	2.60929E+5
4.14000E+1	4.22851E+3	6.17122E+3	1.54724E+5	1.16292E+5	1.74444E+5	2.61766E+5
4.15000E+1	4.29961E+3	6.12294E+3	1.55849E+5	1.16024E+5	1.73742E+5	2.61846E+5
4.16000E+1	4.36484E+3	6.13600E+3	1.64005E+5	1.17334E+5	1.73419E+5	2.64472E+5
4.17000E+1	4.40275E+3	6.18211E+3	1.73087E+5	1.19815E+5	1.73978E+5	2.68159E+5
4.18000E+1	4.51665E+3	6.11315E+3	1.80354E+5	1.21042E+5	1.72487E+5	2.67784E+5
4.19000E+1	4.57369E+3	6.17667E+3	1.92182E+5	1.23185E+5	1.71876E+5	2.69835E+5
4.20000E+1	4.70456E+3	6.15561E+3	2.05689E+5	1.27430E+5	1.72619E+5	2.75041E+5
4.21000E+1	4.78444E+3	6.16577E+3	2.18522E+5	1.29923E+5	1.71455E+5	2.77858E+5
4.22000E+1	4.90201E+3	6.13274E+3	2.31407E+5	1.32941E+5	1.69469E+5	2.78277E+5
4.23000E+1	5.02625E+3	6.19519E+3	2.50611E+5	1.38197E+5	1.70493E+5	2.85235E+5
4.24000E+1	5.13831E+3	6.14145E+3	2.67938E+5	1.42691E+5	1.68808E+5	2.89142E+5
4.25000E+1	5.28666E+3	6.12838E+3	2.81650E+5	1.45886E+5	1.67048E+5	2.90950E+5
4.26000E+1	5.43150E+3	6.19265E+3	3.05444E+5	1.52826E+5	1.67899E+5	2.99849E+5
4.27000E+1	5.51716E+3	6.17848E+3	3.26122E+5	1.58897E+5	1.66425E+5	3.03440E+5
4.28000E+1	5.64932E+3	6.20101E+3	3.43365E+5	1.63575E+5	1.65205E+5	3.05120E+5
4.29000E+1	5.81644E+3	6.18538E+3	3.72020E+5	1.70548E+5	1.65187E+5	3.13981E+5
4.30000E+1	5.96057E+3	6.20718E+3	3.91459E+5	1.75829E+5	1.63881E+5	3.16772E+5
4.31000E+1	6.11525E+3	6.25190E+3	4.17722E+5	1.84485E+5	1.63711E+5	3.27088E+5
4.32000E+1	6.25365E+3	6.23372E+3	4.42525E+5	1.91258E+5	1.62865E+5	3.31176E+5
4.33000E+1	6.46393E+3	6.26281E+3	4.64201E+5	1.97027E+5	1.61348E+5	3.32142E+5
4.34000E+1	6.64573E+3	6.30139E+3	4.98998E+5	2.06573E+5	1.61639E+5	3.44297E+5
4.35000E+1	6.75172E+3	6.27809E+3	5.20392E+5	2.12191E+5	1.59580E+5	3.46014E+5
4.36000E+1	6.95956E+3	6.24172E+3	5.57017E+5	2.21255E+5	1.59030E+5	3.52345E+5
4.37000E+1	7.18005E+3	6.32433E+3	5.87032E+5	2.29952E+5	1.58590E+5	3.60875E+5
4.38000E+1	7.23485E+3	6.31085E+3	6.13173E+5	2.38122E+5	1.57470E+5	3.67019E+5
4.39000E+1	7.53503E+3	6.32834E+3	6.50850E+5	2.46158E+5	1.56483E+5	3.73711E+5
4.40000E+1	7.62787E+3	6.37133E+3	6.79688E+5	2.54775E+5	1.55318E+5	3.81388E+5
4.41000E+1	7.89837E+3	6.40196E+3	7.24134E+5	2.63670E+5	1.54381E+5	3.88795E+5
4.42000E+1	8.01401E+3	6.36769E+3	7.47445E+5	2.71096E+5	1.52996E+5	3.91045E+5
4.43000E+1	8.21020E+3	6.35420E+3	7.95279E+5	2.82529E+5	1.53132E+5	4.02891E+5
4.44000E+1	8.48894E+3	6.44173E+3	8.19983E+5	2.88777E+5	1.51386E+5	4.08468E+5
4.45000E+1	8.68267E+3	6.43297E+3	8.57176E+5	2.99578E+5	1.50624E+5	4.14579E+5
4.46000E+1	8.87862E+3	6.44173E+3	8.93861E+5	3.09477E+5	1.49689E+5	4.23899E+5
4.47000E+1	9.14125E+3	6.46400E+3	9.46220E+5	3.21647E+5	1.49070E+5	4.34379E+5
4.48000E+1	9.30113E+3	6.44283E+3	9.61098E+5	3.27713E+5	1.47675E+5	4.36355E+5
4.49000E+1	9.55110E+3	6.50747E+3	1.01544E+6	3.43359E+5	1.47392E+5	4.50852E+5
4.50000E+1	9.74166E+3	6.52648E+3	1.02567E+6	3.47204E+5	1.45918E+5	4.53109E+5
4.51000E+1	1.00799E+4	6.58720E+3	1.10246E+6	3.65444E+5	1.46022E+5	4.72049E+5
4.52000E+1	1.02684E+4	6.54330E+3	1.11034E+6	3.69372E+5	1.44466E+5	4.68341E+5
4.53000E+1	1.05177E+4	6.57403E+3	1.14745E+6	3.79094E+5	1.43865E+5	4.78176E+5
4.54000E+1	1.07978E+4	6.61027E+3	1.18441E+6	3.91256E+5	1.42952E+5	4.89172E+5
4.55000E+1	1.10765E+4	6.65716E+3	1.24683E+6	4.05382E+5	1.43023E+5	5.01900E+5
4.56000E+1	1.13371E+4	6.63737E+3	1.30946E+6	4.19360E+5	1.42304E+5	5.12035E+5
4.57000E+1	1.15688E+4	6.70006E+3	1.34254E+6	4.30862E+5	1.41202E+5	5.20241E+5
4.58000E+1	1.18099E+4	6.65130E+3	1.34053E+6	4.35524E+5	1.40016E+5	5.21570E+5
4.59000E+1	1.21748E+4	6.70702E+3	1.38455E+6	4.47917E+5	1.39581E+5	5.36992E+5
4.60000E+1	1.23986E+4	6.69162E+3	1.50949E+6	4.64560E+5	1.39385E+5	5.57752E+5
4.61000E+1	1.26679E+4	6.80910E+3	1.48581E+6	4.77071E+5	1.38647E+5	5.65508E+5
4.62000E+1	1.30363E+4	6.74739E+3	1.51216E+6	4.87558E+5	1.37737E+5	5.67527E+5
4.63000E+1	1.32566E+4	6.81057E+3	1.63751E+6	5.03576E+5	1.38198E+5	5.87943E+5
4.64000E+1	1.35910E+4	6.79881E+3	1.58434E+6	5.12533E+5	1.37132E+5	5.91268E+5
4.65000E+1	1.39338E+4	6.85286E+3	1.65430E+6	5.22433E+5	1.36174E+5	6.00234E+5
4.66000E+1	1.42361E+4	6.87346E+3	1.75884E+6	5.50436E+5	1.36353E+5	6.25776E+5
4.67000E+1	1.44771E+4	6.86904E+3	1.71907E+6	5.50722E+5	1.35010E+5	6.23813E+5
4.68000E+1	1.47674E+4	6.90916E+3	1.72110E+6	5.56308E+5	1.33853E+5	6.26949E+5
4.69000E+1	1.51660E+4	6.94195E+3	1.78985E+6	5.72432E+5	1.34351E+5	6.45706E+5
4.70000E+1	1.55334E+4	7.02676E+3	1.91354E+6	5.96576E+5	1.34206E+5	6.68945E+5
4.71000E+1	1.57630E+4	7.01384E+3	1.81196E+6	5.96733E+5	1.33280E+5	6.70396E+5
4.72000E+1	1.61955E+4	7.09766E+3	2.04578E+6	6.23968E+5	1.33901E+5	6.94655E+5
4.73000E+1	1.65730E+4	7.08251E+3	2.04905E+6	6.44172E+5	1.33695E+5	7.14528E+5
4.74000E+1	1.67637E+4	7.14720E+3	2.08552E+6	6.49256E+5	1.32810E+5	7.18091E+5
4.75000E+1	1.70632E+4	7.13462E+3	1.98468E+6	6.46912E+5	1.31793E+5	7.16177E+5
4.76000E+1	1.75268E+4	7.16458E+3	2.14576E+6	6.77365E+5	1.32348E+5	7.52420E+5
4.77000E+1	1.77194E+4	7.12871E+3	2.08152E+6	6.75616E+5	1.30774E+5	7.47163E+5
4.78000E+1	1.80906E+4	7.16495E+3	2.30497E+6	7.04171E+5	1.30987E+5	7.79247E+5
4.79000E+1	1.84466E+4	7.23196E+3	2.13944E+6	6.93319E+5	1.29761E+5	7.65348E+5
4.80000E+1	1.88480E+4	7.26717E+3	2.32318E+6	7.27341E+5	1.30252E+5	8.03167E+5
4.81000E+1	1.90349E+4	7.26161E+3	2.19593E+6	7.20670E+5	1.28718E+5	7.95817E+5
4.82000E+1	1.95253E+4	7.30833E+3	2.30983E+6	7.37250E+5	1.28673E+5	8.14961E+5
4.83000E+1	1.99322E+4	7.37478E+3	2.44769E+6	7.57157E+5	1.28924E+5	8.47586E+5
4.84000E+1	2.00769E+4	7.34358E+3	2.31414E+6	7.59197E+5	1.27906E+5	8.35195E+5
4.85000E+1	2.05714E+4	7.45283E+3	2.54833E+6	7.86788E+5	1.28755E+5	8.75122E+5
4.86000E+1	2.08648E+4	7.42643E+3	2.45671E+6	7.88209E+5	1.27603E+5	8.69972E+5
4.87000E+1	2.12169E+4	7.52169E+3	2.45503E+6	7.99899E+5	1.26951E+5	8.89136E+5
4.88000E+1	2.15692E+4	7.53548E+3	2.66659E+6	8.28626E+5	1.27435E+5	9.26696E+5
4.89000E+1	2.18684E+4	7.53250E+3	2.62937E+6	8.29794E+5	1.26188E+5	9.35395E+5
4.90000E+1	2.21562E+4	7.55485E+3	2.62100E+6	8.33233E+5	1.25723E+5	9.32330E+5
4.91000E+1	2.25425E+4	7.56641E+3	2.65946E+6	8.48170E+5	1.25158E+5	9.49609E+5
4.92000E+1	2.27659E+4	7.59102E+3	2.50434E+6	8.40129E+5	1.24232E+5	9.54709E+5
4.93000E+1	2.31888E+4	7.66603E+3	2.67873E+6	8.65663E+5	1.24063E+5	9.67074E+5
4.94000E+1	2.33935E+4	7.64139E+3	2.69751E+6	8.74454E+5	1.23419E+5	9.82102E+5
4.95000E+1	2.38559E+4	7.72245E+3	2.81522E+6	8.79683E+5	1.23401E+5	1.01796E+6
4.96000E+1	2.42311E+4	7.72320E+3	2.88905E+6	9.04150E+5	1.23551E+5	1.05442E+6
4.97000E+1	2.44548E+4	7.65893E+3	2.81988E+6	9.09178E+5	1.22766E+5	1.04358E+6
4.98000E+1	2.47138E+4	7.78417E+3	2.68072E+6	8.94881E+5	1.21925E+5	1.03675E+6
4.99000E+1	2.52528E+4	7.88757E+3	2.80512E+6	9.26702E+5	1.22269E+5	1.06587E+6
5.00000E+1	2.55106E+4	7.82648E+3	3.03359E+6	9.59867E+5	1.22656E+5	1.10255E+6
5.01000E+1	2.56630E+4	7.87707E+3	2.95284E+6	9.52963E+5	1.21761E+5	1.11999E+6
5.02000E+1	2.59046E+4	7.85645E+3	2.76015E+6	9.27552E+5	1.20574E+5	1.09758E+6
5.03000E+1	2.61056E+4	8.00657E+3	2.71629E+6	9.46997E+5	1.20055E+5	1.10939E+6
5.04000E+1	2.64988E+4	7.98891E+3	2.92458E+6	9.83356E+5	1.20676E+5	1.15354E+6
5.05000E+1	2.68172E+4	8.01710E+3	3.05782E+6	1.01148E+6	1.20610E+5	1.17485E+6
5.06000E+1	2.70934E+4	7.99831E+3	3.02696E+6	1.00213E+6	1.19837E+5	1.17506E+6
5.07000E+1	2.72889E+4	8.05884E+3	2.81659E+6	9.90857E+5	1.19121E+5	1.16622E+6
5.08000E+1	2.76333E+4	8.11944E+3	2.97522E+6	1.00961E+6	1.19200E+5	1.22103E+6
5.09000E+1	2.79083E+4	8.12471E+3	2.94536E+6	1.01272E+6	1.18730E+5	1.20202E+6
5.10000E+1	2.82852E+4	8.22763E+3	2.97675E+6	1.03224E+6	1.19065E+5	1.23283E+6
5.11000E+1	2.86585E+4	8.24952E+3	3.28179E+6	1.07827E+6	1.19389E+5	1.29676E+6
5.12000E+1	2.90442E+4	8.28087E+3	3.15109E+6	1.07867E+6	1.18681E+5	1.27846E+6
5.13000E+1	2.93114E+4	8.32243E+3	3.05109E+6	1.05178E+6	1.17975E+5	1.27858E+6
5.14000E+1	2.97752E+4	8.33756E+3	3.37609E+6	1.09423E+6	1.18643E+5	1.32917E+6
5.15000E+1	2.98230E+4	8.35344E+3	3.04088E+6	1.07302E+6	1.17489E+5	1.29682E+6
5.16000E+1	3.03365E+4	8.41058E+3	3.29437E+6	1.09584E+6	1.17753E+5	1.36534E+6
5.17000E+1	3.06195E+4	8.43482E+3	3.26931E+6	1.12592E+6	1.17613E+5	1.37306E+6
5.18000E+1	3.09816E+4	8.43861E+3	3.19108E+6	1.10130E+6	1.16727E+5	1.34676E+6
5.19000E+1	3.11693E+4	8.41702E+3	3.36445E+6	1.15102E+6	1.16995E+5	1.41771E+6
5.20000E+1	3.15484E+4	8.51974E+3	3.17891E+6	1.11285E+6	1.16104E+5	1.38539E+6
5.21000E+1	3.19309E+4	8.63064E+3	3.42025E+6	1.15133E+6	1.16323E+5	1.43315E+6
5.22000E+1	3.22918E+4	8.62874E+3	3.58884E+6	1.17581E+6	1.16245E+5	1.50059E+6
5.23000E+1	3.22073E+4	8.61467E+3	3.19562E+6	1.13909E+6	1.15081E+5	1.41121E+6
5.24000E+1	3.28467E+4	8.68998E+3	3.32735E+6	1.15517E+6	1.15291E+5	1.46240E+6
5.25000E+1	3.32968E+4	8.75891E+3	3.66536E+6	1.19920E+6	1.15857E+5	1.53542E+6
5.26000E+1	3.34986E+4	8.76653E+3	3.45777E+6	1.19260E+6	1.15439E+5	1.51022E+6
5.27000E+1	3.38429E+4	8.81648E+3	3.43347E+6	1.19985E+6	1.15170E+5	1.52209E+6
5.28000E+1	3.39058E+4	8.83442E+3	3.51411E+6	1.21840E+6	1.14575E+5	1.52404E+6
5.29000E+1	3.43893E+4	8.86839E+3	3.59279E+6	1.21851E+6	1.14269E+5	1.57967E+6
5.30000E+1	3.44021E+4	8.83632E+3	3.54253E+6	1.20455E+6	1.13361E+5	1.52124E+6
5.31000E+1	3.51106E+4	8.93793E+3	3.75659E+6	1.23513E+6	1.13313E+5	1.61210E+6
5.32000E+1	3.51394E+4	8.91347E+3	3.56879E+6	1.22149E+6	1.13098E+5	1.56382E+6
5.33000E+1	3.53681E+4	9.04930E+3	3.69529E+6	1.27737E+6	1.13259E+5	1.63506E+6
5.34000E+1	3.55212E+4	9.04087E+3	3.68280E+6	1.27183E+6	1.13083E+5	1.63293E+6
5.35000E+1	3.55656E+4	9.09951E+3	3.53145E+6	1.27092E+6	1.12102E+5	1.61997E+6
5.36000E+1	3.61871E+4	9.19009E+3	3.83981E+6	1.28302E+6	1.12224E+5	1.67495E+6
5.37000E+1	3.61961E+4	9.09721E+3	3.69251E+6	1.30417E+6	1.12283E+5	1.69673E+6
5.38000E+1	3.65784E+4	9.22966E+3	3.60956E+6	1.27579E+6	1.11642E+5	1.66747E+6
5.39000E+1	3.68681E+4	9.28697E+3	4.00226E+6	1.31576E+6	1.12125E+5	1.77238E+6
5.40000E+1	3.68935E+4	9.26888E+3	3.69112E+6	1.29721E+6	1.10959E+5	1.72805E+6
5.41000E+1	3.71081E+4	9.29274E+3	3.45940E+6	1.27165E+6	1.10554E+5	1.67881E+6
5.42000E+1	3.77067E+4	9.39635E+3	3.71958E+6	1.29052E+6	1.10722E+5	1.78649E+6
5.43000E+1	3.78430E+4	9.44920E+3	4.05609E+6	1.33414E+6	1.11042E+5	1.84306E+6
5.44000E+1	3.79607E+4	9.43994E+3	3.59984E+6	1.29904E+6	1.09877E+5	1.75227E+6
5.45000E+1	3.83043E+4	9.54113E+3	4.02571E+6	1.35314E+6	1.10477E+5	1.82141E+6
5.46000E+1	3.84820E+4	9.54422E+3	4.18105E+6	1.37798E+6	1.10274E+5	1.84659E+6
5.47000E+1	3.85463E+4	9.53958E+3	3.80659E+6	1.35294E+6	1.09448E+5	1.87370E+6
5.48000E+1	3.88177E+4	9.61463E+3	3.74417E+6	1.34522E+6	1.08903E+5	1.79259E+6
5.49000E+1	3.90845E+4	9.65684E+3	4.10565E+6	1.39557E+6	1.09352E+5	1.90623E+6
5.50000E+1	3.91450E+4	9.59063E+3	3.69483E+6	1.33374E+6	1.08586E+5	1.79247E+6
5.51000E+1	3.95642E+4	9.76231E+3	3.82139E+6	1.35648E+6	1.08544E+5	1.89655E+6
5.52000E+1	3.96477E+4	9.78133E+3	4.18637E+6	1.38968E+6	1.08934E+5	1.97851E+6
5.53000E+1	3.96690E+4	9.77628E+3	3.64086E+6	1.35226E+6	1.07884E+5	1.87257E+6
5.54000E+1	4.00787E+4	9.85088E+3	4.16752E+6	1.38306E+6	1.08046E+5	1.96991E+6
5.55000E+1	4.02496E+4	9.89093E+3	4.26842E+6	1.45545E+6	1.08194E+5	2.01866E+6
5.56000E+1	4.02382E+4	9.83183E+3	3.72146E+6	1.37363E+6	1.07208E+5	1.91535E+6
5.57000E+1	4.04622E+4	9.92596E+3	3.69483E+6	1.37202E+6	1.07503E+5	1.89066E+6
5.58000E+1	4.10161E+4	1.00203E+4	4.17280E+6	1.44101E+6	1.07314E+5	2.02591E+6
5.59000E+1	4.09201E+4	1.00936E+4	4.10907E+6	1.41476E+6	1.07289E+5	2.02897E+6
5.60000E+1	4.12979E+4	1.01432E+4	3.85840E+6	1.41484E+6	1.06690E+5	1.97906E+6
5.61000E+1	4.14834E+4	1.01495E+4	4.29128E+6	1.47191E+6	1.07182E+5	2.11591E+6
5.62000E+1	4.14499E+4	1.01651E+4	3.82735E+6	1.38420E+6	1.05905E+5	1.99181E+6
5.63000E+1	4.18818E+4	1.02383E+4	4.48186E+6	1.45709E+6	1.06558E+5	2.10458E+6
5.64000E+1	4.19753E+4	1.02583E+4	3.84331E+6	1.40902E+6	1.05627E+5	1.99266E+6
5.65000E+1	4.25517E+4	1.03476E+4	4.28570E+6	1.48881E+6	1.06037E+5	2.18423E+6
5.66000E+1	4.25497E+4	1.03515E+4	4.41915E+6	1.46210E+6	1.05873E+5	2.19657E+6
5.67000E+1	4.29739E+4	1.04037E+4	4.01969E+6	1.41174E+6	1.05226E+5	2.09228E+6
5.68000E+1	4.31149E+4	1.04533E+4	4.18578E+6	1.49460E+6	1.05317E+5	2.08164E+6
5.69000E+1	4.33549E+4	1.05024E+4	3.95775E+6	1.45094E+6	1.05386E+5	2.13586E+6
5.70000E+1	4.35305E+4	1.05768E+4	4.38909E+6	1.50966E+6	1.05672E+5	2.21524E+6
5.71000E+1	4.35783E+4	1.05737E+4	4.00010E+6	1.43211E+6	1.04543E+5	2.11496E+6
5.72000E+1	4.43281E+4	1.06904E+4	4.44030E+6	1.52007E+6	1.04790E+5	2.20973E+6
5.73000E+1	4.44442E+4	1.06675E+4	4.18578E+6	1.47072E+6	1.04515E+5	2.17319E+6
5.74000E+1	4.45990E+4	1.07919E+4	4.57713E+6	1.52746E+6	1.04544E+5	2.22827E+6
5.75000E+1	4.46704E+4	1.07737E+4	4.44030E+6	1.50974E+6	1.04277E+5	2.25102E+6
5.76000E+1	4.49407E+4	1.08331E+4	4.14070E+6	1.47622E+6	1.04316E+5	2.18895E+6
5.77000E+1	4.54064E+4	1.09305E+4	4.52211E+6	1.54080E+6	1.04480E+5	2.35924E+6
5.78000E+1	4.53506E+4	1.09372E+4	4.33457E+6	1.54917E+6	1.03878E+5	2.32883E+6
5.79000E+1	4.57930E+4	1.09352E+4	4.37356E+6	1.53380E+6	1.03524E+5	2.21386E+6
5.80000E+1	4.61355E+4	1.10694E+4	4.85962E+6	1.59667E+6	1.04039E+5	2.39743E+6
5.81000E+1	4.61548E+4	1.10158E+4	4.32635E+6	1.54054E+6	1.03155E+5	2.24995E+6
5.82000E+1	4.59699E+4	1.11024E+4	4.04998E+6	1.51233E+6	1.02665E+5	2.23457E+6
5.83000E+1	4.62209E+4	1.11450E+4	4.12684E+6	1.49797E+6	1.03192E+5	2.25780E+6
5.84000E+1	4.67449E+4	1.12581E+4	4.52762E+6	1.54742E+6	1.02724E+5	2.26373E+6
5.85000E+1	4.72049E+4	1.12725E+4	4.70976E+6	1.58324E+6	1.03163E+5	2.42814E+6
5.86000E+1	4.73719E+4	1.14631E+4	4.78009E+6	1.63635E+6	1.03118E+5	2.46555E+6
5.87000E+1	4.72202E+4	1.13080E+4	4.39038E+6	1.56286E+6	1.02364E+5	2.36099E+6
5.88000E+1	4.76790E+4	1.13739E+4	4.32194E+6	1.55066E+6	1.02298E+5	2.27077E+6
5.89000E+1	4.80170E+4	1.15183E+4	5.28464E+6	1.66799E+6	1.02614E+5	2.52633E+6
5.90000E+1	4.81810E+4	1.15721E+4	4.87154E+6	1.66528E+6	1.03035E+5	2.57868E+6
5.91000E+1	4.82957E+4	1.15035E+4	4.55539E+6	1.58892E+6	1.02160E+5	2.40671E+6
5.92000E+1	4.85043E+4	1.16644E+4	4.72396E+6	1.59667E+6	1.01835E+5	2.44535E+6
5.93000E+1	4.88782E+4	1.16780E+4	4.93117E+6	1.65738E+6	1.02139E+5	2.59824E+6
5.94000E+1	4.87462E+4	1.16596E+4	4.39885E+6	1.59881E+6	1.01623E+5	2.45121E+6
5.95000E+1	4.92081E+4	1.18015E+4	4.60335E+6	1.59853E+6	1.01492E+5	2.44953E+6
5.96000E+1	4.91909E+4	1.17971E+4	4.73147E+6	1.62506E+6	1.01500E+5	2.46300E+6
5.97000E+1	4.94510E+4	1.18942E+4	4.43102E+6	1.59797E+6	1.00993E+5	2.43144E+6
5.98000E+1	4.96210E+4	1.19519E+4	4.92954E+6	1.66638E+6	1.01789E+5	2.61144E+6
5.99000E+1	4.99129E+4	1.19479E+4	4.50224E+6	1.61581E+6	1.00673E+5	2.43558E+6
6.00000E+1	5.01922E+4	1.20230E+4	5.28745E+6	1.69198E+6	1.01528E+5	2.68466E+6
6.01000E+1	5.02445E+4	1.20150E+4	4.51044E+6	1.65858E+6	1.00726E+5	2.42157E+6
6.02000E+1	5.04528E+4	1.21822E+4	4.81097E+6	1.64907E+6	1.00888E+5	2.54108E+6
6.03000E+1	5.05367E+4	1.21988E+4	5.04457E+6	1.70343E+6	1.01004E+5	2.61809E+6
6.04000E+1	5.07868E+4	1.22661E+4	4.51455E+6	1.67477E+6	1.00491E+5	2.59169E+6
6.05000E+1	5.10245E+4	1.23320E+4	5.26325E+6	1.72271E+6	1.00798E+5	2.65036E+6
6.06000E+1	5.11517E+4	1.23291E+4	5.19734E+6	1.71270E+6	1.00810E+5	2.61881E+6
6.07000E+1	5.11201E+4	1.24235E+4	4.82421E+6	1.68139E+6	1.00322E+5	2.55191E+6
6.08000E+1	5.16095E+4	1.25527E+4	5.22552E+6	1.70375E+6	1.00956E+5	2.67495E+6
6.09000E+1	5.14238E+4	1.25719E+4	4.73373E+6	1.68909E+6	1.00435E+5	2.73709E+6
6.10000E+1	5.15103E+4	1.26087E+4	4.49678E+6	1.66799E+6	9.99164E+4	2.50320E+6
6.11000E+1	5.22991E+4	1.26986E+4	5.33271E+6	1.73477E+6	1.00570E+5	2.76089E+6
6.12000E+1	5.24981E+4	1.27113E+4	5.60113E+6	1.80364E+6	1.00561E+5	2.79073E+6
6.13000E+1	5.22259E+4	1.27260E+4	4.75110E+6	1.70658E+6	9.97427E+4	2.61453E+6
6.14000E+1	5.25738E+4	1.28712E+4	5.16232E+6	1.77026E+6	1.00387E+5	2.85007E+6
6.15000E+1	5.24112E+4	1.28289E+4	4.62627E+6	1.70784E+6	9.94514E+4	2.61548E+6
6.16000E+1	5.28021E+4	1.29800E+4	5.08670E+6	1.74229E+6	1.00106E+5	2.80670E+6
6.17000E+1	5.32495E+4	1.30982E+4	5.37005E+6	1.82131E+6	1.00274E+5	2.90636E+6
6.18000E+1	5.30394E+4	1.31060E+4	5.09973E+6	1.74634E+6	9.97569E+4	2.81243E+6
6.19000E+1	5.29580E+4	1.32116E+4	4.83204E+6	1.75064E+6	9.94219E+4	2.72034E+6
6.20000E+1	5.28909E+4	1.31604E+4	4.75110E+6	1.73423E+6	9.93822E+4	2.59496E+6
6.21000E+1	5.35702E+4	1.32376E+4	5.10758E+6	1.78468E+6	9.97376E+4	2.88067E+6
6.22000E+1	5.31981E+4	1.32761E+4	5.21185E+6	1.75661E+6	9.93937E+4	2.72624E+6
6.23000E+1	5.34935E+4	1.34582E+4	4.84146E+6	1.72797E+6	9.88674E+4	2.71140E+6
6.24000E+1	5.40061E+4	1.34885E+4	5.06598E+6	1.78354E+6	9.94424E+4	2.93043E+6
6.25000E+1	5.36516E+4	1.34342E+4	5.07891E+6	1.77331E+6	9.92261E+4	2.78670E+6
6.26000E+1	5.39450E+4	1.34956E+4	4.95822E+6	1.77139E+6	9.91916E+4	2.79423E+6
6.27000E+1	5.45959E+4	1.35720E+4	5.66038E+6	1.87851E+6	9.95681E+4	2.95429E+6
6.28000E+1	5.45243E+4	1.37105E+4	5.33081E+6	1.80914E+6	9.93182E+4	2.91044E+6
6.29000E+1	5.43184E+4	1.36764E+4	4.68160E+6	1.71652E+6	9.87986E+4	2.68142E+6
6.30000E+1	5.48821E+4	1.38645E+4	5.06770E+6	1.81645E+6	9.89745E+4	2.78750E+6
6.31000E+1	5.52967E+4	1.38745E+4	5.43343E+6	1.81941E+6	9.94270E+4	3.03384E+6
6.32000E+1	5.52920E+4	1.40259E+4	5.67861E+6	1.89851E+6	9.92031E+4	2.91629E+6
6.33000E+1	5.50028E+4	1.38883E+4	4.88351E+6	1.76442E+6	9.87388E+4	2.86671E+6
6.34000E+1	5.49950E+4	1.40485E+4	4.77472E+6	1.79019E+6	9.86752E+4	2.74750E+6
6.35000E+1	5.54374E+4	1.42051E+4	5.06512E+6	1.83461E+6	9.91226E+4	3.02407E+6
6.36000E+1	5.58472E+4	1.41933E+4	5.77930E+6	1.93147E+6	9.91916E+4	3.18474E+6
6.37000E+1	5.57994E+4	1.42841E+4	5.65610E+6	1.87750E+6	9.92248E+4	3.12770E+6
6.38000E+1	5.55332E+4	1.41992E+4	4.92872E+6	1.79968E+6	9.85100E+4	2.84308E+6
6.39000E+1	5.58026E+4	1.44122E+4	5.25307E+6	1.87109E+6	9.88508E+4	2.98678E+6
6.40000E+1	5.58378E+4	1.43877E+4	5.77485E+6	1.88699E+6	9.88521E+4	2.96666E+6
6.41000E+1	5.60320E+4	1.44936E+4	4.99643E+6	1.81787E+6	9.85113E+4	2.83279E+6
6.42000E+1	5.63283E+4	1.46361E+4	5.95123E+6	1.94323E+6	9.90804E+4	3.17296E+6
6.43000E+1	5.59074E+4	1.45038E+4	4.93443E+6	1.80715E+6	9.82906E+4	2.89910E+6
6.44000E+1	5.63819E+4	1.47836E+4	5.54514E+6	1.82800E+6	9.86765E+4	3.01466E+6
6.45000E+1	5.61820E+4	1.48032E+4	5.09451E+6	1.81598E+6	9.85088E+4	3.05711E+6
6.46000E+1	5.64410E+4	1.48355E+4	5.08064E+6	1.81138E+6	9.82868E+4	2.94739E+6
6.47000E+1	5.65657E+4	1.48223E+4	5.17843E+6	1.88559E+6	9.81552E+4	2.94948E+6
6.48000E+1	5.67372E+4	1.49656E+4	5.37391E+6	1.91498E+6	9.82640E+4	3.03321E+6
6.49000E+1	5.68465E+4	1.50368E+4	4.86597E+6	1.84649E+6	9.84225E+4	2.97638E+6
6.50000E+1	5.70974E+4	1.50538E+4	5.67216E+6	1.91459E+6	9.85608E+4	3.10272E+6
6.51000E+1	5.70624E+4	1.51417E+4	4.85408E+6	1.80212E+6	9.78483E+4	2.90694E+6
6.52000E+1	5.76327E+4	1.52636E+4	5.98444E+6	1.90263E+6	9.83337E+4	3.17124E+6
6.53000E+1	5.77264E+4	1.53308E+4	6.26648E+6	1.92220E+6	9.86447E+4	3.31746E+6
6.54000E+1	5.76439E+4	1.52405E+4	5.11546E+6	1.91970E+6	9.83046E+4	3.12870E+6
6.55000E+1	5.78708E+4	1.53647E+4	5.25769E+6	1.83075E+6	9.78067E+4	2.97334E+6
6.56000E+1	5.86276E+4	1.55098E+4	5.68076E+6	1.94471E+6	9.83781E+4	3.19205E+6
6.57000E+1	5.91040E+4	1.56652E+4	6.59177E+6	2.04311E+6	9.92248E+4	3.39441E+6
6.58000E+1	5.94015E+4	1.56441E+4	6.19930E+6	2.06569E+6	9.96644E+4	3.31821E+6
6.59000E+1	5.92845E+4	1.58067E+4	6.38893E+6	2.02565E+6	9.98006E+4	3.32236E+6
6.60000E+1	5.91701E+4	1.58984E+4	5.15430E+6	1.91067E+6	9.94463E+4	3.09448E+6
6.61000E+1	5.93826E+4	1.59244E+4	5.11633E+6	1.90963E+6	9.96451E+4	2.97090E+6
6.62000E+1	5.94678E+4	1.60848E+4	5.34988E+6	1.88890E+6	1.00050E+5	3.12702E+6
6.63000E+1	5.98299E+4	1.62182E+4	5.89513E+6	2.03134E+6	1.00289E+5	3.35743E+6
6.64000E+1	6.01243E+4	1.61899E+4	6.52465E+6	2.08244E+6	1.00322E+5	3.45158E+6
6.65000E+1	5.97666E+4	1.62343E+4	5.77152E+6	2.02173E+6	9.98791E+4	3.34706E+6
6.66000E+1	5.96408E+4	1.61717E+4	5.22826E+6	1.91799E+6	9.92555E+4	3.06678E+6
6.67000E+1	5.96811E+4	1.62918E+4	5.02081E+6	1.98692E+6	9.94681E+4	3.10801E+6
6.68000E+1	6.00574E+4	1.64082E+4	6.06419E+6	1.98454E+6	9.98482E+4	3.42657E+6
6.69000E+1	5.99650E+4	1.64257E+4	5.55336E+6	2.00561E+6	9.95078E+4	3.23234E+6
6.70000E+1	5.98686E+4	1.63864E+4	5.43738E+6	1.91773E+6	9.90894E+4	3.12267E+6
6.71000E+1	6.02044E+4	1.65866E+4	5.27532E+6	1.98566E+6	9.93272E+4	3.14287E+6
6.72000E+1	6.07528E+4	1.67423E+4	6.19546E+6	2.04534E+6	9.99718E+4	3.42097E+6
6.73000E+1	6.09621E+4	1.68214E+4	6.78472E+6	2.15884E+6	9.99190E+4	3.55574E+6
6.74000E+1	6.05483E+4	1.67506E+4	5.71324E+6	2.02623E+6	9.94027E+4	3.18265E+6
6.75000E+1	6.08211E+4	1.69609E+4	5.17484E+6	1.92102E+6	9.93528E+4	3.07293E+6
6.76000E+1	6.06330E+4	1.69574E+4	5.16321E+6	1.97826E+6	9.89324E+4	3.12803E+6
6.77000E+1	6.11242E+4	1.69451E+4	5.38358E+6	1.98622E+6	9.92146E+4	3.19275E+6
6.78000E+1	6.13134E+4	1.70483E+4	5.59485E+6	1.97367E+6	9.90166E+4	3.19415E+6
6.79000E+1	6.17379E+4	1.71012E+4	5.56264E+6	2.02973E+6	9.91494E+4	3.28209E+6
6.80000E+1	6.20013E+4	1.71981E+4	6.42713E+6	2.12133E+6	9.96990E+4	3.50354E+6
6.81000E+1	6.17910E+4	1.72304E+4	5.70563E+6	2.08106E+6	9.92517E+4	3.37913E+6
6.82000E+1	6.17033E+4	1.72800E+4	5.36139E+6	1.95324E+6	9.86714E+4	3.13106E+6
6.83000E+1	6.22155E+4	1.74869E+4	6.17256E+6	2.06252E+6	9.92414E+4	3.49269E+6
6.84000E+1	6.25502E+4	1.75256E+4	6.51758E+6	2.12867E+6	9.95181E+4	3.56957E+6
6.85000E+1	6.21155E+4	1.74624E+4	5.91488E+6	2.09634E+6	9.89834E+4	3.30920E+6
6.86000E+1	6.21629E+4	1.75109E+4	5.31565E+6	1.98692E+6	9.84085E+4	3.17158E+6
6.87000E+1	6.25153E+4	1.75892E+4	5.18382E+6	1.99382E+6	9.81969E+4	3.17919E+6
6.88000E+1	6.26004E+4	1.76748E+4	5.74278E+6	1.98776E+6	9.84402E+4	3.22913E+6
6.89000E+1	6.30934E+4	1.78867E+4	6.81848E+6	2.07525E+6	9.88254E+4	3.58657E+6
6.90000E+1	6.31971E+4	1.79969E+4	6.68539E+6	2.14122E+6	9.86867E+4	3.55789E+6
6.91000E+1	6.26694E+4	1.78339E+4	5.51755E+6	1.97104E+6	9.79896E+4	3.17331E+6
6.92000E+1	6.28162E+4	1.78352E+4	5.82419E+6	2.01681E+6	9.79555E+4	3.23951E+6
6.93000E+1	6.35230E+4	1.80499E+4	6.36729E+6	2.15637E+6	9.81640E+4	3.60948E+6
6.94000E+1	6.35867E+4	1.81029E+4	6.24436E+6	2.14918E+6	9.77311E+4	3.38382E+6
6.95000E+1	6.32950E+4	1.81262E+4	5.55439E+6	2.00446E+6	9.73238E+4	3.32803E+6
6.96000E+1	6.34498E+4	1.80517E+4	5.24570E+6	1.99594E+6	9.69994E+4	3.24419E+6
6.97000E+1	6.36514E+4	1.82099E+4	5.46518E+6	2.01105E+6	9.71483E+4	3.37641E+6
6.98000E+1	6.37654E+4	1.83578E+4	6.58601E+6	2.09122E+6	9.72335E+4	3.37874E+6
6.99000E+1	6.39107E+4	1.84043E+4	6.84014E+6	2.20291E+6	9.77059E+4	3.64483E+6
7.00000E+1	6.37334E+4	1.83799E+4	5.77708E+6	2.02594E+6	9.68345E+4	3.26303E+6
7.01000E+1	6.36601E+4	1.83654E+4	5.53693E+6	1.96608E+6	9.66350E+4	3.23664E+6
7.02000E+1	6.45014E+4	1.84987E+4	6.77253E+6	2.09339E+6	9.73363E+4	3.51655E+6
7.03000E+1	6.45965E+4	1.86473E+4	7.21122E+6	2.15719E+6	9.75222E+4	3.69659E+6
7.04000E+1	6.42620E+4	1.85313E+4	6.34581E+6	2.08613E+6	9.68458E+4	3.47985E+6
7.05000E+1	6.46261E+4	1.87076E+4	5.47918E+6	2.00247E+6	9.63514E+4	3.28135E+6
7.06000E+1	6.47791E+4	1.88677E+4	6.36056E+6	2.15752E+6	9.68845E+4	3.43943E+6
7.07000E+1	6.52862E+4	1.88863E+4	6.84480E+6	2.13912E+6	9.69244E+4	3.67397E+6
7.08000E+1	6.45973E+4	1.89059E+4	6.29139E+6	2.02915E+6	9.60414E+4	3.26486E+6
7.09000E+1	6.50463E+4	1.90948E+4	6.08877E+6	2.05547E+6	9.64944E+4	3.37796E+6
7.10000E+1	6.52730E+4	1.91350E+4	7.10097E+6	2.19186E+6	9.68121E+4	3.74313E+6
7.11000E+1	6.48281E+4	1.90843E+4	5.94063E+6	2.00019E+6	9.64247E+4	3.41937E+6
7.12000E+1	6.54448E+4	1.92499E+4	5.89629E+6	2.08490E+6	9.68545E+4	3.50521E+6
7.13000E+1	6.57266E+4	1.93756E+4	6.52041E+6	2.15539E+6	9.67410E+4	3.50689E+6
7.14000E+1	6.59579E+4	1.94036E+4	6.90593E+6	2.23285E+6	9.66064E+4	3.68363E+6
7.15000E+1	6.58878E+4	1.95300E+4	6.70026E+6	2.21528E+6	9.69744E+4	3.79619E+6
7.16000E+1	6.57001E+4	1.94854E+4	6.71818E+6	2.13316E+6	9.63874E+4	3.64800E+6
7.17000E+1	6.55022E+4	1.94105E+4	5.58963E+6	2.06705E+6	9.60872E+4	3.31183E+6
7.18000E+1	6.58621E+4	1.96886E+4	6.16370E+6	2.13831E+6	9.64384E+4	3.52204E+6
7.19000E+1	6.65483E+4	1.99198E+4	6.98752E+6	2.20873E+6	9.68270E+4	3.77286E+6
7.20000E+1	6.63572E+4	1.98762E+4	6.34313E+6	2.15933E+6	9.65329E+4	3.57522E+6
7.21000E+1	6.61195E+4	1.98388E+4	5.82871E+6	2.08367E+6	9.61690E+4	3.34936E+6
7.22000E+1	6.69388E+4	2.01263E+4	7.27725E+6	2.21770E+6	9.66936E+4	3.74646E+6
7.23000E+1	6.67343E+4	2.00287E+4	6.99238E+6	2.22151E+6	9.63850E+4	3.87452E+6
7.24000E+1	6.65903E+4	2.00037E+4	6.46718E+6	2.20257E+6	9.63365E+4	3.63043E+6
7.25000E+1	6.66887E+4	2.01072E+4	5.86059E+6	2.06147E+6	9.60711E+4	3.40150E+6
7.26000E+1	6.74693E+4	2.03681E+4	6.48529E+6	2.17489E+6	9.61665E+4	3.72702E+6
7.27000E+1	6.78969E+4	2.03429E+4	7.47160E+6	2.25266E+6	9.67347E+4	4.05265E+6
7.28000E+1	6.74738E+4	2.04587E+4	6.37404E+6	2.15654E+6	9.63241E+4	3.75458E+6
7.29000E+1	6.72311E+4	2.04031E+4	5.92188E+6	2.02783E+6	9.55572E+4	3.30621E+6
7.30000E+1	6.77191E+4	2.05494E+4	6.88229E+6	2.17573E+6	9.61616E+4	3.47820E+6
7.31000E+1	6.77499E+4	2.07187E+4	7.90097E+6	2.25373E+6	9.63999E+4	4.00107E+6
7.32000E+1	6.73393E+4	2.05363E+4	6.00959E+6	2.08829E+6	9.53283E+4	3.45810E+6
7.33000E+1	6.80378E+4	2.07680E+4	6.78472E+6	2.19118E+6	9.58867E+4	3.80501E+6
7.34000E+1	6.78578E+4	2.07060E+4	6.20057E+6	2.08336E+6	9.53505E+4	3.44428E+6
7.35000E+1	6.83915E+4	2.08014E+4	6.38757E+6	2.19780E+6	9.55880E+4	3.64664E+6
7.36000E+1	6.81816E+4	2.08884E+4	6.17383E+6	2.07831E+6	9.49701E+4	3.34553E+6
7.37000E+1	6.86476E+4	2.09732E+4	7.16842E+6	2.14122E+6	9.52030E+4	3.74598E+6
7.38000E+1	6.85634E+4	2.09935E+4	5.95950E+6	2.07785E+6	9.49015E+4	3.60726E+6
7.39000E+1	6.88862E+4	2.09520E+4	6.39028E+6	2.10226E+6	9.50191E+4	3.52035E+6
7.40000E+1	6.87751E+4	2.11891E+4	7.10599E+6	2.22047E+6	9.52792E+4	3.92033E+6
7.41000E+1	6.88853E+4	2.10799E+4	5.95477E+6	2.07282E+6	9.49542E+4	3.45362E+6
7.42000E+1	6.93127E+4	2.13227E+4	6.67503E+6	2.16114E+6	9.54206E+4	3.93287E+6
7.43000E+1	6.91153E+4	2.13189E+4	5.93359E+6	2.12149E+6	9.48514E+4	3.62506E+6
7.44000E+1	6.97665E+4	2.14589E+4	6.93611E+6	2.21978E+6	9.49566E+4	3.65071E+6
7.45000E+1	6.92933E+4	2.14660E+4	6.09495E+6	2.16015E+6	9.47267E+4	3.55187E+6
7.46000E+1	6.91688E+4	2.15607E+4	5.60322E+6	2.03898E+6	9.47755E+4	3.39638E+6
7.47000E+1	6.98241E+4	2.16198E+4	6.59177E+6	2.21874E+6	9.51932E+4	3.70450E+6
7.48000E+1	6.93913E+4	2.16412E+4	6.14983E+6	2.13444E+6	9.47059E+4	3.63177E+6
7.49000E+1	6.95634E+4	2.17643E+4	6.24955E+6	2.14397E+6	9.41202E+4	3.56480E+6
7.50000E+1	7.03133E+4	2.19816E+4	7.54244E+6	2.20428E+6	9.46742E+4	3.82377E+6
7.51000E+1	6.97034E+4	2.18791E+4	6.22368E+6	2.10602E+6	9.40098E+4	3.57087E+6
7.52000E+1	6.98259E+4	2.18504E+4	6.56590E+6	2.12515E+6	9.42867E+4	3.59139E+6
7.53000E+1	7.03479E+4	2.20919E+4	7.50313E+6	2.22308E+6	9.47817E+4	3.73885E+6
7.54000E+1	6.99710E+4	2.20982E+4	6.28482E+6	2.09231E+6	9.42320E+4	3.51276E+6
7.55000E+1	7.00176E+4	2.21544E+4	5.86976E+6	2.09914E+6	9.41348E+4	3.48729E+6
7.56000E+1	7.09003E+4	2.23036E+4	7.90304E+6	2.27789E+6	9.46742E+4	3.92764E+6
7.57000E+1	7.03638E+4	2.22708E+4	6.08877E+6	2.10837E+6	9.40874E+4	3.46055E+6
7.58000E+1	7.07414E+4	2.25160E+4	6.77557E+6	2.16907E+6	9.44132E+4	3.63492E+6
7.59000E+1	7.04798E+4	2.24749E+4	6.28482E+6	2.18730E+6	9.42502E+4	3.64167E+6
7.60000E+1	7.12992E+4	2.26957E+4	6.82775E+6	2.18865E+6	9.42040E+4	3.71995E+6
7.61000E+1	7.13692E+4	2.27005E+4	7.00374E+6	2.19695E+6	9.44534E+4	3.75506E+6
7.62000E+1	7.15065E+4	2.26564E+4	6.40252E+6	2.15884E+6	9.42867E+4	3.70917E+6
7.63000E+1	7.10868E+4	2.28598E+4	6.19930E+6	2.11404E+6	9.41166E+4	3.62506E+6
7.64000E+1	7.17552E+4	2.30112E+4	7.15483E+6	2.21597E+6	9.44863E+4	3.78643E+6
7.65000E+1	7.19274E+4	2.31000E+4	7.83349E+6	2.33535E+6	9.47804E+4	4.00813E+6
7.66000E+1	7.21438E+4	2.30156E+4	7.77712E+6	2.24466E+6	9.45192E+4	3.94707E+6
7.67000E+1	7.21935E+4	2.32555E+4	8.59583E+6	2.26035E+6	9.44827E+4	4.13653E+6
7.68000E+1	7.24470E+4	2.32535E+4	7.95496E+6	2.34187E+6	9.45973E+4	4.20468E+6
7.69000E+1	7.21085E+4	2.33035E+4	6.08877E+6	2.13300E+6	9.43183E+4	3.63987E+6
7.70000E+1	7.19302E+4	2.33701E+4	5.86632E+6	2.11436E+6	9.41566E+4	3.42177E+6
7.71000E+1	7.21868E+4	2.35823E+4	6.04954E+6	2.17639E+6	9.43341E+4	3.55230E+6
7.72000E+1	7.28724E+4	2.36108E+4	7.45134E+6	2.21476E+6	9.48575E+4	3.73695E+6
7.73000E+1	7.32342E+4	2.38184E+4	8.27894E+6	2.27880E+6	9.49076E+4	3.95500E+6
7.74000E+1	7.29216E+4	2.38629E+4	7.16672E+6	2.27917E+6	9.49248E+4	3.84622E+6
7.75000E+1	7.28850E+4	2.40029E+4	6.99076E+6	2.21718E+6	9.48856E+4	3.90736E+6
7.76000E+1	7.33813E+4	2.40733E+4	7.37676E+6	2.28172E+6	9.48868E+4	3.89601E+6
7.77000E+1	7.36112E+4	2.41100E+4	7.48641E+6	2.29163E+6	9.47193E+4	4.22749E+6
7.78000E+1	7.36898E+4	2.41840E+4	8.74702E+6	2.42489E+6	9.52276E+4	4.12212E+6
7.79000E+1	7.35481E+4	2.43372E+4	7.76315E+6	2.36886E+6	9.52043E+4	4.05877E+6
7.80000E+1	7.36996E+4	2.42069E+4	7.99276E+6	2.32622E+6	9.49958E+4	4.28124E+6
7.81000E+1	7.33242E+4	2.44334E+4	7.15313E+6	2.28373E+6	9.48306E+4	3.80993E+6
7.82000E+1	7.41146E+4	2.45298E+4	8.35655E+6	2.42860E+6	9.49211E+4	4.22146E+6
7.83000E+1	7.38533E+4	2.45153E+4	8.04799E+6	2.36553E+6	9.50411E+4	4.10610E+6
7.84000E+1	7.36267E+4	2.46158E+4	7.20262E+6	2.25444E+6	9.47010E+4	3.91565E+6
7.85000E+1	7.33097E+4	2.45318E+4	5.99879E+6	2.14495E+6	9.41081E+4	3.66664E+6
7.86000E+1	7.37754E+4	2.47410E+4	6.63241E+6	2.17857E+6	9.42247E+4	3.66756E+6
7.87000E+1	7.44817E+4	2.50264E+4	7.55375E+6	2.30088E+6	9.50632E+4	4.05320E+6
7.88000E+1	7.48394E+4	2.51514E+4	7.58407E+6	2.30051E+6	9.56250E+4	4.01575E+6
7.89000E+1	7.49261E+4	2.52817E+4	8.55703E+6	2.35694E+6	9.61678E+4	4.26952E+6
7.90000E+1	7.51581E+4	2.55345E+4	8.78247E+6	2.38368E+6	9.63117E+4	4.12385E+6
7.91000E+1	7.54174E+4	2.56529E+4	8.84389E+6	2.48460E+6	9.67073E+4	4.43486E+6
7.92000E+1	7.50623E+4	2.56112E+4	7.61271E+6	2.43293E+6	9.70169E+4	4.14174E+6
7.93000E+1	7.48847E+4	2.58220E+4	6.78472E+6	2.32092E+6	9.68945E+4	4.04156E+6
7.94000E+1	7.46898E+4	2.57492E+4	6.40388E+6	2.28209E+6	9.67896E+4	3.79913E+6
7.95000E+1	7.46142E+4	2.58930E+4	6.41891E+6	2.26071E+6	9.70970E+4	3.85477E+6
7.96000E+1	7.47066E+4	2.60412E+4	6.21982E+6	2.28520E+6	9.71233E+4	3.81338E+6
7.97000E+1	7.48059E+4	2.60627E+4	6.06542E+6	2.30777E+6	9.73966E+4	3.69381E+6
7.98000E+1	7.51344E+4	2.63326E+4	6.99724E+6	2.44978E+6	9.80035E+4	4.17210E+6
7.99000E+1	7.51136E+4	2.63784E+4	8.23171E+6	2.53127E+6	9.84999E+4	4.30237E+6
8.00000E+1	7.51541E+4	2.65556E+4	7.95078E+6	2.47111E+6	9.86142E+4	4.09587E+6
8.01000E+1	7.54650E+4	2.66269E+4	7.91751E+6	2.57550E+6	9.88852E+4	4.39546E+6
8.02000E+1	7.48453E+4	2.67800E+4	6.81848E+6	2.38050E+6	9.85265E+4	4.15220E+6
8.03000E+1	7.50524E+4	2.68173E+4	6.06664E+6	2.32735E+6	9.86638E+4	3.94180E+6
8.04000E+1	7.55385E+4	2.70233E+4	7.73734E+6	2.47880E+6	9.92465E+4	4.31929E+6
8.05000E+1	7.52204E+4	2.72060E+4	8.62762E+6	2.62267E+6	9.94463E+4	4.42099E+6
8.06000E+1	7.56110E+4	2.73762E+4	8.67698E+6	2.56447E+6	9.93643E+4	4.59823E+6
8.07000E+1	7.52600E+4	2.72540E+4	9.05223E+6	2.51795E+6	9.95540E+4	4.38053E+6
8.08000E+1	7.45602E+4	2.72817E+4	6.45747E+6	2.37339E+6	9.83705E+4	3.96349E+6
8.09000E+1	7.48680E+4	2.72613E+4	6.65733E+6	2.36377E+6	9.84859E+4	3.93812E+6
8.10000E+1	7.53986E+4	2.75149E+4	7.09930E+6	2.41569E+6	9.89260E+4	4.12787E+6
8.11000E+1	7.52293E+4	2.75149E+4	7.38217E+6	2.47111E+6	9.89260E+4	4.08851E+6
8.12000E+1	7.54938E+4	2.77468E+4	9.37924E+6	2.49997E+6	9.88177E+4	4.34460E+6
8.13000E+1	7.56776E+4	2.78821E+4	6.82003E+6	2.41263E+6	9.87834E+4	4.21006E+6
8.14000E+1	7.49301E+4	2.76502E+4	6.13101E+6	2.35112E+6	9.82602E+4	3.85830E+6
8.15000E+1	7.53431E+4	2.77216E+4	6.69579E+6	2.36867E+6	9.83870E+4	4.13711E+6
8.16000E+1	7.57044E+4	2.78057E+4	7.65510E+6	2.46941E+6	9.89515E+4	4.35481E+6
8.17000E+1	7.58687E+4	2.81286E+4	7.89891E+6	2.53507E+6	9.88228E+4	4.63045E+6
8.18000E+1	7.61781E+4	2.81492E+4	8.35195E+6	2.55831E+6	9.90013E+4	4.65582E+6
8.19000E+1	7.60412E+4	2.82822E+4	8.38197E+6	2.53261E+6	9.85697E+4	4.55245E+6
8.20000E+1	7.67811E+4	2.83145E+4	7.89479E+6	2.58220E+6	9.87999E+4	4.61679E+6
8.21000E+1	7.60542E+4	2.83135E+4	7.33913E+6	2.44644E+6	9.84466E+4	4.26093E+6
8.22000E+1	7.62942E+4	2.84085E+4	8.06944E+6	2.53283E+6	9.85367E+4	4.24810E+6
8.23000E+1	7.64856E+4	2.86320E+4	9.34463E+6	2.54427E+6	9.86625E+4	4.89940E+6
8.24000E+1	7.64756E+4	2.84845E+4	9.11746E+6	2.58035E+6	9.86968E+4	4.36250E+6
8.25000E+1	7.66413E+4	2.86586E+4	8.13009E+6	2.57089E+6	9.88419E+4	4.37472E+6
8.26000E+1	7.66222E+4	2.86794E+4	7.87425E+6	2.46707E+6	9.86002E+4	4.37150E+6
8.27000E+1	7.63773E+4	2.86336E+4	7.76116E+6	2.48805E+6	9.85723E+4	4.40132E+6
8.28000E+1	7.65238E+4	2.85872E+4	7.92580E+6	2.48288E+6	9.84732E+4	4.19159E+6
8.29000E+1	7.65268E+4	2.87376E+4	8.10182E+6	2.53082E+6	9.84872E+4	4.33191E+6
8.30000E+1	7.69202E+4	2.89387E+4	9.76800E+6	2.60865E+6	9.86078E+4	4.76845E+6
8.31000E+1	7.69989E+4	2.90668E+4	8.12573E+6	2.55082E+6	9.86714E+4	4.55245E+6
8.32000E+1	7.68990E+4	2.90110E+4	7.45318E+6	2.44414E+6	9.83515E+4	4.24445E+6
8.33000E+1	7.67832E+4	2.91404E+4	6.91702E+6	2.35267E+6	9.84060E+4	4.00704E+6
8.34000E+1	7.70140E+4	2.91925E+4	8.31073E+6	2.62626E+6	9.85939E+4	4.57488E+6
8.35000E+1	7.69464E+4	2.93902E+4	9.49054E+6	2.67699E+6	9.88203E+4	4.71409E+6
8.36000E+1	7.74238E+4	2.94987E+4	8.90879E+6	2.60653E+6	9.89044E+4	4.67704E+6
8.37000E+1	7.75994E+4	2.94646E+4	9.11746E+6	2.60252E+6	9.90153E+4	4.82094E+6
8.38000E+1	7.73306E+4	2.96989E+4	7.81327E+6	2.58568E+6	9.84872E+4	4.48782E+6
8.39000E+1	7.67419E+4	2.94706E+4	6.82311E+6	2.47517E+6	9.79644E+4	4.23656E+6
8.40000E+1	7.64305E+4	2.93438E+4	7.16502E+6	2.36749E+6	9.77008E+4	3.99296E+6
8.41000E+1	7.64305E+4	2.95014E+4	6.34179E+6	2.34571E+6	9.75888E+4	3.84421E+6
8.42000E+1	7.63152E+4	2.95511E+4	6.95049E+6	2.41446E+6	9.77285E+4	3.94759E+6
8.43000E+1	7.65318E+4	2.96182E+4	6.66027E+6	2.34398E+6	9.73326E+4	3.93549E+6
8.44000E+1	7.64626E+4	2.96507E+4	6.28219E+6	2.24148E+6	9.68358E+4	3.98972E+6
8.45000E+1	7.64375E+4	2.96220E+4	6.82003E+6	2.32792E+6	9.69095E+4	4.19694E+6
8.46000E+1	7.73387E+4	2.98731E+4	8.83103E+6	2.57619E+6	9.74443E+4	4.61679E+6
8.47000E+1	7.68758E+4	2.97705E+4	8.06299E+6	2.51289E+6	9.69694E+4	4.31678E+6
8.48000E+1	7.66353E+4	2.96545E+4	6.79543E+6	2.31189E+6	9.65367E+4	4.11582E+6
8.49000E+1	7.63643E+4	2.96599E+4	6.58601E+6	2.32205E+6	9.60265E+4	3.83671E+6
8.50000E+1	7.67419E+4	2.97130E+4	6.38622E+6	2.26521E+6	9.56719E+4	3.83372E+6
8.51000E+1	7.64886E+4	2.97032E+4	6.38757E+6	2.27425E+6	9.57163E+4	3.80796E+6
8.52000E+1	7.73610E+4	3.00270E+4	7.99698E+6	2.41589E+6	9.58694E+4	4.20170E+6
8.53000E+1	7.76066E+4	3.00619E+4	9.58027E+6	2.52771E+6	9.59473E+4	4.57558E+6
8.54000E+1	7.76970E+4	2.98948E+4	7.24930E+6	2.41304E+6	9.56941E+4	4.19872E+6
8.55000E+1	7.74563E+4	2.98394E+4	7.51059E+6	2.35753E+6	9.55240E+4	4.28372E+6
8.56000E+1	7.70625E+4	2.99987E+4	7.24235E+6	2.37872E+6	9.56287E+4	4.02999E+6
8.57000E+1	7.71221E+4	3.00238E+4	7.09930E+6	2.34899E+6	9.53910E+4	4.10326E+6
8.58000E+1	7.73154E+4	2.99971E+4	6.95369E+6	2.30702E+6	9.50693E+4	4.03991E+6
8.59000E+1	7.74421E+4	3.01497E+4	6.99724E+6	2.30684E+6	9.49309E+4	3.76803E+6
8.60000E+1	7.71140E+4	3.02753E+4	6.43676E+6	2.23110E+6	9.48012E+4	3.77915E+6
8.61000E+1	7.74299E+4	3.03065E+4	6.79696E+6	2.25712E+6	9.49860E+4	3.94232E+6
8.62000E+1	7.75131E+4	3.03717E+4	6.60768E+6	2.33650E+6	9.51147E+4	4.06826E+6
8.63000E+1	7.77011E+4	3.03848E+4	7.26150E+6	2.32906E+6	9.52006E+4	4.19694E+6
8.64000E+1	7.79069E+4	3.04177E+4	7.19404E+6	2.38666E+6	9.48452E+4	4.08964E+6
8.65000E+1	7.77113E+4	3.05839E+4	6.66617E+6	2.34148E+6	9.47731E+4	4.00976E+6
8.66000E+1	7.83218E+4	3.06587E+4	8.06729E+6	2.38966E+6	9.53074E+4	4.20827E+6
8.67000E+1	7.79834E+4	3.06631E+4	7.07766E+6	2.29311E+6	9.50546E+4	4.04876E+6
8.68000E+1	7.82031E+4	3.06669E+4	6.79237E+6	2.28924E+6	9.47792E+4	3.97202E+6
8.69000E+1	7.86379E+4	3.08614E+4	6.83704E+6	2.36084E+6	9.50399E+4	4.00487E+6
8.70000E+1	7.92217E+4	3.10631E+4	8.66706E+6	2.52793E+6	9.56854E+4	4.57699E+6
8.71000E+1	7.87459E+4	3.10249E+4	7.69404E+6	2.50652E+6	9.54895E+4	4.36250E+6
8.72000E+1	7.85608E+4	3.09646E+4	7.06771E+6	2.32527E+6	9.46619E+4	3.95818E+6
8.73000E+1	7.86420E+4	3.12304E+4	6.48669E+6	2.25498E+6	9.47853E+4	3.81783E+6
8.74000E+1	7.93667E+4	3.13926E+4	8.45208E+6	2.43334E+6	9.52485E+4	4.32118E+6
8.75000E+1	7.92828E+4	3.13693E+4	7.94452E+6	2.38447E+6	9.52202E+4	4.27630E+6
8.76000E+1	7.89561E+4	3.12576E+4	6.34046E+6	2.25088E+6	9.42830E+4	3.89652E+6
8.77000E+1	7.89180E+4	3.13126E+4	6.39164E+6	2.28227E+6	9.47817E+4	3.88421E+6
8.78000E+1	7.95960E+4	3.14599E+4	6.99562E+6	2.30740E+6	9.49566E+4	3.99512E+6
8.79000E+1	8.00252E+4	3.16702E+4	8.58610E+6	2.49302E+6	9.51797E+4	4.42297E+6
8.80000E+1	7.99438E+4	3.16021E+4	8.35655E+6	2.43169E+6	9.53246E+4	4.52749E+6
8.81000E+1	7.99991E+4	3.16305E+4	7.52180E+6	2.40250E+6	9.53394E+4	4.29551E+6
8.82000E+1	7.94590E+4	3.18643E+4	6.14857E+6	2.29477E+6	9.46839E+4	4.06994E+6
8.83000E+1	7.98781E+4	3.18139E+4	6.95209E+6	2.33497E+6	9.53382E+4	3.97362E+6
8.84000E+1	8.02384E+4	3.20634E+4	7.38939E+6	2.37418E+6	9.52767E+4	4.17622E+6
8.85000E+1	8.07012E+4	3.22131E+4	8.80540E+6	2.45041E+6	9.57003E+4	4.34333E+6
8.86000E+1	8.11716E+4	3.24466E+4	9.32456E+6	2.57112E+6	9.56558E+4	4.78223E+6
8.87000E+1	8.07201E+4	3.23382E+4	7.81528E+6	2.41507E+6	9.52792E+4	4.30362E+6
8.88000E+1	8.07285E+4	3.24382E+4	8.45208E+6	2.41916E+6	9.54575E+4	4.19396E+6
8.89000E+1	8.07254E+4	3.24206E+4	8.34505E+6	2.52083E+6	9.54563E+4	4.38442E+6
8.90000E+1	8.02897E+4	3.25094E+4	7.49941E+6	2.35830E+6	9.50460E+4	3.93812E+6
8.91000E+1	8.07622E+4	3.26748E+4	8.67202E+6	2.54969E+6	9.57928E+4	4.63767E+6
8.92000E+1	8.06475E+4	3.25569E+4	7.32312E+6	2.34437E+6	9.51110E+4	4.19575E+6
8.93000E+1	8.07285E+4	3.26595E+4	7.00699E+6	2.29495E+6	9.52436E+4	4.01630E+6
8.94000E+1	8.10237E+4	3.28389E+4	7.83349E+6	2.48417E+6	9.53566E+4	4.31615E+6
8.95000E+1	8.12287E+4	3.30285E+4	1.04309E+7	2.56768E+6	9.61430E+4	5.03844E+6
8.96000E+1	8.11166E+4	3.29362E+4	8.07589E+6	2.47325E+6	9.55806E+4	4.45416E+6
8.97000E+1	8.04438E+4	3.29447E+4	6.45055E+6	2.32982E+6	9.50938E+4	3.89910E+6
8.98000E+1	8.12943E+4	3.31814E+4	8.28573E+6	2.49129E+6	9.54144E+4	4.41639E+6
8.99000E+1	8.14724E+4	3.32317E+4	9.55317E+6	2.60936E+6	9.55806E+4	4.60392E+6
9.00000E+1	8.14957E+4	3.33296E+4	9.72738E+6	2.63081E+6	9.56817E+4	4.40917E+6
9.01000E+1	8.14671E+4	3.31997E+4	7.60313E+6	2.50281E+6	9.55486E+4	4.38247E+6
9.02000E+1	8.18019E+4	3.33536E+4	8.79519E+6	2.50063E+6	9.55683E+4	4.46420E+6
9.03000E+1	8.19660E+4	3.35171E+4	7.89891E+6	2.54969E+6	9.56201E+4	4.33571E+6
9.04000E+1	8.10891E+4	3.34580E+4	6.83859E+6	2.37931E+6	9.49946E+4	4.05209E+6
9.05000E+1	8.14480E+4	3.35591E+4	7.46422E+6	2.40331E+6	9.52030E+4	4.07499E+6
9.06000E+1	8.16848E+4	3.37392E+4	7.04626E+6	2.43935E+6	9.52988E+4	4.23293E+6
9.07000E+1	8.20642E+4	3.38066E+4	8.09100E+6	2.43748E+6	9.58620E+4	4.35353E+6
9.08000E+1	8.25536E+4	3.40320E+4	9.89510E+6	2.56470E+6	9.59127E+4	4.75702E+6
9.09000E+1	8.21625E+4	3.39562E+4	8.09965E+6	2.51575E+6	9.57373E+4	4.41376E+6
9.10000E+1	8.14809E+4	3.40135E+4	6.95851E+6	2.32887E+6	9.52902E+4	4.17563E+6
9.11000E+1	8.17455E+4	3.38188E+4	7.17182E+6	2.41040E+6	9.52030E+4	4.15453E+6
9.12000E+1	8.19991E+4	3.40771E+4	7.64349E+6	2.38986E+6	9.53701E+4	4.07892E+6
9.13000E+1	8.16795E+4	3.40980E+4	6.75281E+6	2.36396E+6	9.55671E+4	4.02067E+6
9.14000E+1	8.14745E+4	3.40679E+4	6.54024E+6	2.34899E+6	9.51037E+4	3.95871E+6
9.15000E+1	8.18221E+4	3.41635E+4	7.20950E+6	2.34437E+6	9.51920E+4	4.14638E+6
9.16000E+1	8.15340E+4	3.40737E+4	7.37856E+6	2.39185E+6	9.50277E+4	4.42099E+6
9.17000E+1	8.18306E+4	3.42633E+4	7.59740E+6	2.36533E+6	9.53050E+4	4.13827E+6
9.18000E+1	8.21668E+4	3.42953E+4	7.81327E+6	2.44727E+6	9.48538E+4	4.26645E+6
9.19000E+1	8.16561E+4	3.43383E+4	6.87288E+6	2.32281E+6	9.44534E+4	3.96349E+6
9.20000E+1	8.23369E+4	3.46308E+4	8.67698E+6	2.50959E+6	9.51073E+4	4.48510E+6
9.21000E+1	8.27632E+4	3.48097E+4	1.06908E+7	2.57827E+6	9.53689E+4	4.63839E+6
9.22000E+1	8.26922E+4	3.47845E+4	9.31884E+6	2.57204E+6	9.55819E+4	4.72156E+6
9.23000E+1	8.25740E+4	3.46652E+4	8.84132E+6	2.56653E+6	9.49799E+4	4.72156E+6
9.24000E+1	8.25879E+4	3.47523E+4	8.37503E+6	2.44122E+6	9.51306E+4	4.47362E+6
9.25000E+1	8.16040E+4	3.47822E+4	7.02985E+6	2.40412E+6	9.44120E+4	4.16916E+6
9.26000E+1	8.20343E+4	3.49556E+4	6.84325E+6	2.47389E+6	9.45168E+4	4.06379E+6
9.27000E+1	8.27556E+4	3.50190E+4	8.56186E+6	2.44435E+6	9.50522E+4	4.53855E+6
9.28000E+1	8.29258E+4	3.52673E+4	1.02899E+7	2.63659E+6	9.53333E+4	4.78762E+6
9.29000E+1	8.28935E+4	3.52449E+4	8.53535E+6	2.52282E+6	9.48416E+4	4.70217E+6
9.30000E+1	8.31622E+4	3.55000E+4	8.71186E+6	2.59454E+6	9.58348E+4	4.66970E+6
9.31000E+1	8.25976E+4	3.52797E+4	6.88072E+6	2.36396E+6	9.50448E+4	4.16857E+6
9.32000E+1	8.26707E+4	3.53629E+4	6.62658E+6	2.32906E+6	9.47694E+4	3.91357E+6
9.33000E+1	8.25933E+4	3.54054E+4	7.19575E+6	2.35733E+6	9.47047E+4	4.34015E+6
9.34000E+1	8.26911E+4	3.54285E+4	8.11702E+6	2.44790E+6	9.47560E+4	4.29427E+6
9.35000E+1	8.29463E+4	3.56142E+4	8.87493E+6	2.55900E+6	9.49174E+4	4.75778E+6
9.36000E+1	8.31438E+4	3.57590E+4	9.41703E+6	2.62076E+6	9.49958E+4	4.76540E+6
9.37000E+1	8.32584E+4	3.57174E+4	8.91402E+6	2.54202E+6	9.50607E+4	4.37989E+6
9.38000E+1	8.25353E+4	3.55846E+4	7.64156E+6	2.42202E+6	9.44802E+4	4.34206E+6
9.39000E+1	8.25353E+4	3.55935E+4	6.98914E+6	2.32375E+6	9.41154E+4	4.08117E+6
9.40000E+1	8.23241E+4	3.56137E+4	7.25279E+6	2.33899E+6	9.40680E+4	4.31426E+6
9.41000E+1	8.22566E+4	3.56451E+4	6.81078E+6	2.33612E+6	9.39577E+4	3.98058E+6
9.42000E+1	8.21743E+4	3.57530E+4	6.93292E+6	2.35616E+6	9.38680E+4	4.10212E+6
9.43000E+1	8.33808E+4	3.59308E+4	8.92450E+6	2.55286E+6	9.45412E+4	4.57277E+6
9.44000E+1	8.27427E+4	3.59629E+4	8.67946E+6	2.48719E+6	9.43317E+4	4.62613E+6
9.45000E+1	8.24795E+4	3.59612E+4	6.82003E+6	2.28282E+6	9.38753E+4	4.20648E+6
9.46000E+1	8.30660E+4	3.60816E+4	7.66286E+6	2.42346E+6	9.41421E+4	4.23293E+6
9.47000E+1	8.29226E+4	3.61807E+4	8.19830E+6	2.46347E+6	9.37385E+4	4.49189E+6
9.48000E+1	8.33277E+4	3.61944E+4	1.00288E+7	2.51267E+6	9.41032E+4	4.84130E+6
9.49000E+1	8.29948E+4	3.62733E+4	9.21706E+6	2.55286E+6	9.39916E+4	4.72907E+6
9.50000E+1	8.29290E+4	3.62919E+4	9.59236E+6	2.50521E+6	9.39552E+4	4.70217E+6
9.51000E+1	8.33234E+4	3.64993E+4	9.88867E+6	2.54720E+6	9.44047E+4	4.67851E+6
9.52000E+1	8.33678E+4	3.64453E+4	9.73361E+6	2.53933E+6	9.40935E+4	4.48714E+6
9.53000E+1	8.28019E+4	3.64471E+4	7.68037E+6	2.31828E+6	9.35718E+4	4.23777E+6
9.54000E+1	8.33115E+4	3.66874E+4	8.94554E+6	2.46538E+6	9.36443E+4	4.60464E+6
9.55000E+1	8.32682E+4	3.66092E+4	9.95012E+6	2.51025E+6	9.40001E+4	4.71483E+6
9.56000E+1	8.32844E+4	3.67187E+4	8.58610E+6	2.50172E+6	9.35175E+4	4.53578E+6
9.57000E+1	8.28213E+4	3.66669E+4	7.93827E+6	2.31282E+6	9.34596E+4	4.17799E+6
9.58000E+1	8.28633E+4	3.65984E+4	7.48455E+6	2.39687E+6	9.32452E+4	4.31678E+6
9.59000E+1	8.26212E+4	3.66549E+4	7.62807E+6	2.35967E+6	9.31334E+4	4.23353E+6
9.60000E+1	8.29333E+4	3.67332E+4	8.36116E+6	2.41895E+6	9.33126E+4	4.30737E+6
9.61000E+1	8.29625E+4	3.69177E+4	9.17807E+6	2.48740E+6	9.33198E+4	4.47564E+6
9.62000E+1	8.23616E+4	3.65858E+4	7.00699E+6	2.23040E+6	9.27724E+4	3.85175E+6
9.63000E+1	8.27858E+4	3.67946E+4	7.31603E+6	2.34071E+6	9.26097E+4	4.20528E+6
9.64000E+1	8.30423E+4	3.69455E+4	9.06574E+6	2.46984E+6	9.31815E+4	4.74641E+6
9.65000E+1	8.28978E+4	3.67940E+4	8.50424E+6	2.41467E+6	9.27125E+4	4.51991E+6
9.66000E+1	8.25772E+4	3.69232E+4	6.99886E+6	2.31114E+6	9.26455E+4	3.99620E+6
9.67000E+1	8.32217E+4	3.71979E+4	8.93238E+6	2.51531E+6	9.30998E+4	4.55944E+6
9.68000E+1	8.23294E+4	3.70054E+4	7.72943E+6	2.33707E+6	9.23984E+4	4.00053E+6
9.69000E+1	8.32541E+4	3.73333E+4	9.28467E+6	2.48353E+6	9.29065E+4	4.28992E+6
9.70000E+1	8.33840E+4	3.74269E+4	9.68093E+6	2.51025E+6	9.29689E+4	4.68588E+6
9.71000E+1	8.34729E+4	3.72040E+4	8.28800E+6	2.38408E+6	9.26766E+4	4.58829E+6
9.72000E+1	8.33905E+4	3.72610E+4	8.12137E+6	2.46623E+6	9.27975E+4	4.52335E+6
9.73000E+1	8.30261E+4	3.71706E+4	7.67452E+6	2.33554E+6	9.22351E+4	4.26461E+6
9.74000E+1	8.29064E+4	3.72780E+4	6.68391E+6	2.36181E+6	9.20199E+4	4.05598E+6
9.75000E+1	8.32952E+4	3.75512E+4	8.80540E+6	2.49954E+6	9.23495E+4	4.70738E+6
9.76000E+1	8.28935E+4	3.71531E+4	7.46422E+6	2.32546E+6	9.16003E+4	4.20230E+6
9.77000E+1	8.26234E+4	3.71155E+4	6.33645E+6	2.27625E+6	9.15175E+4	3.90271E+6
9.78000E+1	8.28051E+4	3.72210E+4	6.60768E+6	2.20685E+6	9.10601E+4	4.00378E+6
9.79000E+1	8.28482E+4	3.73752E+4	6.57307E+6	2.22551E+6	9.10931E+4	3.89549E+6
9.80000E+1	8.29959E+4	3.74148E+4	6.70026E+6	2.25999E+6	9.11401E+4	4.06435E+6
9.81000E+1	8.30833E+4	3.74732E+4	6.70026E+6	2.20172E+6	9.11201E+4	4.10667E+6
9.82000E+1	8.28967E+4	3.73454E+4	6.32978E+6	2.20479E+6	9.07806E+4	3.92346E+6
9.83000E+1	8.33028E+4	3.75371E+4	7.71760E+6	2.14788E+6	9.07724E+4	3.83322E+6
9.84000E+1	8.39862E+4	3.77056E+4	8.19165E+6	2.37912E+6	9.11578E+4	4.30674E+6
9.85000E+1	8.37880E+4	3.78676E+4	1.02208E+7	2.39988E+6	9.14986E+4	4.41048E+6
9.86000E+1	8.37858E+4	3.77508E+4	8.97463E+6	2.40634E+6	9.12992E+4	4.54480E+6
9.87000E+1	8.34610E+4	3.77997E+4	9.28750E+6	2.42018E+6	9.11072E+4	4.36378E+6
9.88000E+1	8.34794E+4	3.77153E+4	7.20090E+6	2.28612E+6	9.05043E+4	4.13884E+6
9.89000E+1	8.34382E+4	3.76976E+4	7.56509E+6	2.33688E+6	9.07584E+4	4.23414E+6
9.90000E+1	8.34285E+4	3.77948E+4	7.62230E+6	2.26864E+6	9.06190E+4	4.07106E+6
9.91000E+1	8.35130E+4	3.79602E+4	6.82930E+6	2.22795E+6	9.03513E+4	3.96615E+6
9.92000E+1	8.39110E+4	3.80160E+4	7.42206E+6	2.24519E+6	9.03373E+4	4.04156E+6
9.93000E+1	8.45902E+4	3.83032E+4	8.74955E+6	2.41813E+6	9.10378E+4	4.53094E+6
9.94000E+1	8.43632E+4	3.83957E+4	9.18362E+6	2.39606E+6	9.09238E+4	4.40983E+6
9.95000E+1	8.43402E+4	3.83352E+4	9.25356E+6	2.43376E+6	9.08135E+4	4.74414E+6
9.96000E+1	8.43063E+4	3.82237E+4	9.07116E+6	2.31095E+6	9.03980E+4	4.24263E+6
9.97000E+1	8.39906E+4	3.80921E+4	8.64237E+6	2.36592E+6	9.04587E+4	4.27568E+6
9.98000E+1	8.44268E+4	3.82816E+4	8.43797E+6	2.34957E+6	9.07267E+4	4.40198E+6
9.99000E+1	8.39295E+4	3.81370E+4	7.08763E+6	2.28538E+6	9.02288E+4	3.98703E+6
1.00000E+2	8.41336E+4	3.83679E+4	6.50210E+6	2.15114E+6	9.01577E+4	4.06211E+6
1.00100E+2	8.46868E+4	3.85142E+4	7.84771E+6	2.26864E+6	9.03489E+4	4.18981E+6
1.00200E+2	8.47132E+4	3.88451E+4	8.27668E+6	2.34784E+6	9.06260E+4	4.33952E+6
