0.00000E+0	1.62228E+4	2.17802E+4	1.71475E+6	6.31434E+5	1.06154E+5	1.50286E+6
1.00000E-1	1.27418E+4	1.81200E+4	1.65314E+6	6.15682E+5	1.02347E+5	1.44456E+6
2.00000E-1	1.28053E+4	1.81196E+4	1.66712E+6	6.11532E+5	1.02377E+5	1.46299E+6
3.00000E-1	1.27664E+4	1.81443E+4	1.65552E+6	6.19214E+5	1.02309E+5	1.44996E+6
4.00000E-1	1.28000E+4	1.81947E+4	1.64271E+6	6.22227E+5	1.02137E+5	1.49414E+6
5.00000E-1	1.28422E+4	1.82474E+4	1.63929E+6	6.18149E+5	1.02004E+5	1.43463E+6
6.00000E-1	1.27787E+4	1.81232E+4	1.66762E+6	6.17170E+5	1.02372E+5	1.48066E+6
7.00000E-1	1.27693E+4	1.81933E+4	1.62116E+6	6.22782E+5	1.02214E+5	1.44695E+6
8.00000E-1	1.27492E+4	1.80419E+4	1.64546E+6	6.20032E+5	1.02020E+5	1.45735E+6
9.00000E-1	1.27602E+4	1.81371E+4	1.65067E+6	6.26486E+5	1.02363E+5	1.45563E+6
1.00000E+0	1.26972E+4	1.81668E+4	1.65127E+6	6.15616E+5	1.02393E+5	1.45946E+6
1.10000E+0	1.27672E+4	1.81326E+4	1.64379E+6	6.24097E+5	1.01932E+5	1.45719E+6
1.20000E+0	1.27631E+4	1.81277E+4	1.65682E+6	6.22462E+5	1.02106E+5	1.47098E+6
1.30000E+0	1.27943E+4	1.81214E+4	1.63754E+6	6.22210E+5	1.02102E+5	1.44448E+6
1.40000E+0	1.28476E+4	1.82150E+4	1.66672E+6	6.18499E+5	1.02582E+5	1.46995E+6
1.50000E+0	1.27893E+4	1.82983E+4	1.66651E+6	6.25162E+5	1.02201E+5	1.45711E+6
1.60000E+0	1.28258E+4	1.81569E+4	1.63172E+6	6.21824E+5	1.02127E+5	1.44272E+6
1.70000E+0	1.28467E+4	1.81070E+4	1.64105E+6	6.19131E+5	1.01935E+5	1.42859E+6
1.80000E+0	1.28570E+4	1.81403E+4	1.66732E+6	6.19164E+5	1.02147E+5	1.47194E+6
1.90000E+0	1.29424E+4	1.81789E+4	1.67754E+6	6.28174E+5	1.01865E+5	1.45735E+6
2.00000E+0	1.28656E+4	1.81992E+4	1.66672E+6	6.17850E+5	1.01676E+5	1.44818E+6
2.10000E+0	1.28976E+4	1.81929E+4	1.62126E+6	6.27593E+5	1.02164E+5	1.45407E+6
2.20000E+0	1.29436E+4	1.81771E+4	1.67024E+6	6.30831E+5	1.02340E+5	1.48583E+6
2.30000E+0	1.29330E+4	1.81470E+4	1.66050E+6	6.25637E+5	1.01958E+5	1.45938E+6
2.40000E+0	1.28779E+4	1.81173E+4	1.61384E+6	6.26690E+5	1.02230E+5	1.44065E+6
2.50000E+0	1.28279E+4	1.81227E+4	1.66400E+6	6.28892E+5	1.02193E+5	1.44973E+6
2.60000E+0	1.29219E+4	1.82699E+4	1.66732E+6	6.29406E+5	1.01941E+5	1.43592E+6
2.70000E+0	1.28882E+4	1.80904E+4	1.60294E+6	6.22967E+5	1.02019E+5	1.41590E+6
2.80000E+0	1.29034E+4	1.81717E+4	1.64654E+6	6.32573E+5	1.02048E+5	1.44779E+6
2.90000E+0	1.29260E+4	1.81879E+4	1.69471E+6	6.29766E+5	1.02120E+5	1.41990E+6
3.00000E+0	1.29893E+4	1.81218E+4	1.61536E+6	6.27832E+5	1.01814E+5	1.43130E+6
3.10000E+0	1.29186E+4	1.81974E+4	1.66230E+6	6.27849E+5	1.02190E+5	1.45462E+6
3.20000E+0	1.29194E+4	1.82150E+4	1.67206E+6	6.29834E+5	1.01880E+5	1.46615E+6
3.30000E+0	1.29120E+4	1.81538E+4	1.62931E+6	6.27525E+5	1.01818E+5	1.43935E+6
3.40000E+0	1.28119E+4	1.81650E+4	1.69211E+6	6.30814E+5	1.01794E+5	1.47226E+6
3.50000E+0	1.29124E+4	1.82172E+4	1.65344E+6	6.23675E+5	1.01527E+5	1.40875E+6
3.60000E+0	1.29453E+4	1.81695E+4	1.68193E+6	6.31279E+5	1.01821E+5	1.44448E+6
3.70000E+0	1.28783E+4	1.81380E+4	1.63871E+6	6.23860E+5	1.01621E+5	1.42491E+6
3.80000E+0	1.28455E+4	1.81632E+4	1.68644E+6	6.26929E+5	1.01573E+5	1.44379E+6
3.90000E+0	1.30234E+4	1.81389E+4	1.64027E+6	6.28977E+5	1.01662E+5	1.43380E+6
4.00000E+0	1.29543E+4	1.81839E+4	1.62633E+6	6.25383E+5	1.01296E+5	1.42596E+6
4.10000E+0	1.30716E+4	1.81497E+4	1.67419E+6	6.31744E+5	1.01672E+5	1.43805E+6
4.20000E+0	1.29297E+4	1.82451E+4	1.64232E+6	6.23725E+5	1.01619E+5	1.41990E+6
4.30000E+0	1.29243E+4	1.81884E+4	1.63929E+6	6.29268E+5	1.01710E+5	1.44027E+6
4.40000E+0	1.29005E+4	1.81690E+4	1.65921E+6	6.23607E+5	1.01565E+5	1.40721E+6
4.50000E+0	1.29371E+4	1.82460E+4	1.64066E+6	6.27935E+5	1.01699E+5	1.41456E+6
4.60000E+0	1.28771E+4	1.82226E+4	1.70462E+6	6.26844E+5	1.01826E+5	1.44679E+6
4.70000E+0	1.28792E+4	1.82064E+4	1.61907E+6	6.33283E+5	1.01620E+5	1.42266E+6
4.80000E+0	1.28004E+4	1.82983E+4	1.67764E+6	6.29903E+5	1.01922E+5	1.43002E+6
4.90000E+0	1.28648E+4	1.81533E+4	1.68726E+6	6.25671E+5	1.02216E+5	1.46410E+6
5.00000E+0	1.29823E+4	1.81241E+4	1.68737E+6	6.27269E+5	1.01621E+5	1.41139E+6
5.10000E+0	1.28549E+4	1.82163E+4	1.66651E+6	6.26418E+5	1.01653E+5	1.44233E+6
5.20000E+0	1.28369E+4	1.81461E+4	1.67166E+6	6.27235E+5	1.01573E+5	1.40145E+6
5.30000E+0	1.28533E+4	1.82465E+4	1.67419E+6	6.29440E+5	1.01564E+5	1.44226E+6
5.40000E+0	1.28948E+4	1.82726E+4	1.63900E+6	6.28806E+5	1.01948E+5	1.39207E+6
5.50000E+0	1.29535E+4	1.83100E+4	1.66040E+6	6.29937E+5	1.01978E+5	1.43274E+6
5.60000E+0	1.28607E+4	1.82339E+4	1.63754E+6	6.24350E+5	1.01982E+5	1.41080E+6
5.70000E+0	1.27586E+4	1.81430E+4	1.70064E+6	6.28430E+5	1.01527E+5	1.43532E+6
5.80000E+0	1.28217E+4	1.83127E+4	1.63861E+6	6.24553E+5	1.01884E+5	1.44379E+6
5.90000E+0	1.28033E+4	1.81767E+4	1.64291E+6	6.23979E+5	1.01865E+5	1.41161E+6
6.00000E+0	1.28841E+4	1.82622E+4	1.68552E+6	6.36624E+5	1.02186E+5	1.42050E+6
6.10000E+0	1.29782E+4	1.82267E+4	1.64654E+6	6.23489E+5	1.01825E+5	1.40912E+6
6.20000E+0	1.29963E+4	1.81304E+4	1.67125E+6	6.35629E+5	1.01962E+5	1.43070E+6
6.30000E+0	1.28373E+4	1.82753E+4	1.65741E+6	6.29766E+5	1.01754E+5	1.40897E+6
6.40000E+0	1.29338E+4	1.82361E+4	1.64683E+6	6.31554E+5	1.01985E+5	1.41575E+6
6.50000E+0	1.28459E+4	1.82181E+4	1.62979E+6	6.26997E+5	1.02091E+5	1.43357E+6
6.60000E+0	1.29880E+4	1.82744E+4	1.66000E+6	6.21404E+5	1.01821E+5	1.40225E+6
6.70000E+0	1.29860E+4	1.82690E+4	1.67866E+6	6.27576E+5	1.01755E+5	1.43889E+6
6.80000E+0	1.30222E+4	1.82983E+4	1.68377E+6	6.28413E+5	1.01777E+5	1.40802E+6
6.90000E+0	1.28890E+4	1.82366E+4	1.62691E+6	6.34150E+5	1.01569E+5	1.41228E+6
7.00000E+0	1.29050E+4	1.82559E+4	1.69284E+6	6.24316E+5	1.02027E+5	1.43418E+6
7.10000E+0	1.29469E+4	1.83290E+4	1.66461E+6	6.23068E+5	1.01755E+5	1.41909E+6
7.20000E+0	1.28668E+4	1.81843E+4	1.64144E+6	6.27337E+5	1.01665E+5	1.40487E+6
7.30000E+0	1.29145E+4	1.84206E+4	1.70252E+6	6.28994E+5	1.01810E+5	1.42618E+6
7.40000E+0	1.29671E+4	1.82145E+4	1.67095E+6	6.18731E+5	1.01394E+5	1.40473E+6
7.50000E+0	1.29852E+4	1.82456E+4	1.65652E+6	6.27610E+5	1.01617E+5	1.43744E+6
7.60000E+0	1.29420E+4	1.81367E+4	1.68111E+6	6.27593E+5	1.02015E+5	1.43767E+6
7.70000E+0	1.29539E+4	1.82217E+4	1.66380E+6	6.18798E+5	1.01547E+5	1.40641E+6
7.80000E+0	1.30481E+4	1.81762E+4	1.62970E+6	6.23186E+5	1.01551E+5	1.39228E+6
7.90000E+0	1.30234E+4	1.81695E+4	1.66994E+6	6.21991E+5	1.01305E+5	1.41000E+6
8.00000E+0	1.30218E+4	1.83231E+4	1.63657E+6	6.21153E+5	1.01679E+5	1.40007E+6
8.10000E+0	1.29954E+4	1.83800E+4	1.67663E+6	6.30264E+5	1.01663E+5	1.42251E+6
8.20000E+0	1.29621E+4	1.84030E+4	1.62432E+6	6.20383E+5	1.01624E+5	1.41022E+6
8.30000E+0	1.29371E+4	1.81758E+4	1.65632E+6	6.23371E+5	1.01612E+5	1.42266E+6
8.40000E+0	1.29605E+4	1.82690E+4	1.64949E+6	6.22227E+5	1.01708E+5	1.41161E+6
8.50000E+0	1.30860E+4	1.83393E+4	1.68603E+6	6.23000E+5	1.01915E+5	1.42304E+6
8.60000E+0	1.29535E+4	1.82343E+4	1.61973E+6	6.17469E+5	1.01653E+5	1.40240E+6
8.70000E+0	1.30757E+4	1.82136E+4	1.69626E+6	6.26112E+5	1.01628E+5	1.43017E+6
8.80000E+0	1.30741E+4	1.82866E+4	1.65077E+6	6.26045E+5	1.01743E+5	1.40765E+6
8.90000E+0	1.28742E+4	1.82397E+4	1.62902E+6	6.23590E+5	1.01307E+5	1.40174E+6
9.00000E+0	1.29371E+4	1.82550E+4	1.65453E+6	6.23455E+5	1.01678E+5	1.41449E+6
9.10000E+0	1.29630E+4	1.81825E+4	1.65761E+6	6.22512E+5	1.01687E+5	1.40109E+6
9.20000E+0	1.29893E+4	1.82379E+4	1.64281E+6	6.22546E+5	1.01940E+5	1.41405E+6
9.30000E+0	1.30889E+4	1.83533E+4	1.69067E+6	6.26435E+5	1.01721E+5	1.42139E+6
9.40000E+0	1.29811E+4	1.83046E+4	1.65921E+6	6.19148E+5	1.01549E+5	1.39581E+6
9.50000E+0	1.29815E+4	1.83642E+4	1.65314E+6	6.25468E+5	1.01304E+5	1.41250E+6
9.60000E+0	1.30259E+4	1.83768E+4	1.66270E+6	6.25960E+5	1.01670E+5	1.40611E+6
9.70000E+0	1.29161E+4	1.83055E+4	1.65463E+6	6.24435E+5	1.01538E+5	1.39235E+6
9.80000E+0	1.30852E+4	1.84423E+4	1.68060E+6	6.28789E+5	1.01947E+5	1.42005E+6
9.90000E+0	1.30387E+4	1.83714E+4	1.65384E+6	6.28806E+5	1.01776E+5	1.42776E+6
1.00000E+1	1.30354E+4	1.83556E+4	1.70074E+6	6.22159E+5	1.01547E+5	1.38721E+6
1.01000E+1	1.29469E+4	1.83664E+4	1.72875E+6	6.31554E+5	1.01868E+5	1.41545E+6
1.02000E+1	1.29987E+4	1.83809E+4	1.67439E+6	6.26980E+5	1.01920E+5	1.39142E+6
1.03000E+1	1.30304E+4	1.83249E+4	1.64301E+6	6.29012E+5	1.01527E+5	1.40203E+6
1.04000E+1	1.30341E+4	1.82794E+4	1.67328E+6	6.35176E+5	1.01644E+5	1.42095E+6
1.05000E+1	1.28221E+4	1.83520E+4	1.66883E+6	6.25518E+5	1.01476E+5	1.40780E+6
1.06000E+1	1.29325E+4	1.83154E+4	1.67927E+6	6.31554E+5	1.01797E+5	1.42641E+6
1.07000E+1	1.30210E+4	1.83682E+4	1.70724E+6	6.36170E+5	1.02049E+5	1.42334E+6
1.08000E+1	1.29494E+4	1.83484E+4	1.68254E+6	6.28379E+5	1.01768E+5	1.41464E+6
1.09000E+1	1.29022E+4	1.84265E+4	1.70064E+6	6.38622E+5	1.01949E+5	1.41916E+6
1.10000E+1	1.29120E+4	1.83651E+4	1.71220E+6	6.23979E+5	1.01620E+5	1.40232E+6
1.11000E+1	1.30152E+4	1.84278E+4	1.68244E+6	6.27525E+5	1.01701E+5	1.40363E+6
1.12000E+1	1.30049E+4	1.85128E+4	1.70661E+6	6.32210E+5	1.01671E+5	1.42964E+6
1.13000E+1	1.29601E+4	1.84599E+4	1.66782E+6	6.23287E+5	1.01970E+5	1.39329E+6
1.14000E+1	1.30345E+4	1.85151E+4	1.66581E+6	6.30625E+5	1.01944E+5	1.41827E+6
1.15000E+1	1.30243E+4	1.84364E+4	1.69637E+6	6.34758E+5	1.02032E+5	1.43661E+6
1.16000E+1	1.29946E+4	1.84062E+4	1.68624E+6	6.26333E+5	1.01814E+5	1.42941E+6
1.17000E+1	1.30452E+4	1.84152E+4	1.71104E+6	6.35472E+5	1.01902E+5	1.43070E+6
1.18000E+1	1.29478E+4	1.84062E+4	1.66310E+6	6.27593E+5	1.02090E+5	1.41198E+6
1.19000E+1	1.29009E+4	1.84174E+4	1.72252E+6	6.30797E+5	1.01582E+5	1.41575E+6
1.20000E+1	1.30173E+4	1.84658E+4	1.67989E+6	6.38798E+5	1.02062E+5	1.43592E+6
1.21000E+1	1.28935E+4	1.84839E+4	1.67055E+6	6.32884E+5	1.01595E+5	1.40633E+6
1.22000E+1	1.30506E+4	1.85223E+4	1.68234E+6	6.31141E+5	1.01548E+5	1.43380E+6
1.23000E+1	1.29268E+4	1.84613E+4	1.74079E+6	6.33612E+5	1.01721E+5	1.42723E+6
1.24000E+1	1.28131E+4	1.84753E+4	1.68050E+6	6.30521E+5	1.01425E+5	1.41250E+6
1.25000E+1	1.29293E+4	1.83931E+4	1.67520E+6	6.30814E+5	1.01773E+5	1.43100E+6
1.26000E+1	1.29379E+4	1.85563E+4	1.72370E+6	6.30539E+5	1.01504E+5	1.43433E+6
1.27000E+1	1.30551E+4	1.83556E+4	1.66933E+6	6.28789E+5	1.01330E+5	1.40831E+6
1.28000E+1	1.29794E+4	1.85504E+4	1.68593E+6	6.37850E+5	1.01890E+5	1.42468E+6
1.29000E+1	1.29371E+4	1.84500E+4	1.65632E+6	6.25960E+5	1.01447E+5	1.39949E+6
1.30000E+1	1.28385E+4	1.84048E+4	1.71326E+6	6.29286E+5	1.01621E+5	1.43851E+6
1.31000E+1	1.29058E+4	1.84509E+4	1.68490E+6	6.32331E+5	1.01236E+5	1.40254E+6
1.32000E+1	1.29560E+4	1.84342E+4	1.71538E+6	6.26997E+5	1.01627E+5	1.43760E+6
1.33000E+1	1.28668E+4	1.84455E+4	1.68788E+6	6.25688E+5	1.01121E+5	1.40036E+6
1.34000E+1	1.28262E+4	1.83881E+4	1.69211E+6	6.30728E+5	1.01489E+5	1.42844E+6
1.35000E+1	1.29087E+4	1.84672E+4	1.67439E+6	6.29166E+5	1.01187E+5	1.41501E+6
1.36000E+1	1.29157E+4	1.84464E+4	1.72039E+6	6.29234E+5	1.01338E+5	1.42386E+6
1.37000E+1	1.28853E+4	1.86224E+4	1.73905E+6	6.29972E+5	1.01348E+5	1.42408E+6
1.38000E+1	1.28689E+4	1.85278E+4	1.70840E+6	6.29097E+5	1.01302E+5	1.39978E+6
1.39000E+1	1.30160E+4	1.85291E+4	1.73361E+6	6.32193E+5	1.00982E+5	1.42348E+6
1.40000E+1	1.28927E+4	1.84929E+4	1.69450E+6	6.25977E+5	1.01306E+5	1.41405E+6
1.41000E+1	1.29695E+4	1.84852E+4	1.72768E+6	6.35402E+5	1.01275E+5	1.43289E+6
1.42000E+1	1.29313E+4	1.84884E+4	1.72649E+6	6.28003E+5	1.01095E+5	1.44410E+6
1.43000E+1	1.30127E+4	1.85124E+4	1.71730E+6	6.32590E+5	1.01083E+5	1.42851E+6
1.44000E+1	1.29741E+4	1.84694E+4	1.67602E+6	6.28686E+5	1.00962E+5	1.41575E+6
1.45000E+1	1.30815E+4	1.85690E+4	1.74396E+6	6.28806E+5	1.01180E+5	1.42536E+6
1.46000E+1	1.31701E+4	1.85255E+4	1.71178E+6	6.33231E+5	1.01101E+5	1.43228E+6
1.47000E+1	1.32159E+4	1.86306E+4	1.75354E+6	6.32124E+5	1.01310E+5	1.44325E+6
1.48000E+1	1.33797E+4	1.85255E+4	1.70598E+6	6.26724E+5	1.00854E+5	1.41961E+6
1.49000E+1	1.32916E+4	1.85165E+4	1.74276E+6	6.33595E+5	1.01165E+5	1.41782E+6
1.50000E+1	1.34531E+4	1.85984E+4	1.76838E+6	6.29697E+5	1.01150E+5	1.41590E+6
1.51000E+1	1.34601E+4	1.85314E+4	1.78437E+6	6.33924E+5	1.01212E+5	1.42348E+6
1.52000E+1	1.35410E+4	1.86252E+4	1.74309E+6	6.25129E+5	1.00973E+5	1.41805E+6
1.53000E+1	1.36154E+4	1.85486E+4	1.80274E+6	6.32677E+5	1.01276E+5	1.44287E+6
1.54000E+1	1.38785E+4	1.85966E+4	1.80543E+6	6.31020E+5	1.01165E+5	1.42881E+6
1.55000E+1	1.38430E+4	1.85590E+4	1.78770E+6	6.32314E+5	1.01047E+5	1.41656E+6
1.56000E+1	1.39688E+4	1.85052E+4	1.84763E+6	6.33959E+5	1.01398E+5	1.43996E+6
1.57000E+1	1.40768E+4	1.84843E+4	1.81271E+6	6.27286E+5	1.01108E+5	1.39465E+6
1.58000E+1	1.40982E+4	1.85848E+4	1.85045E+6	6.27508E+5	1.01253E+5	1.43183E+6
1.59000E+1	1.42402E+4	1.85482E+4	1.83984E+6	6.22529E+5	1.01219E+5	1.41147E+6
1.60000E+1	1.43054E+4	1.85889E+4	1.86551E+6	6.29251E+5	1.00935E+5	1.41397E+6
1.61000E+1	1.42284E+4	1.85246E+4	1.85413E+6	6.28567E+5	1.00744E+5	1.42844E+6
1.62000E+1	1.43871E+4	1.85880E+4	1.85659E+6	6.29268E+5	1.01058E+5	1.43062E+6
1.63000E+1	1.43572E+4	1.85916E+4	1.85622E+6	6.17900E+5	1.00737E+5	1.40524E+6
1.64000E+1	1.46211E+4	1.85722E+4	1.91607E+6	6.25773E+5	1.01230E+5	1.43676E+6
1.65000E+1	1.45475E+4	1.85930E+4	1.88183E+6	6.19932E+5	1.01013E+5	1.41405E+6
1.66000E+1	1.46922E+4	1.86021E+4	1.82302E+6	6.20952E+5	1.01177E+5	1.40341E+6
1.67000E+1	1.47597E+4	1.86533E+4	1.93284E+6	6.18249E+5	1.01112E+5	1.42296E+6
1.68000E+1	1.46313E+4	1.85445E+4	1.85647E+6	6.14365E+5	1.01049E+5	1.41849E+6
1.69000E+1	1.49186E+4	1.86633E+4	1.87025E+6	6.20015E+5	1.01314E+5	1.42005E+6
1.70000E+1	1.48216E+4	1.85432E+4	1.89431E+6	6.20366E+5	1.00904E+5	1.41753E+6
1.71000E+1	1.47749E+4	1.85998E+4	1.89957E+6	6.24502E+5	1.01251E+5	1.43221E+6
1.72000E+1	1.48595E+4	1.85844E+4	1.88347E+6	6.16029E+5	1.00846E+5	1.42259E+6
1.73000E+1	1.48616E+4	1.87141E+4	1.92819E+6	6.24553E+5	1.01294E+5	1.42446E+6
1.74000E+1	1.49782E+4	1.86374E+4	1.87766E+6	6.25230E+5	1.01407E+5	1.39358E+6
1.75000E+1	1.49735E+4	1.86075E+4	1.87854E+6	6.29989E+5	1.01094E+5	1.43418E+6
1.76000E+1	1.50429E+4	1.86592E+4	1.91084E+6	6.30075E+5	1.01177E+5	1.43989E+6
1.77000E+1	1.51116E+4	1.86469E+4	1.90578E+6	6.23405E+5	1.00892E+5	1.39573E+6
1.78000E+1	1.52445E+4	1.87532E+4	1.89392E+6	6.19948E+5	1.01036E+5	1.40619E+6
1.79000E+1	1.51454E+4	1.87472E+4	1.91567E+6	6.22428E+5	1.01221E+5	1.41923E+6
1.80000E+1	1.51911E+4	1.85328E+4	1.87753E+6	6.27065E+5	1.00761E+5	1.41597E+6
1.81000E+1	1.51872E+4	1.86256E+4	1.89149E+6	6.28430E+5	1.01362E+5	1.39725E+6
1.82000E+1	1.50357E+4	1.86855E+4	1.86228E+6	6.19815E+5	1.01327E+5	1.40341E+6
1.83000E+1	1.53182E+4	1.86610E+4	1.90357E+6	6.25129E+5	1.01113E+5	1.42528E+6
1.84000E+1	1.53881E+4	1.86002E+4	1.87514E+6	6.23708E+5	1.00924E+5	1.41812E+6
1.85000E+1	1.54456E+4	1.86188E+4	1.89149E+6	6.23692E+5	1.01340E+5	1.41553E+6
1.86000E+1	1.54074E+4	1.86601E+4	1.86290E+6	6.20466E+5	1.00716E+5	1.39768E+6
1.87000E+1	1.52724E+4	1.87445E+4	1.96077E+6	6.25010E+5	1.00997E+5	1.42401E+6
1.88000E+1	1.54121E+4	1.85971E+4	1.88945E+6	6.18598E+5	1.00826E+5	1.42408E+6
1.89000E+1	1.53349E+4	1.87354E+4	1.96571E+6	6.26724E+5	1.01411E+5	1.42648E+6
1.90000E+1	1.53276E+4	1.87968E+4	1.88919E+6	6.23354E+5	1.00963E+5	1.40684E+6
1.91000E+1	1.54679E+4	1.85812E+4	1.95029E+6	6.25281E+5	1.01070E+5	1.41242E+6
1.92000E+1	1.55401E+4	1.87250E+4	1.94072E+6	6.18432E+5	1.01157E+5	1.41095E+6
1.93000E+1	1.55298E+4	1.86170E+4	1.91961E+6	6.24705E+5	1.01200E+5	1.41390E+6
1.94000E+1	1.55655E+4	1.86996E+4	1.95804E+6	6.22025E+5	1.01178E+5	1.43577E+6
1.95000E+1	1.55560E+4	1.86501E+4	1.92805E+6	6.18399E+5	1.01187E+5	1.42536E+6
1.96000E+1	1.55745E+4	1.87363E+4	1.92132E+6	6.23152E+5	1.01121E+5	1.39465E+6
1.97000E+1	1.56434E+4	1.87563E+4	1.94637E+6	6.29903E+5	1.01373E+5	1.42949E+6
1.98000E+1	1.56107E+4	1.88404E+4	1.97261E+6	6.23472E+5	1.01141E+5	1.41456E+6
1.99000E+1	1.56249E+4	1.87359E+4	1.90422E+6	6.18233E+5	1.01271E+5	1.41656E+6
2.00000E+1	1.55995E+4	1.87750E+4	1.94813E+6	6.22361E+5	1.01443E+5	1.46221E+6
2.01000E+1	1.56120E+4	1.86909E+4	1.91371E+6	6.20818E+5	1.01065E+5	1.42551E+6
2.02000E+1	1.54507E+4	1.87559E+4	1.92885E+6	6.21891E+5	1.01434E+5	1.40948E+6
2.03000E+1	1.54121E+4	1.87927E+4	1.94962E+6	6.19248E+5	1.01490E+5	1.41842E+6
2.04000E+1	1.52985E+4	1.88523E+4	1.91659E+6	6.21169E+5	1.01616E+5	1.45782E+6
2.05000E+1	1.52407E+4	1.88427E+4	1.87288E+6	6.24299E+5	1.01421E+5	1.44180E+6
2.06000E+1	1.52291E+4	1.87750E+4	1.87075E+6	6.23979E+5	1.01619E+5	1.41456E+6
2.07000E+1	1.51565E+4	1.88200E+4	1.85894E+6	6.23068E+5	1.01480E+5	1.38628E+6
2.08000E+1	1.51766E+4	1.88741E+4	1.89867E+6	6.26758E+5	1.01466E+5	1.43017E+6
2.09000E+1	1.49105E+4	1.87291E+4	1.85524E+6	6.24655E+5	1.01602E+5	1.40597E+6
2.10000E+1	1.49909E+4	1.87214E+4	1.85376E+6	6.26537E+5	1.01672E+5	1.45469E+6
2.11000E+1	1.46965E+4	1.87927E+4	1.85192E+6	6.22748E+5	1.01494E+5	1.40487E+6
2.12000E+1	1.47147E+4	1.87681E+4	1.82923E+6	6.23051E+5	1.01809E+5	1.41678E+6
2.13000E+1	1.46567E+4	1.87818E+4	1.89239E+6	6.24655E+5	1.01426E+5	1.42378E+6
2.14000E+1	1.44909E+4	1.87522E+4	1.85548E+6	6.28225E+5	1.01484E+5	1.43365E+6
2.15000E+1	1.44149E+4	1.88901E+4	1.82480E+6	6.29526E+5	1.01455E+5	1.40392E+6
2.16000E+1	1.43829E+4	1.88668E+4	1.83464E+6	6.33543E+5	1.01798E+5	1.42761E+6
2.17000E+1	1.44415E+4	1.88505E+4	1.77833E+6	6.24739E+5	1.01792E+5	1.42371E+6
2.18000E+1	1.42713E+4	1.88627E+4	1.80648E+6	6.31468E+5	1.01665E+5	1.41530E+6
2.19000E+1	1.43049E+4	1.89311E+4	1.83079E+6	6.27883E+5	1.02128E+5	1.45066E+6
2.20000E+1	1.41969E+4	1.88132E+4	1.79739E+6	6.33942E+5	1.01674E+5	1.44471E+6
2.21000E+1	1.40483E+4	1.89160E+4	1.77165E+6	6.31296E+5	1.02136E+5	1.43714E+6
2.22000E+1	1.41414E+4	1.89069E+4	1.79913E+6	6.31399E+5	1.01860E+5	1.42431E+6
2.23000E+1	1.40731E+4	1.89333E+4	1.76277E+6	6.27917E+5	1.02344E+5	1.42043E+6
2.24000E+1	1.40517E+4	1.89069E+4	1.83597E+6	6.28447E+5	1.01923E+5	1.42753E+6
2.25000E+1	1.42238E+4	1.88855E+4	1.83851E+6	6.41569E+5	1.02231E+5	1.43554E+6
2.26000E+1	1.38325E+4	1.88978E+4	1.77651E+6	6.31038E+5	1.02147E+5	1.42423E+6
2.27000E+1	1.28644E+4	1.91429E+4	1.72349E+6	6.41038E+5	1.02640E+5	1.43251E+6
2.28000E+1	1.11679E+4	1.89014E+4	1.49307E+6	6.37815E+5	1.03028E+5	1.42431E+6
2.29000E+1	8.87698E+3	1.91397E+4	1.22517E+6	6.37657E+5	1.03345E+5	1.35493E+6
2.30000E+1	6.77254E+3	1.91008E+4	9.15859E+5	6.33820E+5	1.04998E+5	1.27868E+6
2.31000E+1	4.97251E+3	1.89662E+4	6.63639E+5	5.82314E+5	1.07012E+5	1.15671E+6
2.32000E+1	4.01396E+3	1.89315E+4	5.02092E+5	4.86299E+5	1.09210E+5	1.02744E+6
2.33000E+1	3.43891E+3	1.87472E+4	4.16235E+5	3.89232E+5	1.12031E+5	9.12347E+5
2.34000E+1	2.95788E+3	1.85654E+4	3.56715E+5	3.10971E+5	1.14168E+5	7.99594E+5
2.35000E+1	2.65890E+3	1.83308E+4	3.10964E+5	2.61934E+5	1.16763E+5	7.04761E+5
2.36000E+1	2.39205E+3	1.79539E+4	2.72917E+5	2.29464E+5	1.20133E+5	6.33468E+5
2.37000E+1	2.25746E+3	1.76410E+4	2.44186E+5	2.02677E+5	1.22717E+5	5.70316E+5
2.38000E+1	2.07251E+3	1.72278E+4	2.19171E+5	1.80708E+5	1.25338E+5	5.06421E+5
2.39000E+1	2.01884E+3	1.67846E+4	2.05005E+5	1.65572E+5	1.28190E+5	4.68982E+5
2.40000E+1	1.96790E+3	1.63608E+4	1.91957E+5	1.51339E+5	1.30550E+5	4.35999E+5
2.41000E+1	1.86216E+3	1.57939E+4	1.83807E+5	1.42766E+5	1.32593E+5	4.03695E+5
2.42000E+1	1.84377E+3	1.52727E+4	1.77291E+5	1.34286E+5	1.34134E+5	3.82043E+5
2.43000E+1	1.83676E+3	1.48173E+4	1.72822E+5	1.28019E+5	1.35310E+5	3.58990E+5
2.44000E+1	1.79401E+3	1.43469E+4	1.68517E+5	1.24734E+5	1.37342E+5	3.42268E+5
2.45000E+1	1.78233E+3	1.38842E+4	1.64650E+5	1.20234E+5	1.38619E+5	3.29859E+5
2.46000E+1	1.78433E+3	1.34053E+4	1.60768E+5	1.17344E+5	1.40611E+5	3.16288E+5
2.47000E+1	1.74429E+3	1.31230E+4	1.57886E+5	1.15187E+5	1.42048E+5	3.07479E+5
2.48000E+1	1.76297E+3	1.26398E+4	1.55440E+5	1.13776E+5	1.43706E+5	3.00533E+5
2.49000E+1	1.76064E+3	1.22463E+4	1.52440E+5	1.10754E+5	1.44233E+5	2.92828E+5
2.50000E+1	1.71762E+3	1.18846E+4	1.50157E+5	1.08855E+5	1.45035E+5	2.84364E+5
2.51000E+1	1.67430E+3	1.15325E+4	1.49532E+5	1.07810E+5	1.46481E+5	2.80486E+5
2.52000E+1	1.71395E+3	1.12195E+4	1.45964E+5	1.05142E+5	1.47239E+5	2.73999E+5
2.53000E+1	1.72629E+3	1.08684E+4	1.43967E+5	1.04090E+5	1.48434E+5	2.68538E+5
2.54000E+1	1.69196E+3	1.06123E+4	1.43273E+5	1.03461E+5	1.50123E+5	2.67316E+5
2.55000E+1	1.69129E+3	1.02901E+4	1.42648E+5	1.01490E+5	1.50642E+5	2.61562E+5
2.56000E+1	1.71162E+3	1.00102E+4	1.41857E+5	1.00512E+5	1.51414E+5	2.59718E+5
2.57000E+1	1.69529E+3	9.72902E+3	1.43209E+5	1.00296E+5	1.52295E+5	2.59127E+5
2.58000E+1	1.72229E+3	9.48286E+3	1.43585E+5	9.92835E+4	1.52992E+5	2.56082E+5
2.59000E+1	1.72429E+3	9.30859E+3	1.44550E+5	9.91620E+4	1.53378E+5	2.52536E+5
2.60000E+1	1.70829E+3	9.06969E+3	1.44859E+5	9.94782E+4	1.53886E+5	2.52925E+5
2.61000E+1	1.70295E+3	8.84594E+3	1.45278E+5	9.87552E+4	1.54127E+5	2.51124E+5
2.62000E+1	1.73662E+3	8.64364E+3	1.45805E+5	9.96283E+4	1.55046E+5	2.50993E+5
2.63000E+1	1.77198E+3	8.44778E+3	1.45106E+5	9.91007E+4	1.55169E+5	2.48729E+5
2.64000E+1	1.75496E+3	8.21752E+3	1.44984E+5	9.96167E+4	1.55232E+5	2.48812E+5
2.65000E+1	1.75063E+3	8.09767E+3	1.45358E+5	9.94320E+4	1.56178E+5	2.47430E+5
2.66000E+1	1.69596E+3	7.89552E+3	1.43218E+5	9.94615E+4	1.55625E+5	2.46182E+5
2.67000E+1	1.68863E+3	7.80745E+3	1.41434E+5	1.00055E+5	1.57191E+5	2.46762E+5
2.68000E+1	1.67264E+3	7.60004E+3	1.37905E+5	9.86662E+4	1.57712E+5	2.44209E+5
2.69000E+1	1.63801E+3	7.43097E+3	1.35834E+5	9.81437E+4	1.58476E+5	2.43037E+5
2.70000E+1	1.69129E+3	7.29728E+3	1.32804E+5	9.64457E+4	1.59062E+5	2.41441E+5
2.71000E+1	1.60042E+3	7.24167E+3	1.32518E+5	9.60301E+4	1.59632E+5	2.39462E+5
2.72000E+1	1.67264E+3	7.10438E+3	1.31109E+5	9.50018E+4	1.60563E+5	2.38629E+5
2.73000E+1	1.69262E+3	6.91844E+3	1.31667E+5	9.45764E+4	1.60521E+5	2.38153E+5
2.74000E+1	1.64500E+3	6.84925E+3	1.30734E+5	9.35970E+4	1.61575E+5	2.38370E+5
2.75000E+1	1.67797E+3	6.73609E+3	1.31331E+5	9.34498E+4	1.62200E+5	2.35855E+5
2.76000E+1	1.68630E+3	6.59313E+3	1.31664E+5	9.22993E+4	1.62387E+5	2.35782E+5
2.77000E+1	1.69496E+3	6.50389E+3	1.32180E+5	9.27950E+4	1.62039E+5	2.35238E+5
2.78000E+1	1.62703E+3	6.42502E+3	1.33303E+5	9.30240E+4	1.62844E+5	2.36004E+5
2.79000E+1	1.62071E+3	6.25125E+3	1.33417E+5	9.22207E+4	1.62907E+5	2.36872E+5
2.80000E+1	1.67464E+3	6.22616E+3	1.33239E+5	9.27866E+4	1.62907E+5	2.34927E+5
2.81000E+1	1.67364E+3	6.16948E+3	1.32047E+5	9.32499E+4	1.63747E+5	2.35079E+5
2.82000E+1	1.67064E+3	6.03057E+3	1.30552E+5	9.30384E+4	1.63973E+5	2.34314E+5
2.83000E+1	1.68430E+3	5.95963E+3	1.30011E+5	9.30864E+4	1.63688E+5	2.34094E+5
2.84000E+1	1.68030E+3	5.90540E+3	1.31776E+5	9.26251E+4	1.64624E+5	2.33441E+5
2.85000E+1	1.68763E+3	5.79170E+3	1.32842E+5	9.22326E+4	1.64662E+5	2.33534E+5
2.86000E+1	1.74029E+3	5.73044E+3	1.34549E+5	9.21767E+4	1.65005E+5	2.35797E+5
2.87000E+1	1.73362E+3	5.65378E+3	1.35487E+5	9.17848E+4	1.65868E+5	2.33990E+5
2.88000E+1	1.74329E+3	5.58981E+3	1.36419E+5	9.24161E+4	1.65200E+5	2.34757E+5
2.89000E+1	1.74629E+3	5.57652E+3	1.38051E+5	9.38158E+4	1.65636E+5	2.35354E+5
2.90000E+1	1.74729E+3	5.48360E+3	1.39017E+5	9.34631E+4	1.65313E+5	2.35007E+5
2.91000E+1	1.75396E+3	5.41768E+3	1.42566E+5	9.45606E+4	1.65923E+5	2.36978E+5
2.92000E+1	1.79768E+3	5.36758E+3	1.45288E+5	9.46228E+4	1.66057E+5	2.35702E+5
2.93000E+1	1.81972E+3	5.33218E+3	1.48857E+5	9.59905E+4	1.66080E+5	2.37950E+5
2.94000E+1	1.77799E+3	5.28395E+3	1.50365E+5	9.61490E+4	1.65932E+5	2.39165E+5
2.95000E+1	1.82506E+3	5.20616E+3	1.53750E+5	9.74881E+4	1.65825E+5	2.40187E+5
2.96000E+1	1.86884E+3	5.12812E+3	1.55276E+5	9.84921E+4	1.66071E+5	2.42670E+5
2.97000E+1	1.85514E+3	5.17407E+3	1.56148E+5	9.90190E+4	1.65336E+5	2.42798E+5
2.98000E+1	1.86483E+3	5.13524E+3	1.56637E+5	1.00541E+5	1.65470E+5	2.44943E+5
2.99000E+1	1.87687E+3	5.05518E+3	1.56213E+5	1.00937E+5	1.65624E+5	2.44381E+5
3.00000E+1	1.84912E+3	5.02497E+3	1.55083E+5	1.01487E+5	1.65436E+5	2.44982E+5
3.01000E+1	1.88021E+3	5.00081E+3	1.52649E+5	1.01847E+5	1.66037E+5	2.47286E+5
3.02000E+1	1.81738E+3	4.99441E+3	1.52159E+5	1.00819E+5	1.65270E+5	2.44281E+5
3.03000E+1	1.84344E+3	4.97559E+3	1.52824E+5	1.00822E+5	1.65425E+5	2.44125E+5
3.04000E+1	1.84010E+3	4.89507E+3	1.51752E+5	1.00552E+5	1.65806E+5	2.47181E+5
3.05000E+1	1.83074E+3	4.87345E+3	1.52625E+5	1.00383E+5	1.65028E+5	2.46855E+5
3.06000E+1	1.85647E+3	4.82316E+3	1.53220E+5	1.00382E+5	1.65216E+5	2.45558E+5
3.07000E+1	1.88957E+3	4.80581E+3	1.52643E+5	1.00601E+5	1.65402E+5	2.47130E+5
3.08000E+1	1.90262E+3	4.78246E+3	1.51707E+5	1.00701E+5	1.65361E+5	2.46082E+5
3.09000E+1	1.85647E+3	4.79944E+3	1.51086E+5	1.01061E+5	1.65554E+5	2.45473E+5
3.10000E+1	1.84210E+3	4.72837E+3	1.51202E+5	1.00693E+5	1.65786E+5	2.46190E+5
3.11000E+1	1.83910E+3	4.62247E+3	1.51428E+5	9.95757E+4	1.65584E+5	2.44828E+5
3.12000E+1	1.85113E+3	4.66798E+3	1.52208E+5	1.00138E+5	1.65843E+5	2.45800E+5
3.13000E+1	1.84077E+3	4.67081E+3	1.52417E+5	9.94872E+4	1.65902E+5	2.46801E+5
3.14000E+1	1.85213E+3	4.60978E+3	1.52366E+5	9.99137E+4	1.65763E+5	2.46541E+5
3.15000E+1	1.89660E+3	4.59533E+3	1.52489E+5	1.00071E+5	1.65920E+5	2.47507E+5
3.16000E+1	1.83642E+3	4.56397E+3	1.51236E+5	9.96411E+4	1.65286E+5	2.45312E+5
3.17000E+1	1.84544E+3	4.51820E+3	1.50694E+5	1.00360E+5	1.65838E+5	2.45877E+5
3.18000E+1	1.81838E+3	4.54882E+3	1.49195E+5	1.00086E+5	1.66789E+5	2.46507E+5
3.19000E+1	1.85514E+3	4.46754E+3	1.49483E+5	9.99562E+4	1.66249E+5	2.45258E+5
3.20000E+1	1.84611E+3	4.43696E+3	1.48768E+5	9.93398E+4	1.65259E+5	2.44274E+5
3.21000E+1	1.83876E+3	4.45418E+3	1.48885E+5	9.91787E+4	1.66917E+5	2.44599E+5
3.22000E+1	1.82974E+3	4.41342E+3	1.49091E+5	9.92247E+4	1.66187E+5	2.44778E+5
3.23000E+1	1.81905E+3	4.35164E+3	1.49397E+5	9.91646E+4	1.65888E+5	2.43721E+5
3.24000E+1	1.84912E+3	4.36778E+3	1.49638E+5	9.84401E+4	1.65961E+5	2.44258E+5
3.25000E+1	1.85079E+3	4.33796E+3	1.47587E+5	9.91046E+4	1.65759E+5	2.44978E+5
3.26000E+1	1.84912E+3	4.34919E+3	1.45271E+5	9.85683E+4	1.65522E+5	2.42149E+5
3.27000E+1	1.82072E+3	4.30746E+3	1.43847E+5	9.87756E+4	1.65870E+5	2.43014E+5
3.28000E+1	1.81137E+3	4.29975E+3	1.43149E+5	9.78696E+4	1.66644E+5	2.42753E+5
3.29000E+1	1.76998E+3	4.27102E+3	1.41680E+5	9.75573E+4	1.66475E+5	2.42062E+5
3.30000E+1	1.77765E+3	4.27837E+3	1.40047E+5	9.73575E+4	1.67598E+5	2.42942E+5
3.31000E+1	1.79201E+3	4.24265E+3	1.38635E+5	9.65988E+4	1.67306E+5	2.40643E+5
3.32000E+1	1.74463E+3	4.15171E+3	1.38580E+5	9.65689E+4	1.67495E+5	2.40460E+5
3.33000E+1	1.77331E+3	4.19052E+3	1.38247E+5	9.52889E+4	1.67129E+5	2.37858E+5
3.34000E+1	1.79334E+3	4.16989E+3	1.37852E+5	9.47999E+4	1.67002E+5	2.37575E+5
3.35000E+1	1.76431E+3	4.17968E+3	1.38402E+5	9.41881E+4	1.66832E+5	2.38566E+5
3.36000E+1	1.77031E+3	4.17059E+3	1.37907E+5	9.43230E+4	1.66711E+5	2.35764E+5
3.37000E+1	1.77765E+3	4.14053E+3	1.38300E+5	9.43449E+4	1.66798E+5	2.36623E+5
3.38000E+1	1.75730E+3	4.02919E+3	1.37156E+5	9.38643E+4	1.66702E+5	2.34938E+5
3.39000E+1	1.80436E+3	4.10804E+3	1.37645E+5	9.39709E+4	1.67204E+5	2.35104E+5
3.40000E+1	1.79468E+3	4.02222E+3	1.36885E+5	9.33763E+4	1.66240E+5	2.33137E+5
3.41000E+1	1.72929E+3	4.04383E+3	1.36351E+5	9.33775E+4	1.66860E+5	2.32858E+5
3.42000E+1	1.73262E+3	4.01664E+3	1.34703E+5	9.29580E+4	1.66825E+5	2.32057E+5
3.43000E+1	1.68696E+3	4.04418E+3	1.32154E+5	9.33848E+4	1.66922E+5	2.31175E+5
3.44000E+1	1.64334E+3	3.97239E+3	1.30337E+5	9.19521E+4	1.66521E+5	2.30277E+5
3.45000E+1	1.72529E+3	3.98005E+3	1.29941E+5	9.17244E+4	1.66830E+5	2.28372E+5
3.46000E+1	1.70262E+3	3.91391E+3	1.28981E+5	9.06610E+4	1.67294E+5	2.27700E+5
3.47000E+1	1.69796E+3	3.93444E+3	1.29638E+5	8.94588E+4	1.66945E+5	2.26380E+5
3.48000E+1	1.68097E+3	3.95916E+3	1.29887E+5	8.96000E+4	1.67520E+5	2.24874E+5
3.49000E+1	1.69262E+3	3.89617E+3	1.30250E+5	8.95005E+4	1.67693E+5	2.25476E+5
3.50000E+1	1.68729E+3	3.86315E+3	1.30775E+5	8.92371E+4	1.66832E+5	2.25733E+5
3.51000E+1	1.67164E+3	3.88018E+3	1.31629E+5	8.89318E+4	1.66562E+5	2.24551E+5
3.52000E+1	1.69462E+3	3.83049E+3	1.31088E+5	8.95178E+4	1.67064E+5	2.23475E+5
3.53000E+1	1.72462E+3	3.85203E+3	1.30944E+5	8.91402E+4	1.67354E+5	2.22799E+5
3.54000E+1	1.69329E+3	3.80722E+3	1.31780E+5	8.94727E+4	1.66052E+5	2.22487E+5
3.55000E+1	1.68363E+3	3.80028E+3	1.32332E+5	8.96047E+4	1.67147E+5	2.22387E+5
3.56000E+1	1.71162E+3	3.80722E+3	1.33313E+5	8.89249E+4	1.67041E+5	2.22166E+5
3.57000E+1	1.72562E+3	3.78640E+3	1.34508E+5	8.96742E+4	1.66381E+5	2.21738E+5
3.58000E+1	1.70629E+3	3.77009E+3	1.34765E+5	8.93860E+4	1.67276E+5	2.23378E+5
3.59000E+1	1.74629E+3	3.74685E+3	1.33511E+5	8.94114E+4	1.66750E+5	2.21010E+5
3.60000E+1	1.68063E+3	3.73645E+3	1.33403E+5	9.00726E+4	1.66525E+5	2.21455E+5
3.61000E+1	1.71995E+3	3.74200E+3	1.34899E+5	9.03010E+4	1.67191E+5	2.22283E+5
3.62000E+1	1.72495E+3	3.73888E+3	1.35292E+5	8.95931E+4	1.66198E+5	2.22343E+5
3.63000E+1	1.77098E+3	3.70491E+3	1.37798E+5	9.02357E+4	1.66711E+5	2.21788E+5
3.64000E+1	1.69696E+3	3.69175E+3	1.39026E+5	9.12012E+4	1.67204E+5	2.22873E+5
3.65000E+1	1.75730E+3	3.72328E+3	1.38945E+5	9.08767E+4	1.66982E+5	2.23796E+5
3.66000E+1	1.73762E+3	3.67755E+3	1.39804E+5	9.19402E+4	1.66436E+5	2.23701E+5
3.67000E+1	1.73329E+3	3.72674E+3	1.41256E+5	9.20649E+4	1.67227E+5	2.25030E+5
3.68000E+1	1.75430E+3	3.64743E+3	1.40361E+5	9.18987E+4	1.67308E+5	2.23880E+5
3.69000E+1	1.75330E+3	3.70422E+3	1.39543E+5	9.24269E+4	1.67005E+5	2.23142E+5
3.70000E+1	1.73195E+3	3.65712E+3	1.39813E+5	9.28142E+4	1.67573E+5	2.23917E+5
3.71000E+1	1.72062E+3	3.61456E+3	1.39242E+5	9.26275E+4	1.67467E+5	2.25357E+5
3.72000E+1	1.73295E+3	3.66958E+3	1.39008E+5	9.31790E+4	1.67700E+5	2.25081E+5
3.73000E+1	1.77331E+3	3.61214E+3	1.38859E+5	9.28393E+4	1.68432E+5	2.26655E+5
3.74000E+1	1.73762E+3	3.63878E+3	1.36809E+5	9.29472E+4	1.67760E+5	2.24148E+5
3.75000E+1	1.72529E+3	3.67582E+3	1.35834E+5	9.30276E+4	1.68218E+5	2.25969E+5
3.76000E+1	1.72962E+3	3.60972E+3	1.34305E+5	9.23434E+4	1.69373E+5	2.26593E+5
3.77000E+1	1.68630E+3	3.56685E+3	1.32144E+5	9.24579E+4	1.69284E+5	2.24259E+5
3.78000E+1	1.72595E+3	3.53990E+3	1.30282E+5	9.14371E+4	1.69740E+5	2.24232E+5
3.79000E+1	1.70562E+3	3.54439E+3	1.29192E+5	9.11600E+4	1.69764E+5	2.23159E+5
3.80000E+1	1.69229E+3	3.58171E+3	1.28470E+5	9.07559E+4	1.70137E+5	2.23367E+5
3.81000E+1	1.69696E+3	3.63705E+3	1.27621E+5	8.97310E+4	1.70167E+5	2.21399E+5
3.82000E+1	1.68729E+3	3.54992E+3	1.26488E+5	9.00121E+4	1.70863E+5	2.21026E+5
3.83000E+1	1.67730E+3	3.55199E+3	1.26930E+5	8.96835E+4	1.70939E+5	2.20566E+5
3.84000E+1	1.67863E+3	3.53887E+3	1.27008E+5	8.85165E+4	1.70688E+5	2.20228E+5
3.85000E+1	1.67364E+3	3.52505E+3	1.27093E+5	8.88950E+4	1.70759E+5	2.20671E+5
3.86000E+1	1.67530E+3	3.50917E+3	1.27868E+5	8.86070E+4	1.70662E+5	2.20589E+5
3.87000E+1	1.66398E+3	3.51849E+3	1.27892E+5	8.83392E+4	1.71370E+5	2.21070E+5
3.88000E+1	1.67231E+3	3.53541E+3	1.27686E+5	8.83860E+4	1.70846E+5	2.19938E+5
3.89000E+1	1.68063E+3	3.53990E+3	1.28195E+5	8.84878E+4	1.71643E+5	2.19822E+5
3.90000E+1	1.65399E+3	3.53265E+3	1.28240E+5	8.80266E+4	1.71586E+5	2.20731E+5
3.91000E+1	1.69229E+3	3.52747E+3	1.28067E+5	8.83837E+4	1.71434E+5	2.19704E+5
3.92000E+1	1.68963E+3	3.49019E+3	1.28363E+5	8.81303E+4	1.72009E+5	2.20070E+5
3.93000E+1	1.72295E+3	3.46122E+3	1.28384E+5	8.78024E+4	1.71246E+5	2.20014E+5
3.94000E+1	1.65466E+3	3.48812E+3	1.27903E+5	8.85726E+4	1.71852E+5	2.19865E+5
3.95000E+1	1.67830E+3	3.39091E+3	1.27698E+5	8.80402E+4	1.71638E+5	2.19362E+5
3.96000E+1	1.66664E+3	3.44329E+3	1.27178E+5	8.76900E+4	1.71755E+5	2.18046E+5
3.97000E+1	1.65799E+3	3.45432E+3	1.26330E+5	8.79412E+4	1.72408E+5	2.19132E+5
3.98000E+1	1.62304E+3	3.42605E+3	1.25141E+5	8.77332E+4	1.72098E+5	2.17861E+5
3.99000E+1	1.63801E+3	3.40779E+3	1.24486E+5	8.72699E+4	1.72164E+5	2.17088E+5
4.00000E+1	1.64966E+3	3.43881E+3	1.23401E+5	8.71085E+4	1.73257E+5	2.17978E+5
4.01000E+1	1.64034E+3	3.42226E+3	1.22998E+5	8.60230E+4	1.73320E+5	2.16839E+5
4.02000E+1	1.67664E+3	3.42054E+3	1.23592E+5	8.58904E+4	1.73045E+5	2.17117E+5
4.03000E+1	1.65666E+3	3.44639E+3	1.25105E+5	8.57759E+4	1.73459E+5	2.18301E+5
4.04000E+1	1.71629E+3	3.38988E+3	1.26457E+5	8.51398E+4	1.73575E+5	2.17929E+5
4.05000E+1	1.70195E+3	3.36716E+3	1.29713E+5	8.61245E+4	1.74157E+5	2.18506E+5
4.06000E+1	1.68863E+3	3.40607E+3	1.33166E+5	8.55859E+4	1.73351E+5	2.19309E+5
4.07000E+1	1.71662E+3	3.40193E+3	1.37874E+5	8.64476E+4	1.73209E+5	2.20301E+5
4.08000E+1	1.74262E+3	3.38230E+3	1.41786E+5	8.80140E+4	1.73045E+5	2.22377E+5
4.09000E+1	1.76964E+3	3.41365E+3	1.46085E+5	8.86253E+4	1.72693E+5	2.22903E+5
4.10000E+1	1.82673E+3	3.35373E+3	1.49435E+5	8.98540E+4	1.72312E+5	2.23529E+5
4.11000E+1	1.81371E+3	3.36406E+3	1.52830E+5	9.13592E+4	1.71886E+5	2.26545E+5
4.12000E+1	1.84678E+3	3.36888E+3	1.55595E+5	9.23017E+4	1.71681E+5	2.27949E+5
4.13000E+1	1.83475E+3	3.34926E+3	1.57316E+5	9.35319E+4	1.70636E+5	2.29673E+5
4.14000E+1	1.83074E+3	3.37852E+3	1.59109E+5	9.54241E+4	1.70247E+5	2.30822E+5
4.15000E+1	1.84879E+3	3.31727E+3	1.58387E+5	9.63401E+4	1.70283E+5	2.30357E+5
4.16000E+1	1.81471E+3	3.36991E+3	1.58339E+5	9.73036E+4	1.69881E+5	2.32780E+5
4.17000E+1	1.88890E+3	3.35717E+3	1.57422E+5	9.75120E+4	1.69904E+5	2.33990E+5
4.18000E+1	1.84544E+3	3.37335E+3	1.58307E+5	9.79503E+4	1.69001E+5	2.32395E+5
4.19000E+1	1.89292E+3	3.30179E+3	1.59044E+5	9.87387E+4	1.68776E+5	2.34166E+5
4.20000E+1	1.88456E+3	3.37439E+3	1.60182E+5	9.84287E+4	1.68237E+5	2.33491E+5
4.21000E+1	1.88088E+3	3.32311E+3	1.61433E+5	9.89820E+4	1.68091E+5	2.35275E+5
4.22000E+1	1.87352E+3	3.36784E+3	1.62830E+5	9.91608E+4	1.67421E+5	2.34667E+5
4.23000E+1	1.89994E+3	3.31177E+3	1.60827E+5	1.00055E+5	1.66970E+5	2.35626E+5
4.24000E+1	1.87152E+3	3.36784E+3	1.60521E+5	1.00125E+5	1.67555E+5	2.36777E+5
4.25000E+1	1.90898E+3	3.30489E+3	1.59215E+5	1.00327E+5	1.66837E+5	2.36252E+5
4.26000E+1	1.84711E+3	3.31624E+3	1.58746E+5	1.00771E+5	1.67101E+5	2.35623E+5
4.27000E+1	1.87018E+3	3.38230E+3	1.58406E+5	1.00592E+5	1.67536E+5	2.36416E+5
4.28000E+1	1.83910E+3	3.36406E+3	1.56960E+5	1.00328E+5	1.66365E+5	2.36569E+5
4.29000E+1	1.84745E+3	3.35029E+3	1.56400E+5	1.00471E+5	1.66301E+5	2.36219E+5
4.30000E+1	1.82573E+3	3.34926E+3	1.56662E+5	1.00039E+5	1.66975E+5	2.36142E+5
4.31000E+1	1.86282E+3	3.37370E+3	1.55762E+5	1.00226E+5	1.65888E+5	2.36201E+5
4.32000E+1	1.83275E+3	3.35580E+3	1.56429E+5	1.00146E+5	1.66249E+5	2.36638E+5
4.33000E+1	1.82273E+3	3.34444E+3	1.54478E+5	1.00212E+5	1.65877E+5	2.35503E+5
4.34000E+1	1.81337E+3	3.29904E+3	1.53363E+5	9.99034E+4	1.65702E+5	2.34127E+5
4.35000E+1	1.85881E+3	3.30558E+3	1.52870E+5	1.00618E+5	1.66709E+5	2.35401E+5
4.36000E+1	1.82339E+3	3.30145E+3	1.51717E+5	9.92694E+4	1.65720E+5	2.34264E+5
4.37000E+1	1.81037E+3	3.35511E+3	1.49819E+5	9.95526E+4	1.65907E+5	2.33495E+5
4.38000E+1	1.80603E+3	3.35477E+3	1.48927E+5	9.89476E+4	1.66176E+5	2.34163E+5
4.39000E+1	1.76097E+3	3.31624E+3	1.48525E+5	9.87654E+4	1.66695E+5	2.33459E+5
4.40000E+1	1.81838E+3	3.31314E+3	1.47690E+5	9.84020E+4	1.66393E+5	2.31954E+5
4.41000E+1	1.80970E+3	3.32655E+3	1.47071E+5	9.81551E+4	1.66569E+5	2.33287E+5
4.42000E+1	1.75964E+3	3.30730E+3	1.46637E+5	9.76994E+4	1.66892E+5	2.32114E+5
4.43000E+1	1.79968E+3	3.33343E+3	1.46615E+5	9.77965E+4	1.66432E+5	2.30161E+5
4.44000E+1	1.77699E+3	3.33137E+3	1.47230E+5	9.79895E+4	1.67037E+5	2.31834E+5
4.45000E+1	1.79267E+3	3.36303E+3	1.46060E+5	9.71520E+4	1.66580E+5	2.31628E+5
4.46000E+1	1.77632E+3	3.26846E+3	1.44673E+5	9.70581E+4	1.67368E+5	2.30308E+5
4.47000E+1	1.75930E+3	3.29939E+3	1.44094E+5	9.73789E+4	1.68084E+5	2.30628E+5
4.48000E+1	1.77865E+3	3.32655E+3	1.41697E+5	9.66885E+4	1.67442E+5	2.30523E+5
4.49000E+1	1.77131E+3	3.26433E+3	1.40803E+5	9.59188E+4	1.67014E+5	2.29030E+5
4.50000E+1	1.77432E+3	3.28804E+3	1.39275E+5	9.60982E+4	1.67825E+5	2.30080E+5
4.51000E+1	1.72629E+3	3.29526E+3	1.38694E+5	9.54045E+4	1.68144E+5	2.29596E+5
4.52000E+1	1.71262E+3	3.31520E+3	1.38490E+5	9.45898E+4	1.68960E+5	2.27144E+5
4.53000E+1	1.75964E+3	3.30730E+3	1.37995E+5	9.54081E+4	1.68438E+5	2.27662E+5
4.54000E+1	1.75496E+3	3.30042E+3	1.38749E+5	9.46277E+4	1.69340E+5	2.26992E+5
4.55000E+1	1.72495E+3	3.28839E+3	1.37572E+5	9.42294E+4	1.68864E+5	2.28226E+5
4.56000E+1	1.72395E+3	3.26537E+3	1.37296E+5	9.44972E+4	1.68913E+5	2.26538E+5
4.57000E+1	1.74563E+3	3.30076E+3	1.38110E+5	9.47779E+4	1.69607E+5	2.27264E+5
4.58000E+1	1.77966E+3	3.21523E+3	1.39353E+5	9.40121E+4	1.69963E+5	2.26906E+5
4.59000E+1	1.77865E+3	3.24785E+3	1.40797E+5	9.37251E+4	1.69637E+5	2.26315E+5
4.60000E+1	1.77432E+3	3.25815E+3	1.43369E+5	9.40048E+4	1.69232E+5	2.26889E+5
4.61000E+1	1.79334E+3	3.31039E+3	1.45288E+5	9.41954E+4	1.69366E+5	2.28029E+5
4.62000E+1	1.76331E+3	3.27327E+3	1.46688E+5	9.41699E+4	1.69403E+5	2.27824E+5
4.63000E+1	1.78299E+3	3.23411E+3	1.48714E+5	9.55842E+4	1.69123E+5	2.28567E+5
4.64000E+1	1.79768E+3	3.30420E+3	1.49793E+5	9.61937E+4	1.68913E+5	2.29121E+5
4.65000E+1	1.76197E+3	3.28770E+3	1.50286E+5	9.62458E+4	1.68662E+5	2.27914E+5
4.66000E+1	1.80503E+3	3.28083E+3	1.51013E+5	9.70756E+4	1.69011E+5	2.29968E+5
4.67000E+1	1.77999E+3	3.23720E+3	1.50934E+5	9.72773E+4	1.68871E+5	2.29299E+5
4.68000E+1	1.80870E+3	3.27327E+3	1.50932E+5	9.78999E+4	1.68527E+5	2.29649E+5
4.69000E+1	1.82874E+3	3.23377E+3	1.51927E+5	9.78418E+4	1.69120E+5	2.30942E+5
4.70000E+1	1.80235E+3	3.23651E+3	1.52754E+5	9.78658E+4	1.68678E+5	2.30231E+5
4.71000E+1	1.78099E+3	3.23136E+3	1.53997E+5	9.86903E+4	1.68645E+5	2.31423E+5
4.72000E+1	1.80469E+3	3.27533E+3	1.54099E+5	9.90739E+4	1.68362E+5	2.30220E+5
4.73000E+1	1.82774E+3	3.25952E+3	1.54459E+5	9.90292E+4	1.67684E+5	2.31940E+5
4.74000E+1	1.84277E+3	3.24785E+3	1.54863E+5	9.88061E+4	1.67458E+5	2.31355E+5
4.75000E+1	1.81504E+3	3.30592E+3	1.53245E+5	9.95757E+4	1.67552E+5	2.32345E+5
4.76000E+1	1.78933E+3	3.25987E+3	1.52791E+5	9.95410E+4	1.67430E+5	2.31451E+5
4.77000E+1	1.82172E+3	3.25815E+3	1.52841E+5	9.93014E+4	1.67034E+5	2.31518E+5
4.78000E+1	1.85246E+3	3.24441E+3	1.55083E+5	9.95654E+4	1.67246E+5	2.32773E+5
4.79000E+1	1.84812E+3	3.25128E+3	1.56353E+5	9.95538E+4	1.66514E+5	2.31937E+5
4.80000E+1	1.82373E+3	3.25162E+3	1.57326E+5	9.96065E+4	1.66926E+5	2.31848E+5
4.81000E+1	1.84143E+3	3.27842E+3	1.56643E+5	1.00053E+5	1.66388E+5	2.32577E+5
4.82000E+1	1.84377E+3	3.28255E+3	1.58552E+5	9.99189E+4	1.66034E+5	2.32481E+5
4.83000E+1	1.84411E+3	3.25849E+3	1.57256E+5	1.00910E+5	1.66203E+5	2.33373E+5
4.84000E+1	1.82740E+3	3.26708E+3	1.56400E+5	1.00788E+5	1.66057E+5	2.33255E+5
4.85000E+1	1.82406E+3	3.25643E+3	1.56131E+5	1.00774E+5	1.66009E+5	2.31883E+5
4.86000E+1	1.79000E+3	3.21935E+3	1.55202E+5	1.00522E+5	1.65304E+5	2.32256E+5
4.87000E+1	1.87352E+3	3.21729E+3	1.55795E+5	1.00857E+5	1.65561E+5	2.31020E+5
4.88000E+1	1.85179E+3	3.23377E+3	1.58077E+5	1.00494E+5	1.66132E+5	2.32327E+5
4.89000E+1	1.87218E+3	3.19224E+3	1.58483E+5	1.00678E+5	1.64804E+5	2.31140E+5
4.90000E+1	1.84310E+3	3.22724E+3	1.59519E+5	1.00506E+5	1.64493E+5	2.32036E+5
4.91000E+1	1.80202E+3	3.24476E+3	1.58651E+5	1.00776E+5	1.64470E+5	2.31660E+5
4.92000E+1	1.83843E+3	3.17921E+3	1.57282E+5	1.00883E+5	1.64270E+5	2.31023E+5
4.93000E+1	1.84611E+3	3.19155E+3	1.56512E+5	1.00814E+5	1.64306E+5	2.31044E+5
4.94000E+1	1.81037E+3	3.22038E+3	1.57177E+5	1.00784E+5	1.64043E+5	2.31632E+5
4.95000E+1	1.80603E+3	3.14423E+3	1.55848E+5	1.01593E+5	1.64058E+5	2.30836E+5
4.96000E+1	1.84110E+3	3.21557E+3	1.54877E+5	1.00954E+5	1.65139E+5	2.30621E+5
4.97000E+1	1.80302E+3	3.22965E+3	1.53133E+5	1.01105E+5	1.64389E+5	2.30801E+5
4.98000E+1	1.81371E+3	3.21283E+3	1.51576E+5	1.00844E+5	1.65334E+5	2.29743E+5
4.99000E+1	1.82005E+3	3.26124E+3	1.50913E+5	1.00889E+5	1.64292E+5	2.27873E+5
5.00000E+1	1.79534E+3	3.24922E+3	1.51009E+5	1.00310E+5	1.65012E+5	2.29173E+5
5.01000E+1	1.78266E+3	3.21420E+3	1.50928E+5	9.98712E+4	1.64752E+5	2.28313E+5
5.02000E+1	1.78600E+3	3.22313E+3	1.51987E+5	9.93424E+4	1.65046E+5	2.28908E+5
5.03000E+1	1.79401E+3	3.20322E+3	1.51921E+5	9.92566E+4	1.64635E+5	2.27137E+5
5.04000E+1	1.79835E+3	3.19121E+3	1.53226E+5	9.95526E+4	1.65152E+5	2.28497E+5
5.05000E+1	1.85313E+3	3.23480E+3	1.54280E+5	9.97658E+4	1.64752E+5	2.29453E+5
5.06000E+1	1.84244E+3	3.18675E+3	1.56419E+5	9.98738E+4	1.65003E+5	2.28341E+5
5.07000E+1	1.85915E+3	3.21146E+3	1.58120E+5	9.97928E+4	1.64466E+5	2.28818E+5
5.08000E+1	1.79301E+3	3.23136E+3	1.61139E+5	1.00676E+5	1.64223E+5	2.29467E+5
5.09000E+1	1.88757E+3	3.26605E+3	1.64860E+5	1.00935E+5	1.64223E+5	2.31596E+5
5.10000E+1	1.92805E+3	3.23548E+3	1.66582E+5	1.01369E+5	1.64322E+5	2.29862E+5
5.11000E+1	1.84611E+3	3.24613E+3	1.67535E+5	1.02536E+5	1.63890E+5	2.31483E+5
5.12000E+1	1.89693E+3	3.19910E+3	1.70007E+5	1.04173E+5	1.63805E+5	2.32416E+5
5.13000E+1	1.89258E+3	3.24544E+3	1.69814E+5	1.04718E+5	1.64054E+5	2.32955E+5
5.14000E+1	1.93173E+3	3.21008E+3	1.74200E+5	1.04241E+5	1.63991E+5	2.33886E+5
5.15000E+1	1.98666E+3	3.23205E+3	1.82313E+5	1.05107E+5	1.63892E+5	2.35325E+5
5.16000E+1	2.00375E+3	3.20047E+3	1.92974E+5	1.06485E+5	1.64200E+5	2.37932E+5
5.17000E+1	2.05104E+3	3.21111E+3	2.03261E+5	1.07356E+5	1.63342E+5	2.40195E+5
5.18000E+1	2.12726E+3	3.19670E+3	2.14824E+5	1.08958E+5	1.63219E+5	2.41355E+5
5.19000E+1	2.10676E+3	3.21043E+3	2.28689E+5	1.11934E+5	1.63031E+5	2.45100E+5
5.20000E+1	2.25106E+3	3.23686E+3	2.43709E+5	1.14261E+5	1.62274E+5	2.48225E+5
5.21000E+1	2.29082E+3	3.22004E+3	2.59610E+5	1.17425E+5	1.61372E+5	2.51454E+5
5.22000E+1	2.36335E+3	3.24098E+3	2.74550E+5	1.20808E+5	1.60780E+5	2.55267E+5
5.23000E+1	2.45627E+3	3.22107E+3	2.92913E+5	1.25310E+5	1.60281E+5	2.60608E+5
5.24000E+1	2.53208E+3	3.34547E+3	3.13912E+5	1.29406E+5	1.59689E+5	2.62872E+5
5.25000E+1	2.66841E+3	3.27155E+3	3.33606E+5	1.33459E+5	1.58389E+5	2.68932E+5
5.26000E+1	2.69083E+3	3.28804E+3	3.49486E+5	1.38006E+5	1.57353E+5	2.72322E+5
5.27000E+1	2.79353E+3	3.26674E+3	3.72748E+5	1.43278E+5	1.57135E+5	2.77998E+5
5.28000E+1	2.92544E+3	3.30283E+3	3.92693E+5	1.48814E+5	1.56697E+5	2.84721E+5
5.29000E+1	3.02862E+3	3.32587E+3	4.11640E+5	1.54521E+5	1.55739E+5	2.90363E+5
5.30000E+1	3.11076E+3	3.35924E+3	4.37595E+5	1.60008E+5	1.55182E+5	2.93920E+5
5.31000E+1	3.19063E+3	3.29183E+3	4.56057E+5	1.66555E+5	1.53867E+5	2.99065E+5
5.32000E+1	3.33044E+3	3.39505E+3	4.81888E+5	1.72418E+5	1.53328E+5	3.05573E+5
5.33000E+1	3.35108E+3	3.37129E+3	4.99881E+5	1.78781E+5	1.52297E+5	3.12488E+5
5.34000E+1	3.48581E+3	3.42915E+3	5.23036E+5	1.84868E+5	1.51977E+5	3.18370E+5
5.35000E+1	3.59530E+3	3.39436E+3	5.49977E+5	1.91867E+5	1.50975E+5	3.25027E+5
5.36000E+1	3.76464E+3	3.40676E+3	5.73779E+5	1.98925E+5	1.50061E+5	3.31803E+5
5.37000E+1	3.86325E+3	3.42261E+3	5.96909E+5	2.04742E+5	1.48874E+5	3.38872E+5
5.38000E+1	3.96414E+3	3.45708E+3	6.15051E+5	2.12464E+5	1.48456E+5	3.45275E+5
5.39000E+1	4.07359E+3	3.48053E+3	6.48249E+5	2.19438E+5	1.47793E+5	3.52540E+5
5.40000E+1	4.17069E+3	3.50848E+3	6.72245E+5	2.26014E+5	1.46949E+5	3.60666E+5
5.41000E+1	4.31457E+3	3.45156E+3	6.93163E+5	2.32942E+5	1.45520E+5	3.64430E+5
5.42000E+1	4.44269E+3	3.48709E+3	7.18426E+5	2.42142E+5	1.45467E+5	3.73007E+5
5.43000E+1	4.58521E+3	3.50986E+3	7.47660E+5	2.49938E+5	1.44853E+5	3.79778E+5
5.44000E+1	4.66421E+3	3.57307E+3	7.62044E+5	2.54623E+5	1.43842E+5	3.86058E+5
5.45000E+1	4.89340E+3	3.54992E+3	7.90970E+5	2.63451E+5	1.43350E+5	3.92076E+5
5.46000E+1	4.96363E+3	3.58240E+3	8.19719E+5	2.71250E+5	1.42996E+5	4.04136E+5
5.47000E+1	5.10117E+3	3.60349E+3	8.41792E+5	2.77793E+5	1.42572E+5	4.12164E+5
5.48000E+1	5.21375E+3	3.59139E+3	8.57746E+5	2.84995E+5	1.41191E+5	4.18902E+5
5.49000E+1	5.31942E+3	3.59658E+3	8.90004E+5	2.92184E+5	1.40852E+5	4.31374E+5
5.50000E+1	5.50450E+3	3.66370E+3	9.07157E+5	3.01316E+5	1.40289E+5	4.37623E+5
5.51000E+1	5.57160E+3	3.69105E+3	9.23395E+5	3.03859E+5	1.39927E+5	4.45187E+5
5.52000E+1	5.78207E+3	3.72674E+3	9.46301E+5	3.12824E+5	1.38663E+5	4.49813E+5
5.53000E+1	5.90840E+3	3.74755E+3	9.69261E+5	3.21869E+5	1.38450E+5	4.59879E+5
5.54000E+1	5.99194E+3	3.70560E+3	1.01517E+6	3.27899E+5	1.37720E+5	4.69859E+5
5.55000E+1	6.14199E+3	3.71565E+3	1.00840E+6	3.31846E+5	1.36958E+5	4.78397E+5
5.56000E+1	6.28883E+3	3.83952E+3	1.04398E+6	3.40988E+5	1.36773E+5	4.88720E+5
5.57000E+1	6.46272E+3	3.77009E+3	1.05047E+6	3.47660E+5	1.36015E+5	4.94949E+5
5.58000E+1	6.59032E+3	3.80375E+3	1.08133E+6	3.55711E+5	1.35841E+5	5.06670E+5
5.59000E+1	6.68117E+3	3.79403E+3	1.08102E+6	3.60826E+5	1.34720E+5	5.12887E+5
5.60000E+1	6.86628E+3	3.82632E+3	1.11877E+6	3.67601E+5	1.34576E+5	5.22199E+5
5.61000E+1	6.99448E+3	3.88609E+3	1.12516E+6	3.72505E+5	1.34319E+5	5.37823E+5
5.62000E+1	7.16403E+3	3.84161E+3	1.15245E+6	3.81357E+5	1.33654E+5	5.41461E+5
5.63000E+1	7.25142E+3	3.89444E+3	1.17164E+6	3.82554E+5	1.33056E+5	5.47807E+5
5.64000E+1	7.45153E+3	3.95289E+3	1.17656E+6	3.88632E+5	1.32477E+5	5.57564E+5
5.65000E+1	7.48204E+3	3.94593E+3	1.21724E+6	3.98088E+5	1.32348E+5	5.65516E+5
5.66000E+1	7.67630E+3	3.98632E+3	1.22207E+6	4.00626E+5	1.31595E+5	5.75789E+5
5.67000E+1	7.78922E+3	4.03581E+3	1.22574E+6	4.04754E+5	1.30944E+5	5.86779E+5
5.68000E+1	7.84577E+3	3.98806E+3	1.24335E+6	4.08108E+5	1.30752E+5	5.95707E+5
5.69000E+1	7.88363E+3	3.99852E+3	1.24855E+6	4.12589E+5	1.30103E+5	6.03895E+5
5.70000E+1	8.06580E+3	4.03651E+3	1.26007E+6	4.16719E+5	1.29518E+5	6.11184E+5
5.71000E+1	8.23008E+3	4.07488E+3	1.27837E+6	4.24658E+5	1.29091E+5	6.25310E+5
5.72000E+1	8.37708E+3	4.13634E+3	1.28489E+6	4.26706E+5	1.29130E+5	6.39285E+5
5.73000E+1	8.46191E+3	4.13249E+3	1.30406E+6	4.32571E+5	1.28806E+5	6.48376E+5
5.74000E+1	8.53283E+3	4.16709E+3	1.33019E+6	4.32051E+5	1.27758E+5	6.48159E+5
5.75000E+1	8.62171E+3	4.17443E+3	1.33622E+6	4.38269E+5	1.27523E+5	6.65126E+5
5.76000E+1	8.74462E+3	4.23145E+3	1.36178E+6	4.43110E+5	1.27245E+5	6.70558E+5
5.77000E+1	8.84453E+3	4.24195E+3	1.36041E+6	4.46871E+5	1.26656E+5	6.83196E+5
5.78000E+1	8.97063E+3	4.25211E+3	1.34619E+6	4.45621E+5	1.26666E+5	6.92211E+5
5.79000E+1	9.08130E+3	4.27802E+3	1.37211E+6	4.53236E+5	1.26295E+5	6.98550E+5
5.80000E+1	9.15380E+3	4.40008E+3	1.37723E+6	4.58461E+5	1.25698E+5	7.16016E+5
5.81000E+1	9.23716E+3	4.30395E+3	1.38778E+6	4.60610E+5	1.25708E+5	7.14026E+5
5.82000E+1	9.36494E+3	4.35445E+3	1.36454E+6	4.64084E+5	1.25264E+5	7.27900E+5
5.83000E+1	9.42701E+3	4.34182E+3	1.38103E+6	4.70030E+5	1.24484E+5	7.38319E+5
5.84000E+1	9.49611E+3	4.33165E+3	1.40985E+6	4.73527E+5	1.24679E+5	7.43858E+5
5.85000E+1	9.58231E+3	4.39797E+3	1.39314E+6	4.73114E+5	1.24244E+5	7.54145E+5
5.86000E+1	9.64309E+3	4.45629E+3	1.39250E+6	4.76317E+5	1.23754E+5	7.50098E+5
5.87000E+1	9.74970E+3	4.40078E+3	1.43851E+6	4.84587E+5	1.23680E+5	7.78935E+5
5.88000E+1	9.81959E+3	4.49814E+3	1.40743E+6	4.80738E+5	1.23710E+5	7.79384E+5
5.89000E+1	9.86001E+3	4.50412E+3	1.43889E+6	4.85150E+5	1.22982E+5	7.87683E+5
5.90000E+1	9.93978E+3	4.51080E+3	1.41686E+6	4.90616E+5	1.22811E+5	8.00012E+5
5.91000E+1	1.00259E+4	4.50729E+3	1.43092E+6	4.89876E+5	1.22364E+5	8.09745E+5
5.92000E+1	1.00107E+4	4.53192E+3	1.45337E+6	4.95089E+5	1.22433E+5	8.21822E+5
5.93000E+1	1.01321E+4	4.59074E+3	1.44594E+6	4.91618E+5	1.22294E+5	8.23248E+5
5.94000E+1	1.01997E+4	4.64152E+3	1.47601E+6	4.98647E+5	1.21539E+5	8.38149E+5
5.95000E+1	1.02154E+4	4.66022E+3	1.47545E+6	4.98197E+5	1.21231E+5	8.41450E+5
5.96000E+1	1.02737E+4	4.67081E+3	1.45376E+6	5.00930E+5	1.21141E+5	8.61008E+5
5.97000E+1	1.02945E+4	4.64646E+3	1.44610E+6	5.11213E+5	1.20663E+5	8.50677E+5
5.98000E+1	1.03623E+4	4.74180E+3	1.47545E+6	5.10540E+5	1.20652E+5	8.80590E+5
5.99000E+1	1.04012E+4	4.75417E+3	1.49324E+6	5.09317E+5	1.20798E+5	8.69987E+5
6.00000E+1	1.05294E+4	4.76018E+3	1.49071E+6	5.11430E+5	1.20453E+5	8.84415E+5
6.01000E+1	1.03949E+4	4.81325E+3	1.52672E+6	5.16224E+5	1.19897E+5	8.95560E+5
6.02000E+1	1.05837E+4	4.84971E+3	1.53194E+6	5.11731E+5	1.19693E+5	9.07975E+5
6.03000E+1	1.06002E+4	4.90464E+3	1.52255E+6	5.16616E+5	1.19319E+5	9.09976E+5
6.04000E+1	1.06274E+4	4.91989E+3	1.50502E+6	5.19805E+5	1.19625E+5	9.13868E+5
6.05000E+1	1.07332E+4	4.94152E+3	1.54126E+6	5.16641E+5	1.18982E+5	9.17724E+5
6.06000E+1	1.07293E+4	4.95004E+3	1.51479E+6	5.26447E+5	1.18447E+5	9.27971E+5
6.07000E+1	1.06487E+4	4.99335E+3	1.55482E+6	5.23165E+5	1.18415E+5	9.43452E+5
6.08000E+1	1.08606E+4	4.98305E+3	1.54117E+6	5.24167E+5	1.18555E+5	9.51334E+5
6.09000E+1	1.07842E+4	5.01822E+3	1.56440E+6	5.30417E+5	1.18358E+5	9.50764E+5
6.10000E+1	1.07597E+4	5.06407E+3	1.56280E+6	5.28261E+5	1.18307E+5	9.46548E+5
6.11000E+1	1.09676E+4	5.07865E+3	1.53280E+6	5.35724E+5	1.17519E+5	9.58360E+5
6.12000E+1	1.08166E+4	5.08612E+3	1.56512E+6	5.36728E+5	1.17614E+5	9.79224E+5
6.13000E+1	1.09469E+4	5.12492E+3	1.53918E+6	5.33634E+5	1.17661E+5	9.79224E+5
6.14000E+1	1.10283E+4	5.16980E+3	1.52851E+6	5.38404E+5	1.17434E+5	9.82121E+5
6.15000E+1	1.08958E+4	5.25218E+3	1.60762E+6	5.35724E+5	1.16619E+5	9.80652E+5
6.16000E+1	1.10196E+4	5.29788E+3	1.54875E+6	5.38693E+5	1.17271E+5	9.97076E+5
6.17000E+1	1.09854E+4	5.26503E+3	1.60107E+6	5.42049E+5	1.16830E+5	1.00935E+6
6.18000E+1	1.10378E+4	5.32074E+3	1.56512E+6	5.45078E+5	1.16509E+5	1.00284E+6
6.19000E+1	1.10462E+4	5.30395E+3	1.51311E+6	5.41001E+5	1.16353E+5	1.00729E+6
6.20000E+1	1.10315E+4	5.33826E+3	1.60135E+6	5.47784E+5	1.15961E+5	1.03349E+6
6.21000E+1	1.10740E+4	5.41446E+3	1.55508E+6	5.43713E+5	1.15874E+5	1.03515E+6
6.22000E+1	1.10923E+4	5.42806E+3	1.59189E+6	5.50485E+5	1.15970E+5	1.02458E+6
6.23000E+1	1.11372E+4	5.49399E+3	1.57572E+6	5.52317E+5	1.15893E+5	1.04584E+6
6.24000E+1	1.10915E+4	5.42663E+3	1.58081E+6	5.50417E+5	1.15088E+5	1.03965E+6
6.25000E+1	1.11659E+4	5.52412E+3	1.61849E+6	5.51605E+5	1.15577E+5	1.04041E+6
6.26000E+1	1.12272E+4	5.50081E+3	1.63968E+6	5.61703E+5	1.15532E+5	1.05410E+6
6.27000E+1	1.12244E+4	5.60454E+3	1.58199E+6	5.54380E+5	1.15358E+5	1.05802E+6
6.28000E+1	1.12599E+4	5.54888E+3	1.60172E+6	5.57318E+5	1.14942E+5	1.05932E+6
6.29000E+1	1.11579E+4	5.62035E+3	1.62002E+6	5.61266E+5	1.14909E+5	1.06092E+6
6.30000E+1	1.13074E+4	5.67752E+3	1.61992E+6	5.66034E+5	1.15035E+5	1.08621E+6
6.31000E+1	1.14049E+4	5.60957E+3	1.63211E+6	5.64068E+5	1.15042E+5	1.08053E+6
6.32000E+1	1.12647E+4	5.70920E+3	1.57799E+6	5.67237E+5	1.14430E+5	1.08716E+6
6.33000E+1	1.13961E+4	5.74629E+3	1.64301E+6	5.67868E+5	1.14458E+5	1.10814E+6
6.34000E+1	1.14649E+4	5.79639E+3	1.60941E+6	5.62565E+5	1.14716E+5	1.09673E+6
6.35000E+1	1.13641E+4	5.81045E+3	1.62624E+6	5.69583E+5	1.14347E+5	1.11992E+6
6.36000E+1	1.14525E+4	5.88445E+3	1.66833E+6	5.65477E+5	1.14381E+5	1.10178E+6
6.37000E+1	1.14965E+4	5.87361E+3	1.58381E+6	5.68760E+5	1.14246E+5	1.11324E+6
6.38000E+1	1.14293E+4	5.87433E+3	1.61621E+6	5.73155E+5	1.13973E+5	1.09548E+6
6.39000E+1	1.15987E+4	5.91841E+3	1.61035E+6	5.69554E+5	1.13762E+5	1.11424E+6
6.40000E+1	1.15743E+4	5.98568E+3	1.65453E+6	5.68487E+5	1.13715E+5	1.12102E+6
6.41000E+1	1.16622E+4	5.95854E+3	1.64487E+6	5.72878E+5	1.13695E+5	1.13227E+6
6.42000E+1	1.14981E+4	6.04035E+3	1.62288E+6	5.71350E+5	1.13429E+5	1.13970E+6
6.43000E+1	1.16670E+4	6.07695E+3	1.62595E+6	5.81655E+5	1.13564E+5	1.13349E+6
6.44000E+1	1.17506E+4	6.09327E+3	1.64349E+6	5.80967E+5	1.13224E+5	1.13320E+6
6.45000E+1	1.16734E+4	6.06064E+3	1.67095E+6	5.80176E+5	1.13398E+5	1.14697E+6
6.46000E+1	1.17434E+4	6.15677E+3	1.64772E+6	5.75896E+5	1.13416E+5	1.15661E+6
6.47000E+1	1.17607E+4	6.26398E+3	1.65791E+6	5.79031E+5	1.13373E+5	1.16156E+6
6.48000E+1	1.17188E+4	6.21780E+3	1.65463E+6	5.74501E+5	1.12626E+5	1.15448E+6
6.49000E+1	1.18670E+4	6.25052E+3	1.68521E+6	5.82540E+5	1.12968E+5	1.16656E+6
6.50000E+1	1.17647E+4	6.24943E+3	1.63057E+6	5.80669E+5	1.12489E+5	1.16573E+6
6.51000E+1	1.18360E+4	6.33496E+3	1.64193E+6	5.84255E+5	1.12539E+5	1.16863E+6
6.52000E+1	1.18626E+4	6.37104E+3	1.66994E+6	5.86768E+5	1.12514E+5	1.17316E+6
6.53000E+1	1.18477E+4	6.43560E+3	1.64713E+6	5.80908E+5	1.12562E+5	1.16795E+6
6.54000E+1	1.18912E+4	6.37177E+3	1.66380E+6	5.89836E+5	1.12537E+5	1.18464E+6
6.55000E+1	1.19796E+4	6.48928E+3	1.69232E+6	5.86950E+5	1.12345E+5	1.17133E+6
6.56000E+1	1.18956E+4	6.47576E+3	1.66471E+6	5.84647E+5	1.12055E+5	1.17128E+6
6.57000E+1	1.20273E+4	6.58435E+3	1.67378E+6	5.88948E+5	1.12209E+5	1.20991E+6
6.58000E+1	1.20896E+4	6.54850E+3	1.70085E+6	5.85055E+5	1.12356E+5	1.19358E+6
6.59000E+1	1.19715E+4	6.53277E+3	1.68747E+6	5.93117E+5	1.12171E+5	1.20145E+6
6.60000E+1	1.20087E+4	6.63048E+3	1.68111E+6	5.90327E+5	1.11973E+5	1.18077E+6
6.61000E+1	1.20063E+4	6.66273E+3	1.65414E+6	5.92375E+5	1.11951E+5	1.20270E+6
6.62000E+1	1.19578E+4	6.72067E+3	1.67764E+6	5.88795E+5	1.11980E+5	1.21273E+6
6.63000E+1	1.20431E+4	6.69573E+3	1.69108E+6	5.94730E+5	1.11731E+5	1.22218E+6
6.64000E+1	1.21131E+4	6.77427E+3	1.68891E+6	5.94792E+5	1.11993E+5	1.20919E+6
6.65000E+1	1.21787E+4	6.80366E+3	1.67277E+6	5.96664E+5	1.11931E+5	1.20709E+6
6.66000E+1	1.20293E+4	6.89819E+3	1.69657E+6	5.98797E+5	1.11523E+5	1.20952E+6
6.67000E+1	1.19974E+4	6.90114E+3	1.70967E+6	5.97823E+5	1.11682E+5	1.21268E+6
6.68000E+1	1.19937E+4	6.92876E+3	1.64242E+6	5.96226E+5	1.11473E+5	1.21775E+6
6.69000E+1	1.21070E+4	6.96266E+3	1.71273E+6	5.93876E+5	1.11388E+5	1.21769E+6
6.70000E+1	1.21155E+4	6.99178E+3	1.69709E+6	5.98121E+5	1.11438E+5	1.20550E+6
6.71000E+1	1.20702E+4	7.02388E+3	1.68881E+6	5.98278E+5	1.11394E+5	1.22676E+6
6.72000E+1	1.22465E+4	7.01392E+3	1.72940E+6	5.99442E+5	1.11714E+5	1.24562E+6
6.73000E+1	1.21860E+4	7.11436E+3	1.71889E+6	5.96820E+5	1.11119E+5	1.22529E+6
6.74000E+1	1.21305E+4	7.14653E+3	1.68696E+6	6.04730E+5	1.11259E+5	1.25107E+6
6.75000E+1	1.21961E+4	7.19019E+3	1.69046E+6	5.99584E+5	1.11411E+5	1.23901E+6
6.76000E+1	1.21970E+4	7.27577E+3	1.70483E+6	5.96132E+5	1.11036E+5	1.24248E+6
6.77000E+1	1.22850E+4	7.26502E+3	1.72531E+6	6.04570E+5	1.11684E+5	1.24161E+6
6.78000E+1	1.21649E+4	7.24760E+3	1.68347E+6	5.98828E+5	1.11249E+5	1.24597E+6
6.79000E+1	1.22733E+4	7.33401E+3	1.71560E+6	6.04283E+5	1.11228E+5	1.23947E+6
6.80000E+1	1.23651E+4	7.32659E+3	1.71708E+6	5.96945E+5	1.11237E+5	1.25745E+6
6.81000E+1	1.24062E+4	7.42167E+3	1.68326E+6	6.03883E+5	1.11280E+5	1.26192E+6
6.82000E+1	1.23647E+4	7.40532E+3	1.68675E+6	6.06109E+5	1.10911E+5	1.25573E+6
6.83000E+1	1.23269E+4	7.46147E+3	1.71136E+6	6.07171E+5	1.11210E+5	1.22173E+6
6.84000E+1	1.24567E+4	7.50315E+3	1.74649E+6	6.14759E+5	1.11076E+5	1.26895E+6
6.85000E+1	1.23041E+4	7.53332E+3	1.72983E+6	6.07300E+5	1.10895E+5	1.24650E+6
6.86000E+1	1.23240E+4	7.58251E+3	1.72585E+6	6.05195E+5	1.10791E+5	1.25556E+6
6.87000E+1	1.23891E+4	7.63661E+3	1.71857E+6	6.02402E+5	1.10574E+5	1.28904E+6
6.88000E+1	1.23635E+4	7.64669E+3	1.73807E+6	6.10798E+5	1.11221E+5	1.28279E+6
6.89000E+1	1.24367E+4	7.70683E+3	1.69960E+6	6.06479E+5	1.10943E+5	1.27855E+6
6.90000E+1	1.24828E+4	7.74234E+3	1.76591E+6	6.06382E+5	1.10880E+5	1.29460E+6
6.91000E+1	1.23456E+4	7.73860E+3	1.71889E+6	6.06656E+5	1.10715E+5	1.27825E+6
6.92000E+1	1.25276E+4	7.79847E+3	1.67876E+6	6.07735E+5	1.10554E+5	1.27806E+6
6.93000E+1	1.23468E+4	7.86290E+3	1.72951E+6	6.10375E+5	1.10654E+5	1.28929E+6
6.94000E+1	1.24873E+4	7.86815E+3	1.75642E+6	6.14858E+5	1.10568E+5	1.29060E+6
6.95000E+1	1.23610E+4	8.00364E+3	1.67815E+6	6.12495E+5	1.10538E+5	1.26521E+6
6.96000E+1	1.25077E+4	7.98936E+3	1.75122E+6	6.13330E+5	1.10971E+5	1.29660E+6
6.97000E+1	1.24034E+4	8.03973E+3	1.73883E+6	6.11075E+5	1.10371E+5	1.28224E+6
6.98000E+1	1.25072E+4	8.03296E+3	1.69336E+6	6.11989E+5	1.10361E+5	1.27959E+6
6.99000E+1	1.25260E+4	8.08375E+3	1.77549E+6	6.12708E+5	1.10605E+5	1.31108E+6
7.00000E+1	1.24934E+4	8.11462E+3	1.73915E+6	6.08964E+5	1.10534E+5	1.27904E+6
7.01000E+1	1.25529E+4	8.08337E+3	1.75932E+6	6.09158E+5	1.10278E+5	1.28168E+6
7.02000E+1	1.25615E+4	8.19640E+3	1.77799E+6	6.14118E+5	1.10661E+5	1.30667E+6
7.03000E+1	1.25489E+4	8.18659E+3	1.72886E+6	6.09272E+5	1.10375E+5	1.29982E+6
7.04000E+1	1.24563E+4	8.31079E+3	1.74791E+6	6.12021E+5	1.10622E+5	1.30177E+6
7.05000E+1	1.24926E+4	8.31911E+3	1.73687E+6	6.22899E+5	1.10662E+5	1.29347E+6
7.06000E+1	1.25591E+4	8.31117E+3	1.75754E+6	6.17784E+5	1.10255E+5	1.31908E+6
7.07000E+1	1.25272E+4	8.40422E+3	1.77583E+6	6.15418E+5	1.10291E+5	1.30418E+6
7.08000E+1	1.26015E+4	8.36486E+3	1.72007E+6	6.10717E+5	1.10233E+5	1.29022E+6
7.09000E+1	1.24547E+4	8.42656E+3	1.73828E+6	6.21086E+5	1.10292E+5	1.30374E+6
7.10000E+1	1.26555E+4	8.45233E+3	1.80508E+6	6.27116E+5	1.10288E+5	1.31752E+6
7.11000E+1	1.26252E+4	8.50768E+3	1.79172E+6	6.15600E+5	1.09989E+5	1.31301E+6
7.12000E+1	1.26150E+4	8.63642E+3	1.75820E+6	6.16475E+5	1.10012E+5	1.28966E+6
7.13000E+1	1.26542E+4	8.60677E+3	1.76400E+6	6.20015E+5	1.09977E+5	1.30833E+6
7.14000E+1	1.26453E+4	8.64783E+3	1.79577E+6	6.25722E+5	1.10436E+5	1.35207E+6
7.15000E+1	1.27217E+4	8.65962E+3	1.76726E+6	6.21874E+5	1.09918E+5	1.32940E+6
7.16000E+1	1.26514E+4	8.72051E+3	1.75354E+6	6.23725E+5	1.10113E+5	1.31063E+6
7.17000E+1	1.26052E+4	8.73613E+3	1.77833E+6	6.20283E+5	1.10110E+5	1.33217E+6
7.18000E+1	1.27168E+4	8.73613E+3	1.77379E+6	6.19548E+5	1.09896E+5	1.30890E+6
7.19000E+1	1.27160E+4	8.87419E+3	1.79403E+6	6.23152E+5	1.10357E+5	1.33968E+6
7.20000E+1	1.26489E+4	8.82686E+3	1.73894E+6	6.15220E+5	1.10001E+5	1.33522E+6
7.21000E+1	1.26436E+4	8.93533E+3	1.80753E+6	6.19448E+5	1.10214E+5	1.31713E+6
7.22000E+1	1.27701E+4	8.96439E+3	1.79820E+6	6.24232E+5	1.10258E+5	1.33828E+6
7.23000E+1	1.27213E+4	9.00419E+3	1.77312E+6	6.21287E+5	1.10082E+5	1.32776E+6
7.24000E+1	1.27947E+4	9.05474E+3	1.74758E+6	6.24638E+5	1.09687E+5	1.32429E+6
7.25000E+1	1.28197E+4	9.11263E+3	1.74747E+6	6.27303E+5	1.09821E+5	1.35616E+6
7.26000E+1	1.28422E+4	9.11723E+3	1.72017E+6	6.30693E+5	1.09692E+5	1.34195E+6
7.27000E+1	1.27348E+4	9.18094E+3	1.78931E+6	6.28464E+5	1.10179E+5	1.35459E+6
7.28000E+1	1.28275E+4	9.16750E+3	1.78426E+6	6.20166E+5	1.09626E+5	1.33356E+6
7.29000E+1	1.27951E+4	9.19900E+3	1.74068E+6	6.22092E+5	1.09704E+5	1.32612E+6
7.30000E+1	1.28070E+4	9.28166E+3	1.81554E+6	6.22630E+5	1.10055E+5	1.34531E+6
7.31000E+1	1.28976E+4	9.31167E+3	1.76580E+6	6.31193E+5	1.10065E+5	1.35568E+6
7.32000E+1	1.27766E+4	9.37330E+3	1.78873E+6	6.24452E+5	1.09777E+5	1.36261E+6
7.33000E+1	1.27287E+4	9.30628E+3	1.81271E+6	6.23607E+5	1.09816E+5	1.34356E+6
7.34000E+1	1.28049E+4	9.41648E+3	1.77822E+6	6.21421E+5	1.09805E+5	1.34706E+6
7.35000E+1	1.27091E+4	9.50990E+3	1.75698E+6	6.30229E+5	1.09757E+5	1.35241E+6
7.36000E+1	1.28705E+4	9.45159E+3	1.81542E+6	6.27406E+5	1.09672E+5	1.32842E+6
7.37000E+1	1.28668E+4	9.57485E+3	1.79126E+6	6.29560E+5	1.09649E+5	1.34814E+6
7.38000E+1	1.29005E+4	9.61277E+3	1.82052E+6	6.29577E+5	1.09720E+5	1.37121E+6
7.39000E+1	1.28751E+4	9.61083E+3	1.76872E+6	6.33820E+5	1.09491E+5	1.33489E+6
7.40000E+1	1.28430E+4	9.69257E+3	1.82983E+6	6.30556E+5	1.09795E+5	1.35323E+6
7.41000E+1	1.29001E+4	9.67047E+3	1.80695E+6	6.26878E+5	1.09782E+5	1.35275E+6
7.42000E+1	1.28808E+4	9.72359E+3	1.75376E+6	6.22395E+5	1.09945E+5	1.35650E+6
7.43000E+1	1.29502E+4	9.83424E+3	1.77413E+6	6.29869E+5	1.09520E+5	1.34001E+6
7.44000E+1	1.28611E+4	9.87078E+3	1.77493E+6	6.31641E+5	1.09696E+5	1.36020E+6
7.45000E+1	1.28935E+4	9.75812E+3	1.83175E+6	6.30762E+5	1.09539E+5	1.36662E+6
7.46000E+1	1.28923E+4	9.98797E+3	1.78506E+6	6.26333E+5	1.09581E+5	1.34464E+6
7.47000E+1	1.30234E+4	9.96693E+3	1.78460E+6	6.36135E+5	1.09523E+5	1.35705E+6
7.48000E+1	1.30016E+4	9.98018E+3	1.80088E+6	6.29440E+5	1.09419E+5	1.35500E+6
7.49000E+1	1.28944E+4	1.00945E+4	1.83863E+6	6.32124E+5	1.09430E+5	1.37554E+6
7.50000E+1	1.29194E+4	1.00953E+4	1.82254E+6	6.30556E+5	1.09361E+5	1.36378E+6
7.51000E+1	1.29161E+4	1.01093E+4	1.79023E+6	6.31210E+5	1.09557E+5	1.37400E+6
7.52000E+1	1.30790E+4	1.01644E+4	1.79092E+6	6.26776E+5	1.09334E+5	1.34195E+6
7.53000E+1	1.29412E+4	1.00808E+4	1.86863E+6	6.38113E+5	1.09924E+5	1.38671E+6
7.54000E+1	1.30033E+4	1.02513E+4	1.86080E+6	6.33058E+5	1.09280E+5	1.39841E+6
7.55000E+1	1.31099E+4	1.01906E+4	1.78243E+6	6.31727E+5	1.09741E+5	1.36523E+6
7.56000E+1	1.30943E+4	1.02501E+4	1.83512E+6	6.32331E+5	1.09249E+5	1.37772E+6
7.57000E+1	1.30325E+4	1.03610E+4	1.84434E+6	6.38991E+5	1.09440E+5	1.40000E+6
7.58000E+1	1.30815E+4	1.03253E+4	1.83368E+6	6.34289E+5	1.09191E+5	1.37491E+6
7.59000E+1	1.30959E+4	1.04250E+4	1.83936E+6	6.36205E+5	1.09389E+5	1.37365E+6
7.60000E+1	1.32180E+4	1.04066E+4	1.82492E+6	6.29697E+5	1.09321E+5	1.38978E+6
7.61000E+1	1.31243E+4	1.04895E+4	1.80344E+6	6.35699E+5	1.09750E+5	1.42416E+6
7.62000E+1	1.33069E+4	1.04875E+4	1.83259E+6	6.41658E+5	1.09318E+5	1.40123E+6
7.63000E+1	1.31920E+4	1.05273E+4	1.84105E+6	6.35385E+5	1.09352E+5	1.38472E+6
7.64000E+1	1.32279E+4	1.06009E+4	1.81271E+6	6.29972E+5	1.09000E+5	1.37246E+6
7.65000E+1	1.31285E+4	1.05852E+4	1.86688E+6	6.35402E+5	1.09141E+5	1.37051E+6
7.66000E+1	1.32246E+4	1.06620E+4	1.82803E+6	6.33075E+5	1.09076E+5	1.39300E+6
7.67000E+1	1.31561E+4	1.07082E+4	1.79902E+6	6.31382E+5	1.09332E+5	1.39473E+6
7.68000E+1	1.33143E+4	1.07323E+4	1.89456E+6	6.36676E+5	1.08905E+5	1.39653E+6
7.69000E+1	1.32527E+4	1.07702E+4	1.80648E+6	6.32902E+5	1.09211E+5	1.41456E+6
7.70000E+1	1.33077E+4	1.08775E+4	1.81767E+6	6.37692E+5	1.09234E+5	1.37702E+6
7.71000E+1	1.33060E+4	1.08145E+4	1.82099E+6	6.35019E+5	1.09069E+5	1.38885E+6
7.72000E+1	1.33623E+4	1.08343E+4	1.88056E+6	6.41445E+5	1.09126E+5	1.41805E+6
7.73000E+1	1.33445E+4	1.08905E+4	1.80508E+6	6.31072E+5	1.08963E+5	1.39329E+6
7.74000E+1	1.33449E+4	1.09365E+4	1.88741E+6	6.33976E+5	1.09373E+5	1.40014E+6
7.75000E+1	1.32391E+4	1.10187E+4	1.80367E+6	6.34567E+5	1.08943E+5	1.40794E+6
7.76000E+1	1.33102E+4	1.10484E+4	1.83996E+6	6.36187E+5	1.08900E+5	1.38273E+6
7.77000E+1	1.33917E+4	1.10592E+4	1.86477E+6	6.39784E+5	1.09121E+5	1.42080E+6
7.78000E+1	1.33466E+4	1.10008E+4	1.87628E+6	6.35489E+5	1.09094E+5	1.42738E+6
7.79000E+1	1.33156E+4	1.11128E+4	1.83561E+6	6.39467E+5	1.08803E+5	1.39913E+6
7.80000E+1	1.33603E+4	1.11339E+4	1.85968E+6	6.37867E+5	1.08987E+5	1.38992E+6
7.81000E+1	1.34419E+4	1.12785E+4	1.83549E+6	6.37254E+5	1.09166E+5	1.41301E+6
7.82000E+1	1.33267E+4	1.11948E+4	1.84763E+6	6.35437E+5	1.08898E+5	1.39804E+6
7.83000E+1	1.34274E+4	1.12060E+4	1.82755E+6	6.32954E+5	1.08823E+5	1.40407E+6
7.84000E+1	1.33412E+4	1.13832E+4	1.87426E+6	6.40225E+5	1.08877E+5	1.43996E+6
7.85000E+1	1.34792E+4	1.13972E+4	1.85585E+6	6.32504E+5	1.08882E+5	1.41220E+6
7.86000E+1	1.34153E+4	1.13312E+4	1.81389E+6	6.39890E+5	1.09003E+5	1.40655E+6
7.87000E+1	1.34643E+4	1.14500E+4	1.82266E+6	6.32469E+5	1.08585E+5	1.41716E+6
7.88000E+1	1.35149E+4	1.15120E+4	1.83706E+6	6.41924E+5	1.08842E+5	1.42192E+6
7.89000E+1	1.35444E+4	1.15240E+4	1.85265E+6	6.45308E+5	1.08855E+5	1.42738E+6
7.90000E+1	1.34427E+4	1.13880E+4	1.83730E+6	6.41746E+5	1.08721E+5	1.40567E+6
7.91000E+1	1.34987E+4	1.15878E+4	1.85241E+6	6.39943E+5	1.09026E+5	1.44103E+6
7.92000E+1	1.34386E+4	1.16645E+4	1.83404E+6	6.39255E+5	1.08789E+5	1.43844E+6
7.93000E+1	1.34427E+4	1.15890E+4	1.88221E+6	6.45255E+5	1.08811E+5	1.41879E+6
7.94000E+1	1.34775E+4	1.17308E+4	1.87339E+6	6.38675E+5	1.08382E+5	1.41767E+6
7.95000E+1	1.34622E+4	1.17163E+4	1.86713E+6	6.45237E+5	1.08733E+5	1.39891E+6
7.96000E+1	1.34975E+4	1.17296E+4	1.81992E+6	6.39520E+5	1.08789E+5	1.40327E+6
7.97000E+1	1.36412E+4	1.17871E+4	1.83211E+6	6.34358E+5	1.08797E+5	1.39624E+6
7.98000E+1	1.34025E+4	1.17742E+4	1.83428E+6	6.38499E+5	1.08559E+5	1.39200E+6
7.99000E+1	1.33644E+4	1.18419E+4	1.84824E+6	6.38622E+5	1.08534E+5	1.40846E+6
8.00000E+1	1.34427E+4	1.19020E+4	1.88423E+6	6.41463E+5	1.09041E+5	1.44050E+6
8.01000E+1	1.34593E+4	1.19270E+4	1.84507E+6	6.41056E+5	1.08501E+5	1.42498E+6
8.02000E+1	1.35805E+4	1.19439E+4	1.82278E+6	6.39396E+5	1.09080E+5	1.43130E+6
8.03000E+1	1.33942E+4	1.19112E+4	1.85659E+6	6.44379E+5	1.08929E+5	1.41634E+6
8.04000E+1	1.34116E+4	1.19876E+4	1.81188E+6	6.36449E+5	1.08567E+5	1.44687E+6
8.05000E+1	1.34692E+4	1.19896E+4	1.87829E+6	6.36571E+5	1.08752E+5	1.42192E+6
8.06000E+1	1.35543E+4	1.20425E+4	1.87176E+6	6.36554E+5	1.08665E+5	1.45275E+6
8.07000E+1	1.34116E+4	1.20211E+4	1.85573E+6	6.40790E+5	1.08882E+5	1.40407E+6
8.08000E+1	1.34618E+4	1.20903E+4	1.93992E+6	6.34063E+5	1.08703E+5	1.41560E+6
8.09000E+1	1.35452E+4	1.22041E+4	1.84008E+6	6.36274E+5	1.08458E+5	1.38949E+6
8.10000E+1	1.34543E+4	1.21502E+4	1.85155E+6	6.37219E+5	1.08728E+5	1.43486E+6
8.11000E+1	1.35714E+4	1.21709E+4	1.86104E+6	6.45290E+5	1.08751E+5	1.43410E+6
8.12000E+1	1.33789E+4	1.22017E+4	1.89175E+6	6.38851E+5	1.08780E+5	1.42117E+6
8.13000E+1	1.33884E+4	1.21603E+4	1.84824E+6	6.37727E+5	1.08430E+5	1.41301E+6
8.14000E+1	1.34688E+4	1.23658E+4	1.89687E+6	6.39731E+5	1.08769E+5	1.44849E+6
8.15000E+1	1.34842E+4	1.23992E+4	1.85401E+6	6.39502E+5	1.08580E+5	1.41790E+6
8.16000E+1	1.34278E+4	1.23784E+4	1.86539E+6	6.33837E+5	1.08476E+5	1.41331E+6
8.17000E+1	1.34423E+4	1.23849E+4	1.79693E+6	6.45828E+5	1.08726E+5	1.41309E+6
8.18000E+1	1.34373E+4	1.25071E+4	1.85081E+6	6.37219E+5	1.08380E+5	1.43981E+6
8.19000E+1	1.35697E+4	1.25190E+4	1.84397E+6	6.37061E+5	1.08496E+5	1.42896E+6
8.20000E+1	1.33859E+4	1.24765E+4	1.80321E+6	6.38218E+5	1.08476E+5	1.40167E+6
8.21000E+1	1.34771E+4	1.25414E+4	1.87741E+6	6.42367E+5	1.08668E+5	1.41708E+6
8.22000E+1	1.35373E+4	1.25806E+4	1.82016E+6	6.38552E+5	1.08796E+5	1.39906E+6
8.23000E+1	1.34721E+4	1.26255E+4	1.84239E+6	6.45129E+5	1.08501E+5	1.42596E+6
8.24000E+1	1.34506E+4	1.27663E+4	1.83308E+6	6.44022E+5	1.08366E+5	1.43410E+6
8.25000E+1	1.34493E+4	1.26701E+4	1.84118E+6	6.40154E+5	1.08524E+5	1.45586E+6
8.26000E+1	1.34987E+4	1.27106E+4	1.83815E+6	6.37552E+5	1.08654E+5	1.42005E+6
8.27000E+1	1.33975E+4	1.27990E+4	1.88741E+6	6.38130E+5	1.08758E+5	1.42408E+6
8.28000E+1	1.35340E+4	1.28212E+4	1.81471E+6	6.34949E+5	1.08744E+5	1.42423E+6
8.29000E+1	1.34809E+4	1.27777E+4	1.85610E+6	6.40190E+5	1.08448E+5	1.39393E+6
8.30000E+1	1.34916E+4	1.28027E+4	1.82743E+6	6.41906E+5	1.08538E+5	1.44371E+6
8.31000E+1	1.33640E+4	1.28023E+4	1.81400E+6	6.36170E+5	1.08417E+5	1.42528E+6
8.32000E+1	1.35780E+4	1.29678E+4	1.87741E+6	6.38552E+5	1.08636E+5	1.44641E+6
8.33000E+1	1.34307E+4	1.29337E+4	1.84849E+6	6.37149E+5	1.08424E+5	1.40465E+6
8.34000E+1	1.35041E+4	1.28737E+4	1.89072E+6	6.44647E+5	1.08485E+5	1.44065E+6
8.35000E+1	1.36125E+4	1.29879E+4	1.89264E+6	6.35594E+5	1.08394E+5	1.44965E+6
8.36000E+1	1.35444E+4	1.30542E+4	1.85487E+6	6.39978E+5	1.08890E+5	1.42035E+6
8.37000E+1	1.35340E+4	1.30180E+4	1.87640E+6	6.37657E+5	1.08524E+5	1.42423E+6
8.38000E+1	1.35552E+4	1.30295E+4	1.86042E+6	6.40561E+5	1.08461E+5	1.43070E+6
8.39000E+1	1.35307E+4	1.31345E+4	1.86651E+6	6.35733E+5	1.08773E+5	1.44264E+6
8.40000E+1	1.35672E+4	1.31523E+4	1.86663E+6	6.44522E+5	1.08868E+5	1.45696E+6
8.41000E+1	1.34634E+4	1.30608E+4	1.86963E+6	6.41073E+5	1.08528E+5	1.45011E+6
8.42000E+1	1.35269E+4	1.31399E+4	1.84653E+6	6.37867E+5	1.08415E+5	1.43425E+6
8.43000E+1	1.35477E+4	1.31601E+4	1.86278E+6	6.46869E+5	1.08719E+5	1.42506E+6
8.44000E+1	1.35020E+4	1.31461E+4	1.85094E+6	6.34515E+5	1.08244E+5	1.42028E+6
8.45000E+1	1.34767E+4	1.33072E+4	1.86203E+6	6.36641E+5	1.08472E+5	1.45035E+6
8.46000E+1	1.35228E+4	1.33055E+4	1.84020E+6	6.41303E+5	1.08556E+5	1.46032E+6
8.47000E+1	1.34937E+4	1.33121E+4	1.88500E+6	6.37797E+5	1.08535E+5	1.44302E+6
8.48000E+1	1.34779E+4	1.33109E+4	1.89034E+6	6.38675E+5	1.08318E+5	1.41456E+6
8.49000E+1	1.35091E+4	1.34185E+4	1.91136E+6	6.41056E+5	1.08921E+5	1.43958E+6
8.50000E+1	1.34481E+4	1.33361E+4	1.85278E+6	6.34549E+5	1.08350E+5	1.44973E+6
8.51000E+1	1.35124E+4	1.34683E+4	1.89009E+6	6.34758E+5	1.08368E+5	1.47003E+6
8.52000E+1	1.34858E+4	1.34206E+4	1.85290E+6	6.36991E+5	1.08531E+5	1.44864E+6
8.53000E+1	1.35082E+4	1.34438E+4	1.88614E+6	6.43933E+5	1.08707E+5	1.46646E+6
8.54000E+1	1.35859E+4	1.35501E+4	1.85659E+6	6.44272E+5	1.08675E+5	1.44973E+6
8.55000E+1	1.35257E+4	1.35397E+4	1.81720E+6	6.37972E+5	1.08597E+5	1.44625E+6
8.56000E+1	1.35340E+4	1.36191E+4	1.89906E+6	6.39819E+5	1.08625E+5	1.46971E+6
8.57000E+1	1.36059E+4	1.36806E+4	1.88056E+6	6.44254E+5	1.08504E+5	1.43191E+6
8.58000E+1	1.35423E+4	1.36448E+4	1.86415E+6	6.40702E+5	1.08597E+5	1.44065E+6
8.59000E+1	1.35062E+4	1.36340E+4	1.87101E+6	6.39555E+5	1.08557E+5	1.45376E+6
8.60000E+1	1.36312E+4	1.36357E+4	1.86963E+6	6.41303E+5	1.08136E+5	1.47930E+6
8.61000E+1	1.35917E+4	1.37169E+4	1.86154E+6	6.43951E+5	1.08367E+5	1.45205E+6
8.62000E+1	1.38020E+4	1.37456E+4	1.82540E+6	6.35995E+5	1.08143E+5	1.44795E+6
