0.00000E+0	4.04330E+4	3.62052E+4	4.32112E+6	1.40347E+6	8.96093E+4	2.77041E+6
1.00000E-1	3.47364E+4	3.07716E+4	4.20881E+6	1.35868E+6	8.38687E+4	2.80670E+6
2.00000E-1	3.46371E+4	3.07969E+4	4.20881E+6	1.34975E+6	8.35936E+4	2.79639E+6
3.00000E-1	3.49925E+4	3.09702E+4	4.56007E+6	1.37539E+6	8.37621E+4	2.84364E+6
4.00000E-1	3.51789E+4	3.07986E+4	4.47220E+6	1.34941E+6	8.38099E+4	2.93309E+6
5.00000E-1	3.48734E+4	3.07110E+4	4.08563E+6	1.33947E+6	8.35708E+4	2.70657E+6
6.00000E-1	3.50448E+4	3.07352E+4	4.33565E+6	1.34739E+6	8.40694E+4	2.79964E+6
7.00000E-1	3.49602E+4	3.09448E+4	4.25719E+6	1.35553E+6	8.38165E+4	2.75352E+6
8.00000E-1	3.50912E+4	3.09111E+4	4.45476E+6	1.35084E+6	8.37142E+4	2.82698E+6
9.00000E-1	3.49133E+4	3.09315E+4	4.20761E+6	1.33840E+6	8.37577E+4	2.77041E+6
1.00000E+0	3.48553E+4	3.10050E+4	4.55518E+6	1.37595E+6	8.38644E+4	2.79693E+6
1.10000E+0	3.51530E+4	3.08979E+4	4.54403E+6	1.32775E+6	8.38415E+4	2.74021E+6
1.20000E+0	3.52708E+4	3.12454E+4	4.70210E+6	1.38691E+6	8.35903E+4	2.85823E+6
1.30000E+0	3.50324E+4	3.11268E+4	4.52811E+6	1.33913E+6	8.34113E+4	2.79127E+6
1.40000E+0	3.52012E+4	3.11030E+4	4.51435E+6	1.34187E+6	8.33377E+4	2.79342E+6
1.50000E+0	3.51441E+4	3.11600E+4	4.16500E+6	1.36432E+6	8.34959E+4	2.78831E+6
1.60000E+0	3.53345E+4	3.11578E+4	4.55099E+6	1.37749E+6	8.35426E+4	2.83918E+6
1.70000E+0	3.53350E+4	3.13032E+4	4.34709E+6	1.36439E+6	8.34493E+4	2.75117E+6
1.80000E+0	3.53604E+4	3.13193E+4	4.51366E+6	1.37022E+6	8.33723E+4	2.80398E+6
1.90000E+0	3.50847E+4	3.12954E+4	4.41173E+6	1.37001E+6	8.35078E+4	2.87838E+6
2.00000E+0	3.51535E+4	3.13587E+4	4.48843E+6	1.38116E+6	8.36425E+4	2.83668E+6
2.10000E+0	3.54212E+4	3.13827E+4	4.22864E+6	1.37350E+6	8.34981E+4	2.86614E+6
2.20000E+0	3.54319E+4	3.13660E+4	4.26577E+6	1.37126E+6	8.35209E+4	2.80643E+6
2.30000E+0	3.51859E+4	3.15882E+4	4.14923E+6	1.34140E+6	8.33138E+4	2.76538E+6
2.40000E+0	3.51571E+4	3.14990E+4	4.47962E+6	1.39839E+6	8.34319E+4	2.86388E+6
2.50000E+0	3.53179E+4	3.15135E+4	4.25719E+6	1.37294E+6	8.32522E+4	2.81270E+6
2.60000E+0	3.53663E+4	3.14867E+4	4.53709E+6	1.37989E+6	8.35806E+4	2.88095E+6
2.70000E+0	3.52101E+4	3.16367E+4	4.39409E+6	1.35779E+6	8.34308E+4	2.81489E+6
2.80000E+0	3.52330E+4	3.15815E+4	4.18383E+6	1.36882E+6	8.31365E+4	2.79127E+6
2.90000E+0	3.53563E+4	3.17239E+4	4.61171E+6	1.35396E+6	8.31494E+4	2.80100E+6
3.00000E+0	3.52442E+4	3.16423E+4	4.05481E+6	1.34261E+6	8.32500E+4	2.75589E+6
3.10000E+0	3.54614E+4	3.17099E+4	4.82554E+6	1.38173E+6	8.34645E+4	2.88986E+6
3.20000E+0	3.53634E+4	3.17423E+4	4.44143E+6	1.35308E+6	8.34135E+4	2.76988E+6
3.30000E+0	3.52825E+4	3.17731E+4	4.26209E+6	1.36005E+6	8.32511E+4	2.81873E+6
3.40000E+0	3.52625E+4	3.17597E+4	4.41764E+6	1.39012E+6	8.36088E+4	2.80561E+6
3.50000E+0	3.53504E+4	3.19024E+4	4.46145E+6	1.34563E+6	8.30814E+4	2.88727E+6
3.60000E+0	3.53468E+4	3.20500E+4	4.34900E+6	1.36377E+6	8.33647E+4	2.83695E+6
3.70000E+0	3.54721E+4	3.18380E+4	4.27069E+6	1.36785E+6	8.32100E+4	2.76829E+6
3.80000E+0	3.53764E+4	3.19765E+4	4.40911E+6	1.35567E+6	8.32825E+4	2.80127E+6
3.90000E+0	3.53227E+4	3.18991E+4	4.20881E+6	1.35895E+6	8.31992E+4	2.75536E+6
4.00000E+0	3.55342E+4	3.18576E+4	4.75012E+6	1.36218E+6	8.31808E+4	2.89649E+6
4.10000E+0	3.51518E+4	3.19372E+4	4.62677E+6	1.36467E+6	8.30544E+4	2.83307E+6
4.20000E+0	3.52938E+4	3.20298E+4	4.63182E+6	1.34637E+6	8.31559E+4	2.74594E+6
4.30000E+0	3.55188E+4	3.19776E+4	4.72224E+6	1.35499E+6	8.30468E+4	2.85091E+6
4.40000E+0	3.54059E+4	3.20348E+4	4.25170E+6	1.37996E+6	8.30112E+4	2.74803E+6
4.50000E+0	3.54508E+4	3.23140E+4	4.49930E+6	1.36508E+6	8.31840E+4	2.95970E+6
4.60000E+0	3.54366E+4	3.21681E+4	4.48301E+6	1.35294E+6	8.31397E+4	2.80779E+6
4.70000E+0	3.55348E+4	3.21000E+4	4.43149E+6	1.39220E+6	8.30285E+4	2.97577E+6
4.80000E+0	3.54366E+4	3.21653E+4	4.20582E+6	1.38428E+6	8.29767E+4	2.89418E+6
4.90000E+0	3.55762E+4	3.22830E+4	4.37853E+6	1.35097E+6	8.27860E+4	2.87268E+6
5.00000E+0	3.55502E+4	3.22858E+4	4.45009E+6	1.36266E+6	8.29659E+4	2.73761E+6
5.10000E+0	3.55780E+4	3.23275E+4	4.55238E+6	1.35868E+6	8.32251E+4	3.00811E+6
5.20000E+0	3.57927E+4	3.22306E+4	4.63760E+6	1.35957E+6	8.27601E+4	2.81079E+6
5.30000E+0	3.57304E+4	3.23168E+4	4.56427E+6	1.35642E+6	8.28237E+4	2.91395E+6
5.40000E+0	3.55798E+4	3.22610E+4	4.48910E+6	1.35635E+6	8.29303E+4	2.83779E+6
5.50000E+0	3.55342E+4	3.24659E+4	4.32238E+6	1.36688E+6	8.29422E+4	2.89505E+6
5.60000E+0	3.56758E+4	3.25049E+4	4.15214E+6	1.34982E+6	8.28086E+4	2.79450E+6
5.70000E+0	3.56740E+4	3.24795E+4	4.48978E+6	1.37350E+6	8.29325E+4	2.78750E+6
5.80000E+0	3.55537E+4	3.24987E+4	4.56637E+6	1.36515E+6	8.28764E+4	2.85485E+6
5.90000E+0	3.54703E+4	3.24382E+4	4.32553E+6	1.33256E+6	8.28204E+4	2.78187E+6
6.00000E+0	3.56041E+4	3.25898E+4	4.44143E+6	1.35471E+6	8.30296E+4	2.86331E+6
6.10000E+0	3.53510E+4	3.24936E+4	4.31295E+6	1.35724E+6	8.27892E+4	2.83085E+6
6.20000E+0	3.54502E+4	3.27651E+4	4.69172E+6	1.39148E+6	8.30004E+4	3.03068E+6
6.30000E+0	3.54591E+4	3.26607E+4	4.53018E+6	1.36170E+6	8.27150E+4	2.76353E+6
6.40000E+0	3.53852E+4	3.27571E+4	4.26393E+6	1.34570E+6	8.30576E+4	2.83030E+6
6.50000E+0	3.56538E+4	3.27060E+4	4.28489E+6	1.34732E+6	8.27085E+4	2.93725E+6
6.60000E+0	3.54910E+4	3.29977E+4	4.68286E+6	1.34080E+6	8.27763E+4	2.77626E+6
6.70000E+0	3.55046E+4	3.28537E+4	4.48368E+6	1.35002E+6	8.30242E+4	2.92541E+6
6.80000E+0	3.55040E+4	3.29692E+4	4.62462E+6	1.38990E+6	8.28538E+4	2.81462E+6
6.90000E+0	3.54407E+4	3.28168E+4	4.31420E+6	1.32860E+6	8.26397E+4	2.77094E+6
7.00000E+0	3.55407E+4	3.30622E+4	4.52328E+6	1.38819E+6	8.27623E+4	2.88181E+6
7.10000E+0	3.53256E+4	3.30553E+4	4.44276E+6	1.36882E+6	8.28010E+4	2.80861E+6
7.20000E+0	3.55431E+4	3.28975E+4	4.50340E+6	1.38081E+6	8.28237E+4	2.77893E+6
7.30000E+0	3.54762E+4	3.30781E+4	4.44077E+6	1.37266E+6	8.26451E+4	2.83723E+6
7.40000E+0	3.55744E+4	3.30205E+4	4.61028E+6	1.35084E+6	8.28355E+4	2.90462E+6
7.50000E+0	3.56515E+4	3.31661E+4	4.36051E+6	1.37869E+6	8.25463E+4	2.84951E+6
7.60000E+0	3.59033E+4	3.31523E+4	4.37014E+6	1.36674E+6	8.27365E+4	2.87239E+6
7.70000E+0	3.57998E+4	3.33726E+4	4.61314E+6	1.35301E+6	8.29778E+4	2.89476E+6
7.80000E+0	3.56106E+4	3.30810E+4	4.14342E+6	1.33071E+6	8.26139E+4	2.71548E+6
7.90000E+0	3.56106E+4	3.31666E+4	4.51092E+6	1.37420E+6	8.26870E+4	2.88038E+6
8.00000E+0	3.53746E+4	3.33085E+4	4.46011E+6	1.33077E+6	8.23136E+4	2.72650E+6
8.10000E+0	3.56550E+4	3.32529E+4	4.59460E+6	1.34799E+6	8.24872E+4	2.84783E+6
8.20000E+0	3.54614E+4	3.31581E+4	4.59247E+6	1.37175E+6	8.26257E+4	2.90520E+6
8.30000E+0	3.55224E+4	3.33583E+4	4.41632E+6	1.36294E+6	8.29691E+4	2.82450E+6
8.40000E+0	3.56859E+4	3.34850E+4	4.70358E+6	1.39789E+6	8.26591E+4	2.86529E+6
8.50000E+0	3.57553E+4	3.32495E+4	4.39539E+6	1.36177E+6	8.24733E+4	2.78750E+6
8.60000E+0	3.57951E+4	3.33377E+4	4.57762E+6	1.35656E+6	8.25065E+4	2.84979E+6
8.70000E+0	3.57695E+4	3.33772E+4	4.35411E+6	1.37511E+6	8.23575E+4	2.74568E+6
8.80000E+0	3.55679E+4	3.34868E+4	4.62102E+6	1.37637E+6	8.27139E+4	2.83529E+6
8.90000E+0	3.56141E+4	3.33761E+4	4.35987E+6	1.34948E+6	8.25688E+4	2.89736E+6
9.00000E+0	3.55821E+4	3.35654E+4	4.91872E+6	1.36660E+6	8.25065E+4	2.82671E+6
9.10000E+0	3.58682E+4	3.35046E+4	4.78369E+6	1.36508E+6	8.26150E+4	2.83890E+6
9.20000E+0	3.56052E+4	3.37462E+4	4.26762E+6	1.36598E+6	8.22740E+4	2.80181E+6
9.30000E+0	3.58040E+4	3.35586E+4	4.33755E+6	1.38017E+6	8.25720E+4	2.78643E+6
9.40000E+0	3.57238E+4	3.36345E+4	4.66231E+6	1.35485E+6	8.24175E+4	2.84141E+6
9.50000E+0	3.57476E+4	3.37064E+4	4.67109E+6	1.39320E+6	8.25752E+4	2.76142E+6
9.60000E+0	3.58010E+4	3.38650E+4	4.39669E+6	1.35875E+6	8.23939E+4	2.77307E+6
9.70000E+0	3.58551E+4	3.35982E+4	4.25658E+6	1.36917E+6	8.23854E+4	2.90432E+6
9.80000E+0	3.59027E+4	3.38540E+4	4.30981E+6	1.35697E+6	8.26064E+4	2.79937E+6
9.90000E+0	3.62068E+4	3.37392E+4	4.55099E+6	1.37001E+6	8.23072E+4	2.89245E+6
1.00000E+1	3.61375E+4	3.36805E+4	4.44010E+6	1.35929E+6	8.24658E+4	2.90957E+6
1.01000E+1	3.61178E+4	3.38015E+4	4.58045E+6	1.36446E+6	8.25344E+4	2.83556E+6
1.02000E+1	3.61835E+4	3.39713E+4	4.37208E+6	1.36301E+6	8.21178E+4	2.94440E+6
1.03000E+1	3.62906E+4	3.40193E+4	4.38435E+6	1.36667E+6	8.21371E+4	2.80344E+6
1.04000E+1	3.64571E+4	3.40934E+4	4.72449E+6	1.37196E+6	8.22997E+4	2.85738E+6
1.05000E+1	3.63954E+4	3.40181E+4	4.39214E+6	1.37042E+6	8.24733E+4	2.80997E+6
1.06000E+1	3.64739E+4	3.39574E+4	4.43414E+6	1.38620E+6	8.25055E+4	2.82230E+6
1.07000E+1	3.64457E+4	3.39071E+4	4.24865E+6	1.35813E+6	8.24293E+4	2.94470E+6
1.08000E+1	3.64062E+4	3.41166E+4	4.46212E+6	1.40144E+6	8.21595E+4	2.91688E+6
1.09000E+1	3.66241E+4	3.43482E+4	4.74936E+6	1.39883E+6	8.25752E+4	2.88124E+6
1.10000E+1	3.64385E+4	3.41514E+4	4.38694E+6	1.35349E+6	8.23543E+4	2.79046E+6
1.11000E+1	3.65262E+4	3.42245E+4	4.71775E+6	1.39220E+6	8.21659E+4	2.87752E+6
1.12000E+1	3.62308E+4	3.42041E+4	4.71625E+6	1.38541E+6	8.24250E+4	2.87154E+6
1.13000E+1	3.66560E+4	3.44401E+4	4.78062E+6	1.38563E+6	8.24679E+4	3.04177E+6
1.14000E+1	3.65328E+4	3.43046E+4	4.23105E+6	1.38038E+6	8.24143E+4	2.85232E+6
1.15000E+1	3.64367E+4	3.42709E+4	4.35347E+6	1.37063E+6	8.21349E+4	2.70074E+6
1.16000E+1	3.67583E+4	3.45345E+4	4.82398E+6	1.38470E+6	8.21585E+4	2.87182E+6
1.17000E+1	3.65334E+4	3.42808E+4	4.53640E+6	1.36931E+6	8.21563E+4	2.90316E+6
1.18000E+1	3.67005E+4	3.44000E+4	4.62534E+6	1.38791E+6	8.20409E+4	2.93458E+6
1.19000E+1	3.63558E+4	3.43633E+4	4.31923E+6	1.38926E+6	8.20762E+4	2.78535E+6
1.20000E+1	3.66391E+4	3.45905E+4	4.44409E+6	1.39091E+6	8.23607E+4	2.83251E+6
1.21000E+1	3.66452E+4	3.47284E+4	4.46817E+6	1.42835E+6	8.21104E+4	2.90403E+6
1.22000E+1	3.66343E+4	3.46343E+4	4.78062E+6	1.38137E+6	8.20164E+4	2.83584E+6
1.23000E+1	3.68072E+4	3.47547E+4	4.54334E+6	1.39825E+6	8.21520E+4	2.93339E+6
1.24000E+1	3.67433E+4	3.46367E+4	4.32364E+6	1.40260E+6	8.21510E+4	2.88784E+6
1.25000E+1	3.68313E+4	3.46904E+4	4.75163E+6	1.41825E+6	8.19865E+4	2.82643E+6
1.26000E+1	3.67698E+4	3.47179E+4	4.34136E+6	1.39105E+6	8.20505E+4	2.95489E+6
1.27000E+1	3.68778E+4	3.45655E+4	4.73200E+6	1.36633E+6	8.17872E+4	2.70809E+6
1.28000E+1	3.66987E+4	3.46927E+4	4.58751E+6	1.37714E+6	8.19385E+4	2.81352E+6
1.29000E+1	3.70300E+4	3.48332E+4	4.71401E+6	1.41870E+6	8.21745E+4	2.94829E+6
1.30000E+1	3.67981E+4	3.49903E+4	4.61744E+6	1.39191E+6	8.21446E+4	2.96001E+6
1.31000E+1	3.68790E+4	3.47764E+4	4.46280E+6	1.37658E+6	8.21136E+4	2.76564E+6
1.32000E+1	3.71911E+4	3.48185E+4	4.57270E+6	1.40122E+6	8.21691E+4	2.96182E+6
1.33000E+1	3.71851E+4	3.48970E+4	4.71775E+6	1.38052E+6	8.20303E+4	2.92217E+6
1.34000E+1	3.71887E+4	3.49909E+4	4.41173E+6	1.40712E+6	8.19150E+4	2.85119E+6
1.35000E+1	3.73070E+4	3.50332E+4	4.43414E+6	1.42993E+6	8.21756E+4	2.91688E+6
1.36000E+1	3.72033E+4	3.50449E+4	4.30356E+6	1.38144E+6	8.18820E+4	2.86898E+6
1.37000E+1	3.73763E+4	3.50397E+4	4.87369E+6	1.39854E+6	8.19716E+4	2.86388E+6
1.38000E+1	3.74317E+4	3.50596E+4	4.53294E+6	1.36924E+6	8.17489E+4	2.77867E+6
1.39000E+1	3.73490E+4	3.51267E+4	4.62031E+6	1.40493E+6	8.16882E+4	2.82505E+6
1.40000E+1	3.74311E+4	3.52197E+4	4.59887E+6	1.41514E+6	8.18607E+4	2.99017E+6
1.41000E+1	3.74378E+4	3.53110E+4	4.67329E+6	1.40035E+6	8.17691E+4	2.85625E+6
1.42000E+1	3.73721E+4	3.51873E+4	4.65939E+6	1.41425E+6	8.18032E+4	2.89476E+6
1.43000E+1	3.73769E+4	3.52256E+4	4.81462E+6	1.39926E+6	8.19769E+4	2.92305E+6
1.44000E+1	3.77036E+4	3.53099E+4	4.78985E+6	1.42175E+6	8.16585E+4	2.94291E+6
1.45000E+1	3.75699E+4	3.52580E+4	4.68802E+6	1.39752E+6	8.17797E+4	2.95910E+6
1.46000E+1	3.74116E+4	3.53783E+4	4.49726E+6	1.38655E+6	8.19065E+4	2.85485E+6
1.47000E+1	3.77140E+4	3.56677E+4	4.60385E+6	1.42235E+6	8.19236E+4	2.89072E+6
1.48000E+1	3.76590E+4	3.54569E+4	4.58610E+6	1.40595E+6	8.18916E+4	2.88010E+6
1.49000E+1	3.77091E+4	3.53635E+4	4.91629E+6	1.41381E+6	8.20345E+4	2.93784E+6
1.50000E+1	3.76206E+4	3.54782E+4	4.47625E+6	1.39998E+6	8.15745E+4	2.91982E+6
1.51000E+1	3.76920E+4	3.54202E+4	4.80143E+6	1.40056E+6	8.16255E+4	2.95308E+6
1.52000E+1	3.77042E+4	3.56048E+4	4.42554E+6	1.40646E+6	8.16478E+4	2.96635E+6
1.53000E+1	3.77158E+4	3.55279E+4	4.62821E+6	1.40231E+6	8.17872E+4	2.97577E+6
1.54000E+1	3.75078E+4	3.56007E+4	5.04688E+6	1.41796E+6	8.15310E+4	2.97303E+6
1.55000E+1	3.76297E+4	3.55912E+4	4.66963E+6	1.41929E+6	8.16000E+4	2.94022E+6
1.56000E+1	3.74785E+4	3.55628E+4	4.49726E+6	1.40325E+6	8.17308E+4	2.84196E+6
1.57000E+1	3.76084E+4	3.56949E+4	4.83965E+6	1.39277E+6	8.16840E+4	2.88813E+6
1.58000E+1	3.74274E+4	3.56985E+4	4.52535E+6	1.42116E+6	8.14397E+4	2.92129E+6
1.59000E+1	3.75626E+4	3.57234E+4	4.51847E+6	1.41256E+6	8.18255E+4	2.90957E+6
1.60000E+1	3.74299E+4	3.58702E+4	4.67476E+6	1.39536E+6	8.16755E+4	2.83584E+6
1.61000E+1	3.73806E+4	3.59225E+4	4.68286E+6	1.39048E+6	8.20132E+4	2.99880E+6
1.62000E+1	3.76157E+4	3.59148E+4	4.76685E+6	1.37806E+6	8.18458E+4	2.87410E+6
1.63000E+1	3.76096E+4	3.58422E+4	4.81151E+6	1.41492E+6	8.20217E+4	2.85992E+6
1.64000E+1	3.73842E+4	3.58600E+4	4.65356E+6	1.40224E+6	8.13984E+4	2.93250E+6
1.65000E+1	3.74049E+4	3.60309E+4	4.69987E+6	1.40071E+6	8.15129E+4	2.88813E+6
1.66000E+1	3.74073E+4	3.59213E+4	4.58610E+6	1.37996E+6	8.16755E+4	2.86020E+6
1.67000E+1	3.74907E+4	3.61503E+4	4.91953E+6	1.42295E+6	8.16245E+4	2.96666E+6
1.68000E+1	3.72269E+4	3.60536E+4	4.70061E+6	1.40888E+6	8.15681E+4	2.88181E+6
1.69000E+1	3.75309E+4	3.63297E+4	4.55099E+6	1.40749E+6	8.17223E+4	2.90578E+6
1.70000E+1	3.72767E+4	3.60369E+4	4.39279E+6	1.39299E+6	8.18436E+4	2.78241E+6
1.71000E+1	3.73392E+4	3.62256E+4	4.49318E+6	1.38890E+6	8.17308E+4	2.98005E+6
1.72000E+1	3.75779E+4	3.62896E+4	4.64339E+6	1.38067E+6	8.16415E+4	2.86416E+6
1.73000E+1	3.73970E+4	3.63045E+4	4.65283E+6	1.39306E+6	8.15851E+4	2.89158E+6
1.74000E+1	3.73672E+4	3.62130E+4	4.53640E+6	1.39162E+6	8.17201E+4	2.93784E+6
1.75000E+1	3.73903E+4	3.63656E+4	4.53087E+6	1.40405E+6	8.20409E+4	2.96726E+6
1.76000E+1	3.70288E+4	3.62806E+4	4.54890E+6	1.40165E+6	8.18128E+4	2.98188E+6
1.77000E+1	3.72239E+4	3.64267E+4	5.03581E+6	1.41892E+6	8.19812E+4	2.92866E+6
1.78000E+1	3.71542E+4	3.63344E+4	4.51297E+6	1.38726E+6	8.16383E+4	2.92718E+6
1.79000E+1	3.74152E+4	3.63488E+4	4.50271E+6	1.43144E+6	8.14365E+4	2.98771E+6
1.80000E+1	3.71614E+4	3.63321E+4	4.59177E+6	1.39335E+6	8.16330E+4	2.99695E+6
1.81000E+1	3.71148E+4	3.65317E+4	4.65793E+6	1.37855E+6	8.17585E+4	2.93369E+6
1.82000E+1	3.74079E+4	3.65618E+4	4.65647E+6	1.40340E+6	8.17095E+4	3.00687E+6
1.83000E+1	3.73271E+4	3.64225E+4	4.48165E+6	1.39832E+6	8.19620E+4	3.06001E+6
1.84000E+1	3.72992E+4	3.65414E+4	4.55308E+6	1.37441E+6	8.15905E+4	2.89794E+6
1.85000E+1	3.71717E+4	3.66423E+4	4.33628E+6	1.39162E+6	8.18351E+4	2.86416E+6
1.86000E+1	3.71166E+4	3.68333E+4	4.92116E+6	1.38890E+6	8.17297E+4	2.86388E+6
1.87000E+1	3.74688E+4	3.68967E+4	5.03581E+6	1.41293E+6	8.19684E+4	2.98894E+6
1.88000E+1	3.71614E+4	3.65606E+4	4.53848E+6	1.40720E+6	8.18128E+4	2.77867E+6
1.89000E+1	3.71093E+4	3.67591E+4	4.50681E+6	1.39868E+6	8.18564E+4	2.91629E+6
1.90000E+1	3.70337E+4	3.67808E+4	4.35795E+6	1.38520E+6	8.13814E+4	2.83473E+6
1.91000E+1	3.70143E+4	3.68158E+4	4.71775E+6	1.39392E+6	8.15926E+4	2.84643E+6
1.92000E+1	3.71323E+4	3.68665E+4	4.55867E+6	1.37778E+6	8.14270E+4	2.90403E+6
1.93000E+1	3.69774E+4	3.67832E+4	4.64847E+6	1.40573E+6	8.18873E+4	2.95459E+6
1.94000E+1	3.68168E+4	3.68767E+4	4.49726E+6	1.39883E+6	8.18799E+4	2.93903E+6
1.95000E+1	3.70077E+4	3.71331E+4	4.71775E+6	1.40187E+6	8.18500E+4	2.99047E+6
1.96000E+1	3.68566E+4	3.71525E+4	4.29794E+6	1.37827E+6	8.16021E+4	2.86473E+6
1.97000E+1	3.68228E+4	3.70938E+4	4.64629E+6	1.40749E+6	8.17723E+4	2.90055E+6
1.98000E+1	3.68578E+4	3.69697E+4	4.28613E+6	1.37036E+6	8.15204E+4	2.80100E+6
1.99000E+1	3.68717E+4	3.70405E+4	4.76075E+6	1.40515E+6	8.18191E+4	3.01560E+6
2.00000E+1	3.68253E+4	3.71016E+4	4.76227E+6	1.40529E+6	8.19438E+4	2.92954E+6
2.01000E+1	3.65280E+4	3.70913E+4	4.21660E+6	1.36848E+6	8.14291E+4	2.90898E+6
2.02000E+1	3.65934E+4	3.72053E+4	4.90819E+6	1.37036E+6	8.19065E+4	2.98863E+6
2.03000E+1	3.66055E+4	3.70205E+4	4.44609E+6	1.40493E+6	8.18607E+4	2.89968E+6
2.04000E+1	3.64445E+4	3.71786E+4	4.59318E+6	1.40354E+6	8.16787E+4	2.99170E+6
2.05000E+1	3.63133E+4	3.72350E+4	4.44675E+6	1.39752E+6	8.19716E+4	2.92954E+6
2.06000E+1	3.62876E+4	3.73321E+4	4.49454E+6	1.37841E+6	8.16734E+4	2.88411E+6
2.07000E+1	3.61710E+4	3.73388E+4	4.31295E+6	1.38563E+6	8.20025E+4	2.99479E+6
2.08000E+1	3.62780E+4	3.72726E+4	4.67329E+6	1.35683E+6	8.20014E+4	2.92040E+6
2.09000E+1	3.63864E+4	3.73467E+4	4.59958E+6	1.40304E+6	8.19822E+4	2.96726E+6
2.10000E+1	3.59771E+4	3.73176E+4	4.30856E+6	1.36882E+6	8.19598E+4	2.78589E+6
2.11000E+1	3.62140E+4	3.74921E+4	4.53848E+6	1.37686E+6	8.20196E+4	2.93933E+6
2.12000E+1	3.60958E+4	3.73723E+4	4.65429E+6	1.37015E+6	8.19140E+4	2.84476E+6
2.13000E+1	3.61590E+4	3.74830E+4	4.41304E+6	1.36862E+6	8.20046E+4	2.91454E+6
2.14000E+1	3.60582E+4	3.75013E+4	4.29545E+6	1.36012E+6	8.20580E+4	2.89447E+6
2.15000E+1	3.58759E+4	3.74471E+4	4.37917E+6	1.36377E+6	8.16245E+4	2.95549E+6
2.16000E+1	3.61740E+4	3.76897E+4	4.67770E+6	1.41655E+6	8.16330E+4	3.12066E+6
2.17000E+1	3.58462E+4	3.74994E+4	4.62677E+6	1.40282E+6	8.20644E+4	2.83002E+6
2.18000E+1	3.62212E+4	3.75659E+4	4.58610E+6	1.40289E+6	8.20826E+4	2.83890E+6
2.19000E+1	3.59604E+4	3.76354E+4	4.32806E+6	1.39493E+6	8.16989E+4	2.97060E+6
2.20000E+1	3.57903E+4	3.76684E+4	4.48301E+6	1.39998E+6	8.19801E+4	2.92305E+6
2.21000E+1	3.59670E+4	3.75348E+4	4.42686E+6	1.34234E+6	8.18415E+4	2.88698E+6
2.22000E+1	3.58956E+4	3.77239E+4	4.54960E+6	1.36067E+6	8.17201E+4	2.91103E+6
2.23000E+1	3.58741E+4	3.76287E+4	4.83180E+6	1.36177E+6	8.20879E+4	2.89360E+6
2.24000E+1	3.59319E+4	3.78897E+4	4.37917E+6	1.39738E+6	8.19182E+4	2.88267E+6
2.25000E+1	3.59878E+4	3.78891E+4	4.63977E+6	1.38378E+6	8.17702E+4	2.92895E+6
2.26000E+1	3.59950E+4	3.78671E+4	4.45009E+6	1.38791E+6	8.23532E+4	2.98096E+6
2.27000E+1	3.60946E+4	3.77368E+4	4.43347E+6	1.38165E+6	8.22536E+4	2.80997E+6
2.28000E+1	3.52519E+4	3.80424E+4	4.64049E+6	1.38158E+6	8.21788E+4	2.90549E+6
2.29000E+1	3.19258E+4	3.79523E+4	4.02664E+6	1.34968E+6	8.23125E+4	2.84252E+6
2.30000E+1	2.64370E+4	3.81069E+4	3.41256E+6	1.34248E+6	8.24819E+4	2.81052E+6
2.31000E+1	1.68429E+4	3.81414E+4	2.33951E+6	1.24983E+6	8.31862E+4	2.57730E+6
2.32000E+1	9.63468E+3	3.80517E+4	1.35523E+6	1.07966E+6	8.40028E+4	2.32675E+6
2.33000E+1	6.02681E+3	3.80197E+4	8.29925E+5	8.93515E+5	8.61468E+4	1.90610E+6
2.34000E+1	4.11524E+3	3.77294E+4	5.46140E+5	6.59710E+5	8.92532E+4	1.52915E+6
2.35000E+1	2.98565E+3	3.74142E+4	3.81328E+5	4.80808E+5	9.27543E+4	1.19012E+6
2.36000E+1	2.40296E+3	3.66417E+4	2.91912E+5	3.55006E+5	9.68681E+4	9.33671E+5
2.37000E+1	2.13273E+3	3.59172E+4	2.36421E+5	2.69511E+5	1.01370E+5	7.46908E+5
2.38000E+1	1.89402E+3	3.48015E+4	1.98753E+5	2.15479E+5	1.06464E+5	6.03935E+5
2.39000E+1	1.74973E+3	3.32987E+4	1.72408E+5	1.81656E+5	1.10722E+5	5.01830E+5
2.40000E+1	1.65309E+3	3.16624E+4	1.53326E+5	1.55900E+5	1.15100E+5	4.21645E+5
2.41000E+1	1.58290E+3	2.98009E+4	1.43025E+5	1.38448E+5	1.19304E+5	3.67842E+5
2.42000E+1	1.55398E+3	2.80515E+4	1.35277E+5	1.25198E+5	1.22468E+5	3.28462E+5
2.43000E+1	1.52343E+3	2.62453E+4	1.29423E+5	1.15807E+5	1.25728E+5	2.96281E+5
2.44000E+1	1.49289E+3	2.44150E+4	1.23107E+5	1.08708E+5	1.29025E+5	2.74552E+5
2.45000E+1	1.44645E+3	2.26177E+4	1.18030E+5	1.03770E+5	1.31224E+5	2.55465E+5
2.46000E+1	1.42192E+3	2.10884E+4	1.14365E+5	9.94686E+4	1.34337E+5	2.40197E+5
2.47000E+1	1.36594E+3	1.96743E+4	1.11221E+5	9.61559E+4	1.37128E+5	2.28645E+5
2.48000E+1	1.43319E+3	1.83366E+4	1.08654E+5	9.23738E+4	1.38828E+5	2.17657E+5
2.49000E+1	1.37786E+3	1.71495E+4	1.06909E+5	9.04615E+4	1.41174E+5	2.11248E+5
2.50000E+1	1.38117E+3	1.60640E+4	1.04592E+5	8.77190E+4	1.42886E+5	2.03503E+5
2.51000E+1	1.39740E+3	1.50522E+4	1.04212E+5	8.62122E+4	1.44595E+5	1.98466E+5
2.52000E+1	1.35237E+3	1.41413E+4	1.02904E+5	8.40328E+4	1.45899E+5	1.92534E+5
2.53000E+1	1.37521E+3	1.33626E+4	1.04089E+5	8.27854E+4	1.48110E+5	1.89797E+5
2.54000E+1	1.39276E+3	1.25630E+4	1.03271E+5	8.17462E+4	1.48766E+5	1.85377E+5
2.55000E+1	1.34972E+3	1.18886E+4	1.03488E+5	8.08504E+4	1.50226E+5	1.84081E+5
2.56000E+1	1.39144E+3	1.12813E+4	1.03822E+5	8.03449E+4	1.51060E+5	1.80467E+5
2.57000E+1	1.39939E+3	1.07793E+4	1.05191E+5	8.02277E+4	1.52002E+5	1.79613E+5
2.58000E+1	1.36065E+3	1.01816E+4	1.05471E+5	7.96051E+4	1.52254E+5	1.77598E+5
2.59000E+1	1.45009E+3	9.74721E+3	1.06349E+5	7.97476E+4	1.53347E+5	1.76904E+5
2.60000E+1	1.38647E+3	9.32011E+3	1.06527E+5	7.98069E+4	1.54491E+5	1.76067E+5
2.61000E+1	1.41927E+3	8.94409E+3	1.06310E+5	7.95438E+4	1.54985E+5	1.74250E+5
2.62000E+1	1.42159E+3	8.53913E+3	1.06302E+5	7.97174E+4	1.56186E+5	1.73534E+5
2.63000E+1	1.41463E+3	8.24465E+3	1.06000E+5	7.93488E+4	1.56286E+5	1.71965E+5
2.64000E+1	1.43783E+3	7.98256E+3	1.06337E+5	7.92411E+4	1.56748E+5	1.71401E+5
2.65000E+1	1.39177E+3	7.70342E+3	1.06241E+5	7.87600E+4	1.58041E+5	1.71157E+5
2.66000E+1	1.37256E+3	7.45064E+3	1.06156E+5	7.91314E+4	1.58732E+5	1.69708E+5
2.67000E+1	1.38846E+3	7.19682E+3	1.05916E+5	7.85636E+4	1.59580E+5	1.69647E+5
2.68000E+1	1.40005E+3	6.96926E+3	1.04480E+5	7.89043E+4	1.59741E+5	1.68690E+5
2.69000E+1	1.38581E+3	6.77607E+3	1.04783E+5	7.84322E+4	1.60944E+5	1.67818E+5
2.70000E+1	1.39939E+3	6.59603E+3	1.04242E+5	7.77293E+4	1.60598E+5	1.67242E+5
2.71000E+1	1.38481E+3	6.35497E+3	1.05691E+5	7.77191E+4	1.62360E+5	1.68091E+5
2.72000E+1	1.40701E+3	6.23630E+3	1.06348E+5	7.73708E+4	1.62057E+5	1.67281E+5
2.73000E+1	1.45009E+3	6.04720E+3	1.08110E+5	7.73890E+4	1.62602E+5	1.67603E+5
2.74000E+1	1.41198E+3	5.89597E+3	1.09465E+5	7.78260E+4	1.62717E+5	1.67661E+5
2.75000E+1	1.43584E+3	5.73833E+3	1.11015E+5	7.82785E+4	1.63250E+5	1.67191E+5
2.76000E+1	1.43849E+3	5.57541E+3	1.11986E+5	7.81066E+4	1.63252E+5	1.67804E+5
2.77000E+1	1.49786E+3	5.54741E+3	1.14236E+5	7.89631E+4	1.64072E+5	1.68648E+5
2.78000E+1	1.45341E+3	5.39688E+3	1.14704E+5	7.90240E+4	1.64023E+5	1.68574E+5
2.79000E+1	1.49123E+3	5.28820E+3	1.16639E+5	7.97236E+4	1.64331E+5	1.69804E+5
2.80000E+1	1.48791E+3	5.21076E+3	1.18027E+5	7.98549E+4	1.63865E+5	1.70253E+5
2.81000E+1	1.52542E+3	5.14411E+3	1.20205E+5	8.12898E+4	1.64560E+5	1.70394E+5
2.82000E+1	1.54003E+3	5.01676E+3	1.21780E+5	8.15198E+4	1.64400E+5	1.71114E+5
2.83000E+1	1.57027E+3	4.92765E+3	1.24108E+5	8.22082E+4	1.64904E+5	1.72492E+5
2.84000E+1	1.56561E+3	4.89149E+3	1.26523E+5	8.30636E+4	1.65121E+5	1.74025E+5
2.85000E+1	1.57093E+3	4.84295E+3	1.28547E+5	8.44451E+4	1.65259E+5	1.75790E+5
2.86000E+1	1.60318E+3	4.74777E+3	1.31839E+5	8.49727E+4	1.64605E+5	1.75296E+5
2.87000E+1	1.65143E+3	4.71067E+3	1.35286E+5	8.59834E+4	1.65479E+5	1.78115E+5
2.88000E+1	1.68473E+3	4.67677E+3	1.39784E+5	8.70482E+4	1.64743E+5	1.79480E+5
2.89000E+1	1.68839E+3	4.57979E+3	1.43736E+5	8.81514E+4	1.64414E+5	1.80320E+5
2.90000E+1	1.68206E+3	4.46856E+3	1.47702E+5	9.06066E+4	1.63908E+5	1.81446E+5
2.91000E+1	1.73072E+3	4.42498E+3	1.50687E+5	9.16433E+4	1.63547E+5	1.83941E+5
2.92000E+1	1.73405E+3	4.42568E+3	1.51099E+5	9.32469E+4	1.63951E+5	1.84966E+5
2.93000E+1	1.78343E+3	4.37231E+3	1.49727E+5	9.39521E+4	1.63708E+5	1.85484E+5
2.94000E+1	1.69039E+3	4.36248E+3	1.48116E+5	9.53042E+4	1.63704E+5	1.85910E+5
2.95000E+1	1.71472E+3	4.25802E+3	1.45277E+5	9.42969E+4	1.63682E+5	1.86433E+5
2.96000E+1	1.68573E+3	4.24612E+3	1.43106E+5	9.46673E+4	1.63572E+5	1.87310E+5
2.97000E+1	1.66042E+3	4.23737E+3	1.39890E+5	9.35807E+4	1.63545E+5	1.86317E+5
2.98000E+1	1.64777E+3	4.16286E+3	1.37955E+5	9.36786E+4	1.63861E+5	1.86055E+5
2.99000E+1	1.58456E+3	4.16286E+3	1.36411E+5	9.24859E+4	1.64160E+5	1.85261E+5
3.00000E+1	1.67074E+3	4.12862E+3	1.35695E+5	9.20037E+4	1.64953E+5	1.85937E+5
3.01000E+1	1.63146E+3	4.11499E+3	1.35346E+5	9.08116E+4	1.64202E+5	1.85621E+5
3.02000E+1	1.61383E+3	4.02462E+3	1.35359E+5	9.02701E+4	1.64813E+5	1.84759E+5
3.03000E+1	1.68007E+3	4.00650E+3	1.35609E+5	9.02071E+4	1.64247E+5	1.85028E+5
3.04000E+1	1.64843E+3	3.95181E+3	1.37718E+5	9.02024E+4	1.65254E+5	1.86219E+5
3.05000E+1	1.67074E+3	3.94624E+3	1.39544E+5	9.04487E+4	1.64867E+5	1.86229E+5
3.06000E+1	1.64810E+3	3.88988E+3	1.39287E+5	9.03272E+4	1.64432E+5	1.85212E+5
3.07000E+1	1.65376E+3	3.88084E+3	1.39610E+5	9.06827E+4	1.64295E+5	1.85742E+5
3.08000E+1	1.65343E+3	3.85338E+3	1.38821E+5	9.07459E+4	1.63924E+5	1.85479E+5
3.09000E+1	1.61582E+3	3.82212E+3	1.38348E+5	9.12985E+4	1.64707E+5	1.87422E+5
3.10000E+1	1.64910E+3	3.81969E+3	1.35734E+5	9.12501E+4	1.64705E+5	1.87321E+5
3.11000E+1	1.60385E+3	3.80198E+3	1.33282E+5	9.07436E+4	1.64922E+5	1.86266E+5
3.12000E+1	1.63013E+3	3.73434E+3	1.30673E+5	9.02362E+4	1.65091E+5	1.85500E+5
3.13000E+1	1.57824E+3	3.72844E+3	1.27498E+5	8.92088E+4	1.65572E+5	1.85015E+5
3.14000E+1	1.55166E+3	3.71735E+3	1.24074E+5	8.90026E+4	1.65793E+5	1.84576E+5
3.15000E+1	1.57126E+3	3.67370E+3	1.20978E+5	8.77235E+4	1.66345E+5	1.83702E+5
3.16000E+1	1.55066E+3	3.64324E+3	1.17000E+5	8.65681E+4	1.67508E+5	1.82093E+5
3.17000E+1	1.47630E+3	3.61279E+3	1.13337E+5	8.46678E+4	1.67363E+5	1.81120E+5
3.18000E+1	1.47298E+3	3.64393E+3	1.10017E+5	8.37931E+4	1.67857E+5	1.79802E+5
3.19000E+1	1.44545E+3	3.52847E+3	1.07375E+5	8.19422E+4	1.68668E+5	1.77707E+5
3.20000E+1	1.43750E+3	3.55645E+3	1.06544E+5	8.10677E+4	1.69281E+5	1.76621E+5
3.21000E+1	1.42921E+3	3.53987E+3	1.05207E+5	7.99748E+4	1.69954E+5	1.76603E+5
3.22000E+1	1.44678E+3	3.47222E+3	1.04221E+5	7.86582E+4	1.70662E+5	1.74923E+5
3.23000E+1	1.41662E+3	3.43326E+3	1.04165E+5	7.76144E+4	1.70835E+5	1.73930E+5
3.24000E+1	1.45673E+3	3.42981E+3	1.04224E+5	7.69471E+4	1.71175E+5	1.72679E+5
3.25000E+1	1.43319E+3	3.44291E+3	1.04392E+5	7.63229E+4	1.70825E+5	1.72703E+5
3.26000E+1	1.42821E+3	3.39260E+3	1.05358E+5	7.61438E+4	1.71752E+5	1.70944E+5
3.27000E+1	1.43882E+3	3.41740E+3	1.05937E+5	7.59441E+4	1.71303E+5	1.71356E+5
3.28000E+1	1.49156E+3	3.37194E+3	1.07523E+5	7.60929E+4	1.72238E+5	1.71427E+5
3.29000E+1	1.44943E+3	3.32411E+3	1.07780E+5	7.58435E+4	1.71947E+5	1.71330E+5
3.30000E+1	1.43882E+3	3.30245E+3	1.08629E+5	7.64111E+4	1.72248E+5	1.71017E+5
3.31000E+1	1.47298E+3	3.28938E+3	1.08528E+5	7.60170E+4	1.71721E+5	1.70918E+5
3.32000E+1	1.46336E+3	3.26808E+3	1.08872E+5	7.71622E+4	1.72389E+5	1.71062E+5
3.33000E+1	1.47696E+3	3.24575E+3	1.08755E+5	7.66350E+4	1.71819E+5	1.70467E+5
3.34000E+1	1.46203E+3	3.26430E+3	1.09843E+5	7.65888E+4	1.72784E+5	1.71088E+5
3.35000E+1	1.47729E+3	3.22858E+3	1.09467E+5	7.63620E+4	1.71410E+5	1.70958E+5
3.36000E+1	1.45009E+3	3.24919E+3	1.10622E+5	7.67486E+4	1.71971E+5	1.71420E+5
3.37000E+1	1.45241E+3	3.21897E+3	1.11076E+5	7.68675E+4	1.72059E+5	1.70076E+5
3.38000E+1	1.47132E+3	3.17025E+3	1.11578E+5	7.66651E+4	1.72157E+5	1.70311E+5
3.39000E+1	1.45407E+3	3.18980E+3	1.12009E+5	7.76306E+4	1.72327E+5	1.71285E+5
3.40000E+1	1.46303E+3	3.16031E+3	1.12079E+5	7.71804E+4	1.72501E+5	1.71131E+5
3.41000E+1	1.52243E+3	3.12535E+3	1.12701E+5	7.78128E+4	1.72856E+5	1.71164E+5
3.42000E+1	1.47497E+3	3.12569E+3	1.12782E+5	7.77324E+4	1.72121E+5	1.70375E+5
3.43000E+1	1.50284E+3	3.11919E+3	1.11583E+5	7.76327E+4	1.72164E+5	1.70665E+5
3.44000E+1	1.44777E+3	3.07159E+3	1.10264E+5	7.71259E+4	1.72291E+5	1.71746E+5
3.45000E+1	1.39939E+3	3.09281E+3	1.09211E+5	7.73252E+4	1.72403E+5	1.70429E+5
3.46000E+1	1.42291E+3	3.10103E+3	1.07973E+5	7.64853E+4	1.73231E+5	1.70175E+5
3.47000E+1	1.44976E+3	3.05858E+3	1.06945E+5	7.66521E+4	1.73173E+5	1.69992E+5
3.48000E+1	1.40634E+3	3.05482E+3	1.06223E+5	7.55958E+4	1.73799E+5	1.69175E+5
3.49000E+1	1.38879E+3	3.03532E+3	1.05620E+5	7.55898E+4	1.73782E+5	1.68713E+5
3.50000E+1	1.39011E+3	3.04387E+3	1.05472E+5	7.46728E+4	1.74608E+5	1.68671E+5
3.51000E+1	1.38746E+3	3.00933E+3	1.04989E+5	7.49850E+4	1.74349E+5	1.68676E+5
3.52000E+1	1.41960E+3	3.02130E+3	1.04274E+5	7.40997E+4	1.75315E+5	1.67700E+5
3.53000E+1	1.39376E+3	2.97721E+3	1.04762E+5	7.40616E+4	1.75088E+5	1.67583E+5
3.54000E+1	1.45805E+3	2.96321E+3	1.05195E+5	7.41085E+4	1.75339E+5	1.67391E+5
3.55000E+1	1.43783E+3	2.95706E+3	1.04859E+5	7.40587E+4	1.76032E+5	1.67941E+5
3.56000E+1	1.40634E+3	2.96082E+3	1.04871E+5	7.40089E+4	1.75608E+5	1.67320E+5
3.57000E+1	1.44413E+3	2.99737E+3	1.05195E+5	7.38822E+4	1.76300E+5	1.67677E+5
3.58000E+1	1.41595E+3	2.95603E+3	1.05667E+5	7.37489E+4	1.76101E+5	1.67867E+5
3.59000E+1	1.43683E+3	2.98439E+3	1.07179E+5	7.44794E+4	1.76042E+5	1.67811E+5
3.60000E+1	1.43418E+3	2.92531E+3	1.07143E+5	7.39095E+4	1.76017E+5	1.67950E+5
3.61000E+1	1.42457E+3	2.92053E+3	1.08667E+5	7.45334E+4	1.75684E+5	1.68413E+5
3.62000E+1	1.43319E+3	2.91166E+3	1.09602E+5	7.50008E+4	1.75981E+5	1.67890E+5
3.63000E+1	1.47331E+3	2.93043E+3	1.12086E+5	7.54261E+4	1.75770E+5	1.68462E+5
3.64000E+1	1.49488E+3	2.93726E+3	1.14963E+5	7.57190E+4	1.76438E+5	1.70140E+5
3.65000E+1	1.54501E+3	2.87448E+3	1.17745E+5	7.66410E+4	1.75831E+5	1.70229E+5
3.66000E+1	1.50284E+3	2.87687E+3	1.20503E+5	7.73181E+4	1.75633E+5	1.71358E+5
3.67000E+1	1.57559E+3	2.85266E+3	1.22157E+5	7.84989E+4	1.75288E+5	1.72871E+5
3.68000E+1	1.53538E+3	2.87107E+3	1.24234E+5	7.95957E+4	1.75066E+5	1.73027E+5
3.69000E+1	1.55830E+3	2.87346E+3	1.25729E+5	8.04057E+4	1.75078E+5	1.73788E+5
3.70000E+1	1.58489E+3	2.88335E+3	1.26737E+5	8.13491E+4	1.74859E+5	1.74468E+5
3.71000E+1	1.57891E+3	2.84926E+3	1.27438E+5	8.24234E+4	1.74482E+5	1.75008E+5
3.72000E+1	1.57891E+3	2.85232E+3	1.27541E+5	8.24395E+4	1.74244E+5	1.75675E+5
3.73000E+1	1.59853E+3	2.90381E+3	1.27794E+5	8.40448E+4	1.74121E+5	1.77834E+5
3.74000E+1	1.58489E+3	2.83290E+3	1.27425E+5	8.41147E+4	1.73413E+5	1.76623E+5
3.75000E+1	1.58523E+3	2.82234E+3	1.27383E+5	8.49991E+4	1.73604E+5	1.77849E+5
3.76000E+1	1.58489E+3	2.86153E+3	1.27247E+5	8.48504E+4	1.73749E+5	1.77580E+5
3.77000E+1	1.52442E+3	2.79238E+3	1.27155E+5	8.52885E+4	1.73045E+5	1.78065E+5
3.78000E+1	1.60119E+3	2.83324E+3	1.26729E+5	8.54911E+4	1.73033E+5	1.78619E+5
3.79000E+1	1.61116E+3	2.81825E+3	1.25889E+5	8.54811E+4	1.72755E+5	1.77908E+5
3.80000E+1	1.56628E+3	2.80804E+3	1.26080E+5	8.57242E+4	1.73082E+5	1.77471E+5
3.81000E+1	1.54468E+3	2.79067E+3	1.25528E+5	8.59957E+4	1.72071E+5	1.76855E+5
3.82000E+1	1.55598E+3	2.81519E+3	1.25964E+5	8.57453E+4	1.72635E+5	1.78305E+5
3.83000E+1	1.59088E+3	2.82677E+3	1.26800E+5	8.53836E+4	1.71510E+5	1.77208E+5
3.84000E+1	1.55199E+3	2.79101E+3	1.26750E+5	8.61988E+4	1.71719E+5	1.78357E+5
3.85000E+1	1.55996E+3	2.82268E+3	1.26676E+5	8.55155E+4	1.70688E+5	1.76820E+5
3.86000E+1	1.54966E+3	2.77434E+3	1.27247E+5	8.57497E+4	1.71327E+5	1.78025E+5
3.87000E+1	1.55332E+3	2.74576E+3	1.27610E+5	8.57998E+4	1.70198E+5	1.75976E+5
3.88000E+1	1.58888E+3	2.77944E+3	1.29247E+5	8.55909E+4	1.70349E+5	1.78217E+5
3.89000E+1	1.57359E+3	2.78319E+3	1.29256E+5	8.59433E+4	1.69803E+5	1.76848E+5
3.90000E+1	1.57126E+3	2.72774E+3	1.30329E+5	8.59133E+4	1.69677E+5	1.76569E+5
3.91000E+1	1.64510E+3	2.74814E+3	1.30601E+5	8.58042E+4	1.67894E+5	1.76052E+5
3.92000E+1	1.58257E+3	2.77025E+3	1.30375E+5	8.65367E+4	1.68383E+5	1.76318E+5
3.93000E+1	1.55797E+3	2.73182E+3	1.29031E+5	8.62859E+4	1.67430E+5	1.76835E+5
3.94000E+1	1.55299E+3	2.72876E+3	1.28924E+5	8.68118E+4	1.67591E+5	1.76079E+5
3.95000E+1	1.52077E+3	2.72264E+3	1.26302E+5	8.62535E+4	1.66461E+5	1.74517E+5
3.96000E+1	1.51579E+3	2.72706E+3	1.24715E+5	8.63329E+4	1.66825E+5	1.73892E+5
3.97000E+1	1.52143E+3	2.72468E+3	1.22906E+5	8.55332E+4	1.65934E+5	1.72449E+5
3.98000E+1	1.52708E+3	2.72332E+3	1.21992E+5	8.51636E+4	1.65604E+5	1.71093E+5
3.99000E+1	1.49023E+3	2.71142E+3	1.20833E+5	8.43531E+4	1.65107E+5	1.70349E+5
4.00000E+1	1.51512E+3	2.68764E+3	1.20918E+5	8.36213E+4	1.65754E+5	1.69879E+5
4.01000E+1	1.47630E+3	2.68492E+3	1.19930E+5	8.30355E+4	1.65227E+5	1.67800E+5
4.02000E+1	1.47265E+3	2.64994E+3	1.19112E+5	8.20938E+4	1.65431E+5	1.67401E+5
4.03000E+1	1.47994E+3	2.66047E+3	1.18380E+5	8.17473E+4	1.65001E+5	1.66471E+5
4.04000E+1	1.41231E+3	2.67677E+3	1.18125E+5	8.16367E+4	1.64820E+5	1.65912E+5
4.05000E+1	1.48061E+3	2.67269E+3	1.18246E+5	8.12580E+4	1.64283E+5	1.64272E+5
4.06000E+1	1.44446E+3	2.62788E+3	1.17361E+5	8.08598E+4	1.64743E+5	1.64025E+5
4.07000E+1	1.48028E+3	2.62754E+3	1.18650E+5	8.10635E+4	1.64522E+5	1.63295E+5
4.08000E+1	1.47795E+3	2.61872E+3	1.19816E+5	8.11427E+4	1.64281E+5	1.63626E+5
4.09000E+1	1.47762E+3	2.60787E+3	1.18689E+5	8.11871E+4	1.63628E+5	1.63018E+5
4.10000E+1	1.46336E+3	2.58481E+3	1.17195E+5	8.12771E+4	1.63924E+5	1.62465E+5
4.11000E+1	1.42589E+3	2.60651E+3	1.15170E+5	8.13819E+4	1.63984E+5	1.60787E+5
4.12000E+1	1.46369E+3	2.61228E+3	1.14286E+5	8.09231E+4	1.63717E+5	1.60347E+5
4.13000E+1	1.43451E+3	2.59362E+3	1.13213E+5	8.09252E+4	1.63480E+5	1.59735E+5
4.14000E+1	1.42523E+3	2.61906E+3	1.12507E+5	8.04225E+4	1.64094E+5	1.58683E+5
4.15000E+1	1.38780E+3	2.56515E+3	1.11298E+5	8.01429E+4	1.63823E+5	1.58222E+5
4.16000E+1	1.38846E+3	2.58854E+3	1.09899E+5	7.90725E+4	1.64567E+5	1.57302E+5
4.17000E+1	1.39343E+3	2.60210E+3	1.09173E+5	7.86828E+4	1.64090E+5	1.56538E+5
4.18000E+1	1.39243E+3	2.50892E+3	1.08452E+5	7.76713E+4	1.65268E+5	1.55942E+5
4.19000E+1	1.38879E+3	2.54346E+3	1.08033E+5	7.74408E+4	1.64506E+5	1.54479E+5
4.20000E+1	1.35800E+3	2.53702E+3	1.07780E+5	7.68423E+4	1.64687E+5	1.53664E+5
4.21000E+1	1.40005E+3	2.53702E+3	1.06680E+5	7.70945E+4	1.65105E+5	1.53977E+5
4.22000E+1	1.35965E+3	2.54380E+3	1.06604E+5	7.68282E+4	1.64745E+5	1.52815E+5
4.23000E+1	1.35303E+3	2.52585E+3	1.06433E+5	7.64452E+4	1.64813E+5	1.52848E+5
4.24000E+1	1.36859E+3	2.53838E+3	1.05804E+5	7.62118E+4	1.65645E+5	1.51736E+5
4.25000E+1	1.35965E+3	2.50452E+3	1.04955E+5	7.54052E+4	1.65209E+5	1.51973E+5
4.26000E+1	1.36561E+3	2.50790E+3	1.04732E+5	7.55471E+4	1.65738E+5	1.50825E+5
4.27000E+1	1.37124E+3	2.50282E+3	1.05494E+5	7.48726E+4	1.65465E+5	1.51006E+5
4.28000E+1	1.36164E+3	2.52551E+3	1.06082E+5	7.51914E+4	1.65945E+5	1.50459E+5
4.29000E+1	1.36627E+3	2.51264E+3	1.07022E+5	7.47072E+4	1.65577E+5	1.50134E+5
4.30000E+1	1.35998E+3	2.47034E+3	1.07734E+5	7.53795E+4	1.66155E+5	1.49778E+5
4.31000E+1	1.39939E+3	2.50689E+3	1.07987E+5	7.49613E+4	1.65561E+5	1.50360E+5
4.32000E+1	1.39442E+3	2.46324E+3	1.08848E+5	7.56445E+4	1.65465E+5	1.50532E+5
4.33000E+1	1.40668E+3	2.49233E+3	1.09020E+5	7.55193E+4	1.65388E+5	1.49370E+5
4.34000E+1	1.38415E+3	2.44700E+3	1.09376E+5	7.63961E+4	1.66649E+5	1.49599E+5
4.35000E+1	1.42556E+3	2.41422E+3	1.09082E+5	7.60829E+4	1.66153E+5	1.49818E+5
4.36000E+1	1.40601E+3	2.43348E+3	1.10392E+5	7.64803E+4	1.65422E+5	1.49643E+5
4.37000E+1	1.35965E+3	2.44464E+3	1.10848E+5	7.65466E+4	1.65754E+5	1.49619E+5
4.38000E+1	1.44711E+3	2.42807E+3	1.12382E+5	7.73566E+4	1.65552E+5	1.49800E+5
4.39000E+1	1.44777E+3	2.42266E+3	1.14195E+5	7.72037E+4	1.65640E+5	1.50635E+5
4.40000E+1	1.43584E+3	2.38212E+3	1.17808E+5	7.76286E+4	1.65470E+5	1.50612E+5
4.41000E+1	1.50284E+3	2.40881E+3	1.21277E+5	7.85657E+4	1.65415E+5	1.51099E+5
4.42000E+1	1.53837E+3	2.41422E+3	1.24975E+5	7.96966E+4	1.64669E+5	1.52289E+5
4.43000E+1	1.52807E+3	2.39800E+3	1.28877E+5	8.06788E+4	1.63785E+5	1.52887E+5
4.44000E+1	1.58955E+3	2.43314E+3	1.33806E+5	8.24127E+4	1.63679E+5	1.54210E+5
4.45000E+1	1.56428E+3	2.39732E+3	1.36739E+5	8.30571E+4	1.63491E+5	1.55228E+5
4.46000E+1	1.65409E+3	2.37672E+3	1.41017E+5	8.53914E+4	1.63796E+5	1.57315E+5
4.47000E+1	1.66941E+3	2.42909E+3	1.44763E+5	8.67881E+4	1.62531E+5	1.58085E+5
4.48000E+1	1.68506E+3	2.39631E+3	1.48229E+5	8.86694E+4	1.62431E+5	1.59748E+5
4.49000E+1	1.68739E+3	2.43078E+3	1.51217E+5	9.06417E+4	1.61500E+5	1.60614E+5
4.50000E+1	1.69972E+3	2.43483E+3	1.53060E+5	9.20429E+4	1.61383E+5	1.62372E+5
4.51000E+1	1.73806E+3	2.46087E+3	1.57223E+5	9.34734E+4	1.60819E+5	1.63657E+5
4.52000E+1	1.77241E+3	2.43382E+3	1.59366E+5	9.55750E+4	1.60933E+5	1.64550E+5
4.53000E+1	1.74039E+3	2.43179E+3	1.63890E+5	9.70374E+4	1.60312E+5	1.65693E+5
4.54000E+1	1.80479E+3	2.46391E+3	1.68079E+5	9.83393E+4	1.59845E+5	1.67341E+5
4.55000E+1	1.87262E+3	2.41658E+3	1.74194E+5	9.99929E+4	1.59806E+5	1.69689E+5
4.56000E+1	1.86159E+3	2.44126E+3	1.80982E+5	1.02016E+5	1.59331E+5	1.71486E+5
4.57000E+1	1.92614E+3	2.43686E+3	1.87268E+5	1.04080E+5	1.58241E+5	1.72969E+5
4.58000E+1	1.97905E+3	2.45106E+3	1.94437E+5	1.06389E+5	1.57947E+5	1.74109E+5
4.59000E+1	2.00586E+3	2.38483E+3	1.99182E+5	1.09419E+5	1.57041E+5	1.77201E+5
4.60000E+1	2.02497E+3	2.43280E+3	2.04241E+5	1.11395E+5	1.56311E+5	1.77692E+5
4.61000E+1	2.03369E+3	2.46256E+3	2.05866E+5	1.14730E+5	1.55688E+5	1.80419E+5
4.62000E+1	2.02497E+3	2.44328E+3	2.06854E+5	1.17096E+5	1.55486E+5	1.82217E+5
4.63000E+1	2.04107E+3	2.46527E+3	2.06748E+5	1.18932E+5	1.54711E+5	1.84443E+5
4.64000E+1	2.00318E+3	2.48252E+3	2.03550E+5	1.20570E+5	1.54356E+5	1.84811E+5
4.65000E+1	1.98542E+3	2.46154E+3	1.99607E+5	1.22484E+5	1.54462E+5	1.86354E+5
4.66000E+1	1.96900E+3	2.46594E+3	1.95491E+5	1.22083E+5	1.54168E+5	1.86322E+5
4.67000E+1	1.92012E+3	2.49470E+3	1.88713E+5	1.22169E+5	1.53850E+5	1.86660E+5
4.68000E+1	1.87228E+3	2.49402E+3	1.85018E+5	1.21726E+5	1.54298E+5	1.87021E+5
4.69000E+1	1.85590E+3	2.48624E+3	1.78787E+5	1.21016E+5	1.53973E+5	1.85913E+5
4.70000E+1	1.83953E+3	2.46696E+3	1.74424E+5	1.19453E+5	1.54254E+5	1.86367E+5
4.71000E+1	1.75006E+3	2.49402E+3	1.70125E+5	1.18393E+5	1.54752E+5	1.85676E+5
4.72000E+1	1.77709E+3	2.50587E+3	1.64631E+5	1.15422E+5	1.53998E+5	1.83606E+5
4.73000E+1	1.75273E+3	2.46899E+3	1.60417E+5	1.13978E+5	1.55176E+5	1.83345E+5
4.74000E+1	1.74573E+3	2.50756E+3	1.55916E+5	1.12476E+5	1.55270E+5	1.82435E+5
4.75000E+1	1.70139E+3	2.48827E+3	1.51237E+5	1.10397E+5	1.55446E+5	1.80693E+5
4.76000E+1	1.67074E+3	2.51400E+3	1.47942E+5	1.08809E+5	1.55415E+5	1.80166E+5
4.77000E+1	1.67007E+3	2.50587E+3	1.45576E+5	1.07580E+5	1.56417E+5	1.77973E+5
4.78000E+1	1.66341E+3	2.50418E+3	1.42571E+5	1.05422E+5	1.56364E+5	1.76993E+5
4.79000E+1	1.63712E+3	2.49402E+3	1.41148E+5	1.04127E+5	1.56549E+5	1.76441E+5
4.80000E+1	1.64710E+3	2.51400E+3	1.39708E+5	1.01934E+5	1.56886E+5	1.73855E+5
4.81000E+1	1.60817E+3	2.50519E+3	1.38551E+5	1.00290E+5	1.57780E+5	1.73385E+5
4.82000E+1	1.58257E+3	2.48996E+3	1.38845E+5	9.93315E+4	1.58426E+5	1.73387E+5
4.83000E+1	1.59753E+3	2.50316E+3	1.37518E+5	9.90745E+4	1.58170E+5	1.73286E+5
4.84000E+1	1.64710E+3	2.51975E+3	1.36192E+5	9.76157E+4	1.57714E+5	1.70807E+5
4.85000E+1	1.61449E+3	2.49707E+3	1.35134E+5	9.73607E+4	1.58816E+5	1.71513E+5
4.86000E+1	1.62414E+3	2.45681E+3	1.33575E+5	9.65235E+4	1.58355E+5	1.70182E+5
4.87000E+1	1.60684E+3	2.46053E+3	1.33489E+5	9.64389E+4	1.59526E+5	1.69691E+5
4.88000E+1	1.60850E+3	2.49842E+3	1.33458E+5	9.58947E+4	1.59140E+5	1.69014E+5
4.89000E+1	1.58589E+3	2.47338E+3	1.32388E+5	9.44235E+4	1.59324E+5	1.67934E+5
4.90000E+1	1.62880E+3	2.48320E+3	1.32247E+5	9.41280E+4	1.59887E+5	1.67304E+5
4.91000E+1	1.60351E+3	2.47068E+3	1.32698E+5	9.40685E+4	1.59963E+5	1.68200E+5
4.92000E+1	1.58622E+3	2.46188E+3	1.33335E+5	9.35602E+4	1.60002E+5	1.67088E+5
4.93000E+1	1.59021E+3	2.45884E+3	1.33785E+5	9.34143E+4	1.60318E+5	1.67680E+5
4.94000E+1	1.58888E+3	2.47474E+3	1.34944E+5	9.36617E+4	1.60473E+5	1.67023E+5
4.95000E+1	1.62547E+3	2.44666E+3	1.35008E+5	9.33733E+4	1.59461E+5	1.66370E+5
4.96000E+1	1.62148E+3	2.49335E+3	1.35321E+5	9.40430E+4	1.60181E+5	1.67274E+5
4.97000E+1	1.60518E+3	2.45850E+3	1.35314E+5	9.31808E+4	1.60381E+5	1.67012E+5
4.98000E+1	1.58223E+3	2.48015E+3	1.36658E+5	9.44697E+4	1.61067E+5	1.67095E+5
4.99000E+1	1.60618E+3	2.46729E+3	1.36192E+5	9.34770E+4	1.60471E+5	1.66261E+5
5.00000E+1	1.60185E+3	2.46357E+3	1.37108E+5	9.36665E+4	1.60309E+5	1.67143E+5
5.01000E+1	1.61615E+3	2.48387E+3	1.36626E+5	9.39630E+4	1.60653E+5	1.66386E+5
5.02000E+1	1.59919E+3	2.46729E+3	1.36781E+5	9.39969E+4	1.61025E+5	1.66732E+5
5.03000E+1	1.58290E+3	2.43652E+3	1.37849E+5	9.44710E+4	1.61350E+5	1.67396E+5
5.04000E+1	1.63645E+3	2.48320E+3	1.35682E+5	9.40018E+4	1.61280E+5	1.66331E+5
5.05000E+1	1.59686E+3	2.45444E+3	1.34608E+5	9.38092E+4	1.61133E+5	1.65548E+5
5.06000E+1	1.54834E+3	2.46053E+3	1.33358E+5	9.41559E+4	1.62099E+5	1.66167E+5
5.07000E+1	1.54501E+3	2.45410E+3	1.30384E+5	9.28747E+4	1.61844E+5	1.65882E+5
5.08000E+1	1.57293E+3	2.45782E+3	1.27830E+5	9.25767E+4	1.61999E+5	1.64945E+5
5.09000E+1	1.51280E+3	2.47406E+3	1.25037E+5	9.16812E+4	1.63317E+5	1.64913E+5
5.10000E+1	1.51778E+3	2.44159E+3	1.24680E+5	9.08538E+4	1.64763E+5	1.65137E+5
5.11000E+1	1.57426E+3	2.46357E+3	1.26404E+5	8.95439E+4	1.64700E+5	1.64122E+5
5.12000E+1	1.58622E+3	2.47271E+3	1.31871E+5	8.88255E+4	1.66130E+5	1.65207E+5
5.13000E+1	1.62946E+3	2.48523E+3	1.37800E+5	8.91489E+4	1.66317E+5	1.66295E+5
5.14000E+1	1.69206E+3	2.50655E+3	1.44857E+5	8.86924E+4	1.66052E+5	1.67099E+5
5.15000E+1	1.80079E+3	2.47880E+3	1.53477E+5	9.04253E+4	1.66448E+5	1.69420E+5
5.16000E+1	1.84889E+3	2.46594E+3	1.62831E+5	9.21808E+4	1.65270E+5	1.70809E+5
5.17000E+1	1.94288E+3	2.49064E+3	1.71394E+5	9.39497E+4	1.64849E+5	1.73496E+5
5.18000E+1	2.02531E+3	2.51196E+3	1.84235E+5	9.72290E+4	1.64831E+5	1.76389E+5
5.19000E+1	2.13744E+3	2.50519E+3	1.95905E+5	1.00699E+5	1.63089E+5	1.78215E+5
5.20000E+1	2.25083E+3	2.49267E+3	2.10070E+5	1.03833E+5	1.62751E+5	1.81140E+5
5.21000E+1	2.31419E+3	2.53431E+3	2.23990E+5	1.07946E+5	1.62052E+5	1.84506E+5
5.22000E+1	2.39992E+3	2.52348E+3	2.39170E+5	1.11890E+5	1.60209E+5	1.88012E+5
5.23000E+1	2.53828E+3	2.54143E+3	2.58606E+5	1.18303E+5	1.59954E+5	1.91265E+5
5.24000E+1	2.65867E+3	2.53465E+3	2.73318E+5	1.23384E+5	1.58276E+5	1.95351E+5
5.25000E+1	2.78445E+3	2.53398E+3	2.94032E+5	1.28497E+5	1.57434E+5	2.00198E+5
5.26000E+1	2.85631E+3	2.57362E+3	3.13518E+5	1.35529E+5	1.56214E+5	2.03076E+5
5.27000E+1	3.00103E+3	2.58006E+3	3.35128E+5	1.41947E+5	1.55121E+5	2.07116E+5
5.28000E+1	3.19931E+3	2.59803E+3	3.53846E+5	1.48620E+5	1.53958E+5	2.12056E+5
5.29000E+1	3.29753E+3	2.60990E+3	3.82735E+5	1.56408E+5	1.53796E+5	2.16937E+5
5.30000E+1	3.41627E+3	2.63331E+3	4.02142E+5	1.64674E+5	1.51556E+5	2.20296E+5
5.31000E+1	3.56291E+3	2.64824E+3	4.30017E+5	1.72249E+5	1.50788E+5	2.25782E+5
5.32000E+1	3.72453E+3	2.63569E+3	4.51987E+5	1.80071E+5	1.49370E+5	2.30001E+5
5.33000E+1	3.84702E+3	2.68356E+3	4.83907E+5	1.90267E+5	1.48637E+5	2.36614E+5
5.34000E+1	4.00117E+3	2.66318E+3	5.11202E+5	1.98990E+5	1.47063E+5	2.39954E+5
5.35000E+1	4.19038E+3	2.70123E+3	5.42050E+5	2.08570E+5	1.46875E+5	2.45379E+5
5.36000E+1	4.35255E+3	2.73012E+3	5.79820E+5	2.20800E+5	1.45494E+5	2.52919E+5
5.37000E+1	4.53812E+3	2.71550E+3	6.00154E+5	2.28518E+5	1.44241E+5	2.56080E+5
5.38000E+1	4.72576E+3	2.72842E+3	6.34847E+5	2.39915E+5	1.43188E+5	2.62450E+5
5.39000E+1	4.87012E+3	2.69205E+3	6.72464E+5	2.51060E+5	1.42830E+5	2.69083E+5
5.40000E+1	5.06286E+3	2.78217E+3	6.94918E+5	2.62452E+5	1.40975E+5	2.72293E+5
5.41000E+1	5.19425E+3	2.78251E+3	7.29612E+5	2.75265E+5	1.40613E+5	2.79688E+5
5.42000E+1	5.45013E+3	2.83597E+3	7.58905E+5	2.87409E+5	1.39370E+5	2.84371E+5
5.43000E+1	5.65328E+3	2.79374E+3	7.93056E+5	2.96743E+5	1.38304E+5	2.93189E+5
5.44000E+1	5.82907E+3	2.83052E+3	8.33449E+5	3.09677E+5	1.37284E+5	2.99268E+5
5.45000E+1	6.19875E+3	2.81689E+3	8.62808E+5	3.23096E+5	1.36019E+5	3.06186E+5
5.46000E+1	6.31005E+3	2.86869E+3	9.13087E+5	3.37609E+5	1.35841E+5	3.12238E+5
5.47000E+1	6.43837E+3	2.89494E+3	9.51170E+5	3.53087E+5	1.34624E+5	3.20612E+5
5.48000E+1	6.76825E+3	2.91917E+3	9.76246E+5	3.63887E+5	1.33948E+5	3.26226E+5
5.49000E+1	6.95182E+3	2.91917E+3	1.01711E+6	3.77018E+5	1.32804E+5	3.31968E+5
5.50000E+1	7.20152E+3	2.98883E+3	1.04446E+6	3.87018E+5	1.31890E+5	3.40889E+5
5.51000E+1	7.47173E+3	2.95330E+3	1.08108E+6	4.02462E+5	1.31002E+5	3.48534E+5
5.52000E+1	7.75117E+3	2.98814E+3	1.12422E+6	4.14864E+5	1.30575E+5	3.59919E+5
5.53000E+1	7.94715E+3	2.99532E+3	1.15005E+6	4.31018E+5	1.29401E+5	3.64246E+5
5.54000E+1	8.25813E+3	3.07296E+3	1.20234E+6	4.43895E+5	1.29125E+5	3.72543E+5
5.55000E+1	8.55724E+3	3.08288E+3	1.22735E+6	4.63301E+5	1.28333E+5	3.78738E+5
5.56000E+1	8.77675E+3	3.01617E+3	1.24670E+6	4.66260E+5	1.26750E+5	3.88157E+5
5.57000E+1	8.96386E+3	3.01788E+3	1.32144E+6	4.86050E+5	1.26753E+5	3.97164E+5
5.58000E+1	9.35465E+3	3.08323E+3	1.32399E+6	5.01973E+5	1.25639E+5	4.07371E+5
5.59000E+1	9.56464E+3	3.08220E+3	1.35523E+6	5.10150E+5	1.24942E+5	4.14921E+5
5.60000E+1	9.83836E+3	3.11747E+3	1.37466E+6	5.26580E+5	1.24206E+5	4.24527E+5
5.61000E+1	1.01138E+4	3.15688E+3	1.44821E+6	5.45031E+5	1.23581E+5	4.31224E+5
5.62000E+1	1.04886E+4	3.16237E+3	1.45863E+6	5.58203E+5	1.22761E+5	4.40295E+5
5.63000E+1	1.06339E+4	3.16545E+3	1.46326E+6	5.66613E+5	1.22539E+5	4.48894E+5
5.64000E+1	1.10030E+4	3.17060E+3	1.50780E+6	5.79886E+5	1.21471E+5	4.60693E+5
5.65000E+1	1.12668E+4	3.27220E+3	1.56257E+6	5.93248E+5	1.21220E+5	4.68081E+5
5.66000E+1	1.16157E+4	3.22000E+3	1.59785E+6	6.08632E+5	1.20303E+5	4.86578E+5
5.67000E+1	1.18954E+4	3.24438E+3	1.58431E+6	6.24494E+5	1.18936E+5	4.88915E+5
5.68000E+1	1.21732E+4	3.31551E+3	1.64167E+6	6.37157E+5	1.18860E+5	5.08818E+5
5.69000E+1	1.24189E+4	3.30038E+3	1.65825E+6	6.44120E+5	1.18131E+5	5.15164E+5
5.70000E+1	1.28046E+4	3.37263E+3	1.68885E+6	6.55623E+5	1.17715E+5	5.19808E+5
5.71000E+1	1.31096E+4	3.30107E+3	1.75814E+6	6.77386E+5	1.17451E+5	5.35752E+5
5.72000E+1	1.33384E+4	3.35026E+3	1.77271E+6	6.82363E+5	1.16645E+5	5.46464E+5
5.73000E+1	1.36260E+4	3.41947E+3	1.78499E+6	7.02053E+5	1.15713E+5	5.56986E+5
5.74000E+1	1.39589E+4	3.43946E+3	1.81370E+6	7.15604E+5	1.15387E+5	5.64525E+5
5.75000E+1	1.42176E+4	3.44429E+3	1.80209E+6	7.15369E+5	1.15287E+5	5.75223E+5
5.76000E+1	1.44914E+4	3.52088E+3	1.86146E+6	7.31043E+5	1.14657E+5	5.92069E+5
5.77000E+1	1.47068E+4	3.57718E+3	1.83144E+6	7.34663E+5	1.13682E+5	5.98046E+5
5.78000E+1	1.51049E+4	3.54850E+3	1.89487E+6	7.44014E+5	1.13430E+5	6.12809E+5
5.79000E+1	1.54217E+4	3.53918E+3	1.92692E+6	7.58392E+5	1.12833E+5	6.24269E+5
5.80000E+1	1.55983E+4	3.56543E+3	1.91756E+6	7.70012E+5	1.12533E+5	6.28245E+5
5.81000E+1	1.59264E+4	3.58582E+3	1.98323E+6	7.83634E+5	1.11793E+5	6.46872E+5
5.82000E+1	1.61633E+4	3.60864E+3	1.98632E+6	7.89000E+5	1.11893E+5	6.59705E+5
5.83000E+1	1.64300E+4	3.64116E+3	2.03864E+6	7.92373E+5	1.11116E+5	6.66553E+5
5.84000E+1	1.66304E+4	3.65501E+3	2.12926E+6	8.08196E+5	1.10482E+5	6.88899E+5
5.85000E+1	1.69419E+4	3.74751E+3	2.05109E+6	8.22913E+5	1.10079E+5	7.03209E+5
5.86000E+1	1.71683E+4	3.68513E+3	2.06353E+6	8.29212E+5	1.09306E+5	7.03812E+5
5.87000E+1	1.74926E+4	3.69344E+3	2.14734E+6	8.42817E+5	1.09416E+5	7.27006E+5
5.88000E+1	1.77372E+4	3.79504E+3	2.08886E+6	8.50962E+5	1.08564E+5	7.40282E+5
5.89000E+1	1.80067E+4	3.81240E+3	2.06852E+6	8.44222E+5	1.08177E+5	7.45317E+5
5.90000E+1	1.81851E+4	3.72359E+3	2.23263E+6	8.58539E+5	1.08079E+5	7.60550E+5
5.91000E+1	1.84638E+4	3.84887E+3	2.19894E+6	8.59873E+5	1.07315E+5	7.70737E+5
5.92000E+1	1.86372E+4	3.90449E+3	2.23491E+6	8.79191E+5	1.07232E+5	7.88076E+5
5.93000E+1	1.89350E+4	3.87597E+3	2.21212E+6	8.73815E+5	1.06652E+5	7.94578E+5
5.94000E+1	1.91098E+4	3.90657E+3	2.20149E+6	8.85878E+5	1.06400E+5	8.13211E+5
5.95000E+1	1.94522E+4	3.96330E+3	2.32635E+6	9.12407E+5	1.05926E+5	8.32890E+5
5.96000E+1	1.94697E+4	3.95251E+3	2.31296E+6	9.09509E+5	1.05379E+5	8.35139E+5
5.97000E+1	1.97624E+4	3.99604E+3	2.31333E+6	9.43761E+5	1.05402E+5	8.61856E+5
5.98000E+1	2.00542E+4	4.07171E+3	2.27275E+6	9.17351E+5	1.04772E+5	8.66740E+5
5.99000E+1	2.02612E+4	4.05217E+3	2.31352E+6	9.24030E+5	1.04752E+5	8.90430E+5
6.00000E+1	2.04021E+4	4.03229E+3	2.38302E+6	9.36615E+5	1.04377E+5	8.98619E+5
6.01000E+1	2.07064E+4	4.12268E+3	2.31483E+6	9.39949E+5	1.04205E+5	9.18075E+5
6.02000E+1	2.07327E+4	4.16950E+3	2.40204E+6	9.65107E+5	1.03812E+5	9.29625E+5
6.03000E+1	2.08846E+4	4.10801E+3	2.36234E+6	9.44077E+5	1.03273E+5	9.32983E+5
6.04000E+1	2.10991E+4	4.21427E+3	2.37965E+6	9.56335E+5	1.03180E+5	9.58125E+5
6.05000E+1	2.14949E+4	4.25907E+3	2.48260E+6	9.85899E+5	1.03145E+5	9.80708E+5
6.06000E+1	2.14545E+4	4.20972E+3	2.42381E+6	9.65912E+5	1.02439E+5	9.75429E+5
6.07000E+1	2.17628E+4	4.24507E+3	2.48003E+6	9.81322E+5	1.02444E+5	1.00909E+6
6.08000E+1	2.17547E+4	4.28990E+3	2.52364E+6	9.82944E+5	1.01961E+5	1.02204E+6
6.09000E+1	2.19815E+4	4.31934E+3	2.58864E+6	9.83663E+5	1.01949E+5	1.03211E+6
6.10000E+1	2.22553E+4	4.36459E+3	2.50187E+6	9.90976E+5	1.01477E+5	1.03658E+6
6.11000E+1	2.24420E+4	4.39126E+3	2.63748E+6	1.00162E+6	1.01336E+5	1.04375E+6
6.12000E+1	2.24850E+4	4.40075E+3	2.69718E+6	1.03914E+6	1.01051E+5	1.08001E+6
6.13000E+1	2.27062E+4	4.41479E+3	2.59681E+6	1.00252E+6	1.00387E+5	1.07027E+6
6.14000E+1	2.28267E+4	4.51957E+3	2.58422E+6	1.02702E+6	1.00275E+5	1.10549E+6
6.15000E+1	2.29030E+4	4.51288E+3	2.55688E+6	1.01696E+6	1.00178E+5	1.09786E+6
6.16000E+1	2.31737E+4	4.59141E+3	2.68964E+6	1.03361E+6	1.00200E+5	1.14375E+6
6.17000E+1	2.34240E+4	4.57027E+3	2.55121E+6	1.03142E+6	9.95885E+4	1.13249E+6
6.18000E+1	2.33641E+4	4.64748E+3	2.71852E+6	1.03639E+6	9.97233E+4	1.16041E+6
6.19000E+1	2.35620E+4	4.60692E+3	2.61403E+6	1.05594E+6	9.93936E+4	1.16118E+6
6.20000E+1	2.37665E+4	4.67359E+3	2.66652E+6	1.06309E+6	9.92132E+4	1.18760E+6
6.21000E+1	2.38727E+4	4.67324E+3	2.57751E+6	1.04718E+6	9.85734E+4	1.17895E+6
6.22000E+1	2.41209E+4	4.73116E+3	2.67766E+6	1.05345E+6	9.85569E+4	1.21348E+6
6.23000E+1	2.41387E+4	4.73434E+3	2.79529E+6	1.06204E+6	9.86992E+4	1.22696E+6
6.24000E+1	2.44019E+4	4.84684E+3	2.73629E+6	1.06641E+6	9.78671E+4	1.22838E+6
6.25000E+1	2.44802E+4	4.85180E+3	2.72288E+6	1.08688E+6	9.80236E+4	1.27237E+6
6.26000E+1	2.45847E+4	4.86562E+3	2.78158E+6	1.08119E+6	9.75661E+4	1.26849E+6
6.27000E+1	2.48533E+4	4.86420E+3	2.82172E+6	1.10317E+6	9.76617E+4	1.28196E+6
6.28000E+1	2.47579E+4	4.89290E+3	2.81131E+6	1.08902E+6	9.74454E+4	1.28733E+6
6.29000E+1	2.50378E+4	4.91169E+3	2.91656E+6	1.09612E+6	9.71870E+4	1.31085E+6
6.30000E+1	2.51447E+4	4.97343E+3	2.94168E+6	1.10987E+6	9.71407E+4	1.32615E+6
6.31000E+1	2.51927E+4	4.99118E+3	2.84305E+6	1.10808E+6	9.68731E+4	1.33379E+6
6.32000E+1	2.53732E+4	5.03062E+3	2.84920E+6	1.10457E+6	9.66847E+4	1.35055E+6
6.33000E+1	2.56472E+4	5.12880E+3	2.79529E+6	1.10954E+6	9.66673E+4	1.33572E+6
6.34000E+1	2.56610E+4	5.17903E+3	2.88007E+6	1.11408E+6	9.63414E+4	1.39239E+6
6.35000E+1	2.57307E+4	5.16085E+3	2.94109E+6	1.11833E+6	9.61875E+4	1.38447E+6
6.36000E+1	2.59526E+4	5.18616E+3	3.01933E+6	1.13079E+6	9.60697E+4	1.40076E+6
6.37000E+1	2.60355E+4	5.25999E+3	3.02121E+6	1.12346E+6	9.57791E+4	1.42285E+6
6.38000E+1	2.62246E+4	5.31999E+3	2.91217E+6	1.14591E+6	9.55928E+4	1.43543E+6
6.39000E+1	2.64395E+4	5.35109E+3	3.13035E+6	1.16104E+6	9.55633E+4	1.47070E+6
6.40000E+1	2.63937E+4	5.34680E+3	2.98002E+6	1.14686E+6	9.53036E+4	1.43863E+6
6.41000E+1	2.64437E+4	5.41048E+3	2.98798E+6	1.13417E+6	9.50802E+4	1.44475E+6
6.42000E+1	2.67731E+4	5.40583E+3	3.07354E+6	1.15741E+6	9.52152E+4	1.48167E+6
6.43000E+1	2.67804E+4	5.44343E+3	2.97118E+6	1.14043E+6	9.47608E+4	1.47007E+6
6.44000E+1	2.69505E+4	5.46922E+3	3.01964E+6	1.15078E+6	9.50569E+4	1.50357E+6
6.45000E+1	2.71496E+4	5.59480E+3	3.23016E+6	1.17897E+6	9.48317E+4	1.52762E+6
6.46000E+1	2.70778E+4	5.53808E+3	3.14453E+6	1.17314E+6	9.42112E+4	1.53121E+6
6.47000E+1	2.74378E+4	5.54561E+3	2.98952E+6	1.18113E+6	9.39903E+4	1.54295E+6
6.48000E+1	2.74357E+4	5.63433E+3	3.14861E+6	1.18426E+6	9.43741E+4	1.58560E+6
6.49000E+1	2.73939E+4	5.62283E+3	3.10765E+6	1.17210E+6	9.41504E+4	1.60467E+6
6.50000E+1	2.75839E+4	5.68612E+3	3.00715E+6	1.17414E+6	9.37312E+4	1.60280E+6
6.51000E+1	2.77189E+4	5.71708E+3	3.04907E+6	1.18029E+6	9.37892E+4	1.64964E+6
6.52000E+1	2.76632E+4	5.74373E+3	3.26045E+6	1.19812E+6	9.33787E+4	1.60233E+6
6.53000E+1	2.77525E+4	5.83134E+3	3.10434E+6	1.19126E+6	9.33787E+4	1.61446E+6
6.54000E+1	2.79542E+4	5.93356E+3	3.36202E+6	1.17215E+6	9.35946E+4	1.65141E+6
6.55000E+1	2.79737E+4	5.91837E+3	3.12968E+6	1.18447E+6	9.30132E+4	1.62888E+6
6.56000E+1	2.80281E+4	5.92705E+3	3.27653E+6	1.20275E+6	9.30276E+4	1.69144E+6
6.57000E+1	2.81645E+4	5.98202E+3	3.15440E+6	1.21378E+6	9.29196E+4	1.72816E+6
6.58000E+1	2.82095E+4	6.05735E+3	3.22446E+6	1.19861E+6	9.28118E+4	1.68055E+6
6.59000E+1	2.83065E+4	6.10049E+3	3.29240E+6	1.21645E+6	9.28705E+4	1.69258E+6
6.60000E+1	2.82015E+4	6.06786E+3	3.19867E+6	1.22953E+6	9.27423E+4	1.71820E+6
6.61000E+1	2.83707E+4	6.16327E+3	3.20323E+6	1.21361E+6	9.24149E+4	1.70184E+6
6.62000E+1	2.84466E+4	6.19232E+3	3.26300E+6	1.21067E+6	9.21862E+4	1.73237E+6
6.63000E+1	2.84918E+4	6.16544E+3	3.23374E+6	1.21228E+6	9.22505E+4	1.72236E+6
6.64000E+1	2.85190E+4	6.32764E+3	3.35163E+6	1.23079E+6	9.23053E+4	1.77850E+6
6.65000E+1	2.84631E+4	6.33092E+3	3.19027E+6	1.20450E+6	9.18975E+4	1.77566E+6
6.66000E+1	2.86548E+4	6.35970E+3	3.21310E+6	1.23136E+6	9.18821E+4	1.82081E+6
6.67000E+1	2.86249E+4	6.36590E+3	3.33596E+6	1.20840E+6	9.18240E+4	1.78169E+6
6.68000E+1	2.87247E+4	6.40492E+3	3.20886E+6	1.22099E+6	9.18572E+4	1.76261E+6
6.69000E+1	2.87888E+4	6.50459E+3	3.29018E+6	1.22437E+6	9.20875E+4	1.78466E+6
6.70000E+1	2.89471E+4	6.48778E+3	3.31442E+6	1.22641E+6	9.17659E+4	1.79017E+6
6.71000E+1	2.88021E+4	6.57260E+3	3.34626E+6	1.23107E+6	9.14442E+4	1.86383E+6
6.72000E+1	2.89723E+4	6.54078E+3	3.45887E+6	1.23428E+6	9.17552E+4	1.80912E+6
6.73000E+1	2.92150E+4	6.60225E+3	3.29425E+6	1.22817E+6	9.11812E+4	1.82367E+6
6.74000E+1	2.91843E+4	6.62386E+3	3.30954E+6	1.22414E+6	9.14961E+4	1.89002E+6
6.75000E+1	2.91946E+4	6.72467E+3	3.49932E+6	1.26095E+6	9.13686E+4	1.88303E+6
6.76000E+1	2.92231E+4	6.77974E+3	3.18644E+6	1.22194E+6	9.09719E+4	1.81300E+6
6.77000E+1	2.92834E+4	6.86466E+3	3.48311E+6	1.24936E+6	9.14548E+4	1.85665E+6
6.78000E+1	2.93938E+4	6.91215E+3	3.60810E+6	1.24655E+6	9.11330E+4	1.96180E+6
6.79000E+1	2.92995E+4	6.87092E+3	3.17051E+6	1.24027E+6	9.09824E+4	1.82618E+6
6.80000E+1	2.93809E+4	6.96115E+3	3.43094E+6	1.22953E+6	9.06423E+4	1.89848E+6
6.81000E+1	2.94213E+4	7.00576E+3	3.46869E+6	1.24433E+6	9.08673E+4	1.90325E+6
6.82000E+1	2.96489E+4	7.05965E+3	3.29797E+6	1.23744E+6	9.05791E+4	1.94671E+6
6.83000E+1	2.96668E+4	7.08255E+3	3.38261E+6	1.25059E+6	9.07184E+4	1.94388E+6
6.84000E+1	2.97291E+4	7.12283E+3	3.54668E+6	1.25159E+6	9.06704E+4	1.91574E+6
6.85000E+1	2.98512E+4	7.19756E+3	3.50936E+6	1.29046E+6	9.06212E+4	1.95280E+6
6.86000E+1	2.97888E+4	7.16203E+3	3.43456E+6	1.26030E+6	9.04633E+4	1.91797E+6
6.87000E+1	2.97443E+4	7.24830E+3	3.38848E+6	1.26689E+6	9.04633E+4	1.98199E+6
6.88000E+1	3.00389E+4	7.28685E+3	3.57083E+6	1.26376E+6	9.02695E+4	1.97656E+6
6.89000E+1	3.01005E+4	7.38967E+3	3.52115E+6	1.25857E+6	9.00772E+4	1.94361E+6
6.90000E+1	3.00476E+4	7.37704E+3	3.52411E+6	1.25703E+6	9.05030E+4	2.02460E+6
6.91000E+1	3.02053E+4	7.41123E+3	3.58040E+6	1.25982E+6	9.02438E+4	1.96139E+6
6.92000E+1	3.02556E+4	7.52844E+3	3.53813E+6	1.29502E+6	9.02625E+4	2.03733E+6
6.93000E+1	3.04921E+4	7.56570E+3	3.47198E+6	1.27075E+6	9.01017E+4	2.02097E+6
6.94000E+1	3.04614E+4	7.62761E+3	3.42412E+6	1.24983E+6	8.99016E+4	1.95797E+6
6.95000E+1	3.06162E+4	7.64030E+3	3.70539E+6	1.26948E+6	9.00167E+4	2.04442E+6
6.96000E+1	3.07004E+4	7.70081E+3	3.69747E+6	1.28241E+6	8.97066E+4	2.01102E+6
6.97000E+1	3.06751E+4	7.74717E+3	3.47239E+6	1.31364E+6	9.00714E+4	2.02300E+6
6.98000E+1	3.09159E+4	7.72697E+3	3.63532E+6	1.26221E+6	8.94947E+4	2.03454E+6
6.99000E+1	3.08563E+4	7.82165E+3	3.56692E+6	1.28754E+6	8.97704E+4	2.09958E+6
7.00000E+1	3.10890E+4	7.91836E+3	3.60015E+6	1.29058E+6	8.96012E+4	2.07873E+6
7.01000E+1	3.11477E+4	7.89961E+3	3.60147E+6	1.27622E+6	8.94299E+4	2.08672E+6
7.02000E+1	3.11948E+4	8.00999E+3	3.54240E+6	1.27768E+6	8.92336E+4	2.10270E+6
7.03000E+1	3.13236E+4	8.03518E+3	3.69376E+6	1.29264E+6	8.92821E+4	2.13393E+6
7.04000E+1	3.13036E+4	8.04797E+3	3.52920E+6	1.29477E+6	8.91644E+4	2.01231E+6
7.05000E+1	3.15545E+4	8.16205E+3	3.65430E+6	1.30113E+6	8.89951E+4	2.08195E+6
7.06000E+1	3.14671E+4	8.08446E+3	3.55914E+6	1.29377E+6	8.93976E+4	2.12560E+6
7.07000E+1	3.17891E+4	8.21824E+3	3.69933E+6	1.32643E+6	8.90999E+4	2.14735E+6
7.08000E+1	3.17159E+4	8.33003E+3	3.86178E+6	1.30303E+6	8.92013E+4	2.12019E+6
7.09000E+1	3.17925E+4	8.29602E+3	3.69469E+6	1.30436E+6	8.90722E+4	2.10098E+6
7.10000E+1	3.18026E+4	8.34705E+3	3.74308E+6	1.30430E+6	8.86746E+4	2.19454E+6
7.11000E+1	3.18367E+4	8.52964E+3	3.54625E+6	1.29741E+6	8.87285E+4	2.13909E+6
7.12000E+1	3.19185E+4	8.44585E+3	3.92028E+6	1.32558E+6	8.83346E+4	2.16160E+6
7.13000E+1	3.19090E+4	8.60141E+3	3.82124E+6	1.34047E+6	8.88548E+4	2.20202E+6
7.14000E+1	3.19488E+4	8.61433E+3	3.79516E+6	1.33381E+6	8.85955E+4	2.21559E+6
7.15000E+1	3.20442E+4	8.69192E+3	3.69005E+6	1.30259E+6	8.85795E+4	2.19657E+6
7.16000E+1	3.20066E+4	8.68926E+3	3.72508E+6	1.32952E+6	8.83197E+4	2.24321E+6
7.17000E+1	3.21195E+4	8.72047E+3	3.65112E+6	1.33833E+6	8.84741E+4	2.24516E+6
7.18000E+1	3.21719E+4	8.84400E+3	3.91768E+6	1.34194E+6	8.85726E+4	2.12448E+6
7.19000E+1	3.22524E+4	8.89860E+3	3.54882E+6	1.31796E+6	8.83346E+4	2.23668E+6
7.20000E+1	3.20948E+4	8.89669E+3	3.67484E+6	1.32801E+6	8.82135E+4	2.19013E+6
7.21000E+1	3.23567E+4	8.97009E+3	4.00373E+6	1.32493E+6	8.82021E+4	2.22287E+6
7.22000E+1	3.21809E+4	9.01334E+3	3.65294E+6	1.31576E+6	8.81462E+4	2.19166E+6
7.23000E+1	3.24143E+4	9.01257E+3	3.98375E+6	1.32860E+6	8.82033E+4	2.30252E+6
7.24000E+1	3.22406E+4	9.02215E+3	3.66797E+6	1.32114E+6	8.80391E+4	2.19742E+6
7.25000E+1	3.24414E+4	9.18744E+3	3.89287E+6	1.37413E+6	8.81645E+4	2.33895E+6
7.26000E+1	3.22552E+4	9.26546E+3	3.63802E+6	1.32316E+6	8.83232E+4	2.27131E+6
7.27000E+1	3.22569E+4	9.32165E+3	3.98160E+6	1.31997E+6	8.78672E+4	2.22478E+6
7.28000E+1	3.23782E+4	9.32165E+3	3.98644E+6	1.34060E+6	8.80471E+4	2.25031E+6
7.29000E+1	3.23302E+4	9.37750E+3	3.84617E+6	1.32467E+6	8.81622E+4	2.27986E+6
7.30000E+1	3.25715E+4	9.45503E+3	3.80890E+6	1.33833E+6	8.77502E+4	2.20219E+6
7.31000E+1	3.23319E+4	9.48244E+3	3.84567E+6	1.33117E+6	8.83975E+4	2.32031E+6
7.32000E+1	3.24036E+4	9.61815E+3	3.99615E+6	1.31325E+6	8.83677E+4	2.34992E+6
7.33000E+1	3.23889E+4	9.62822E+3	3.77039E+6	1.31900E+6	8.78172E+4	2.19555E+6
7.34000E+1	3.22840E+4	9.67470E+3	3.81432E+6	1.34550E+6	8.79002E+4	2.33857E+6
7.35000E+1	3.20959E+4	9.78758E+3	3.60589E+6	1.32414E+6	8.74497E+4	2.19657E+6
7.36000E+1	3.23161E+4	9.86258E+3	3.78153E+6	1.34989E+6	8.78820E+4	2.29510E+6
7.37000E+1	3.24273E+4	9.82099E+3	3.89544E+6	1.34874E+6	8.78388E+4	2.25512E+6
7.38000E+1	3.23962E+4	9.95949E+3	3.94860E+6	1.34523E+6	8.77718E+4	2.34491E+6
7.39000E+1	3.23720E+4	9.95481E+3	3.97571E+6	1.32827E+6	8.78184E+4	2.32960E+6
7.40000E+1	3.22327E+4	1.00788E+4	3.83866E+6	1.34167E+6	8.76628E+4	2.23072E+6
7.41000E+1	3.22473E+4	1.01167E+4	3.74260E+6	1.34469E+6	8.76435E+4	2.25458E+6
7.42000E+1	3.25529E+4	1.01401E+4	3.80153E+6	1.32827E+6	8.78786E+4	2.35885E+6
7.43000E+1	3.24686E+4	1.02176E+4	3.99453E+6	1.31822E+6	8.75664E+4	2.32315E+6
7.44000E+1	3.24618E+4	1.01957E+4	3.65702E+6	1.33773E+6	8.75505E+4	2.32012E+6
7.45000E+1	3.25693E+4	1.03061E+4	3.80006E+6	1.34248E+6	8.75154E+4	2.37433E+6
7.46000E+1	3.24912E+4	1.02814E+4	3.66340E+6	1.35662E+6	8.72270E+4	2.36667E+6
7.47000E+1	3.25630E+4	1.03775E+4	3.90059E+6	1.33011E+6	8.74260E+4	2.28187E+6
7.48000E+1	3.25732E+4	1.05229E+4	3.93386E+6	1.32637E+6	8.73920E+4	2.38583E+6
7.49000E+1	3.25019E+4	1.04694E+4	3.85724E+6	1.32617E+6	8.72236E+4	2.27676E+6
7.50000E+1	3.25948E+4	1.06147E+4	3.95177E+6	1.33335E+6	8.74803E+4	2.37789E+6
7.51000E+1	3.26361E+4	1.07216E+4	3.73928E+6	1.30570E+6	8.74237E+4	2.33972E+6
7.52000E+1	3.27513E+4	1.07256E+4	4.01134E+6	1.34033E+6	8.71367E+4	2.36412E+6
7.53000E+1	3.26991E+4	1.07864E+4	3.71850E+6	1.35023E+6	8.73796E+4	2.37749E+6
7.54000E+1	3.25195E+4	1.08062E+4	3.88160E+6	1.35799E+6	8.73852E+4	2.39362E+6
7.55000E+1	3.28456E+4	1.09515E+4	3.93491E+6	1.33110E+6	8.71028E+4	2.31035E+6
7.56000E+1	3.27416E+4	1.09873E+4	3.92549E+6	1.35287E+6	8.71017E+4	2.38443E+6
7.57000E+1	3.28507E+4	1.10131E+4	4.19866E+6	1.36356E+6	8.70713E+4	2.41626E+6
7.58000E+1	3.28257E+4	1.10583E+4	3.97357E+6	1.32630E+6	8.68731E+4	2.41871E+6
7.59000E+1	3.28092E+4	1.11454E+4	4.02609E+6	1.34389E+6	8.70127E+4	2.36823E+6
7.60000E+1	3.27774E+4	1.11928E+4	3.75693E+6	1.32860E+6	8.70341E+4	2.41666E+6
7.61000E+1	3.27734E+4	1.12653E+4	4.02335E+6	1.34368E+6	8.68596E+4	2.36060E+6
7.62000E+1	3.30169E+4	1.13488E+4	3.75981E+6	1.34228E+6	8.67786E+4	2.41279E+6
7.63000E+1	3.32162E+4	1.13619E+4	3.92341E+6	1.32729E+6	8.69124E+4	2.40327E+6
7.64000E+1	3.31619E+4	1.15244E+4	4.08619E+6	1.34315E+6	8.67460E+4	2.44995E+6
7.65000E+1	3.32156E+4	1.15448E+4	3.76654E+6	1.32919E+6	8.64779E+4	2.33302E+6
7.66000E+1	3.32379E+4	1.15845E+4	3.85472E+6	1.34597E+6	8.69001E+4	2.39582E+6
7.67000E+1	3.31065E+4	1.15970E+4	3.76654E+6	1.34187E+6	8.67134E+4	2.39924E+6
7.68000E+1	3.31739E+4	1.17018E+4	3.99777E+6	1.35383E+6	8.69237E+4	2.49841E+6
7.69000E+1	3.32305E+4	1.17159E+4	4.18975E+6	1.33580E+6	8.69440E+4	2.51703E+6
7.70000E+1	3.32253E+4	1.18108E+4	3.95071E+6	1.32591E+6	8.64375E+4	2.36138E+6
7.71000E+1	3.34384E+4	1.18596E+4	4.21960E+6	1.36232E+6	8.66371E+4	2.44410E+6
7.72000E+1	3.34889E+4	1.18995E+4	3.96930E+6	1.36646E+6	8.64241E+4	2.42383E+6
7.73000E+1	3.34745E+4	1.19278E+4	4.19153E+6	1.34671E+6	8.64734E+4	2.43786E+6
7.74000E+1	3.36642E+4	1.20106E+4	4.49726E+6	1.36342E+6	8.67674E+4	2.48262E+6
7.75000E+1	3.36757E+4	1.21048E+4	3.95441E+6	1.32584E+6	8.62653E+4	2.37473E+6
7.76000E+1	3.37166E+4	1.21024E+4	4.08789E+6	1.34820E+6	8.66270E+4	2.45079E+6
7.77000E+1	3.35923E+4	1.22751E+4	4.42290E+6	1.35342E+6	8.66281E+4	2.47406E+6
7.78000E+1	3.37506E+4	1.23271E+4	3.94860E+6	1.34732E+6	8.62910E+4	2.42485E+6
7.79000E+1	3.38336E+4	1.23353E+4	4.15973E+6	1.35738E+6	8.63782E+4	2.44201E+6
7.80000E+1	3.38094E+4	1.23536E+4	3.80398E+6	1.35077E+6	8.61580E+4	2.41401E+6
7.81000E+1	3.41837E+4	1.25446E+4	4.30606E+6	1.39220E+6	8.66618E+4	2.49819E+6
7.82000E+1	3.40678E+4	1.25222E+4	4.07999E+6	1.37525E+6	8.62507E+4	2.43537E+6
7.83000E+1	3.40249E+4	1.25650E+4	3.86128E+6	1.37455E+6	8.60866E+4	2.39502E+6
7.84000E+1	3.40944E+4	1.26942E+4	4.10035E+6	1.37399E+6	8.61937E+4	2.46364E+6
7.85000E+1	3.41634E+4	1.27433E+4	4.17970E+6	1.33249E+6	8.61379E+4	2.40792E+6
7.86000E+1	3.42475E+4	1.27806E+4	4.31420E+6	1.39062E+6	8.62921E+4	2.50779E+6
7.87000E+1	3.40811E+4	1.28544E+4	4.14516E+6	1.38812E+6	8.62250E+4	2.41932E+6
7.88000E+1	3.42614E+4	1.28778E+4	4.22140E+6	1.39084E+6	8.60821E+4	2.45163E+6
7.89000E+1	3.41500E+4	1.29081E+4	4.04760E+6	1.36239E+6	8.61189E+4	2.50407E+6
7.90000E+1	3.42191E+4	1.30603E+4	4.01134E+6	1.37413E+6	8.62429E+4	2.51284E+6
7.91000E+1	3.41802E+4	1.30591E+4	4.15214E+6	1.35806E+6	8.59517E+4	2.43765E+6
7.92000E+1	3.40602E+4	1.31964E+4	3.87447E+6	1.35485E+6	8.58882E+4	2.49906E+6
7.93000E+1	3.41988E+4	1.31902E+4	4.26823E+6	1.33276E+6	8.59751E+4	2.47833E+6
7.94000E+1	3.41211E+4	1.32133E+4	3.98913E+6	1.38243E+6	8.59996E+4	2.50451E+6
7.95000E+1	3.42365E+4	1.33576E+4	4.10149E+6	1.36418E+6	8.60297E+4	2.44848E+6
7.96000E+1	3.42400E+4	1.34541E+4	4.24743E+6	1.36750E+6	8.60699E+4	2.53145E+6
7.97000E+1	3.43626E+4	1.34882E+4	4.42884E+6	1.38983E+6	8.60520E+4	2.50015E+6
7.98000E+1	3.41477E+4	1.36444E+4	3.89698E+6	1.36032E+6	8.55504E+4	2.47641E+6
7.99000E+1	3.41106E+4	1.36477E+4	4.07437E+6	1.38293E+6	8.57225E+4	2.44118E+6
8.00000E+1	3.39786E+4	1.36490E+4	3.87396E+6	1.35539E+6	8.56148E+4	2.49471E+6
8.01000E+1	3.39029E+4	1.38094E+4	4.31107E+6	1.41285E+6	8.59773E+4	2.60130E+6
8.02000E+1	3.39810E+4	1.37727E+4	4.00971E+6	1.36273E+6	8.58081E+4	2.47320E+6
8.03000E+1	3.38902E+4	1.38094E+4	4.11118E+6	1.34368E+6	8.61524E+4	2.46068E+6
8.04000E+1	3.40371E+4	1.39619E+4	4.14516E+6	1.36246E+6	8.58704E+4	2.58448E+6
8.05000E+1	3.40255E+4	1.39326E+4	4.07606E+6	1.33567E+6	8.54750E+4	2.54851E+6
8.06000E+1	3.39018E+4	1.40059E+4	4.14052E+6	1.36917E+6	8.60174E+4	2.53883E+6
8.07000E+1	3.37656E+4	1.42623E+4	3.94754E+6	1.33653E+6	8.56092E+4	2.53413E+6
8.08000E+1	3.38325E+4	1.42741E+4	4.24439E+6	1.36142E+6	8.57747E+4	2.61643E+6
8.09000E+1	3.39156E+4	1.41497E+4	4.12609E+6	1.38257E+6	8.55682E+4	2.50298E+6
8.10000E+1	3.39503E+4	1.42804E+4	4.03985E+6	1.33137E+6	8.54950E+4	2.48736E+6
8.11000E+1	3.37927E+4	1.43764E+4	4.18679E+6	1.35895E+6	8.56026E+4	2.54333E+6
8.12000E+1	3.37875E+4	1.44409E+4	3.98967E+6	1.33820E+6	8.52149E+4	2.50779E+6
8.13000E+1	3.38538E+4	1.45351E+4	4.07830E+6	1.37217E+6	8.53731E+4	2.53279E+6
8.14000E+1	3.38429E+4	1.44899E+4	4.17498E+6	1.38165E+6	8.56547E+4	2.58913E+6
8.15000E+1	3.37615E+4	1.46048E+4	4.28242E+6	1.35063E+6	8.55282E+4	2.44619E+6
8.16000E+1	3.38717E+4	1.47188E+4	4.09922E+6	1.36074E+6	8.59885E+4	2.51328E+6
8.17000E+1	3.39099E+4	1.47039E+4	4.13532E+6	1.32460E+6	8.55249E+4	2.52366E+6
8.18000E+1	3.37535E+4	1.47243E+4	4.14749E+6	1.34147E+6	8.55460E+4	2.54761E+6
8.19000E+1	3.37281E+4	1.48912E+4	3.93072E+6	1.34691E+6	8.53167E+4	2.47748E+6
8.20000E+1	3.38856E+4	1.48788E+4	3.98967E+6	1.35403E+6	8.53598E+4	2.50757E+6
8.21000E+1	3.36377E+4	1.48903E+4	4.08055E+6	1.36487E+6	8.51818E+4	2.50977E+6
8.22000E+1	3.40782E+4	1.50940E+4	4.28365E+6	1.36869E+6	8.55671E+4	2.59801E+6
8.23000E+1	3.37633E+4	1.51055E+4	3.92289E+6	1.33130E+6	8.56092E+4	2.54378E+6
8.24000E+1	3.37708E+4	1.51563E+4	4.45276E+6	1.36239E+6	8.55426E+4	2.55010E+6
8.25000E+1	3.38914E+4	1.53703E+4	4.17793E+6	1.33827E+6	8.54872E+4	2.42075E+6
8.26000E+1	3.36303E+4	1.52987E+4	3.98268E+6	1.32814E+6	8.51718E+4	2.46322E+6
8.27000E+1	3.38065E+4	1.54106E+4	4.31357E+6	1.38755E+6	8.53322E+4	2.63558E+6
8.28000E+1	3.36901E+4	1.54201E+4	3.84066E+6	1.33987E+6	8.51586E+4	2.55213E+6
8.29000E+1	3.38463E+4	1.55176E+4	4.08789E+6	1.33183E+6	8.55260E+4	2.56443E+6
8.30000E+1	3.39364E+4	1.54909E+4	4.10491E+6	1.36556E+6	8.53443E+4	2.49819E+6
8.31000E+1	3.37201E+4	1.55567E+4	4.08506E+6	1.35301E+6	8.53620E+4	2.51064E+6
8.32000E+1	3.38602E+4	1.57010E+4	4.28551E+6	1.37968E+6	8.53122E+4	2.53771E+6
8.33000E+1	3.35768E+4	1.57744E+4	4.05203E+6	1.34685E+6	8.51608E+4	2.53346E+6
8.34000E+1	3.38538E+4	1.58236E+4	4.09751E+6	1.33309E+6	8.51442E+4	2.62095E+6
8.35000E+1	3.37760E+4	1.59673E+4	4.21180E+6	1.38534E+6	8.51531E+4	2.62908E+6
8.36000E+1	3.39821E+4	1.59331E+4	4.02939E+6	1.34187E+6	8.51420E+4	2.64162E+6
8.37000E+1	3.39873E+4	1.60132E+4	3.95018E+6	1.36246E+6	8.51255E+4	2.53167E+6
8.38000E+1	3.38689E+4	1.60206E+4	4.08112E+6	1.35478E+6	8.50835E+4	2.49298E+6
8.39000E+1	3.39723E+4	1.61465E+4	4.10206E+6	1.35274E+6	8.51884E+4	2.54198E+6
8.40000E+1	3.41193E+4	1.62526E+4	4.17911E+6	1.35690E+6	8.52780E+4	2.60931E+6
8.41000E+1	3.41025E+4	1.62857E+4	4.09468E+6	1.35840E+6	8.51586E+4	2.61714E+6
8.42000E+1	3.40261E+4	1.62788E+4	4.16382E+6	1.35868E+6	8.50162E+4	2.56534E+6
8.43000E+1	3.41924E+4	1.64563E+4	4.32112E+6	1.37210E+6	8.51343E+4	2.55554E+6
8.44000E+1	3.42405E+4	1.64541E+4	4.14923E+6	1.36626E+6	8.48047E+4	2.59239E+6
8.45000E+1	3.41634E+4	1.65530E+4	4.32112E+6	1.37217E+6	8.51575E+4	2.63100E+6
8.46000E+1	3.43009E+4	1.66322E+4	4.29110E+6	1.37707E+6	8.49831E+4	2.59989E+6
8.47000E+1	3.41599E+4	1.65981E+4	4.24560E+6	1.34698E+6	8.48454E+4	2.46300E+6
8.48000E+1	3.42969E+4	1.68623E+4	4.04372E+6	1.38257E+6	8.51895E+4	2.65451E+6
8.49000E+1	3.43969E+4	1.67841E+4	4.47220E+6	1.37196E+6	8.49468E+4	2.51043E+6
8.50000E+1	3.43713E+4	1.68078E+4	4.05815E+6	1.38428E+6	8.49424E+4	2.49754E+6
8.51000E+1	3.47265E+4	1.69768E+4	4.28737E+6	1.40253E+6	8.54108E+4	2.59965E+6
8.52000E+1	3.44417E+4	1.70187E+4	4.50271E+6	1.36605E+6	8.48355E+4	2.60955E+6
8.53000E+1	3.44109E+4	1.70615E+4	4.19094E+6	1.37392E+6	8.51597E+4	2.62597E+6
8.54000E+1	3.45227E+4	1.71075E+4	4.14342E+6	1.40529E+6	8.51796E+4	2.56947E+6
8.55000E+1	3.45869E+4	1.71680E+4	4.08281E+6	1.39169E+6	8.46376E+4	2.53637E+6
8.56000E+1	3.47277E+4	1.72929E+4	4.52604E+6	1.38990E+6	8.48498E+4	2.70428E+6
8.57000E+1	3.47195E+4	1.73386E+4	4.31609E+6	1.36633E+6	8.49942E+4	2.64065E+6
8.58000E+1	3.48002E+4	1.74109E+4	4.33819E+6	1.39141E+6	8.50217E+4	2.56055E+6
8.59000E+1	3.49279E+4	1.75381E+4	4.22924E+6	1.37161E+6	8.50372E+4	2.58587E+6
8.60000E+1	3.45927E+4	1.75425E+4	4.04704E+6	1.36370E+6	8.44632E+4	2.58657E+6
8.61000E+1	3.46721E+4	1.76441E+4	4.41042E+6	1.38726E+6	8.49479E+4	2.59895E+6
8.62000E+1	3.44924E+4	1.76035E+4	4.17557E+6	1.39399E+6	8.46618E+4	2.53435E+6
8.63000E+1	3.45752E+4	1.77320E+4	4.28613E+6	1.38876E+6	8.48708E+4	2.63510E+6
8.64000E+1	3.43434E+4	1.78115E+4	4.56918E+6	1.37876E+6	8.48443E+4	2.61097E+6
8.65000E+1	3.44516E+4	1.78008E+4	4.33692E+6	1.38719E+6	8.50791E+4	2.61121E+6
8.66000E+1	3.44557E+4	1.79113E+4	4.46884E+6	1.38684E+6	8.47255E+4	2.55508E+6
8.67000E+1	3.44703E+4	1.80975E+4	4.12092E+6	1.40427E+6	8.47376E+4	2.63847E+6
8.68000E+1	3.41779E+4	1.79526E+4	4.21120E+6	1.35478E+6	8.47607E+4	2.56511E+6
8.69000E+1	3.43358E+4	1.81308E+4	4.47895E+6	1.35376E+6	8.44325E+4	2.61121E+6
8.70000E+1	3.45577E+4	1.83334E+4	4.45075E+6	1.37686E+6	8.44412E+4	2.62956E+6
8.71000E+1	3.41257E+4	1.82176E+4	4.07437E+6	1.38755E+6	8.45312E+4	2.65500E+6
8.72000E+1	3.46032E+4	1.83185E+4	4.09128E+6	1.36515E+6	8.46332E+4	2.62860E+6
8.73000E+1	3.42696E+4	1.82654E+4	4.31483E+6	1.37644E+6	8.46684E+4	2.68691E+6
8.74000E+1	3.41889E+4	1.85314E+4	4.32175E+6	1.35587E+6	8.45531E+4	2.58796E+6
8.75000E+1	3.41442E+4	1.84829E+4	4.52811E+6	1.38109E+6	8.44686E+4	2.70428E+6
8.76000E+1	3.40898E+4	1.84911E+4	4.15506E+6	1.39119E+6	8.47728E+4	2.62238E+6
8.77000E+1	3.38533E+4	1.85744E+4	4.24439E+6	1.35430E+6	8.45663E+4	2.70150E+6
8.78000E+1	3.37858E+4	1.87404E+4	3.92968E+6	1.34712E+6	8.47728E+4	2.60459E+6
8.79000E+1	3.37610E+4	1.88204E+4	4.31609E+6	1.37399E+6	8.49545E+4	2.59263E+6
8.80000E+1	3.36561E+4	1.86555E+4	4.17145E+6	1.35909E+6	8.46607E+4	2.64623E+6
8.81000E+1	3.34344E+4	1.88127E+4	4.28056E+6	1.35355E+6	8.47816E+4	2.63703E+6
8.82000E+1	3.32757E+4	1.89379E+4	4.15681E+6	1.37112E+6	8.45279E+4	2.58889E+6
8.83000E+1	3.31727E+4	1.89720E+4	4.19153E+6	1.34637E+6	8.46497E+4	2.57776E+6
8.84000E+1	3.34877E+4	1.90798E+4	4.25964E+6	1.36522E+6	8.46541E+4	2.64307E+6
8.85000E+1	3.31870E+4	1.90976E+4	4.04040E+6	1.34982E+6	8.46992E+4	2.57039E+6
8.86000E+1	3.33495E+4	1.92151E+4	4.07325E+6	1.35315E+6	8.46640E+4	2.68891E+6
8.87000E+1	3.31533E+4	1.90747E+4	3.94385E+6	1.34301E+6	8.44160E+4	2.56924E+6
8.88000E+1	3.35457E+4	1.94339E+4	4.18265E+6	1.33580E+6	8.48245E+4	2.66260E+6
8.89000E+1	3.35429E+4	1.93650E+4	3.91041E+6	1.35971E+6	8.44610E+4	2.69544E+6
8.90000E+1	3.35159E+4	1.94247E+4	3.90369E+6	1.34712E+6	8.47134E+4	2.68441E+6
8.91000E+1	3.33100E+4	1.93384E+4	4.00264E+6	1.36598E+6	8.45926E+4	2.65696E+6
8.92000E+1	3.34940E+4	1.95982E+4	3.96876E+6	1.32598E+6	8.45641E+4	2.53078E+6
8.93000E+1	3.33707E+4	1.95637E+4	4.26885E+6	1.35690E+6	8.47508E+4	2.69948E+6
8.94000E+1	3.32986E+4	1.96545E+4	4.10605E+6	1.35792E+6	8.44292E+4	2.59707E+6
8.95000E+1	3.34843E+4	1.97292E+4	4.00264E+6	1.32979E+6	8.43941E+4	2.59216E+6
8.96000E+1	3.36711E+4	1.97611E+4	4.09468E+6	1.35145E+6	8.43996E+4	2.65598E+6
8.97000E+1	3.35618E+4	1.97810E+4	3.95494E+6	1.32801E+6	8.44610E+4	2.58216E+6
8.98000E+1	3.36038E+4	1.98730E+4	4.22321E+6	1.33813E+6	8.49324E+4	2.62573E+6
8.99000E+1	3.38550E+4	1.99156E+4	3.94332E+6	1.33143E+6	8.44095E+4	2.59193E+6
9.00000E+1	3.40122E+4	2.00084E+4	4.03764E+6	1.34469E+6	8.45981E+4	2.54535E+6
9.01000E+1	3.42678E+4	2.00251E+4	4.27192E+6	1.34094E+6	8.45564E+4	2.77121E+6
9.02000E+1	3.39463E+4	2.00706E+4	4.21060E+6	1.35943E+6	8.43394E+4	2.70428E+6
9.03000E+1	3.42376E+4	2.02064E+4	4.28613E+6	1.37532E+6	8.46464E+4	2.68691E+6
9.04000E+1	3.42475E+4	2.02604E+4	4.08958E+6	1.35744E+6	8.42070E+4	2.71880E+6
9.05000E+1	3.44499E+4	2.04270E+4	4.13821E+6	1.34489E+6	8.43306E+4	2.71343E+6
9.06000E+1	3.43358E+4	2.04513E+4	4.05815E+6	1.33137E+6	8.44018E+4	2.53771E+6
9.07000E+1	3.47113E+4	2.05317E+4	4.21780E+6	1.36494E+6	8.46014E+4	2.73062E+6
9.08000E+1	3.47522E+4	2.06587E+4	4.45543E+6	1.35881E+6	8.43788E+4	2.60247E+6
9.09000E+1	3.50536E+4	2.05004E+4	4.27809E+6	1.38463E+6	8.45114E+4	2.69998E+6
9.10000E+1	3.49649E+4	2.07150E+4	4.25597E+6	1.34483E+6	8.43175E+4	2.68992E+6
9.11000E+1	3.48213E+4	2.07258E+4	4.20701E+6	1.36556E+6	8.46629E+4	2.70277E+6
9.12000E+1	3.47639E+4	2.06831E+4	4.24378E+6	1.35546E+6	8.45553E+4	2.68841E+6
9.13000E+1	3.48892E+4	2.08264E+4	4.18088E+6	1.36515E+6	8.43076E+4	2.65256E+6
9.14000E+1	3.48857E+4	2.09144E+4	4.51366E+6	1.38286E+6	8.42376E+4	2.72959E+6
9.15000E+1	3.47054E+4	2.10167E+4	4.18383E+6	1.40873E+6	8.41797E+4	2.73606E+6
9.16000E+1	3.44813E+4	2.09591E+4	4.20642E+6	1.40253E+6	8.42770E+4	2.58262E+6
9.17000E+1	3.46114E+4	2.11953E+4	4.81774E+6	1.40173E+6	8.43284E+4	2.70733E+6
9.18000E+1	3.45583E+4	2.10582E+4	4.00210E+6	1.37126E+6	8.43908E+4	2.81407E+6
9.19000E+1	3.47569E+4	2.11508E+4	4.17028E+6	1.39839E+6	8.39134E+4	2.72290E+6
9.20000E+1	3.48002E+4	2.12649E+4	4.37594E+6	1.39803E+6	8.41294E+4	2.71394E+6
9.21000E+1	3.48465E+4	2.13104E+4	4.35603E+6	1.39313E+6	8.40945E+4	2.71012E+6
9.22000E+1	3.49943E+4	2.13251E+4	4.54751E+6	1.38620E+6	8.41622E+4	2.71880E+6
9.23000E+1	3.51306E+4	2.13673E+4	4.11633E+6	1.38173E+6	8.39875E+4	2.66827E+6
9.24000E+1	3.51453E+4	2.14770E+4	4.27439E+6	1.43492E+6	8.40028E+4	2.69092E+6
9.25000E+1	3.53646E+4	2.16093E+4	4.28056E+6	1.38541E+6	8.37936E+4	2.72111E+6
9.26000E+1	3.53191E+4	2.16279E+4	4.40845E+6	1.41005E+6	8.41840E+4	2.68666E+6
9.27000E+1	3.55810E+4	2.16322E+4	4.13185E+6	1.41825E+6	8.43459E+4	2.70631E+6
9.28000E+1	3.54342E+4	2.18016E+4	4.30418E+6	1.40807E+6	8.40737E+4	2.68891E+6
9.29000E+1	3.55685E+4	2.18327E+4	4.47153E+6	1.40705E+6	8.36946E+4	2.78562E+6
9.30000E+1	3.57393E+4	2.19002E+4	4.45810E+6	1.41057E+6	8.39319E+4	2.72136E+6
9.31000E+1	3.57280E+4	2.19605E+4	4.41632E+6	1.38655E+6	8.41098E+4	2.72573E+6
9.32000E+1	3.60725E+4	2.20353E+4	4.34073E+6	1.42437E+6	8.37719E+4	2.71420E+6
9.33000E+1	3.59598E+4	2.20444E+4	4.23650E+6	1.39572E+6	8.35795E+4	2.80806E+6
9.34000E+1	3.62535E+4	2.22815E+4	4.53433E+6	1.42624E+6	8.38121E+4	2.79558E+6
9.35000E+1	3.61161E+4	2.22218E+4	4.27562E+6	1.38130E+6	8.37153E+4	2.69192E+6
9.36000E+1	3.64074E+4	2.23417E+4	4.42554E+6	1.41566E+6	8.43339E+4	2.83030E+6
9.37000E+1	3.64062E+4	2.22564E+4	4.64121E+6	1.40866E+6	8.37991E+4	2.76564E+6
9.38000E+1	3.63121E+4	2.24093E+4	4.51847E+6	1.42325E+6	8.38807E+4	2.77068E+6
9.39000E+1	3.65670E+4	2.24011E+4	4.55378E+6	1.43636E+6	8.36827E+4	2.71701E+6
9.40000E+1	3.67324E+4	2.23938E+4	4.59177E+6	1.42175E+6	8.38034E+4	2.73476E+6
9.41000E+1	3.66440E+4	2.24619E+4	4.64847E+6	1.42153E+6	8.34547E+4	2.73011E+6
9.42000E+1	3.67084E+4	2.25035E+4	4.41042E+6	1.41773E+6	8.36946E+4	2.75012E+6
9.43000E+1	3.66031E+4	2.27044E+4	4.54403E+6	1.42422E+6	8.36294E+4	2.72779E+6
9.44000E+1	3.68084E+4	2.27743E+4	4.28489E+6	1.39839E+6	8.39352E+4	2.91776E+6
9.45000E+1	3.68705E+4	2.28044E+4	4.62174E+6	1.40129E+6	8.37849E+4	2.82560E+6
9.46000E+1	3.68247E+4	2.29655E+4	4.42884E+6	1.42602E+6	8.35404E+4	2.78375E+6
9.47000E+1	3.70924E+4	2.30220E+4	4.85384E+6	1.45593E+6	8.36827E+4	2.85428E+6
9.48000E+1	3.72130E+4	2.30079E+4	4.49862E+6	1.40588E+6	8.33030E+4	2.71063E+6
9.49000E+1	3.72840E+4	2.30615E+4	4.90981E+6	1.41996E+6	8.34547E+4	2.72342E+6
9.50000E+1	3.72645E+4	2.30703E+4	4.31609E+6	1.42272E+6	8.35925E+4	2.73943E+6
9.51000E+1	3.72324E+4	2.30708E+4	4.32553E+6	1.39594E+6	8.34699E+4	2.72034E+6
9.52000E+1	3.73958E+4	2.32609E+4	4.52535E+6	1.45219E+6	8.36805E+4	2.81708E+6
9.53000E+1	3.73180E+4	2.34158E+4	4.89048E+6	1.44863E+6	8.35654E+4	2.84336E+6
9.54000E+1	3.70863E+4	2.32668E+4	4.24926E+6	1.40304E+6	8.32478E+4	2.75825E+6
9.55000E+1	3.73326E+4	2.34968E+4	4.53294E+6	1.44516E+6	8.37316E+4	2.77254E+6
9.56000E+1	3.71602E+4	2.34182E+4	4.21480E+6	1.42662E+6	8.33030E+4	2.72188E+6
9.57000E+1	3.75145E+4	2.35169E+4	4.50340E+6	1.43129E+6	8.36783E+4	2.82010E+6
9.58000E+1	3.75529E+4	2.35494E+4	4.51092E+6	1.43500E+6	8.30825E+4	2.76564E+6
9.59000E+1	3.77005E+4	2.37119E+4	4.54681E+6	1.40333E+6	8.32890E+4	2.64963E+6
9.60000E+1	3.76071E+4	2.38061E+4	4.76380E+6	1.42086E+6	8.32230E+4	2.89043E+6
9.61000E+1	3.77140E+4	2.36808E+4	4.61959E+6	1.41981E+6	8.29638E+4	2.81434E+6
9.62000E+1	3.76725E+4	2.38689E+4	4.49250E+6	1.42654E+6	8.32186E+4	2.84141E+6
9.63000E+1	3.75693E+4	2.37652E+4	4.37143E+6	1.44086E+6	8.32175E+4	2.75641E+6
9.64000E+1	3.76407E+4	2.39426E+4	4.75239E+6	1.41433E+6	8.31257E+4	2.80970E+6
9.65000E+1	3.76114E+4	2.40278E+4	4.45677E+6	1.45180E+6	8.30501E+4	2.78000E+6
9.66000E+1	3.76896E+4	2.40659E+4	4.27686E+6	1.39962E+6	8.30382E+4	2.82671E+6
9.67000E+1	3.78289E+4	2.41354E+4	4.65210E+6	1.44286E+6	8.31408E+4	2.83556E+6
9.68000E+1	3.76822E+4	2.42736E+4	4.78216E+6	1.47647E+6	8.32305E+4	2.88124E+6
9.69000E+1	3.78259E+4	2.43203E+4	4.47288E+6	1.40274E+6	8.28603E+4	2.71752E+6
9.70000E+1	3.79276E+4	2.43567E+4	4.81462E+6	1.43424E+6	8.33496E+4	2.86614E+6
9.71000E+1	3.81615E+4	2.44305E+4	4.60100E+6	1.44786E+6	8.31840E+4	2.87781E+6
9.72000E+1	3.82445E+4	2.44026E+4	4.49114E+6	1.45616E+6	8.31700E+4	2.81379E+6
9.73000E+1	3.82907E+4	2.45618E+4	4.89449E+6	1.45476E+6	8.28710E+4	2.84755E+6
9.74000E+1	3.81953E+4	2.45688E+4	4.46414E+6	1.46313E+6	8.30285E+4	2.87353E+6
9.75000E+1	3.83542E+4	2.46443E+4	4.75847E+6	1.45491E+6	8.29735E+4	2.91512E+6
9.76000E+1	3.82901E+4	2.47676E+4	4.58539E+6	1.44662E+6	8.31667E+4	2.89303E+6
9.77000E+1	3.86020E+4	2.47425E+4	4.83415E+6	1.43378E+6	8.30987E+4	2.80724E+6
9.78000E+1	3.86422E+4	2.49243E+4	4.97451E+6	1.46558E+6	8.29832E+4	2.96999E+6
9.79000E+1	3.85890E+4	2.48464E+4	4.76608E+6	1.45624E+6	8.29670E+4	2.82395E+6
9.80000E+1	3.87054E+4	2.48790E+4	5.23256E+6	1.47248E+6	8.33994E+4	2.88899E+6
9.81000E+1	3.87928E+4	2.50476E+4	4.58539E+6	1.45103E+6	8.27752E+4	2.80181E+6
9.82000E+1	3.88512E+4	2.50239E+4	4.76837E+6	1.47775E+6	8.31159E+4	2.88325E+6
9.83000E+1	3.89289E+4	2.52221E+4	5.05457E+6	1.44824E+6	8.30080E+4	2.84923E+6
9.84000E+1	3.87147E+4	2.50869E+4	4.65356E+6	1.46156E+6	8.27741E+4	2.90724E+6
9.85000E+1	3.88587E+4	2.53146E+4	4.66231E+6	1.47049E+6	8.31343E+4	3.01748E+6
9.86000E+1	3.89730E+4	2.52752E+4	4.48843E+6	1.44385E+6	8.28861E+4	2.87296E+6
9.87000E+1	3.88928E+4	2.52494E+4	4.77296E+6	1.50144E+6	8.28377E+4	2.93013E+6
9.88000E+1	3.90633E+4	2.54189E+4	4.80530E+6	1.45694E+6	8.27871E+4	2.98955E+6
9.89000E+1	3.89463E+4	2.54022E+4	4.89289E+6	1.46172E+6	8.27419E+4	2.94470E+6
9.90000E+1	3.89239E+4	2.55534E+4	4.88727E+6	1.45827E+6	8.27558E+4	2.87752E+6
9.91000E+1	3.91525E+4	2.55940E+4	4.57974E+6	1.44971E+6	8.26548E+4	2.91454E+6
9.92000E+1	3.93987E+4	2.56662E+4	5.12573E+6	1.47783E+6	8.29476E+4	3.03669E+6
9.93000E+1	3.91319E+4	2.57400E+4	4.68507E+6	1.48363E+6	8.28872E+4	3.01216E+6
9.94000E+1	3.91051E+4	2.57456E+4	4.93991E+6	1.48032E+6	8.27871E+4	2.95669E+6
9.95000E+1	3.90384E+4	2.57905E+4	4.60100E+6	1.46558E+6	8.27515E+4	2.88010E+6
9.96000E+1	3.91762E+4	2.58711E+4	4.46280E+6	1.45632E+6	8.25001E+4	2.87040E+6
9.97000E+1	3.90365E+4	2.60694E+4	5.05371E+6	1.48979E+6	8.28904E+4	2.96696E+6
9.98000E+1	3.91993E+4	2.58843E+4	5.22982E+6	1.47840E+6	8.25280E+4	2.93191E+6
9.99000E+1	3.92805E+4	2.60787E+4	4.65574E+6	1.49134E+6	8.27268E+4	2.93963E+6
1.00000E+2	3.92011E+4	2.60945E+4	5.11169E+6	1.48008E+6	8.25398E+4	2.88010E+6
1.00100E+2	3.94262E+4	2.62484E+4	4.81385E+6	1.51058E+6	8.23650E+4	2.98341E+6
1.00200E+2	3.92155E+4	2.62587E+4	4.61242E+6	1.48210E+6	8.23682E+4	2.91747E+6
1.00300E+2	3.92492E+4	2.63517E+4	4.75163E+6	1.49864E+6	8.24315E+4	3.03416E+6
1.00400E+2	3.93643E+4	2.63537E+4	4.96954E+6	1.43674E+6	8.23468E+4	2.99078E+6
1.00500E+2	3.93874E+4	2.65474E+4	4.46749E+6	1.46495E+6	8.22408E+4	2.93814E+6
1.00600E+2	3.91612E+4	2.63321E+4	4.54473E+6	1.47984E+6	8.25312E+4	2.84587E+6
1.00700E+2	3.94588E+4	2.66099E+4	4.86176E+6	1.47256E+6	8.26311E+4	2.95609E+6
1.00800E+2	3.91681E+4	2.65041E+4	4.62893E+6	1.49592E+6	8.26247E+4	2.83418E+6
1.00900E+2	3.90864E+4	2.65521E+4	4.55657E+6	1.48282E+6	8.25903E+4	3.01654E+6
1.01000E+2	3.88885E+4	2.66450E+4	5.20341E+6	1.51159E+6	8.21873E+4	2.96787E+6
1.01100E+2	3.83925E+4	2.67780E+4	4.77526E+6	1.47487E+6	8.27472E+4	2.97151E+6
1.01200E+2	3.82519E+4	2.67857E+4	4.39474E+6	1.44524E+6	8.24454E+4	2.94470E+6
1.01300E+2	3.79184E+4	2.68883E+4	4.66889E+6	1.45530E+6	8.24937E+4	3.04368E+6
1.01400E+2	3.82008E+4	2.69190E+4	4.82789E+6	1.49478E+6	8.22451E+4	2.88325E+6
1.01500E+2	3.82359E+4	2.70598E+4	4.80996E+6	1.45843E+6	8.25076E+4	3.05006E+6
1.01600E+2	3.81971E+4	2.70322E+4	4.90013E+6	1.49576E+6	8.22194E+4	2.96393E+6
1.01700E+2	3.84147E+4	2.70920E+4	4.51297E+6	1.43773E+6	8.23543E+4	2.90171E+6
1.01800E+2	3.85958E+4	2.70639E+4	4.57692E+6	1.45600E+6	8.21253E+4	3.03860E+6
1.01900E+2	3.88158E+4	2.72394E+4	4.62893E+6	1.43030E+6	8.22836E+4	2.97060E+6
1.02000E+2	3.87339E+4	2.73517E+4	5.05542E+6	1.46518E+6	8.25978E+4	2.98280E+6
1.02100E+2	3.87333E+4	2.73313E+4	4.49454E+6	1.46227E+6	8.23072E+4	2.95790E+6
1.02200E+2	3.91057E+4	2.74212E+4	4.78216E+6	1.46290E+6	8.23350E+4	2.97699E+6
1.02300E+2	3.88847E+4	2.73919E+4	4.63038E+6	1.44739E+6	8.22611E+4	3.00500E+6
1.02400E+2	3.90745E+4	2.75768E+4	4.86494E+6	1.51654E+6	8.22365E+4	2.94082E+6
1.02500E+2	3.89923E+4	2.75631E+4	5.12309E+6	1.46526E+6	8.22333E+4	2.93458E+6
1.02600E+2	3.92168E+4	2.75668E+4	4.53433E+6	1.47535E+6	8.22376E+4	3.12870E+6
1.02700E+2	3.93411E+4	2.76114E+4	4.62893E+6	1.48097E+6	8.21456E+4	3.03987E+6
1.02800E+2	3.95522E+4	2.76224E+4	4.67697E+6	1.48533E+6	8.20335E+4	3.02155E+6
1.02900E+2	3.94714E+4	2.77563E+4	4.58964E+6	1.47840E+6	8.24014E+4	2.92423E+6
1.03000E+2	3.96936E+4	2.78300E+4	4.89208E+6	1.47256E+6	8.22012E+4	2.99386E+6
1.03100E+2	3.97137E+4	2.78669E+4	5.01044E+6	1.46771E+6	8.20804E+4	2.99818E+6
1.03200E+2	3.97791E+4	2.79950E+4	5.02986E+6	1.48185E+6	8.24293E+4	3.04687E+6
1.03300E+2	3.97936E+4	2.79712E+4	4.68654E+6	1.48105E+6	8.22986E+4	3.09251E+6
1.03400E+2	3.96213E+4	2.80885E+4	4.92522E+6	1.48347E+6	8.20730E+4	3.06033E+6
1.03500E+2	4.00345E+4	2.82997E+4	4.93827E+6	1.50533E+6	8.19716E+4	3.07682E+6
1.03600E+2	4.00560E+4	2.82488E+4	4.95139E+6	1.45702E+6	8.22462E+4	3.00998E+6
1.03700E+2	4.00433E+4	2.81837E+4	4.78216E+6	1.44701E+6	8.21969E+4	3.07195E+6
1.03800E+2	3.97193E+4	2.81879E+4	5.00876E+6	1.45655E+6	8.23404E+4	2.85964E+6
1.03900E+2	4.00351E+4	2.84006E+4	4.83180E+6	1.47351E+6	8.21574E+4	3.09975E+6
1.04000E+2	4.00522E+4	2.82706E+4	5.22890E+6	1.45157E+6	8.19481E+4	3.08628E+6
1.04100E+2	4.01179E+4	2.84516E+4	5.02394E+6	1.45281E+6	8.17734E+4	3.10239E+6
1.04200E+2	4.00010E+4	2.84006E+4	5.36976E+6	1.47344E+6	8.19396E+4	2.92276E+6
1.04300E+2	4.01971E+4	2.86539E+4	4.71775E+6	1.46526E+6	8.22344E+4	3.00562E+6
1.04400E+2	4.02313E+4	2.85138E+4	4.93255E+6	1.48825E+6	8.20740E+4	2.98525E+6
1.04500E+2	4.04502E+4	2.86822E+4	5.06744E+6	1.47703E+6	8.19214E+4	3.09876E+6
1.04600E+2	4.03695E+4	2.86294E+4	4.87688E+6	1.48525E+6	8.22900E+4	3.03543E+6
1.04700E+2	4.05246E+4	2.87232E+4	4.92441E+6	1.49502E+6	8.22494E+4	3.00500E+6
1.04800E+2	4.00490E+4	2.89307E+4	4.69024E+6	1.49996E+6	8.18149E+4	3.12904E+6
1.04900E+2	4.03156E+4	2.88686E+4	4.80221E+6	1.47984E+6	8.16223E+4	2.99849E+6
1.05000E+2	4.02509E+4	2.89291E+4	4.78754E+6	1.47976E+6	8.18170E+4	2.98924E+6
1.05100E+2	4.04133E+4	2.91587E+4	5.05200E+6	1.50210E+6	8.19449E+4	3.04719E+6
1.05200E+2	4.03251E+4	2.89945E+4	4.85621E+6	1.49306E+6	8.18905E+4	2.95338E+6
1.05300E+2	4.02997E+4	2.90202E+4	5.15226E+6	1.50991E+6	8.17425E+4	3.05583E+6
1.05400E+2	4.04699E+4	2.90894E+4	5.09077E+6	1.49592E+6	8.19534E+4	3.01279E+6
1.05500E+2	4.06679E+4	2.92404E+4	5.30970E+6	1.50650E+6	8.21328E+4	2.97212E+6
1.05600E+2	4.04686E+4	2.93061E+4	5.28250E+6	1.47824E+6	8.18713E+4	2.94859E+6
1.05700E+2	4.06073E+4	2.93358E+4	4.98866E+6	1.45710E+6	8.18202E+4	2.98648E+6
1.05800E+2	4.03638E+4	2.92727E+4	5.03411E+6	1.46329E+6	8.18809E+4	2.95970E+6
1.05900E+2	4.06749E+4	2.95517E+4	5.03326E+6	1.55471E+6	8.16234E+4	3.01685E+6
